02392968,93025,390248,111,1;[60333, 1102, 1.0206773312797717, 0.9815931465126356, 44.21395716376787, 0.9916733020984378, 1.00512282280031]
02392968,93025,390248,111,2;[49117.25, 978, 1.0407482006954265, 0.974505577474333, 114.41613102415941, 0.9838768978539544, 1.0022217635703619]
02392968,93025,390248,112,3;[55967.240000000005, 930, 1.0365218665913647, 0.9286496158165043, 81.58022069238343, 0.9845906307081347, 81704.0]
02392968,93025,390248,113,1;[59676, 1084, 1.0346136984088399, 0.9656124011761955, 61.41719776504038, 0.9862249083731351, 9999]
02392968,93025,390248,113,2;[59455.969999999994, 996, 1.053661266931125, 0.9572446929728898, 142.04499490752744, 0.9726834865473937, 1.0055446540880504]
02392968,93025,390248,114,3;[59626.51, 924, 1.0191503021720112, 0.9117368008484111, 140.8170285769021, 0.9785729296303955, 1.0061725540965416]
02392968,93027,390268,315,1;[47617, 996, 1.0201132062906215, 0.9673968915450494, 39.4953541514376, 0.9918874678465428, 1.006648697214735]
02392968,93027,390268,315,2;[57670.969999999994, 986, 1.1054530241852345, 0.9469127002607456, 209.52336682841724, 0.967192293272852, 1.0068141684844707]
02392968,93027,390268,315,3;[45549.76, 826, 1.020337741448573, 1.0175808907337858, 138.6148917835768, 0.983452038877465, 1.006645775618027]
02392968,93048,390340,714,1;[40868, 1020, 1.0134269287260345, 0.9744662915679151, 66.05136186715502, 0.9903425092802928, 0.9818138138138138]
02392968,93048,390340,714,2;[59621.38, 1008, 1.1002019888525219, 0.9583540748638264, 188.27030101703457, 0.9730647485087238, 1.0074803941282928]
02392968,93048,390340,714,3;[58216.780000000006, 932, 1.0593759406720518, 0.9353086501081335, 112.40070997709047, 0.9836767193967412, 8498.8]
02392968,93049,390351,805,1;[58342, 1152, 1.0050569518188603, 0.9880992525971108, 68.02615787716165, 0.991195192089543, 1.005584473783998]
02392968,93049,390351,805,2;[22467.2, 596, 1.0231768267205892, 1.0249214001394127, 104.23203382357836, 0.9878576150366, 9999]
02392968,93049,390351,805,3;[53587.55, 870, 1.0004110351241629, 0.9995112316025302, 121.77674774129831, 0.9853808092860987, 1.00623834330182]
02392968,93051,390364,908,2;[55636.07, 994, 1.0217420163699666, 0.9800761710011913, 107.49151364619267, 0.9769732626631816, 1.0071410876425795]
02392968,93051,390364,908,3;[59170.3, 928, 1.1164636297571144, 0.9343275606832806, 140.91294652206665, 0.9812857896031028, 1.0032753374062116]
02392968,93051,390364,909,1;[59176, 1096, 1.0099450627629791, 0.9909401886423845, 33.061120390412086, 0.9896317474785747, 1.0046432664148381]
02392968,93063,390407,1130,1;[56062, 1058, 1.0604762836739643, 0.9779817353879507, 87.42810696021871, 0.9911323712364438, 1.007104811691053]
02392968,93063,390407,1130,2;[46714.64, 910, 1.1386556857876078, 0.9865129795261766, 163.40690785209384, 0.9796988894539338, 1.0078691639173802]
02392968,93063,390407,1131,3;[58211.3, 934, 1.0401777883763674, 0.9413585424698857, 73.94935938525764, 0.9860751156498276, 9999]
02392968,93067,390436,43,1;[58133, 1116, 1.0184958198646206, 0.9732193008167347, 57.72103023989439, 0.9865796606261152, 0.9855807132503158]
02392968,93067,390436,43,2;[60325.86, 1006, 1.0260120223049523, 0.9616457954977878, 115.69965060368136, 0.9767314185423518, 1.0074324324324324]
02392968,93067,390436,43,3;[56235.76, 940, 1.0250484722101152, 0.9566968480090791, 60.6727317039494, 0.9921802759126644, 9999]
02392968,93068,390439,119,3;[39255.98, 814, 1.0450772029057729, 0.9399339328124721, 112.5551879578871, 0.9862115911657009, 9999]
02392968,93068,390439,120,1;[35099, 930, 1.0263745236909907, 1.0125029314346512, 72.2208860571616, 0.991651958429657, 0.9932507958967103]
02392968,93068,390439,120,2;[53177.53, 944, 1.1316204175319942, 0.9549400230671582, 178.45104367339871, 0.9781388965321434, 1.0068267844268204]
02392968,93069,390450,174,1;[60541, 1122, 1.0442840655688734, 0.9744350592616452, 69.58548767877639, 0.9881983725851368, 0.9885293949561994]
02392968,93069,390450,174,2;[41830.88, 868, 1.0393941302223026, 0.9680628950979401, 128.0801093619392, 0.9815665054964126, 1.0056070488614257]
02392968,93071,390467,284,1;[62053, 1156, 1.0211740972694539, 0.9849419286446279, 52.4324663112028, 0.9897528591591, 0.9979735923704145]
02392968,93071,390467,284,2;[40786.06, 922, 1.029155528585456, 0.9793784549326056, 126.41661848591437, 0.9839006442811769, 1.0050879019369217]
02392968,93071,390467,285,3;[59960.79000000001, 956, 1.1034273003522304, 0.9501520995429564, 100.68203777535805, 0.9876212584544093, 9999]
02392968,93072,390470,343,1;[41921, 1104, 1.0119288726138234, 0.9723903443615858, 103.56692403598026, 0.9876572987581219, 0.9810442067819616]
02392968,93072,390470,343,2;[60192.579999999994, 1002, 1.0372432383787957, 0.9602010617093697, 134.53489519215697, 0.9752659396527288, 1.0068173449178435]
02392968,93072,390470,343,3;[58804.51, 932, 1.0394197613111023, 0.9442806117011693, 85.32544625225022, 0.9807771087541123, 9999]
02392968,93072,390475,341,1;[58215, 1094, 1.0462279415102158, 0.978038264396544, 87.75314194749845, 0.9852215070596162, 0.9892266648541181]
02392968,93072,390475,341,3;[43726.29, 830, 1.1496552473935795, 0.96262952758836, 98.54834157042575, 0.9882276107578575, 9999]
02392968,93072,390475,342,2;[48183.1, 908, 1.0235645918686258, 1.0275910543007578, 147.19205461615869, 0.9838998627190119, 1.0081920270909588]
02392968,93076,390498,530,1;[61377, 1112, 1.0344711192210423, 0.981527110985397, 77.93784200814075, 0.9849180151906508, 0.9940400032391287]
02392968,93076,390498,530,2;[59824.869999999995, 1004, 1.0220601271195535, 1.0208658924443268, 189.29390751028734, 0.9706902574084201, 1.0071520153858482]
02392968,93076,390498,530,3;[40216.350000000006, 978, 1.0005769471271222, 0.8380867930490374, 110.21855707738433, 0.9881642554343956, 14677.5]
02392968,93080,390525,158,1;[45085, 992, 1.0460457091767046, 0.9787075549024797, 72.88170500528376, 0.9918320720089755, 0.9695386170338591]
02392968,93080,390525,158,2;[56770.14, 988, 1.0244502201404009, 0.9689968165766735, 67.29212670336128, 0.9790612980939131, 1.006296472077203]
02392968,93080,390525,158,3;[40889.020000000004, 854, 1.0023313287030944, 0.8682760701728972, 149.11149562824494, 0.9841273004358867, 1.0090778463358971]
02392968,93082,390545,354,1;[40664, 1042, 1.0414944021286479, 0.9696109383374524, 82.14363754318411, 0.9929813492652803, 0.9674303523422073]
02392968,93082,390545,354,2;[59226.299999999996, 994, 1.0664430630226436, 0.959036053817986, 170.66066417273467, 0.9779592196013595, 1.0073675262113913]
02392968,93082,390545,354,3;[55182.23, 920, 1.0425634878715826, 0.9452933685435913, 84.94392738411577, 0.9882227729289704, 9999]
02392968,93083,390548,398,1;[57921, 1084, 0.9972383406514429, 0.9796197216735527, 37.73354649871455, 0.9896868249839686, 0.9967475477542591]
02392968,93083,390548,398,2;[40242.229999999996, 926, 1.0357687584363624, 0.9622200337197083, 145.5825352078188, 0.9845771882000018, 1.0031741323049541]
02392968,93083,390548,398,3;[60427.96000000001, 948, 1.017969633478274, 0.8917096895819279, 133.13939799443494, 0.9778334126407086, 9999]
02392968,93092,390594,721,1;[55496, 1066, 1.0212763086370102, 0.9737412445575687, 40.69920562716901, 0.9890267325153227, 0.9958726626709256]
02392968,93092,390594,721,2;[54735.24, 970, 1.0416134126477852, 0.9786279723100543, 107.04846586130104, 0.9833583303311688, 1.0075131973802378]
02392968,93092,390594,721,3;[40760.240000000005, 852, 1.0044550130984997, 0.8664655403927107, 136.26632650666872, 0.9851476208969215, 1.0082347758311023]
02392968,93098,390633,1145,3;[52214.810000000005, 888, 1.017623224751692, 0.9597065777775708, 36.300135763128026, 0.9948819186184434, 9999]
02392968,93098,390633,1146,1;[60848, 1104, 1.0183993381446306, 0.9864250555672356, 51.4220020906737, 0.9921719367030005, 1.0039764383652054]
02392968,93098,390633,1146,2;[58077.95, 1008, 1.0554631080934485, 0.9800902999569914, 151.1969314077101, 0.9816140890852569, 1.0054387013040522]
02392968,93098,390635,1147,1;[58113, 1080, 0.9951015246060966, 0.9877079601141362, 26.55666068470147, 0.9868019223680832, 1.002224751655629]
02392968,93098,390635,1147,2;[52711.049999999996, 966, 1.1411622340003795, 0.9960684467993385, 162.76726688915417, 0.9807511667630197, 1.0052994110504636]
02392968,93098,390635,1147,3;[40112.23, 828, 1.1733420326611295, 0.9610529645152428, 100.6892327953796, 0.9882154929193678, 9999]
02392968,93102,390666,1438,1;[52161, 1036, 1.0540253398942974, 0.994462494654135, 69.04087560642789, 0.9926631803853694, 0.986813727344962]
02392968,93102,390666,1438,2;[56076.369999999995, 978, 1.0560655233967573, 0.9541559462576007, 203.65350083058425, 0.965004388470653, 1.0069017094017094]
02392968,93102,390666,1438,3;[60411.520000000004, 934, 1.125498082063163, 0.9385019280987356, 131.08255636576553, 0.9815367115976249, 9999]
02392968,93102,390668,1436,1;[47237, 988, 1.0222172548290456, 0.9789663475745224, 62.59691623020488, 0.9899198695041732, 0.9928954282711508]
02392968,93102,390668,1436,2;[55787.2, 990, 1.0557140876125186, 0.959740687266348, 208.63692374486362, 0.9572251673539784, 1.0081503623577988]
02392968,93102,390668,1436,3;[39991.670000000006, 802, 1.1580619124435665, 0.9426705400829013, 120.41742414958753, 0.983801444752739, 1.005805840296322]
02392968,93117,390764,118,1;[52958, 1070, 1.0091547921904411, 0.9931030583402315, 36.711173249413264, 0.9946947592641961, 0.9938631885145913]
02392968,93117,390764,118,3;[58989.46000000001, 924, 1.1283796394551657, 0.9496336979419027, 142.72290108201076, 0.981497886734101, 1.0030750594045568]
02392968,93117,390764,119,2;[56179.899999999994, 972, 1.0156763394960648, 1.0064389018112148, 169.06875340239264, 0.9758884618041905, 1.004703228415161]
02392968,93119,390779,275,1;[51542, 1100, 1.0379744802988917, 0.9716804954700298, 77.16582279095852, 0.9887182326876842, 0.9817804318218616]
02392968,93119,390779,275,2;[56428.61, 1028, 1.0535850493597374, 0.9643186068072408, 141.39573568968916, 0.9782904439341131, 1.0046398305084745]
02392968,93119,390779,275,3;[57256.41, 924, 1.0602119697046806, 0.9330118128429901, 145.94022544693928, 0.971650814274031, 1.0038792741073466]
02392968,93121,390784,1541,1;[41499, 992, 1.0323370009511994, 0.9626918558181737, 87.13232196159291, 0.9912891425910271, 0.9696934292924573]
02392968,93121,390784,1541,2;[39572.259999999995, 878, 1.0600520478537194, 0.9730785088653243, 162.38643121129195, 0.9828233917557804, 1.0076969696969698]
02392968,93121,390784,1541,3;[39640.950000000004, 832, 1.0147578352119695, 0.8647938032453681, 103.21988315697493, 0.988165950372239, 9999]
02392968,93122,390792,1606,1;[61419, 1104, 1.055220727954419, 0.9811724674126805, 104.21853682820658, 0.9874088622237718, 1.0045057937474957]
02392968,93122,390792,1606,2;[56774.899999999994, 990, 1.0677389512717268, 0.9775367988452038, 162.67135081450928, 0.9770663738513485, 1.00393493676746]
02392968,93122,390792,1606,3;[54486.270000000004, 900, 1.0201599252264322, 1.0037398892033143, 163.49446056961995, 0.9567800794449017, 1.0022680880018144]
02392968,93122,390794,1608,1;[61136, 1102, 1.0318051710229392, 0.9871853517799805, 68.30559775786422, 0.9894381984521385, 1.0035044523780212]
02392968,93122,390794,1608,2;[59565.45, 990, 1.0498572990000765, 0.9771465592021876, 165.7142151600059, 0.9766679537784207, 1.0065757722007722]
02392968,93122,390794,1608,3;[47478.72, 862, 1.0599267351593287, 0.9507180243387379, 107.27154852542809, 0.9869943066056291, 1.0029228765735783]
02392968,93122,390798,1610,1;[40278, 982, 1.032905691992485, 0.9847381513405211, 79.01775395197834, 0.9915478808233227, 0.9514675485737908]
02392968,93122,390798,1610,2;[23615.55, 600, 1.0260844902694528, 1.0256189783077942, 132.635830106572, 0.9843403426341539, 1.0084097665082954]
02392968,93122,390798,1610,3;[45199.04, 830, 1.0119055320898336, 0.8637962730957276, 111.48470096488548, 0.9877075641797135, 9999]
02392968,93124,390810,1786,1;[58940, 1102, 1.0193924757626394, 0.9846521030647135, 52.22054898836086, 0.9891367692157401, 1.0032084287209688]
02392968,93124,390810,1786,2;[59802.259999999995, 996, 1.054569391269147, 0.9588433940347189, 170.35447191160029, 0.9673026029374908, 1.0053313328332083]
02392968,93124,390810,1786,3;[56009.71000000001, 894, 1.121147466377021, 0.9414550996235772, 149.4131591335722, 0.9780080866421224, 1.0054103238816614]
02392968,93125,390819,1844,2;[40120.85, 966, 1.1622253091927577, 0.9700482462086331, 137.0729874469572, 0.9859784166124987, 1.0041099562200315]
02392968,93125,390819,1844,3;[42167.23, 806, 1.0505165258638547, 0.935395400630802, 93.15936969212774, 0.9887918943381021, 1.0066391941391941]
02392968,93125,390819,1845,1;[56483, 1082, 1.066674633238006, 0.9810672066368162, 90.10624072778543, 0.988586212289818, 0.988614385605643]
02392968,93129,390843,464,1;[41779, 1008, 1.0237166799581137, 0.9851700968297135, 71.5370187522564, 0.9918406012079258, 0.9297755622072127]
02392968,93129,390843,464,2;[57485.329999999994, 982, 1.0610773346586568, 0.972358245746266, 159.89931386042295, 0.9791586231129283, 1.0075082904039878]
02392968,93129,390843,464,3;[59768.990000000005, 934, 1.0435792978355038, 0.9412649505246597, 102.94587560922875, 0.9810332559970644, 9999]
02392968,93134,390880,768,1;[56830, 1070, 1.0129613652097098, 0.9852391147683581, 36.328304439662375, 0.9940897127150367, 1.0017892241113373]
02392968,93134,390880,768,3;[49318.630000000005, 858, 1.047740408544529, 0.9350372766753087, 110.18224594045287, 0.9830581750344999, 9999]
02392968,93134,390880,770,2;[55528.969999999994, 974, 1.066791394197289, 0.9746639661400848, 163.19665454263537, 0.9784407021828249, 1.0075137644391665]
02392968,93136,390893,893,1;[52363, 1034, 1.0420471784353802, 0.9771064889925549, 61.682723623056376, 0.9915476143322124, 0.9858884443398447]
02392968,93136,390893,893,2;[47458.39, 924, 1.0484909555243858, 0.9591336881920821, 132.3805123658942, 0.9827500359044572, 1.0077703513714986]
02392968,93136,390893,893,3;[59311.41, 934, 1.1297230352170013, 0.9360105261212794, 145.35088317784343, 0.9792122809139675, 9999]
02392968,93137,390903,1026,1;[49887, 1050, 1.0142763153486039, 0.9768394530729786, 42.35341626845737, 0.9929872379727035, 0.9907846914659093]
02392968,93137,390903,1026,2;[59609.479999999996, 1016, 1.0993298110178398, 0.9664139982752201, 216.15714613253618, 0.9596847503068585, 1.007410982734522]
02392968,93137,390903,1026,3;[61534.920000000006, 948, 1.059995352093799, 0.9351506662770324, 138.68321504220555, 0.9778759701695634, 1.004135834208938]
02392968,93138,390911,1142,2;[50145.409999999996, 922, 1.0568770282726372, 0.9619679177612763, 192.79712273473928, 0.9731980901883642, 1.008001530935665]
02392968,93138,390911,1142,3;[54667.11000000001, 902, 1.048882079180898, 0.9320313620620885, 117.71891183802819, 0.9819698736474582, 1.0013174238717206]
02392968,93138,390911,1143,1;[40652, 1022, 1.0173964801184987, 0.966893285449221, 81.6249004729141, 0.987506472249039, 0.984214603912454]
02392968,93140,390931,133,1;[58367, 1124, 1.0036335370021934, 0.9765816197408, 49.9912880750905, 0.9877735918712017, 1.0024043828464457]
02392968,93140,390931,133,3;[55785.030000000006, 906, 1.0807253391231886, 0.9277900694066753, 160.36882902858878, 0.9691518295175556, 1.004973159745789]
02392968,93140,390931,134,2;[44427.46, 980, 1.0145955266584437, 1.0171326283020212, 183.00476541637192, 0.9788485746837907, 1.0069994200865824]
02392968,93141,390937,209,1;[40572, 1014, 1.0036524697619187, 0.9852822997531453, 73.17975267479338, 0.9900956649965622, 0.9850441876274643]
02392968,93141,390937,209,2;[40872.93, 890, 1.0559076230227948, 0.9714318448229092, 134.3758480761865, 0.9847014047644062, 1.0091373839464097]
02392968,93141,390937,209,3;[58512.700000000004, 966, 1.0474870014273077, 0.9360653925086896, 114.09403064099398, 0.9803357780557506, 28473.333333333332]
02392968,93142,390941,246,1;[55594, 1132, 1.0057334601729906, 1.013351493006044, 85.23827807845274, 0.9931538959186079, 1.001585414189457]
02392968,93142,390941,246,2;[49831.25, 926, 1.0581114403891103, 0.9579493696307019, 132.71169248164165, 0.9842692853210964, 1.0094496540751634]
02392968,93142,390941,246,3;[40430.07, 820, 1.0135424424605661, 0.8586508562944194, 125.72460717551309, 0.9846440275304976, 9999]
02392968,93147,390947,287,1;[38639, 936, 1.0091802382595196, 0.9647850727304357, 55.03785392638172, 0.989004430801442, 0.9621983713922853]
02392968,93147,390947,287,2;[57941.1, 994, 1.1364349782415475, 0.9766289627235646, 162.43152548145008, 0.9784933158997371, 1.0062308193062401]
02392968,93165,391043,264,1;[34062, 878, 1.0524015308729742, 1.015680571988567, 117.8623766294971, 0.9877816840720294, 1.0008521141245261]
02392968,93165,391043,264,3;[60493.72, 940, 1.0523339664935307, 0.9310400317625601, 128.24196394805838, 0.9788743747275588, 1.0036595067621321]
02392968,93165,391043,265,2;[60080.719999999994, 998, 1.0656805277656922, 0.9484770567615417, 187.8233785190264, 0.9695734753308085, 1.005847254181235]
02392968,93166,391052,358,1;[57968, 1092, 1.0148188578763693, 0.9805907841275354, 37.39490329834325, 0.9900526591191785, 1.0024556427904403]
02392968,93166,391052,359,2;[46108.93, 960, 1.0415341577720865, 0.9849563477421829, 93.7043132048716, 0.987516071440391, 1.0035483035483035]
02392968,93166,391052,360,3;[47967.810000000005, 970, 1.034350729522668, 0.884293938376551, 76.43234969456934, 0.9928040074154869, 1.00017139429257]
02392968,93171,391073,523,1;[60342, 1092, 1.0261368880886412, 0.9808957540549724, 69.10466938105371, 0.9864345058785842, 1.0036592262399786]
02392968,93171,391073,523,2;[55676.53, 1052, 1.0399142675458066, 0.9628176267488007, 145.12533103713443, 0.9748492487933197, 1.004961766474783]
02392968,93171,391073,523,3;[58027.72, 960, 1.0579447173535164, 0.9550862233624525, 123.8719492033293, 0.9802722687022981, 1.004220209587937]
02392968,93174,391100,912,1;[60407, 1100, 1.0070705219501157, 0.9835372552595303, 53.11632212305467, 0.9912511711646848, 1.0057859289537876]
02392968,93174,391100,912,2;[60310.39, 1012, 1.0985361173924582, 0.9544532880424059, 203.28416425705583, 0.968160749984733, 1.007554521778891]
02392968,93174,391100,913,3;[41147.950000000004, 830, 1.0181558715606025, 0.8672731095925356, 108.96385293803603, 0.9881515003956316, 9999]
02392968,93181,391151,66,1;[41051, 964, 1.0429356917629147, 0.9841626264484901, 75.23868189577833, 0.9923350554112356, 0.9579380914044361]
02392968,93181,391151,66,2;[24129.629999999997, 640, 1.051365168935999, 0.8143565504318248, 158.80255528524168, 0.9870391584420871, 1.0036876624180175]
02392968,93181,391151,66,3;[39636.840000000004, 874, 1.012048792804687, 0.8595092329604891, 138.34484191196552, 0.9840815289640538, 0.9999308771687289]
02392968,93181,391155,67,1;[31053, 822, 1.0484226128911245, 0.978682946559766, 121.62555491670095, 0.9891946099280522, 1.0031010756856285]
02392968,93181,391155,67,3;[40224.57, 818, 1.0185059232052271, 1.0156767138921554, 123.31440693969421, 0.9859914422431957, 1.0015520799577016]
02392968,93181,391155,68,2;[59733.24, 1000, 1.0352619527473963, 0.9664918831085765, 125.38511959774706, 0.976515045530831, 1.00555906126987]
02392968,93182,391157,107,1;[60384, 1108, 1.0122408788797153, 0.9904627676962894, 50.88048619153525, 0.9906209971445755, 1.0036983785311204]
02392968,93182,391157,107,3;[57764.68000000001, 930, 1.0170949461768428, 0.8937420853327512, 110.51693843139986, 0.9841027373356835, 9999]
02392968,93182,391157,108,2;[50107.329999999994, 928, 1.0553220964961831, 0.9706955110104625, 113.21367216212985, 0.9850619988951573, 1.0059606999940274]
02392968,93190,391185,262,2;[60360.369999999995, 1022, 1.064283538037759, 0.9495902518603199, 189.05854658061378, 0.9708658718463169, 9999]
02392968,93190,391185,263,1;[61796, 1124, 1.0250023845942493, 0.9762092696802851, 61.59336282202652, 0.9878497735610936, 1.0025877523869784]
02392968,93190,391185,263,3;[38213.41, 794, 1.0377585991952185, 0.9513992261217635, 83.19859903845078, 0.9884093917432228, 9999]
02392968,93228,391302,578,1;[60383, 1138, 1.0065789225493387, 0.9888825282869818, 36.97243131438223, 0.9909024399261283, 1.0066685560908923]
02392968,93228,391302,578,2;[38876.11, 848, 1.0171035265141146, 0.9978198650867347, 154.49655900683325, 0.9839010867516781, 1.0063766865873944]
02392968,93228,391302,579,3;[39946.46000000001, 848, 1.1245862743591724, 0.9364170568712938, 116.16979946138655, 0.9876455990227929, 1.0064199917161398]
02392968,93230,391311,678,1;[41780, 996, 1.0381866800317887, 0.974496392868107, 66.90132160600578, 0.9930553179218566, 0.9578394736238796]
02392968,93230,391311,678,2;[55761.02, 984, 1.0416345549112733, 0.9615996218997542, 124.59746225928735, 0.9734974337413921, 9999]
02392968,93230,391311,678,3;[38509.33, 866, 0.9942281696506912, 0.716432170096018, 120.98820429856777, 0.9902584913016005, 9999]
02392968,93232,391320,797,1;[54997, 1050, 1.0079148896051078, 0.9796499173915028, 36.609739155676145, 0.9917167645462998, 0.9945657579456576]
02392968,93232,391320,797,2;[54049.799999999996, 948, 1.0020840845507728, 1.0008515868047825, 134.36186456285154, 0.9838467863720333, 1.0053232107482375]
02392968,93232,391320,797,3;[50211.87, 884, 1.1801764618113826, 0.969397742251379, 124.04145657819383, 0.9856260767541181, 1.0033123460169724]
02392968,93233,391327,853,1;[57198, 1080, 1.02009387901957, 0.9761571691254666, 53.046347112566096, 0.9849815108298526, 0.9990393516496953]
02392968,93233,391327,853,2;[52414.74, 942, 1.046688153068192, 0.9623726879012601, 182.48349693083838, 0.9755701757991221, 1.0072722283205269]
02392968,93233,391327,853,3;[55431.57000000001, 894, 1.0626940639424547, 0.9576827342543838, 127.05396006197374, 0.983452067644773, 1.0021424413924631]
02392968,93243,391391,11,1;[49577, 1066, 0.998660984338629, 0.9808221312749508, 37.46636989401539, 0.9936773514857478, 0.9960621220340345]
02392968,93243,391391,12,2;[60951.799999999996, 1004, 1.0145933081373812, 0.8962435954734639, 191.87180761965803, 0.9704243426928938, 1.006573581865168]
02392968,93243,391391,12,3;[54978.100000000006, 898, 1.0441878030533809, 0.9274581246208575, 122.58588867726934, 0.9823275873187334, 1.0035385173237306]
02392968,93246,391420,265,1;[57708, 1072, 1.0149231960955134, 0.9729547560390481, 38.59693004450087, 0.9937017867344051, 0.9897607409313095]
02392968,93246,391420,265,2;[40390.979999999996, 894, 1.0141037606172782, 1.0224441352658962, 138.7946252553197, 0.9853087782747371, 1.0046767700686716]
02392968,93246,391420,265,3;[56644.020000000004, 928, 1.0541857736400597, 0.9338824795514026, 141.09235503022364, 0.9723689178796752, 1.0072229868816915]
02392968,93260,391459,192,2;[58796.71, 1006, 1.036344693632187, 0.9706562841141905, 121.31765290524676, 0.9755612245887116, 1.0086248252069447]
02392968,93260,391459,192,3;[57818.11000000001, 918, 1.0430664012672841, 0.9505282679691808, 100.35492127458664, 0.9807714207258891, 1.0004029772910443]
02392968,93260,391459,193,1;[59316, 1110, 1.0018797562410493, 0.9859006038716163, 50.2541678561055, 0.988462237675426, 0.9998145869502925]
02392968,93260,391460,194,1;[60620, 1102, 1.1580020696155342, 0.9884333283992491, 95.86192908635849, 0.9897692861832712, 1.0043906884268081]
02392968,93260,391460,194,2;[40468.33, 1018, 1.155265513590054, 0.9550208575072894, 125.23030083591541, 0.9872327415939496, 1.0004707128357506]
02392968,93260,391460,194,3;[45697.72, 842, 1.0487118087428244, 0.9411302938958925, 109.0028760813108, 0.9850698498074888, 1.0037917544387602]
02392968,93262,391479,315,1;[60161, 1142, 1.0127104690192887, 0.98125034002181, 47.62844206192827, 0.9883428822234704, 1.0016232820265218]
02392968,93262,391479,315,2;[41133.54, 928, 1.0494165304882273, 0.9520692777748208, 154.35914221907998, 0.9828352735783092, 1.0043438467014367]
02392968,93262,391479,316,3;[60101.9, 932, 1.052766803001577, 0.9519681515269461, 106.75273825776301, 0.9849714046878068, 9999]
02392968,93264,391492,537,2;[51761.43, 992, 1.1130509173324405, 0.976250279083005, 161.01053350056617, 0.9836709676470087, 1.0056063530962096]
02392968,93264,391492,537,3;[57515.340000000004, 930, 1.0210493263828735, 1.0109220342816234, 154.83556347232204, 0.9755517139885487, 1.0052198065319413]
02392968,93264,391492,539,1;[61007, 1104, 1.0162184867100814, 0.9863710550845421, 46.12020471236012, 0.9917516733240244, 0.9996968480389345]
02392968,93273,391523,786,1;[53956, 1046, 1.017635821985371, 1.022962173989275, 96.23498153686884, 0.9900474320711969, 1.0012432964055744]
02392968,93273,391523,786,2;[23313.289999999997, 620, 1.0495460250598119, 0.8411076767123213, 137.49237647057032, 0.9886357829726878, 1.0055174891574923]
02392968,93273,391523,787,3;[60399.19, 952, 1.0210440495115964, 1.0128204867874055, 167.05975776969714, 0.9682195290094798, 1.00335688844889]
02392968,93328,391874,48,2;[30049.879999999997, 740, 1.1623595630594215, 0.7499958345973198, 174.2554549421827, 0.987310132824976, 1.0063965884861408]
02392968,93328,391874,48,3;[39561.490000000005, 846, 1.0155687234137352, 1.0133611641167763, 139.5548507268844, 0.984909655569896, 1.0000519471524303]
02392968,93328,391874,49,1;[54072, 1070, 1.0049478286565419, 0.9907326410013766, 38.46495615747802, 0.994984901999544, 1.0058035714285714]
02392968,93329,391875,136,1;[39506, 980, 1.034207688098211, 0.9680593911168103, 88.33636725659282, 0.9923966125686784, 1.0022324826221523]
02392968,93329,391875,136,2;[22930.11, 618, 1.1327404665296668, 0.8332273109757831, 125.63783178769842, 0.9905033691596918, 1.0082147341984093]
02392968,93329,391875,136,3;[32721.08, 742, 1.0631896901078495, 0.8388887576973529, 136.40783799668, 0.9864587231601243, 1.0018666498877913]
02392968,93331,391892,266,1;[55175, 1066, 1.038767575926411, 0.975444785572111, 66.18875082002161, 0.9897043541237696, 1.0060444719975932]
02392968,93331,391892,266,2;[58226.7, 1036, 1.0249131439424832, 0.9843905926175048, 93.98454928374571, 0.9883553404725112, 1.0067590506465849]
02392968,93331,391892,266,3;[38712.090000000004, 846, 1.110165294232669, 0.9288085070930043, 144.1378768152167, 0.987167732497293, 1.0061242656222182]
02392968,93341,391962,103,1;[39591, 998, 1.019290230529697, 0.9711437101067721, 90.99567043964183, 0.990641459440337, 0.9984616160597196]
02392968,93341,391962,103,2;[57503.18, 976, 1.0473822953434162, 0.9660508306058359, 144.84079673732677, 0.9798802200395349, 1.0082627383883487]
02392968,93341,391962,103,3;[47232.12, 916, 1.0389259875286394, 0.9618146170081483, 75.95817501908556, 0.9922312300621601, 9999]
02392968,93384,392080,299,1;[59603, 1094, 1.001729644139564, 0.97619259257534, 36.11759763103914, 0.9933022248550178, 0.9793379942655746]
02392968,93384,392080,299,2;[41264.439999999995, 914, 1.044317011523752, 0.9685368714427657, 165.11621450679118, 0.9799007539152538, 1.003574271036828]
02392968,93384,392080,299,3;[55464.450000000004, 910, 1.0133573607056932, 0.8863517995133467, 111.04648988228678, 0.9881443075106862, 9999]
02392968,93385,392082,370,1;[55674, 1072, 1.0259886787256176, 0.9727150319211008, 49.944702119646955, 0.9908377872267164, 0.9764541843150667]
02392968,93385,392082,370,2;[39411.61, 888, 1.0514573505477622, 1.0009513960756435, 213.5211338302714, 0.9776582714220007, 1.0092794343963796]
02392968,93385,392082,370,3;[41832.950000000004, 868, 1.0014575916983839, 0.8884954767327887, 162.24345826509867, 0.98347689168735, 1.0040279490341142]
02392968,93386,392094,421,1;[47989, 1088, 1.0089823926344466, 0.9901267874273731, 50.827414821676356, 0.9930798646509996, 0.95138875121429]
02392968,93386,392094,421,2;[41352.5, 920, 1.028377540193456, 0.9811833826458974, 175.97870319119662, 0.9793101307573895, 1.0064732886333685]
02392968,93386,392094,421,3;[40458.840000000004, 838, 1.0165017326832662, 1.0154294385561748, 114.2290931007608, 0.9872466639182823, 0.9346752753513103]
02392968,93388,392111,542,1;[60076, 1128, 1.0188297756286842, 0.9846857449680714, 53.094249899273464, 0.9886659311787737, 0.984174830444612]
02392968,93388,392111,542,2;[60496.03, 1048, 1.0456681266234868, 0.9794294979665097, 148.4229180433808, 0.9821755274632333, 1.0038208259697692]
02392968,93388,392111,542,3;[31527.81, 690, 1.1494972940032668, 0.6709174116159874, 159.37739257791355, 0.9878225843357122, 0.9986547474396806]
02392968,93389,392114,595,1;[59474, 1088, 1.013218832291735, 0.9858679458885607, 59.91978228079733, 0.991218503283168, 0.9895675612718591]
02392968,93389,392114,595,2;[60417.49, 1010, 1.0150704444275696, 0.8996148183159777, 186.35272490010993, 0.9758811417625229, 1.007041415423675]
02392968,93389,392114,595,3;[42078.18, 862, 1.0986935922690109, 0.9582529508786793, 167.7070641868158, 0.9794633765927789, 1.0058785963418428]
02392968,93389,392120,593,1;[58612, 1080, 1.031469759007948, 0.9760905471299622, 61.93272905299268, 0.9896847442174065, 0.9761752092267977]
02392968,93389,392120,593,2;[41896.33, 910, 1.014465531501287, 1.0132132782896832, 163.78066803168227, 0.9800561755233171, 0.9799320863950123]
02392968,93389,392120,594,3;[61713.020000000004, 944, 1.0208630323692458, 0.8967996334537338, 127.2444099316521, 0.9794647599816871, 9999]
02392968,93392,392132,732,1;[53660, 1102, 1.031050825629235, 0.9754584870474416, 68.0611934184148, 0.9912281830366888, 0.9790720163482767]
02392968,93392,392132,732,2;[55183.869999999995, 976, 1.010211272736446, 0.9499188607997313, 79.33085300965081, 0.9858870576438034, 1.0059546406065274]
02392968,93392,392132,733,3;[42490.55, 930, 1.1671430737514885, 0.9516518650015312, 121.69102364900469, 0.9862215862640948, 0.9368250947699093]
02392968,93393,392141,788,1;[50247, 1070, 1.0195646978069424, 0.9777292043104989, 49.04135150799308, 0.9937331493349852, 0.9547397822493302]
02392968,93393,392141,788,2;[47983.18, 1050, 1.0018638835281195, 1.023231179511842, 135.22039892973933, 0.9877021804836951, 9999]
02392968,93393,392141,789,3;[61306.130000000005, 980, 1.1457159125556162, 0.9577659445217727, 101.64237136440434, 0.986842474537637, 9999]
00023892,93026,390259,210,1;[115384, 1676, 0.9705763288702812, 0.9705763288702812, 27.44450635858385, 0.9967809945790217, 0.9971869206936336]
00023892,93026,390259,211,2;[117053.15999999999, 1570, 1.0149650236071255, 0.9746772383627069, 32.01824097753799, 0.9959190027831599, 0.996711876257112]
00023892,93026,390259,211,3;[116700.71, 1438, 1.0186254340279237, 0.9437976061425024, 56.93241554978748, 0.9908537816795847, 9999]
00023892,93026,390259,212,1;[115337, 1664, 0.9804131521278897, 0.9889032468085639, 29.32303153461915, 0.9964262448288627, 0.9924920079683675]
00023892,93026,390259,212,2;[117691.0, 1554, 1.014747909288223, 0.9808503008994244, 33.38817836122004, 0.9959185983378324, 9999]
00023892,93026,390259,212,3;[114356.64000000001, 1394, 1.0039062202291396, 0.9507977939312924, 37.10296143051946, 0.9936297065684685, 9999]
00023892,93026,390259,214,1;[120043, 1634, 1.0032661182443197, 0.9887838124952426, 22.927187669422857, 0.9969424029558446, 0.9982495311986761]
00023892,93026,390259,215,3;[114305.95000000001, 1398, 1.010278510246198, 0.9543713578041263, 39.13504025500448, 0.9933049493998183, 9999]
00023892,93026,390259,216,2;[116758.04, 1568, 1.0123332269148082, 0.98091887278259, 29.98789604125521, 0.996023856518871, 0.9963240520725442]
00023892,93049,390350,751,2;[112488.31999999999, 1480, 0.9848740726439702, 0.9929826624223882, 26.49613653842162, 0.9961483784872827, 9999]
00023892,93049,390350,752,3;[118309.09000000001, 1532, 1.0130833231157215, 0.9721992345752148, 59.29260583943325, 0.9911236827270111, 9999]
00023892,93049,390350,753,1;[115862, 1658, 0.9829469492684024, 0.9978529551266063, 24.60371064380052, 0.9960469422803894, 0.9909383646292598]
00023892,93049,390350,756,2;[116076.17, 1538, 1.0085478725212538, 0.9927081192712227, 43.37188848757056, 0.9943862237694245, 9999]
00023892,93049,390350,756,3;[117833.70000000001, 1382, 1.047327962051423, 0.9430491915437306, 103.28006889242694, 0.9876476852572468, 0.9989779088945155]
00023892,93049,390350,757,1;[119330, 1636, 1.0075125795868425, 0.9942916148693116, 29.0029681718026, 0.9953227996444487, 9999]
00023892,93049,390350,758,3;[117121.3, 1400, 1.030931342867741, 0.9719735434960686, 74.73251000866165, 0.9910807744684849, 9999]
00023892,93049,390350,760,1;[119412, 1684, 1.0004737661313214, 0.9880028410604836, 28.934950571560975, 0.9954903479060804, 0.999870214146658]
00023892,93049,390350,760,2;[117228.09, 1564, 1.0405712513178689, 0.9825036010815462, 94.58212834702178, 0.9879751501300211, 0.9954779023530066]
00023892,93049,390350,761,1;[115473, 1576, 0.991677529821298, 0.9926776955103828, 36.86362273631874, 0.9942467519164607, 1.0014917476864902]
00023892,93049,390350,763,2;[118247.92, 1546, 1.0345050869305332, 0.994516715150005, 59.95186314319832, 0.9908730469999921, 9999]
00023892,93049,390350,763,3;[118310.46, 1494, 1.0361395917367435, 0.9712337522244107, 108.28824339469637, 0.9843328979744623, 0.9939059128182995]
00023892,93049,390350,766,1;[116227, 1652, 0.9751026370807013, 0.9892795240401203, 27.456611617824382, 0.9965442441576506, 0.9924685549359998]
00023892,93049,390350,767,3;[117711.77, 1466, 1.0214023858039325, 0.9691685127209577, 43.76655418360943, 0.9929606828812833, 10740.125]
00023892,93049,390350,769,2;[117706.47, 1490, 1.0202549609913965, 0.9997484379105231, 29.963769686372082, 0.995278891855519, 9999]
00023892,93049,390350,770,1;[117114, 1588, 1.0024585818836231, 0.9928265580916606, 32.869004539460455, 0.9955113006843905, 9999]
00023892,93049,390350,770,3;[118395.40000000001, 1410, 1.0424963099943128, 0.9275135170288007, 78.28360049762023, 0.9922517167138535, 9999]
00023892,93049,390350,773,2;[114238.81, 1522, 1.0044227657496143, 0.986742260703326, 36.17136856988099, 0.9948063335800724, 9999]
00023892,93099,390646,1221,2;[114072.20999999999, 1486, 1.0090858747803573, 0.9867088647928606, 38.53013999163804, 0.9934468550222741, 9999]
00023892,93099,390646,1222,1;[115757, 1704, 0.9986716907804245, 0.9931340390066832, 35.39650912607604, 0.9961712619634862, 0.989105543782897]
00023892,93099,390646,1222,3;[117585.73000000001, 1392, 1.1323117391248805, 0.9651113997953958, 50.31573890807299, 0.9940088735414381, 9999]
00023892,93103,390673,1487,1;[118131, 1640, 0.9941992381714719, 0.9832364950716539, 24.18140079113889, 0.9967673469878491, 0.9975637458357788]
00023892,93103,390673,1488,3;[117951.52, 1364, 1.034720293021279, 0.9614925636421753, 96.22023479779668, 0.98528403584093, 0.9961010262284081]
00023892,93103,390673,1489,2;[116541.45999999999, 1546, 1.014966414714585, 0.992022459678374, 40.09946663942671, 0.9947342202306876, 0.9929282227280332]
00023892,93103,390673,1491,2;[120403.01, 1514, 1.0503891899546012, 0.9843946252209498, 113.66690920960296, 0.984839104179109, 9999]
00023892,93103,390673,1492,1;[114627, 1678, 0.9987680845865211, 0.9924709850319351, 45.564953524898826, 0.9946129103177113, 0.9927122981592382]
00023892,93103,390673,1492,3;[112581.12000000001, 1362, 1.004285977747245, 0.9649001229124898, 31.23126453415144, 0.9956981357234577, 9999]
00023892,93103,390673,1495,2;[114817.15, 1510, 0.9930315460441014, 0.9870770259924616, 31.546042712339776, 0.9947702350629656, 9999]
00023892,93103,390673,1497,3;[113548.34000000001, 1404, 1.0054351093309934, 0.960491452600365, 28.91913419738997, 0.9948299282430487, 9999]
00023892,93103,390673,1498,1;[116314, 1654, 0.989772517025471, 0.9913499174139772, 25.89202116124958, 0.9956881817830718, 0.9948765321221763]
00023892,93103,390673,1499,1;[115761, 1706, 0.9962542217613665, 0.9812057965453727, 38.26655464467754, 0.9959036968410945, 0.9896936302274583]
00023892,93103,390673,1499,3;[117251.45000000001, 1500, 1.0242496834682837, 0.9748615169204323, 53.78139989410666, 0.9908513476631625, 34234.0]
00023892,93103,390673,1500,2;[113904.42, 1520, 1.0033341804562999, 0.9866325509813356, 31.931454020851525, 0.9944117262205622, 0.9918501209788144]
00023892,93122,390798,1587,3;[117843.29000000001, 1442, 1.0406381091708652, 0.97290517790024, 111.87571133625764, 0.982512094931687, 0.9956477955389904]
00023892,93122,390798,1589,1;[115972, 1698, 0.9778822539189395, 0.9908134710763481, 20.37117655163161, 0.9968449509462828, 0.9941706957446079]
00023892,93122,390798,1589,2;[117505.36, 1504, 1.0292453359150497, 0.9978651105229204, 41.27597117489877, 0.9945531923571351, 9999]
00023892,93122,390798,1590,1;[114476, 1708, 0.9714008354292216, 0.9792266459744134, 31.895664856885332, 0.9963746613606888, 0.9873600048300221]
00023892,93122,390798,1590,2;[115546.62, 1446, 1.0044099548766843, 0.9937778684089924, 34.96544073137213, 0.9941037791054449, 9999]
00023892,93122,390798,1592,3;[117977.55, 1424, 1.0384956777881869, 0.9582881772027657, 51.69301507743181, 0.993571167624946, 172230.0]
00023892,93139,390920,17,2;[116130.90999999999, 1510, 0.9981631323817355, 0.9808162066148503, 32.268889709424414, 0.993887002655094, 0.9946034641785189]
00023892,93139,390920,17,3;[117082.94, 1368, 1.01704474354301, 0.9629625559037094, 53.25214145749839, 0.9925764721536028, 9999]
00023892,93139,390920,18,1;[114291, 1656, 0.9814575364939319, 0.9959018721886728, 30.733984173391054, 0.9957475714305857, 0.9944271152817112]
00023892,93139,390920,19,1;[117141, 1708, 1.0011284673044343, 0.9784178992053928, 59.47460187917027, 0.9921109682880714, 0.9933264364697103]
00023892,93139,390920,20,3;[118051.53000000001, 1470, 1.0213625513322462, 0.9716452290970454, 85.44257796364806, 0.9849400431888099, 9999]
00023892,93139,390920,21,2;[115941.7, 1478, 1.0067750976010585, 0.9966286729292532, 25.270836994108723, 0.9955051948918705, 1.001742742428838]
00023892,93166,391047,301,1;[119197, 1602, 0.9934559797032223, 0.9948353663934025, 20.712104405988043, 0.9968702647084702, 0.9987055043296481]
00023892,93166,391047,301,2;[116151.14, 1540, 1.0002683910551358, 0.9928704150270152, 33.4848806094114, 0.9948215854848882, 9999]
00023892,93166,391047,303,3;[118637.89000000001, 1398, 1.0223579081250327, 0.9703534494557088, 42.23273852076505, 0.9934911546531924, 9999]
00023892,93166,391047,304,1;[117753, 1622, 0.9772164352433422, 0.9958620833402838, 25.766315361363983, 0.9967860458868003, 0.9972686967237064]
00023892,93166,391047,305,2;[117093.62, 1536, 1.002178459818774, 0.997850638667676, 24.4138911119299, 0.9964615269265222, 1.000127051242307]
00023892,93166,391047,305,3;[119032.45000000001, 1370, 1.0183846266174685, 0.9748323649170428, 37.875699129217296, 0.9947455224370897, 2199.6202531645567]
00023892,93166,391047,307,2;[115370.5, 1528, 1.0058060097422366, 0.9895282762600829, 39.93207841576104, 0.9944151817445519, 9999]
00023892,93166,391047,308,1;[115460, 1682, 0.9960968642594321, 0.9954651582763876, 40.582903883813906, 0.9951983391381567, 0.9932470213772635]
00023892,93166,391047,308,3;[118877.64000000001, 1454, 1.017150500848034, 0.9733966928934351, 36.44529966828555, 0.9937569319287601, 1324.7633587786258]
00023892,93166,391047,309,1;[119716, 1620, 1.0322619672169577, 0.9876387315526259, 46.38197855060344, 0.9944067144527013, 0.999419796219075]
00023892,93166,391047,309,2;[115416.90999999999, 1496, 1.0140101989435855, 0.9782871975660953, 49.76970517264166, 0.9923215994050387, 9999]
00023892,93166,391047,310,3;[117396.67000000001, 1446, 1.0322636927019022, 0.9549682020607355, 42.6314536599798, 0.9954496600959517, 9999]
00023892,93166,391047,312,2;[119097.58, 1476, 1.0286965797742729, 0.9766518066581236, 64.13464440773701, 0.9901136968339167, 100082.0]
00023892,93166,391047,313,1;[120302, 1688, 1.021004314514589, 0.9866737636844082, 42.55555215394716, 0.9931729686905908, 0.9957002685780263]
00023892,93166,391047,313,3;[119017.38, 1408, 1.0256435421473993, 0.9687818342517958, 44.27779058241403, 0.9929874755115312, 24821.14285714286]
00023892,93166,391047,315,1;[117580, 1706, 0.9911475015587408, 0.9998940038735258, 31.46718806602632, 0.9964770636421072, 0.9924037812288994]
00023892,93166,391047,315,2;[119473.62, 1562, 1.0290292751963206, 0.976969826578464, 59.39391504055549, 0.9910613417632356, 9999]
00023892,93166,391047,315,3;[120414.78000000001, 1524, 1.0420803432332637, 0.9716719340706381, 114.80932319891738, 0.9838297153742086, 0.9968696835658387]
00023892,93265,391506,609,1;[120450, 1668, 1.0130823848066772, 0.9934285035407959, 28.081715577593773, 0.9950777124707098, 9999]
00023892,93265,391506,609,3;[119976.38, 1438, 1.0627480642574758, 0.9590433977019611, 126.38952663022229, 0.9846962103710577, 0.99012968218255]
00023892,93265,391506,610,2;[119833.0, 1508, 1.0279624297293433, 0.9939602657133225, 34.05485042585448, 0.9943307197997148, 0.9989534301203803]
00023892,93265,391506,611,3;[119896.92000000001, 1368, 1.0267371543472592, 0.9680652141772095, 60.138477372720004, 0.9910185054986551, 175032.0]
00023892,93265,391506,612,2;[116885.37, 1548, 1.0145783774572443, 0.9803564738122116, 29.62078944142632, 0.9948200399301197, 9999]
00023892,93265,391506,613,1;[114481, 1610, 0.9955593575803238, 0.9902087238335712, 36.759064237107594, 0.9944111491071127, 0.9902515396858349]
00023892,93329,391882,87,1;[118271, 1616, 1.0194271800477344, 0.9951980347867928, 37.73351695185407, 0.9949972892828642, 0.9989948475377988]
00023892,93329,391882,87,2;[111247.15, 1430, 0.9892958805203751, 0.987969527216751, 25.62743346510477, 0.9960790202361292, 9999]
00023892,93329,391882,87,3;[115923.92000000001, 1414, 1.0215942370198658, 0.9563196493174627, 47.010858776237484, 0.9953242287886229, 9999]
00023892,93329,391882,89,1;[114628, 1672, 0.9914825066265023, 0.992449732020601, 46.0862142629913, 0.9941192467786226, 0.9939475920434248]
00023892,93329,391882,89,3;[114667.63, 1414, 1.0167941706478845, 0.9529070402788227, 69.36194070195396, 0.9896615259912896, 0.9922821576763485]
00023892,93329,391882,90,2;[116098.78, 1540, 1.024478526931865, 0.9929498654533664, 58.7047229351499, 0.9922725834272821, 9999]
00023892,93329,391882,92,2;[114627.93999999999, 1522, 1.0073552101636527, 0.9847883422105579, 36.85985021329225, 0.9940911230252352, 0.9904477918873066]
00023892,93329,391882,92,3;[114493.64000000001, 1356, 1.0098884038015559, 0.9575393429604518, 53.70771228318953, 0.9928164272628103, 9999]
00023892,93329,391882,93,1;[115389, 1646, 0.9791536811644996, 0.9912072497007227, 30.555962129969355, 0.9961549890584726, 0.995354855405318]
00023892,93329,391882,94,1;[116973, 1592, 0.994606233216065, 0.9965614043713638, 34.71012332712566, 0.9946580766084038, 0.9999615310636661]
00023892,93329,391882,94,2;[112866.73999999999, 1496, 1.003006582190011, 0.9923183925625743, 26.138494257660792, 0.99570058885804, 9999]
00023892,93329,391882,94,3;[114433.36000000002, 1410, 1.0214616209838423, 0.9517095185099957, 73.57692311392724, 0.9894936176987641, 0.990536726513768]
00023892,93329,391882,96,1;[115407, 1632, 0.9872182726007631, 0.9927104473525977, 23.989429741072772, 0.9960868400620199, 0.996795591563164]
00023892,93329,391882,96,2;[113005.97, 1516, 0.9882006017804126, 0.9825266807640969, 27.477798069064683, 0.9957344812378607, 0.9942780561096016]
00023892,93329,391882,96,3;[117169.25000000001, 1434, 1.0569068397282255, 0.9348208440309685, 110.45560734956277, 0.9883416942725053, 9999]
00023892,93329,391882,99,1;[118266, 1608, 1.0340711010663866, 0.9901960891665134, 40.350390802242764, 0.9941750124012475, 0.995743928467688]
00023892,93329,391882,99,2;[114010.33, 1524, 1.0088953795511193, 0.9873587254334197, 27.375748128469997, 0.9954495918170748, 9999]
00023892,93329,391882,99,3;[113752.47000000002, 1336, 1.0058340005280906, 0.9771892906538502, 25.640739364499375, 0.99607581804577, 9999]
00023892,93377,392048,3,3;[118466.64000000001, 1406, 1.047556527781869, 0.9626297559970822, 107.28162349534367, 0.988306503325163, 9999]
00023892,93377,392048,4,1;[118492, 1724, 0.9863208326474601, 0.9986424630954116, 19.764201178268063, 0.9967779664001932, 0.982353745839223]
00023892,93377,392048,4,2;[116322.5, 1540, 1.0024661578187861, 0.9812524545754474, 28.71243987076844, 0.9953319054134065, 9999]
00023892,93377,392048,5,1;[112681, 1604, 0.9750116024793062, 0.9728192778387952, 30.87669786078407, 0.9962903174522396, 0.9869450782375636]
00023892,93377,392048,5,2;[117476.79999999999, 1468, 1.0128946844061226, 0.9826118107683158, 31.69563920609115, 0.9953051589361018, 9999]
00023892,93377,392048,5,3;[119291.38, 1442, 1.0494193382007337, 0.9224995551443748, 90.97954973781846, 0.9914184377585706, 9999]
00023892,93377,392048,8,2;[114999.22, 1520, 1.0070723933409482, 0.9772014446917673, 55.95936210100426, 0.9911467610708359, 1.0000983146794165]
00023892,93377,392048,8,3;[115359.48000000001, 1394, 1.0261842013140077, 0.9530082855170431, 74.80732270330151, 0.9887307322964278, 9999]
00023892,93377,392048,9,1;[115825, 1638, 0.9752674514762388, 0.977930434245964, 26.59457846165895, 0.9966290836236483, 0.9829547624402228]
00236683,93026,390254,285,1;[64897, 1162, 0.8963368703322728, 1.2183853081758376, 597.4072147536523, 0.8989622045180786, 0.997670968584979]
00236683,93026,390254,285,2;[63899.43, 1088, 0.88279605279225, 1.1669173179368035, 687.6252383263844, 0.8561036678773236, 0.9979278366800785]
00236683,93026,390254,285,3;[62998.08, 1026, 0.8724861808634222, 1.1462304604636613, 477.53626792143336, 0.8912045056441245, 0.9973322922766608]
00236683,93027,390265,359,1;[65010, 1234, 0.8963836176640538, 1.168149733389122, 588.7646334944752, 0.876576323213372, 0.9996079064510921]
00236683,93027,390265,359,2;[63329.42, 1172, 0.8722834267262409, 1.3744132304889976, 811.2780416461782, 0.8789933373649661, 0.9967690881336567]
00236683,93027,390265,359,3;[64039.280000000006, 1110, 0.8752503306714794, 1.2607893360585687, 730.6566746111167, 0.906247409796963, 0.9980783191698339]
00236683,93032,390303,79,1;[64084, 1312, 0.883011742050798, 1.2912871714364584, 268.94763745587096, 0.9133944969761918, 0.9972688863125296]
00236683,93032,390303,79,2;[62079.92, 1082, 0.8815052374057251, 1.2447192829726832, 397.38154880436065, 0.9006467679184194, 1.0009209516500384]
00236683,93032,390303,80,3;[63635.130000000005, 1136, 0.8704188168610484, 1.2765842202638427, 618.6186577698837, 0.9267038002201853, 0.9954032595068951]
00236683,93032,390303,81,1;[65182, 1222, 0.8845825357301805, 1.253814231694861, 436.65751315797803, 0.9024325561089953, 0.9954869993509221]
00236683,93032,390303,81,2;[60467.469999999994, 1070, 0.8658963652934529, 1.3236490956893558, 415.1546219052248, 0.8831104988944727, 0.9955720135582594]
00236683,93032,390303,82,3;[60681.41, 1002, 0.8646670726583039, 1.236890745793808, 413.0430619188642, 0.895977356431816, 0.9920933566276934]
00236683,93032,390303,83,1;[65190, 1240, 0.8856361340584233, 1.336348925504289, 421.8157871130205, 0.9179699132432548, 0.9945383535729542]
00236683,93032,390303,83,2;[63473.409999999996, 1108, 0.880705724041829, 1.1517486320231045, 936.4060692327542, 0.8892920877813058, 0.9974381030742763]
00236683,93032,390303,83,3;[63620.060000000005, 1086, 0.8776824258320373, 1.2010975539393451, 632.373901310016, 0.932411605387967, 0.9935599820278568]
00236683,93051,390358,937,1;[61910, 1138, 0.8881777418456696, 1.3158803350304593, 191.94476886811364, 0.9332287887186778, 1.0035906206181056]
00236683,93051,390358,937,2;[61018.439999999995, 1108, 0.8744115177055395, 1.2886368708134575, 416.8174297521665, 0.8915586599846775, 9999]
00236683,93051,390358,937,3;[61560.950000000004, 966, 0.877243343342936, 1.162882267156796, 350.0519987317953, 0.9193836774930555, 0.9962310165170158]
00236683,93078,390512,47,1;[62003, 1166, 0.8984033152613793, 1.421216003534498, 222.0834782523327, 0.932324088329441, 0.9965764433586216]
00236683,93078,390512,47,2;[64851.43, 1158, 0.8730279854116749, 1.169443966109788, 818.8359163722441, 0.8605912354463219, 0.9972094895653209]
00236683,93078,390512,47,3;[63713.22000000001, 1070, 0.8713599068622755, 1.156260139954396, 363.6832766722085, 0.9245821144862727, 0.997929295638646]
00236683,93078,390512,49,1;[62757, 1248, 0.8806822073163417, 1.3655628375229387, 291.7005471112284, 0.9308936894344648, 0.9898424315073895]
00236683,93078,390512,49,2;[62070.399999999994, 1146, 0.8777771267882485, 1.3229664281527502, 421.0606639502385, 0.9063259873638182, 0.9963420341346475]
00236683,93078,390512,49,3;[65910.70000000001, 1050, 0.8768575047476552, 1.2247830161026592, 788.4647293313469, 0.8942845465139775, 0.9974602187321826]
00236683,93078,390512,50,1;[61924, 1150, 0.8810465426974625, 1.3914188745424354, 213.8200019221468, 0.9351294831793443, 0.9981302385557704]
00236683,93078,390512,50,2;[65937.9, 1150, 0.879228667524834, 1.179293606603073, 824.4007872140987, 0.8489372623533138, 0.9963318588844535]
00236683,93078,390512,50,3;[66360.06000000001, 1022, 0.8702875750297601, 1.1372706087217193, 861.5471674866211, 0.8701131027160595, 1.0023072227452847]
00236683,93098,390636,1213,1;[66424, 1244, 0.8823566767419234, 1.2142968859041916, 308.83078904861543, 0.8957330070359494, 0.9993380273214179]
00236683,93098,390636,1213,2;[65266.74, 1126, 0.8933927484060082, 1.2840118591047747, 875.6931159719495, 0.8581356473660497, 1.0014607603257495]
00236683,93098,390636,1213,3;[65509.29000000001, 1070, 0.873847573315857, 1.18952807666033, 761.6841148447202, 0.9046977956138212, 0.9943334823610144]
00236683,93098,390636,1214,1;[64254, 1292, 0.8798340578149664, 1.4185855049254117, 354.04704705750584, 0.9389706014256528, 0.9968196838300315]
00236683,93098,390636,1214,2;[64413.509999999995, 1112, 0.8841799100241723, 1.185020667030353, 814.5381436463231, 0.8548762815733646, 0.9979719390106749]
00236683,93098,390636,1214,3;[63554.3, 1080, 0.8725345513198169, 1.3418491871000942, 573.436488312685, 0.915630657414964, 0.9923631462981581]
00236683,93099,390639,1320,1;[65733, 1174, 0.8986561124046707, 1.1888863137764243, 524.71293379162, 0.8909896119273859, 1.000334799348663]
00236683,93099,390639,1320,2;[64945.439999999995, 1110, 0.8799012392870388, 1.211244114648881, 500.3592752505392, 0.8843490229777067, 0.9975689557476832]
00236683,93099,390639,1320,3;[64221.490000000005, 1086, 0.8771087575357576, 1.1782370262963473, 420.12826866959915, 0.914358419458132, 0.9936620315414617]
00236683,93099,390639,1321,1;[65480, 1300, 0.8724248348033831, 1.2238853834367018, 405.04023958956503, 0.9273045058082094, 0.9972965769333283]
00236683,93099,390639,1321,2;[62571.39, 1128, 0.8732663509695608, 1.2989479846148317, 506.449168846685, 0.8607900347818224, 0.995871133922991]
00236683,93099,390639,1322,3;[60664.97, 960, 0.8918258292316278, 1.1659305552185804, 304.4898032449558, 0.9395602745783597, 0.9997403623638313]
00236683,93103,390670,1523,1;[66007, 1202, 0.8862135690644956, 1.1227076770295574, 539.0951049981684, 0.8570147705480499, 0.9933781811067467]
00236683,93103,390670,1523,2;[62395.27, 1128, 0.8744661556219134, 1.3175950505831138, 451.64267112748917, 0.8726407365729938, 0.9936702863532132]
00236683,93103,390670,1523,3;[64702.36000000001, 1090, 0.8682338163167673, 1.2139867077421442, 760.4879409415294, 0.8519364279323118, 0.9934162091668244]
00236683,93103,390670,1525,2;[63179.479999999996, 1148, 0.8755774904728971, 1.3231910436666334, 440.6480455143491, 0.8949090950326803, 0.9963966669168981]
00236683,93103,390670,1525,3;[64450.280000000006, 1072, 0.8786524256469906, 1.2380248607050208, 794.7149607156023, 0.9022725765178526, 0.9949768937110709]
00236683,93103,390670,1526,1;[64594, 1280, 0.8692302139795223, 1.3064345589587993, 387.3175180665426, 0.9216866545350719, 0.9963366573347833]
00236683,93129,390840,509,1;[63851, 1282, 0.8863538304611583, 1.2824864508734586, 310.17420054510205, 0.9399106307757903, 0.9891788472412645]
00236683,93129,390840,509,2;[62792.729999999996, 1156, 0.8655992666530318, 1.2966369654810306, 598.0539074640125, 0.8907444545283135, 0.9932237845163476]
00236683,93129,390840,509,3;[65155.83, 1070, 0.8798077353627585, 1.207208180569444, 693.4138006979172, 0.9218608231747977, 0.9943860749568763]
00236683,93139,390919,100,1;[65548, 1228, 0.8895657063217315, 1.2174121974362748, 494.76634957258426, 0.901591666436485, 0.9952249003605997]
00236683,93139,390919,100,2;[64462.299999999996, 1176, 0.8687574373580252, 1.3160805760010135, 749.5912923506529, 0.8728901235789747, 0.9998523385876186]
00236683,93139,390919,100,3;[62899.44, 1048, 0.8704034933278246, 1.1903627541986614, 354.52133648183104, 0.9138656498268735, 0.9938737958653534]
00236683,93140,390930,162,1;[64174, 1274, 0.873669116798967, 1.2219762812449149, 318.14095600560046, 0.9407832771655248, 0.9941057556018558]
00236683,93140,390930,162,2;[62256.03999999999, 1108, 0.8758086297832357, 1.284617442261192, 345.67866423307373, 0.9220027450821668, 0.9939582779192158]
00236683,93140,390930,162,3;[64168.060000000005, 1070, 0.8653375047802901, 1.175778012518249, 544.2792229979488, 0.8837986711791864, 0.9959280876896416]
00236683,93140,390930,163,1;[64757, 1294, 0.8689080832153993, 1.3437099942523156, 321.5276598014192, 0.9430963941414967, 0.994830513031255]
00236683,93140,390930,163,2;[64700.299999999996, 1190, 0.8678894662354549, 1.2921604955880843, 715.6913109359365, 0.8801013288764067, 0.9996414749170336]
00236683,93140,390930,163,3;[64600.98, 1086, 0.8652007934289446, 1.1908760180148013, 721.4497155138856, 0.9086264422759408, 0.9967868769289308]
00236683,93140,390930,164,1;[66120, 1190, 0.8928024080834541, 1.1879672972458664, 349.6492563200557, 0.8948358029776258, 0.9994029580030079]
00236683,93140,390930,165,2;[62164.409999999996, 1120, 0.8752461396656094, 1.298778050862342, 346.29783056866313, 0.9093205097922705, 0.9977652991061197]
00236683,93140,390930,165,3;[62617.22000000001, 1048, 0.8756071525749004, 1.1433205584440507, 348.4088358753567, 0.9269208623011866, 0.9946249428764172]
00236683,93174,391097,943,1;[62928, 1236, 0.8851371504840055, 1.4349269202301336, 299.8036945734148, 0.9301702078122605, 0.9953969534475395]
00236683,93174,391097,943,2;[64325.45, 1168, 0.8802286326493914, 1.2679251780083614, 607.869629047859, 0.8870972782303799, 0.9962677970787449]
00236683,93174,391097,943,3;[64610.57000000001, 1052, 0.8809168323652462, 1.192026993741771, 915.8897240293949, 0.8497624850878942, 0.9998092007631969]
00236683,93203,391206,348,1;[66259, 1190, 0.8894026810814899, 1.1508446047025152, 594.0886112205731, 0.8912596097118567, 0.9980268112667571]
00236683,93203,391206,348,3;[64683.18000000001, 1094, 0.8774361244422536, 1.1828319494737503, 463.56244202686634, 0.9045813327238634, 0.9901953587869509]
00236683,93203,391206,349,2;[65912.91, 1094, 0.8899903614837441, 1.2170274147339144, 883.2863549263491, 0.8237073210150379, 1.001093469007835]
00236683,93203,391206,350,1;[62393, 1240, 0.8787493015584305, 1.3128339148304562, 295.70120819668693, 0.9335410441337777, 0.9891953166493591]
00236683,93203,391206,350,2;[64784.78999999999, 1186, 0.8806837105180522, 1.3963042186163492, 714.3957716221242, 0.8977856171105484, 0.9971061741057529]
00236683,93203,391206,350,3;[66107.98000000001, 1110, 0.8779627186987592, 1.2067523980043482, 629.3045444407546, 0.8784160439673843, 0.9945279732890899]
00236683,93203,391206,351,1;[63854, 1268, 0.871032185835836, 1.479426503068035, 318.9796186826759, 0.9362372556116996, 0.9921610976017153]
00236683,93203,391206,352,2;[60755.45, 1072, 0.8829527874848939, 1.2554864592775605, 342.8331537019416, 0.9050124376649543, 0.9934812220276318]
00236683,93203,391206,352,3;[64896.9, 1114, 0.8569397877711894, 1.2417527424010701, 692.591624038142, 0.8946675282111177, 0.9943116223421002]
00236683,93220,391265,336,1;[65533, 1310, 0.8757480096155889, 1.367463148321185, 361.0624601301009, 0.9290297774806068, 0.9930972821021845]
00236683,93220,391265,336,2;[60632.88, 1050, 0.8682370583990296, 1.2168716618617368, 346.1947867002257, 0.8994860601241726, 0.9980021154072158]
00236683,93220,391265,336,3;[64026.950000000004, 1090, 0.8629840702248537, 1.2222749057270437, 655.7167830778669, 0.908215481352808, 0.9938013673141739]
00236683,93220,391265,337,1;[61118, 1124, 0.8808351635338167, 1.2224316677897844, 151.10157403778504, 0.9337813620401505, 0.9949534414273621]
00236683,93220,391265,337,2;[64254.049999999996, 1166, 0.8722362436156592, 1.2337152288179494, 564.8185975037665, 0.8790782291139434, 0.9932763679509938]
00236683,93220,391265,337,3;[64409.18000000001, 1080, 0.8726724947670236, 1.265388216239573, 693.2371551550842, 0.9054723116006371, 0.9945737828032283]
00236683,93222,391274,426,2;[62796.299999999996, 1136, 0.8830140146854797, 1.2618411779405492, 351.3399176267912, 0.9240262330636166, 0.9985146219854868]
00236683,93222,391274,426,3;[64573.58, 1060, 0.8698739445591321, 1.2390712166734024, 806.0081702436511, 0.9022446887703707, 0.9947974377644812]
00236683,93222,391274,427,1;[65596, 1204, 0.8814352650098592, 1.1250380127803834, 426.6307949767584, 0.9036493789843961, 0.999078537540076]
00236683,93222,391274,428,3;[65283.240000000005, 1108, 0.8695688977103744, 1.2047253991752296, 663.4549987691171, 0.9024267478443797, 0.9949367881489524]
00236683,93222,391274,429,1;[65683, 1302, 0.8898643963502091, 1.2157433048057757, 263.5146465566555, 0.9138523580591842, 0.9900666244611257]
00236683,93222,391274,429,2;[65128.7, 1114, 0.8920105206580566, 1.2152927457141203, 901.9103499453104, 0.8625949441156302, 1.0004935743926293]
00236683,93260,391459,217,1;[61886, 1206, 0.88409827167143, 1.4305143674075829, 243.25219511796246, 0.9397923110539514, 0.9929323802876786]
00236683,93260,391459,217,2;[63468.649999999994, 1168, 0.8773761500382609, 1.303462920522043, 423.0964271691172, 0.9175794943361034, 0.9939989190599549]
00236683,93260,391459,217,3;[61080.08, 1002, 0.8684022285641108, 1.183091136102187, 330.8801757872058, 0.916625577751276, 0.9937478407203914]
00236683,93260,391459,218,1;[61371, 1146, 0.8861261793421696, 1.3227932692907638, 233.6975189654019, 0.9138117041258418, 0.9979592334523103]
00236683,93260,391459,218,2;[65415.49, 1146, 0.8806046328095137, 1.2456073480301915, 888.1625960645373, 0.8361238909296961, 0.9979485876116476]
00236683,93260,391459,219,3;[65165.420000000006, 1002, 0.8855295886816785, 1.201654730491485, 874.0681197302487, 0.8664653855605965, 1.0001682156524665]
00236683,93314,391804,1,1;[61200, 1184, 0.8911802629893917, 1.382171928150076, 230.7785941011806, 0.9282939375778478, 0.9964830011723329]
00236683,93314,391804,1,2;[63119.979999999996, 1172, 0.8732368986285801, 1.2855284088582624, 778.1732000879881, 0.8841258201664252, 0.9969738548578088]
00236683,93314,391804,1,3;[62554.200000000004, 1048, 0.8706816695963225, 1.2236399679595413, 396.73644698103055, 0.9037575184900603, 0.9935482467115642]
00236683,93314,391804,2,1;[60876, 1180, 0.8846231316147987, 1.3470361909588835, 237.77139752352406, 0.9341344635075844, 0.9983027082872112]
00236683,93314,391804,2,2;[63148.53999999999, 1058, 0.8865645945619125, 1.2173674482590253, 625.6957682754448, 0.8446343329217425, 1.0054568191291826]
00236683,93314,391804,2,3;[61967.840000000004, 1040, 0.8630861857690876, 1.2021879598329055, 462.1138465086889, 0.8699951446873627, 0.9957841205543386]
00236683,93331,391886,297,1;[64499, 1258, 0.8861004128455874, 1.1767130557255576, 486.22112839956037, 0.882567298345443, 0.9920557405541756]
00236683,93331,391886,297,2;[63365.119999999995, 1142, 0.8718246979181136, 1.2238753766468728, 720.7594945839151, 0.8495607612385334, 0.9981722919458998]
00236683,93331,391886,297,3;[60114.23, 962, 0.8786204077621724, 1.2399047265569842, 333.37371361298034, 0.9318307664323562, 1.000205151584226]
00236683,93341,391961,155,1;[64154, 1280, 0.8792525968196029, 1.2928483788835097, 374.536365774355, 0.935168653948244, 0.9960873210570443]
00236683,93341,391961,155,2;[62858.18, 1052, 0.8910501307441899, 1.1703169142364331, 1016.6524047850945, 0.8434156386230575, 0.9998391080909702]
00236683,93341,391961,156,3;[63548.82000000001, 1042, 0.8926078558902395, 1.1802893869861124, 792.7012788894507, 0.8845421833110562, 0.9976556618991289]
00496499,93080,390526,192,1;[42065, 896, 0.9595562064672525, 0.9021859075273211, 88.530325220464, 0.9715079006371974, 1.0020367083933825]
00496499,93080,390526,192,2;[19636.19, 580, 1.004369640055557, 0.8608649352424628, 261.77866867667177, 0.9768647802526156, 1.006250571698631]
00496499,93080,390526,192,3;[35577.530000000006, 694, 0.9832699791513629, 0.8281034000927051, 292.5017988690681, 0.9624139982791375, 9999]
00496499,93080,390526,193,2;[22423.17, 600, 1.0030890422889538, 0.8440986957686696, 245.20661487338168, 0.976017535707432, 1.0034882172813206]
00496499,93080,390526,193,3;[35678.91, 698, 0.9887164350323067, 0.8283187938913951, 310.5784892907396, 0.9581536327439963, 9999]
00496499,93080,390526,194,1;[41965, 898, 0.9583798200896287, 0.8838871659187826, 100.86655491813384, 0.971946137241059, 9999]
00496499,93080,390526,195,2;[19718.3, 650, 0.9794357106206135, 0.8850496942770276, 244.71863265668418, 0.9757155065890324, 9999]
00496499,93080,390526,195,3;[19493.730000000003, 564, 0.9937712032218665, 0.9368212297932338, 258.72501934423366, 0.9678019753494537, 1.0075411577270312]
00496499,93080,390526,196,1;[41532, 888, 0.959460161713364, 0.886733322929113, 133.68201457856733, 0.9727362829945339, 1.0031157162524456]
00496499,93080,390526,197,1;[37790, 838, 0.9722096031983103, 0.8773535911698845, 175.5431182631602, 0.9734374691558407, 1.0007149855678839]
00496499,93080,390526,197,2;[41459.6, 812, 0.9767062572347287, 0.8614832284465739, 255.08706300105092, 0.944324363002976, 1.005033823253667]
00496499,93080,390526,197,3;[40941.08, 754, 0.9698709486418998, 0.8120308992861215, 372.2939333627128, 0.9097971229654112, 9999]
00496499,93243,391392,32,2;[36742.439999999995, 758, 0.9808448603481242, 0.8488060304788129, 244.86790285516628, 0.9588930024568995, 1.0024512589081347]
00496499,93243,391392,32,3;[30289.33, 636, 0.9774960870032885, 0.8187040279933419, 276.74890949474235, 0.9636312515964099, 1.0052286987360188]
00496499,93243,391392,33,1;[42412, 898, 0.9540894520272496, 0.8890244824968684, 113.28402272927283, 0.9708354202698435, 1.0023633957269806]
00496499,93243,391392,34,3;[41306.87, 758, 0.9827610019905036, 0.8265777569846884, 314.39792097606085, 0.9477846527416653, 9999]
00496499,93243,391392,35,1;[34615, 798, 0.9727687820568831, 0.8861406856984688, 169.2332156107595, 0.9746229088815743, 9999]
00496499,93243,391392,35,2;[26381.11, 638, 0.9856320191175669, 0.8506140296169901, 307.27306264887187, 0.963083359404462, 1.0055108288921646]
00496499,93243,391392,36,1;[21508, 682, 0.9794870516634909, 0.8395420764898339, 133.1179788780363, 0.9900639806621243, 0.9983290011139992]
00496499,93243,391392,36,2;[39873.33, 794, 0.977996295387638, 0.8444747993288276, 240.451387791068, 0.9541986813285116, 1.0060500517932474]
00496499,93243,391392,36,3;[35111.73, 694, 0.9927718400214073, 0.8225912810311081, 343.6848236596638, 0.9533608556920057, 9999]
00496499,93243,391392,38,3;[33126.600000000006, 672, 0.988625723318533, 0.8158864658008373, 353.20831054007976, 0.9530518459008926, 1.005342702118371]
00496499,93243,391392,39,1;[39689, 864, 0.9729369271466171, 0.8961832487209997, 178.95847904910792, 0.972703440056862, 9999]
00496499,93243,391392,39,2;[41502.439999999995, 818, 0.9755544866589894, 0.8296328993480983, 309.6976602688157, 0.9262409968905199, 1.0053907578771368]
00521701,93026,390258,236,1;[65015, 1268, 0.8381775642546434, 1.2907349359759162, 250.17272954094338, 0.8658941841502674, 0.9906670222086777]
00521701,93026,390258,236,2;[63711.409999999996, 1160, 0.8328008538305073, 1.244832771554797, 383.41423372086234, 0.8778173893145765, 0.991986511399535]
00521701,93026,390258,236,3;[64650.3, 1088, 0.7961479669495897, 1.7462056904974999, 589.4067175037352, 0.9620048103930134, 9999]
00521701,93122,390796,1603,2;[62828.43, 1126, 0.819885475612702, 1.256333279056509, 299.49397662419483, 0.8638672780054223, 0.9927420416298441]
00521701,93122,390796,1604,3;[62922.73, 1048, 0.8185142145814573, 1.450235556326929, 320.0687700976941, 0.8812622518672641, 0.997166708279508]
00521701,93122,390796,1605,1;[62224, 1146, 0.8566837480585704, 1.2049831781894702, 156.220883867245, 0.9003790357456036, 0.9972993548904115]
00521701,93139,390917,48,1;[65905, 1250, 0.8177142451097035, 1.363160319113161, 272.79423457219696, 0.8735352990091628, 0.9921342817357269]
00521701,93139,390917,48,2;[63280.63, 1130, 0.8069446185618948, 1.4570263221994737, 273.2561554452453, 0.9667913955202088, 9999]
00521701,93139,390917,48,3;[62114.43000000001, 1014, 0.8202161911979294, 1.608353300801054, 300.4638342307913, 0.9710721126599146, 0.9903020771902235]
00521701,93141,390932,199,2;[64893.079999999994, 1162, 0.8456843959906979, 1.2595769526941694, 346.6162792194861, 0.8648392540420272, 0.9924382364984758]
00521701,93141,390932,199,3;[62017.16, 1054, 0.7860292950526333, 1.5138959370819465, 276.9085808237027, 0.9731655031711313, 0.9876726376191827]
00521701,93141,390932,200,1;[64754, 1262, 0.8692715981718601, 1.325863861317932, 226.1344441489002, 0.9672597308634594, 0.9923832584941227]
