02247243,93026,390257,204,1;[24002, 680, 0.8851445674741696, 0.9997217167194794, 181.1763695156411, 0.9800126436307939, 9999]
02247243,93026,390257,204,2;[15990.029999999999, 510, 0.8336354899440469, 0.9601073575019308, 418.1102761178338, 0.9604739652981814, 9999]
02247243,93026,390257,204,3;[22976.27, 570, 0.8200808757217778, 1.0214750246025754, 293.6716442629914, 0.9421924576653105, 9999]
02247243,93032,390302,84,1;[13043, 500, 0.9052795477409287, 0.9902443471604326, 150.59613683395173, 0.9878571576026407, 1.0016126555060667]
02247243,93032,390302,84,2;[23759.539999999997, 626, 0.8568354771433903, 0.9282705850166708, 255.12243064696966, 0.9582865273758308, 9999]
02247243,93032,390302,84,3;[20648.640000000003, 526, 0.8033847444772831, 0.9550845407141748, 351.95048943869983, 0.9305166551808454, 9999]
02247243,93048,390342,512,1;[19942, 606, 0.8894155470442002, 0.9347749937522942, 136.0851197371329, 0.9813489408057083, 9999]
02247243,93048,390342,512,2;[24782.94, 638, 0.8517087594971182, 0.9330742339717307, 455.92632714246116, 0.8893680738109035, 9999]
02247243,93048,390342,512,3;[22225.510000000002, 552, 0.8398813339338272, 0.9874272747879808, 252.8112072481884, 0.9149112067726732, 1.0061087165493503]
02247243,93048,390342,514,1;[24590, 688, 0.8794842178197305, 0.9591686454974462, 149.73728336700563, 0.9672344804326843, 1.0029161653445358]
02247243,93048,390342,514,2;[10577.91, 466, 0.7710522842901716, 0.9937983118388475, 415.40745686758976, 0.9606543813048212, 9999]
02247243,93048,390342,514,3;[24261.33, 584, 0.8204412750808672, 1.0173678372908097, 277.0174003045176, 0.7528833233241629, 1.0056789141916065]
02247243,93048,390342,515,2;[22982.469999999998, 610, 0.8474380933043785, 1.0850426671128586, 217.51303048527777, 0.968955309084869, 1.00329878698148]
02247243,93048,390342,516,1;[19580, 598, 0.8908756855224746, 0.9326989088199782, 166.0352454078996, 0.9780198198996417, 9999]
02247243,93048,390342,516,3;[23722.920000000002, 578, 0.8172708184878825, 0.9790617545921025, 305.90828567538586, 0.7511410528584074, 1.0031282586027113]
02247243,93064,390418,919,3;[14700.1, 454, 0.8130278408039613, 0.9193215064835872, 308.3499062473997, 0.9456790453472729, 0.9967487227124942]
02247243,93064,390418,920,1;[24191, 680, 0.880998304041106, 0.9390033310567512, 150.23389011572993, 0.9687019033451895, 9999]
02247243,93064,390418,920,2;[24259.34, 624, 0.8471402224175367, 0.9789955073142887, 247.80732313882862, 0.9565243495812443, 9999]
02247243,93064,390418,921,1;[23563, 670, 0.891464057977275, 0.9864320733160781, 168.8235089344453, 0.9773150611611949, 9999]
02247243,93064,390418,921,2;[18892.44, 542, 0.8319264233041699, 0.9385565666705703, 422.06124174211504, 0.9549580352569621, 1.0060198973449084]
02247243,93064,390418,921,3;[23335.210000000003, 572, 0.8215704822114601, 1.0183195306968562, 265.3540856237841, 0.9252622371667528, 9999]
02247243,93068,390442,180,1;[25017, 702, 0.8535752524700247, 0.9894740940952166, 170.68834567444432, 0.9617271960652161, 1.0000199868087063]
02247243,93068,390442,180,2;[23016.98, 610, 0.8438505019867519, 0.9446153889581845, 257.1604447766325, 0.9581144673137609, 0.9968561562644952]
02247243,93068,390442,180,3;[23747.58, 580, 0.8034901095020183, 0.9693254182615798, 421.7910064225715, 0.8890369530204271, 9999]
02247243,93068,390442,181,1;[14120, 540, 0.8710805967736107, 0.9741562075757844, 152.45354064886186, 0.9859030969783104, 1.0010989400545924]
02247243,93068,390442,181,2;[20661.969999999998, 586, 0.8457206364951922, 1.0235997542364994, 257.1268575109935, 0.9673214093418003, 1.0034966045369167]
02247243,93068,390442,181,3;[11375.11, 416, 0.8018982896544692, 0.9035167910661822, 407.8149243540535, 0.9127168467145548, 9999]
02247243,93068,390442,182,1;[25126, 700, 0.8963316279866932, 0.9560433772543392, 162.583018181138, 0.9729450468828147, 1.0054622941635487]
02247243,93068,390442,182,2;[23656.01, 622, 0.8599560786732092, 0.9746566806678099, 228.2055606286972, 0.9598515306993993, 0.9993213522684429]
02247243,93068,390442,182,3;[15249.470000000001, 470, 0.8223236622145877, 0.9464674786242874, 450.4566846789724, 0.9204196691034471, 0.993661846098911]
02247243,93071,390468,414,1;[24473, 686, 0.8787795357799355, 1.0316328533975252, 195.93582779640832, 0.977466846944276, 1.0019036701942563]
02247243,93071,390468,414,2;[24439.03, 636, 0.8510958253661319, 0.9558337710496616, 285.3616352046869, 0.9472644339650477, 0.9968933546915199]
02247243,93071,390468,414,3;[24802.480000000003, 596, 0.8141402137745303, 0.9881711122420753, 392.07998902082727, 0.8422838742391672, 0.9937424525194862]
02247243,93071,390468,416,1;[24412, 682, 0.8841089013987667, 0.9437439639793124, 164.04634944277333, 0.9740727160019743, 1.0022580777599868]
02247243,93071,390468,416,2;[24519.949999999997, 636, 0.8607030381552218, 0.9889235081906909, 323.51315938090823, 0.9454096000411952, 9999]
02247243,93071,390468,416,3;[23240.68, 572, 0.8303605744850111, 1.0090131161053697, 276.17275898371474, 0.9162759532115192, 0.9875134615944349]
02247243,93071,390468,418,2;[24567.55, 640, 0.8556517935854508, 0.9359261028051312, 314.4424365163152, 0.9344373627635457, 9999]
02247243,93071,390468,419,1;[19032, 596, 0.8747463040751126, 0.9248933542722575, 197.96958278986781, 0.9742677539558519, 1.001895135818067]
02247243,93071,390468,419,3;[18578.57, 506, 0.8630604202379173, 0.9444312415264794, 359.7696111052506, 0.9409010911907759, 0.9882310074694844]
02247243,93082,390543,325,1;[24650, 692, 0.8542627827218183, 0.9819893605440054, 132.77842207091194, 0.9794878081403298, 1.0045234117119688]
02247243,93082,390543,325,2;[24767.469999999998, 640, 0.8531620128408983, 0.9833322052035012, 356.1467687084081, 0.9342355613999271, 9999]
02247243,93082,390543,325,3;[20288.33, 528, 0.80355352187396, 0.8880339353014557, 381.2672135413587, 0.9276947005913627, 9999]
02247243,93099,390640,1278,1;[10140, 474, 0.8185518210923749, 0.9672129186969934, 419.303290204456, 0.9045650344934325, 0.9778677853319833]
02247243,93099,390640,1278,3;[24524.370000000003, 590, 0.8350191238581588, 1.0187166051412955, 226.6959416264653, 0.8875637949794201, 9999]
02247243,93099,390640,1279,2;[22364.86, 602, 0.8375186055528363, 0.9992917319502811, 270.87386217161327, 0.9566980428004155, 0.9937605752961083]
02247243,93099,390640,1280,1;[11293, 512, 0.7889663495918682, 0.9868310703815784, 353.1590586329676, 0.9575342312688796, 9999]
02247243,93099,390640,1280,2;[22211.35, 598, 0.841532505517189, 0.9388260186951509, 455.1425576768801, 0.9388806171701305, 9999]
02247243,93099,390640,1281,3;[10843.550000000001, 408, 0.7976221343579235, 0.9125256493389855, 374.08662083780354, 0.9112834801218448, 1.0045691077547911]
02247243,93099,390640,1283,1;[23536, 674, 0.8950177992912752, 0.970236423146727, 198.5680885821359, 0.9784813195527414, 0.997393791715224]
02247243,93099,390640,1283,2;[23507.26, 622, 0.8299683820354372, 1.1425108107669293, 262.5019268714605, 0.9647677722101808, 1.0032758576906473]
02247243,93099,390640,1283,3;[11270.990000000002, 406, 0.805838514040441, 0.9352817934181243, 538.4915696649609, 0.9194538658251835, 1.0042724609375]
02247243,93099,390645,1284,3;[11224.410000000002, 442, 0.8133268826372291, 0.9296946707388949, 331.1325862158261, 0.9554316842377246, 0.9914085188770572]
02247243,93099,390645,1285,1;[24237, 678, 0.8704242031125843, 0.924897530950552, 185.88065853810636, 0.9636501936633345, 2851.4117647058824]
02247243,93099,390645,1285,2;[25041.17, 646, 0.8500555143587166, 0.9390670627939287, 462.59373717813133, 0.8967546305215814, 1.001832940560356]
02247243,93099,390645,1286,2;[24536.61, 642, 0.844555013866692, 0.9978386270189472, 355.02200649061103, 0.938886131921755, 10309.5]
02247243,93099,390645,1286,3;[24816.18, 594, 0.8285471485177855, 1.0534573992402692, 220.01025458621507, 0.8876373083210463, 1.006109753388136]
02247243,93099,390645,1287,1;[14892, 544, 0.858282229061263, 0.9572137371808653, 142.18824397858523, 0.9869746939847174, 1.0037746023186842]
02247243,93101,390661,1460,1;[23772, 678, 0.8508644451444705, 0.99655993049045, 165.56703827309929, 0.9635955701308805, 9999]
02247243,93101,390661,1460,2;[15740.13, 500, 0.8126323219390434, 0.9502015457122325, 434.80278223886995, 0.9596652342040096, 1.0003781576160944]
02247243,93101,390661,1460,3;[22383.06, 564, 0.8232799609607768, 0.9751903259046273, 294.89980151010553, 0.9603826479854867, 487.7014925373134]
02247243,93136,390893,1055,1;[23847, 668, 0.8614167844745416, 1.012502434549751, 152.92500981514323, 0.9760342454189614, 1.0041476303766554]
02247243,93136,390893,1055,2;[22971.76, 612, 0.842673521880253, 1.0085653820779685, 287.53955851142314, 0.9526745295470266, 9999]
02247243,93136,390893,1055,3;[23690.04, 578, 0.8008491017072574, 0.9611334130558936, 412.1965375739882, 0.900085270901424, 9999]
02247243,93136,390893,1056,2;[24898.37, 650, 0.8549197719799024, 0.9349704439961416, 480.2589344559393, 0.8913193927332851, 1.0008131636850666]
02247243,93136,390893,1056,3;[22067.960000000003, 552, 0.8426285773639967, 1.0230594452481943, 268.9649432864126, 0.9165894265914951, 0.9864355920267002]
02247243,93136,390893,1057,1;[24204, 680, 0.86014128624921, 1.0011875961597891, 146.06877162336474, 0.978104094647388, 1.0064242499844072]
02247243,93136,390893,1058,1;[21231, 632, 0.8862823760299752, 0.9420526595293286, 158.12451227511337, 0.9780948820424903, 1.0034502315908875]
02247243,93136,390893,1058,2;[16237.55, 522, 0.8418727397051028, 1.2130119397242887, 333.4509186410474, 0.9601043988579534, 0.996785740375484]
02247243,93136,390893,1058,3;[24880.570000000003, 596, 0.8270306831662197, 1.0157630074050346, 236.4334066208262, 0.8657061968018394, 0.9949597326466882]
02247243,93136,390893,1060,3;[23603.730000000003, 584, 0.809899444677726, 1.0195914338960177, 331.6350548995028, 0.7241799037642292, 0.989347957162135]
02247243,93136,390893,1061,2;[21130.829999999998, 584, 0.8201242552854513, 0.9294883650061712, 469.08370134599943, 0.9390052539854664, 1.000676246830093]
02247243,93136,390893,1063,1;[24718, 688, 0.8728226680260728, 0.9727992258574466, 218.74484260436628, 0.9575758605945462, 1.0011948883083217]
02247243,93136,390895,1053,1;[10281, 476, 0.8597992096039346, 0.9340769736444843, 272.2733405482453, 0.9492503630886895, 1.0042490842490843]
02247243,93136,390895,1053,2;[24464.02, 636, 0.8421053339993625, 0.9584427692674908, 249.4813032774593, 0.9635627369693018, 1.003735077997217]
02247243,93136,390895,1053,3;[24951.81, 598, 0.8299195372199082, 1.0205096454543467, 228.56005094164013, 0.8233996281397568, 0.9973441393094762]
02247243,93138,390912,1201,3;[10980.550000000001, 408, 0.7918101374410808, 0.8982478909217259, 495.7013159031613, 0.9161354049024499, 1.0199147419991093]
02247243,93138,390912,1202,1;[24519, 690, 0.8417162263855005, 0.991406215968465, 162.94316678567532, 0.9668793665455861, 1.0049594229035166]
02247243,93138,390912,1202,2;[14230.019999999999, 486, 0.8311667930950253, 0.9625645732536117, 400.20544803998007, 0.9614970259412992, 0.996790730629767]
02247243,93147,390947,323,1;[22244, 646, 0.8845444703709874, 0.9428146276753706, 151.34290756151637, 0.9763273908990151, 9999]
02247243,93147,390947,323,2;[18855.55, 548, 0.8374860459369143, 0.9311795536827037, 426.61012795130677, 0.9501272064588471, 0.9983932453293847]
02247243,93147,390947,324,3;[14478.160000000002, 458, 0.8226988110123064, 0.9555840779574746, 376.9161311067875, 0.9294924655115502, 0.9907654807106361]
02247243,93147,390947,325,1;[24353, 688, 0.8605281788027934, 0.9693219718098783, 129.5667766545506, 0.9754660180603233, 9999]
02247243,93147,390947,325,2;[11576.32, 456, 0.847688298314772, 0.9877828432380815, 404.0218534370985, 0.9602796059614186, 0.9934640522875817]
02247243,93147,390947,325,3;[12630.03, 466, 0.7836735074758971, 0.8862623304193349, 492.0414219225304, 0.9377956457161237, 0.9901192138331006]
02247243,93147,390947,328,2;[24737.719999999998, 644, 0.8559761144473641, 0.9422319055672318, 432.80413714567123, 0.8960265975430686, 9999]
02247243,93147,390947,328,3;[15674.170000000002, 480, 0.8302764283110322, 0.9621970158948931, 379.5223647701154, 0.9143580373097083, 0.9984727494872802]
02247243,93147,390947,329,1;[24236, 682, 0.8934592899694125, 0.9565876323544037, 190.99367892057995, 0.9741963499206345, 1.0048092868988392]
02247243,93147,390948,330,1;[24319, 682, 0.8850255109693581, 0.9659554551903421, 113.53493904543733, 0.9785804165340225, 9999]
02247243,93147,390948,330,2;[24321.219999999998, 636, 0.8587343608435376, 1.0466143515472004, 206.63679679194541, 0.9703391383386056, 1.0020592272994704]
02247243,93147,390948,330,3;[9936.61, 402, 0.8008347733490127, 0.9339151729086161, 358.77475121605954, 0.9226003420974986, 1.0053364751542033]
02247243,93165,391041,178,1;[23643, 664, 0.876149242310851, 0.9365456430795143, 181.51886793789348, 0.9689848330592125, 1.0018432593910889]
02247243,93165,391041,178,2;[18951.94, 556, 0.842204989694979, 1.1517310165085544, 277.0492681843035, 0.9624834283426438, 0.9994038467572401]
02247243,93165,391041,178,3;[22466.63, 562, 0.8406494390754746, 0.9504388219421109, 257.36104309901054, 0.9141100209860495, 9999]
02247243,93165,391041,180,1;[14118, 536, 0.8608051308625659, 0.9591580212691214, 142.1871579489622, 0.9864971343014255, 1.0018805662988326]
02247243,93165,391041,180,2;[17440.64, 528, 0.8139040483859032, 0.9381955562316588, 446.8306802601752, 0.9476432236758945, 1.0006827802813054]
02247243,93165,391041,180,3;[18082.63, 496, 0.8075965635789121, 0.8935851024128887, 365.2922270905987, 0.9315126351133223, 9999]
02247243,93165,391041,181,1;[23453, 678, 0.8267293488992807, 0.9896326658937584, 171.27055219112754, 0.9821569613828935, 9999]
02247243,93165,391041,181,3;[23787.31, 574, 0.8031128762016617, 0.9854292745832938, 426.6917602191265, 0.8896543306917775, 9999]
02247243,93165,391041,182,2;[12979.33, 494, 0.8105178152130278, 1.0157969507452158, 489.7099230075968, 0.9523716392412153, 1.0]
02247243,93172,391082,475,2;[23650.059999999998, 620, 0.8516742923010345, 0.9206044328038141, 261.4735456387224, 0.9530751004830905, 9999]
02247243,93172,391082,475,3;[23343.43, 578, 0.8229965756893859, 0.9595051959518109, 284.6391554163899, 0.7664662575112574, 1893.2222222222222]
02247243,93172,391082,477,1;[20980, 628, 0.8739137336512915, 0.9660202078023449, 160.75049859523915, 0.9746858483193499, 0.9997379142741417]
02247243,93172,391082,478,1;[24394, 682, 0.8761688691975623, 1.021501578572304, 145.13329687370037, 0.9761944911693189, 9999]
02247243,93172,391082,478,2;[24800.789999999997, 638, 0.8653977208198369, 0.9870110425576448, 274.0497439575748, 0.9438309182881256, 1.0000959738951005]
02247243,93172,391082,479,3;[11892.970000000001, 446, 0.8218277115364726, 0.9315622011471141, 308.7594020316741, 0.9520411801057957, 9999]
02247243,93173,391089,601,1;[22291, 646, 0.867405102003698, 0.9163146874825898, 161.55975813257905, 0.9753519504100505, 1.0026087347636397]
02247243,93173,391089,601,2;[17309.739999999998, 526, 0.8357890002216234, 0.9600366548655282, 398.3329486352117, 0.9644417688641963, 0.999828160978795]
02247243,93173,391089,601,3;[10538.04, 408, 0.8281107788846753, 1.0618651212960974, 343.77212070861395, 0.9476479557103878, 1.0177968905061197]
02247243,93173,391089,603,1;[9936, 472, 0.8306139760857773, 0.97452553547863, 351.0589058995911, 0.9160153230880954, 0.9860566665012653]
02247243,93173,391089,603,2;[21096.32, 584, 0.8461726442085824, 1.044196783449547, 265.2469231917123, 0.9641215435646561, 0.9984793016051816]
02247243,93173,391089,603,3;[15501.550000000001, 460, 0.8224376260792093, 0.949363002030095, 446.45688140970896, 0.9291637148877457, 1.0030139172059214]
02247243,93180,391147,35,1;[17759, 578, 0.8792214713305743, 0.952371989518929, 194.79307175987148, 0.98127683695259, 0.9996341223157243]
02247243,93180,391147,35,2;[12123.72, 480, 0.7921470562247016, 0.9789811186729932, 389.9976875586189, 0.9656424838058962, 0.998383066294282]
02247243,93180,391147,35,3;[23046.140000000003, 570, 0.833304802385154, 1.0286656137787578, 266.41836842047456, 0.9366270852896803, 9999]
02247243,93180,391147,37,1;[23700, 682, 0.8627373808599618, 0.9652879581977082, 175.5444093167633, 0.956019565514792, 2060.8695652173915]
02247243,93180,391147,37,2;[14620.34, 492, 0.847969552954493, 0.9682098596314068, 294.7416324336005, 0.9675906526750988, 9999]
02247243,93180,391147,38,3;[24746.31, 592, 0.8460924369895073, 1.0738297803717132, 193.86912787285297, 0.9151884310225096, 9999]
02247243,93180,391147,39,1;[20700, 630, 0.8598928880532268, 0.9741494781271807, 131.06632254252492, 0.9825116266861392, 9999]
02247243,93180,391147,39,2;[23450.14, 620, 0.8494420899923406, 0.9218926402025791, 435.00087125994776, 0.9356181326039603, 9999]
02247243,93180,391147,39,3;[22636.510000000002, 568, 0.8350570118146948, 1.0128080297299613, 297.2714401493936, 0.9283678636902098, 0.9829560665100092]
02247243,93220,391263,263,1;[12703, 512, 0.8760463733318605, 0.9847054211188948, 130.67246953280616, 0.9891798832349105, 1.0028024472074206]
02247243,93220,391263,263,2;[24861.48, 644, 0.8633823033103393, 1.0113962938665777, 283.0790404493267, 0.9489298438294278, 1.0053414176411144]
02247243,93220,391263,264,3;[24773.710000000003, 592, 0.8425798283003858, 1.0391680094405586, 216.35755506271605, 0.8970758653458836, 9999]
02247243,93220,391264,265,1;[14001, 530, 0.8904962757377665, 0.9789828441927955, 161.41669774347486, 0.9864657657897979, 0.9986447931526391]
02247243,93220,391264,265,2;[24208.17, 632, 0.8680348562708134, 0.944700312200647, 239.57974210396077, 0.9539237717473602, 0.990481291233537]
02247243,93220,391264,265,3;[8999.53, 394, 0.7920718775323367, 0.921872421765083, 553.1576484120706, 0.8211733550966444, 9999]
02247243,93220,391266,266,1;[23832, 674, 0.8654291550467723, 0.9485054799837476, 170.16436193208241, 0.9668805327267442, 1.002460723074011]
02247243,93220,391266,266,3;[21380.22, 546, 0.8441095133302808, 1.0437161483964277, 307.2304551617541, 0.909856728844329, 15606.0]
02247243,93220,391266,267,2;[24843.629999999997, 644, 0.8590435426481932, 0.9902226657844456, 270.08640488558945, 0.9318277739988899, 0.9995451607497666]
02247243,93222,391272,329,1;[24186, 682, 0.8942414755396997, 0.952410346105717, 162.86923545543183, 0.9762017899919273, 0.997175781813684]
02247243,93222,391272,329,2;[24396.19, 642, 0.8612307518583948, 0.9573643268147698, 422.70446089466475, 0.8985571008377037, 0.999707416979568]
02247243,93222,391272,329,3;[22840.640000000003, 564, 0.8508597147749498, 0.9501801661904786, 224.9082792365825, 0.9270393560932058, 1010.4242424242424]
02247243,93222,391273,331,1;[11121, 510, 0.6709732333255111, 1.0384015369734487, 148.6401270848226, 0.9890116916215741, 0.9855984402002924]
02247243,93222,391273,331,2;[24320.03, 636, 0.8556385242338089, 0.97408337398702, 381.47734680827057, 0.9123147157729543, 9999]
02247243,93222,391273,331,3;[23733.88, 572, 0.8440247666594742, 0.9876226540714466, 229.06685135806876, 0.9005669548461275, 0.9979837548245867]
02247243,93222,391275,333,1;[11774, 478, 0.7141859458578811, 0.8354075040825591, 130.23544067326014, 0.989395945215048, 1.0043075873246043]
02247243,93222,391275,333,3;[21966.58, 550, 0.8040102750623633, 0.9342094698869325, 428.15745002464337, 0.9096543464471192, 0.9963338097309389]
02247243,93222,391275,334,2;[20259.75, 576, 0.8391030048276389, 0.9816087536252134, 289.50420220922047, 0.9556199484541129, 9999]
02247243,93245,391412,162,2;[24625.86, 640, 0.8578791417761185, 0.9521590331949161, 451.3402231684767, 0.9138794509387839, 0.9990344694409578]
02247243,93245,391412,162,3;[11549.1, 422, 0.8117271222980865, 0.9394291736314175, 390.1865986290668, 0.9436157433861587, 0.9969252601702933]
02247243,93245,391412,163,1;[22087, 646, 0.8663803353837172, 0.9195202756386605, 157.1559770260156, 0.9784643236952751, 1.0017234341693502]
02247243,93263,391487,493,1;[23397, 670, 0.9045900318522592, 0.961570587389007, 173.6339078009147, 0.9789954693944201, 0.9978249744114637]
02247243,93263,391487,494,3;[14461.720000000001, 448, 0.8188206819901231, 0.9325946238210583, 338.9544604240937, 0.9448943773255448, 1.0042812291884693]
02247243,93263,391487,495,2;[22944.39, 614, 0.9656136719866577, 0.9903176897849146, 291.52770768334426, 0.9697856778279689, 0.9994039134378645]
02247243,93328,391870,54,1;[14211, 522, 0.8814527467918294, 0.9734479248200447, 133.29055179763432, 0.9864093377528516, 1.003885278327211]
02247243,93328,391870,54,2;[24180.8, 630, 0.8566075934574151, 0.9424916540560112, 334.22345929510203, 0.9124145178480867, 0.9974964410190957]
02247243,93328,391870,54,3;[9094.060000000001, 390, 0.8177550613063305, 0.9401404311281129, 259.22259085089127, 0.8787556435820364, 9999]
02247243,93328,391870,56,2;[10900.4, 432, 0.7521191949011619, 0.992633837842507, 348.74518962964237, 0.9663266312793871, 0.9870689655172413]
02247243,93328,391870,56,3;[24283.250000000004, 580, 0.8254812041734563, 1.0005860582935986, 239.76468873420617, 0.8790027652680877, 9999]
02247243,93328,391870,57,1;[23765, 672, 0.8837128612911221, 0.9435504894296698, 146.21965954287606, 0.968848455145892, 9999]
02247243,93328,391870,58,2;[23908.289999999997, 622, 0.8605210060125401, 0.9368499388279155, 387.1803335510028, 0.9404459676708227, 9999]
02247243,93328,391870,58,3;[23938.010000000002, 582, 0.8333830323262742, 0.9947179038320648, 191.3346581438572, 0.8403384951160274, 9999]
02247243,93328,391870,59,1;[22646, 648, 0.864309308248617, 0.9316840953474885, 158.3783466708807, 0.9729481430731561, 9999]
02247243,93378,392055,20,1;[23712, 674, 0.8670127846592275, 0.9782294908192449, 177.4668728321117, 0.9725246569717412, 1.0030669007381712]
02247243,93378,392055,20,2;[24548.51, 638, 0.8534208648005509, 0.9722036769485245, 241.4048949709242, 0.957277904918776, 0.9932830969978573]
02247243,93378,392055,20,3;[21907.670000000002, 552, 0.8417020750160306, 0.938099618178306, 280.10200930044005, 0.9162562628500337, 9999]
02247243,93378,392055,22,1;[13040, 548, 0.8233224233244366, 1.2971006730840777, 329.36738140211287, 0.9696873716043316, 0.9954578419023626]
02247243,93378,392055,22,2;[11598.93, 458, 0.8658812527801449, 1.0453469397781803, 408.5267007983921, 0.9616279349816428, 1.0063496980021682]
02247243,93378,392055,22,3;[24832.620000000003, 600, 0.8408558353701293, 1.0295536852556577, 196.05531025479578, 0.8864930032276391, 0.9865026668117993]
02247243,93379,392067,155,1;[10971, 482, 0.8818836668962322, 0.9138114694126019, 234.81659406015507, 0.9539427222584719, 0.9936599945657096]
02247243,93379,392067,155,2;[11126.5, 446, 0.8420057692614972, 1.0509908343224938, 497.00830154524095, 0.939212983229732, 0.9804435589576889]
02247243,93379,392067,155,3;[25164.160000000003, 602, 0.8081924557430002, 0.9910264800672424, 337.9946838836422, 0.8955540756457586, 0.9990753331520261]
02247243,93379,392067,157,1;[15253, 534, 0.8905959082898801, 0.9534864575059151, 166.02330663790858, 0.9829187297324185, 1.0025963782167153]
02247243,93379,392067,157,2;[10849.23, 448, 0.8382068782283231, 0.9808567192067493, 489.50218276050606, 0.9063700084178762, 9999]
02247243,93379,392067,157,3;[20577.4, 544, 0.8436587978859736, 1.0505758994347274, 265.60962333318906, 0.9191976646720472, 4291.428571428572]
02247243,93385,392087,360,1;[15564, 538, 0.8873144615132047, 0.9673649852880392, 166.9996222427814, 0.9839456644282545, 1.0046475600309837]
02247243,93385,392087,360,3;[20062.280000000002, 530, 0.8318593260527312, 0.9361889324648389, 365.4596707346436, 0.9375659480251568, 0.987591043970866]
02247243,93385,392087,361,2;[18180.82, 552, 0.8414011821094007, 1.0308661713015144, 296.28719141229516, 0.9650512549463807, 0.9995747325722136]
02247243,93385,392087,362,1;[12304, 496, 0.8824139047415369, 1.002864866363716, 147.45950879677324, 0.9877856121759147, 1.0041622459805761]
02247243,93385,392087,362,3;[24721.65, 600, 0.8190244131150742, 0.9536815934731797, 260.77786723609165, 0.853992142430626, 0.9853386845769514]
02247243,93385,392087,363,2;[16293.48, 526, 0.8480101645201522, 1.0385872695759713, 306.3067441278768, 0.9674203215333547, 1.0]
02247243,93385,392087,365,1;[24268, 690, 0.8584322415138127, 0.9720607083961139, 164.97067788497426, 0.9540489809009925, 1.0009692920043722]
02247243,93385,392087,365,2;[19170.899999999998, 566, 0.8358758595866083, 0.9398173524179029, 309.7482866741612, 0.9554710730309407, 0.9794503891050583]
02247243,93385,392087,365,3;[15664.580000000002, 476, 0.8285642746597618, 0.973228114500825, 385.44377264541686, 0.949753833200766, 9999]
02247243,93388,392112,608,2;[11564.42, 448, 0.7925157257936509, 1.0127448204136005, 479.8499460792415, 0.9466729326048667, 1.0047040578960973]
02247243,93388,392112,608,3;[11203.86, 424, 0.8145588485165275, 0.9551777828951779, 460.10877170723995, 0.9234477857219553, 1.0051004731764273]
02247243,93388,392112,609,1;[24119, 678, 0.8806115514057267, 0.9986966775316894, 191.7451528623974, 0.9774516686247829, 1.004916461814091]
02247243,93388,392112,610,1;[21406, 634, 0.8930831960215074, 0.9483649704518265, 155.57189124356913, 0.9782741904115556, 1.0023412624086907]
02247243,93388,392112,610,2;[20489.42, 582, 0.8430762554982713, 0.9418614223401914, 262.7035880515646, 0.9607659017467802, 17218.0]
02247243,93388,392112,610,3;[24702.47, 604, 0.8082757606975108, 0.9927075534315355, 405.78225379267326, 0.8424123849507534, 0.9813323174050288]
02247243,93388,392112,611,1;[11326, 524, 0.6801976919639853, 1.042926052129986, 169.94007845215657, 0.9865797353084937, 0.9937702904273055]
02247243,93388,392112,611,3;[24038.02, 590, 0.8370547116642221, 0.9502194720533818, 229.0817408027346, 0.8998212253202256, 0.9845135226125014]
02247243,93388,392112,612,2;[23356.129999999997, 624, 0.8532034637935257, 0.9320033792454078, 282.24700637078666, 0.9517329845628912, 9999]
00023698,93080,390528,134,1;[36900, 898, 0.9978155479327312, 1.0259673944738459, 89.73238912855744, 0.9929930238391793, 0.9837638966648005]
00023698,93080,390528,134,2;[39364.009999999995, 820, 1.0504391901326098, 1.022399976459444, 131.86334323534342, 0.9822628171354302, 1.0140555785472325]
00023698,93080,390528,134,3;[55474.04, 910, 1.2348669144335471, 0.954528904486548, 84.48481776732575, 0.9923977465338607, 26994.666666666668]
00023698,93244,391403,53,2;[43991.92, 860, 1.0139415938895173, 1.0212939734954087, 88.72411398565121, 0.9915332214735743, 9999]
00023698,93244,391403,54,1;[45368, 944, 1.0138822074695624, 0.9740646097252217, 57.91967425793741, 0.993886083647604, 1.000099198694986]
00023698,93244,391403,55,3;[38692.91, 766, 1.0128055678324268, 1.0020142613457823, 123.04365198080062, 0.9864740144323954, 0.9985680697226298]
00023892,93026,390259,210,1;[115384, 1676, 0.9705763288702812, 0.9705763288702812, 27.44450635858385, 0.9967809945790217, 0.9971869206936336]
00023892,93026,390259,211,2;[117053.15999999999, 1570, 1.0149650236071255, 0.9746772383627069, 32.01824097753799, 0.9959190027831599, 0.996711876257112]
00023892,93026,390259,211,3;[116700.71, 1438, 1.0186254340279237, 0.9437976061425024, 56.93241554978748, 0.9908537816795847, 9999]
00023892,93026,390259,212,1;[115337, 1664, 0.9804131521278897, 0.9889032468085639, 29.32303153461915, 0.9964262448288627, 0.9924920079683675]
00023892,93026,390259,212,2;[117691.0, 1554, 1.014747909288223, 0.9808503008994244, 33.38817836122004, 0.9959185983378324, 9999]
00023892,93026,390259,212,3;[114356.64000000001, 1394, 1.0039062202291396, 0.9507977939312924, 37.10296143051946, 0.9936297065684685, 9999]
00023892,93026,390259,214,1;[120043, 1634, 1.0032661182443197, 0.9887838124952426, 22.927187669422857, 0.9969424029558446, 0.9982495311986761]
00023892,93026,390259,215,3;[114305.95000000001, 1398, 1.010278510246198, 0.9543713578041263, 39.13504025500448, 0.9933049493998183, 9999]
00023892,93026,390259,216,2;[116758.04, 1568, 1.0123332269148082, 0.98091887278259, 29.98789604125521, 0.996023856518871, 0.9963240520725442]
00023892,93049,390350,751,2;[112488.31999999999, 1480, 0.9848740726439702, 0.9929826624223882, 26.49613653842162, 0.9961483784872827, 9999]
00023892,93049,390350,752,3;[118309.09000000001, 1532, 1.0130833231157215, 0.9721992345752148, 59.29260583943325, 0.9911236827270111, 9999]
00023892,93049,390350,753,1;[115862, 1658, 0.9829469492684024, 0.9978529551266063, 24.60371064380052, 0.9960469422803894, 0.9909383646292598]
00023892,93049,390350,756,2;[116076.17, 1538, 1.0085478725212538, 0.9927081192712227, 43.37188848757056, 0.9943862237694245, 9999]
00023892,93049,390350,756,3;[117833.70000000001, 1382, 1.047327962051423, 0.9430491915437306, 103.28006889242694, 0.9876476852572468, 0.9989779088945155]
00023892,93049,390350,757,1;[119330, 1636, 1.0075125795868425, 0.9942916148693116, 29.0029681718026, 0.9953227996444487, 9999]
00023892,93049,390350,758,3;[117121.3, 1400, 1.030931342867741, 0.9719735434960686, 74.73251000866165, 0.9910807744684849, 9999]
00023892,93049,390350,760,1;[119412, 1684, 1.0004737661313214, 0.9880028410604836, 28.934950571560975, 0.9954903479060804, 0.999870214146658]
00023892,93049,390350,760,2;[117228.09, 1564, 1.0405712513178689, 0.9825036010815462, 94.58212834702178, 0.9879751501300211, 0.9954779023530066]
00023892,93049,390350,761,1;[115473, 1576, 0.991677529821298, 0.9926776955103828, 36.86362273631874, 0.9942467519164607, 1.0014917476864902]
00023892,93049,390350,763,2;[118247.92, 1546, 1.0345050869305332, 0.994516715150005, 59.95186314319832, 0.9908730469999921, 9999]
00023892,93049,390350,763,3;[118310.46, 1494, 1.0361395917367435, 0.9712337522244107, 108.28824339469637, 0.9843328979744623, 0.9939059128182995]
00023892,93049,390350,766,1;[116227, 1652, 0.9751026370807013, 0.9892795240401203, 27.456611617824382, 0.9965442441576506, 0.9924685549359998]
00023892,93049,390350,767,3;[117711.77, 1466, 1.0214023858039325, 0.9691685127209577, 43.76655418360943, 0.9929606828812833, 10740.125]
00023892,93049,390350,769,2;[117706.47, 1490, 1.0202549609913965, 0.9997484379105231, 29.963769686372082, 0.995278891855519, 9999]
00023892,93049,390350,770,1;[117114, 1588, 1.0024585818836231, 0.9928265580916606, 32.869004539460455, 0.9955113006843905, 9999]
00023892,93049,390350,770,3;[118395.40000000001, 1410, 1.0424963099943128, 0.9275135170288007, 78.28360049762023, 0.9922517167138535, 9999]
00023892,93049,390350,773,2;[114238.81, 1522, 1.0044227657496143, 0.986742260703326, 36.17136856988099, 0.9948063335800724, 9999]
00023892,93099,390646,1221,2;[114072.20999999999, 1486, 1.0090858747803573, 0.9867088647928606, 38.53013999163804, 0.9934468550222741, 9999]
00023892,93099,390646,1222,1;[115757, 1704, 0.9986716907804245, 0.9931340390066832, 35.39650912607604, 0.9961712619634862, 0.989105543782897]
00023892,93099,390646,1222,3;[117585.73000000001, 1392, 1.1323117391248805, 0.9651113997953958, 50.31573890807299, 0.9940088735414381, 9999]
00023892,93103,390673,1487,1;[118131, 1640, 0.9941992381714719, 0.9832364950716539, 24.18140079113889, 0.9967673469878491, 0.9975637458357788]
00023892,93103,390673,1488,3;[117951.52, 1364, 1.034720293021279, 0.9614925636421753, 96.22023479779668, 0.98528403584093, 0.9961010262284081]
00023892,93103,390673,1489,2;[116541.45999999999, 1546, 1.014966414714585, 0.992022459678374, 40.09946663942671, 0.9947342202306876, 0.9929282227280332]
00023892,93103,390673,1491,2;[120403.01, 1514, 1.0503891899546012, 0.9843946252209498, 113.66690920960296, 0.984839104179109, 9999]
00023892,93103,390673,1492,1;[114627, 1678, 0.9987680845865211, 0.9924709850319351, 45.564953524898826, 0.9946129103177113, 0.9927122981592382]
00023892,93103,390673,1492,3;[112581.12000000001, 1362, 1.004285977747245, 0.9649001229124898, 31.23126453415144, 0.9956981357234577, 9999]
00023892,93103,390673,1495,2;[114817.15, 1510, 0.9930315460441014, 0.9870770259924616, 31.546042712339776, 0.9947702350629656, 9999]
00023892,93103,390673,1497,3;[113548.34000000001, 1404, 1.0054351093309934, 0.960491452600365, 28.91913419738997, 0.9948299282430487, 9999]
00023892,93103,390673,1498,1;[116314, 1654, 0.989772517025471, 0.9913499174139772, 25.89202116124958, 0.9956881817830718, 0.9948765321221763]
00023892,93103,390673,1499,1;[115761, 1706, 0.9962542217613665, 0.9812057965453727, 38.26655464467754, 0.9959036968410945, 0.9896936302274583]
00023892,93103,390673,1499,3;[117251.45000000001, 1500, 1.0242496834682837, 0.9748615169204323, 53.78139989410666, 0.9908513476631625, 34234.0]
00023892,93103,390673,1500,2;[113904.42, 1520, 1.0033341804562999, 0.9866325509813356, 31.931454020851525, 0.9944117262205622, 0.9918501209788144]
00023892,93122,390798,1587,3;[117843.29000000001, 1442, 1.0406381091708652, 0.97290517790024, 111.87571133625764, 0.982512094931687, 0.9956477955389904]
00023892,93122,390798,1589,1;[115972, 1698, 0.9778822539189395, 0.9908134710763481, 20.37117655163161, 0.9968449509462828, 0.9941706957446079]
00023892,93122,390798,1589,2;[117505.36, 1504, 1.0292453359150497, 0.9978651105229204, 41.27597117489877, 0.9945531923571351, 9999]
00023892,93122,390798,1590,1;[114476, 1708, 0.9714008354292216, 0.9792266459744134, 31.895664856885332, 0.9963746613606888, 0.9873600048300221]
00023892,93122,390798,1590,2;[115546.62, 1446, 1.0044099548766843, 0.9937778684089924, 34.96544073137213, 0.9941037791054449, 9999]
00023892,93122,390798,1592,3;[117977.55, 1424, 1.0384956777881869, 0.9582881772027657, 51.69301507743181, 0.993571167624946, 172230.0]
00023892,93139,390920,17,2;[116130.90999999999, 1510, 0.9981631323817355, 0.9808162066148503, 32.268889709424414, 0.993887002655094, 0.9946034641785189]
00023892,93139,390920,17,3;[117082.94, 1368, 1.01704474354301, 0.9629625559037094, 53.25214145749839, 0.9925764721536028, 9999]
00023892,93139,390920,18,1;[114291, 1656, 0.9814575364939319, 0.9959018721886728, 30.733984173391054, 0.9957475714305857, 0.9944271152817112]
00023892,93139,390920,19,1;[117141, 1708, 1.0011284673044343, 0.9784178992053928, 59.47460187917027, 0.9921109682880714, 0.9933264364697103]
00023892,93139,390920,20,3;[118051.53000000001, 1470, 1.0213625513322462, 0.9716452290970454, 85.44257796364806, 0.9849400431888099, 9999]
00023892,93139,390920,21,2;[115941.7, 1478, 1.0067750976010585, 0.9966286729292532, 25.270836994108723, 0.9955051948918705, 1.001742742428838]
00023892,93166,391047,301,1;[119197, 1602, 0.9934559797032223, 0.9948353663934025, 20.712104405988043, 0.9968702647084702, 0.9987055043296481]
00023892,93166,391047,301,2;[116151.14, 1540, 1.0002683910551358, 0.9928704150270152, 33.4848806094114, 0.9948215854848882, 9999]
00023892,93166,391047,303,3;[118637.89000000001, 1398, 1.0223579081250327, 0.9703534494557088, 42.23273852076505, 0.9934911546531924, 9999]
00023892,93166,391047,304,1;[117753, 1622, 0.9772164352433422, 0.9958620833402838, 25.766315361363983, 0.9967860458868003, 0.9972686967237064]
00023892,93166,391047,305,2;[117093.62, 1536, 1.002178459818774, 0.997850638667676, 24.4138911119299, 0.9964615269265222, 1.000127051242307]
00023892,93166,391047,305,3;[119032.45000000001, 1370, 1.0183846266174685, 0.9748323649170428, 37.875699129217296, 0.9947455224370897, 2199.6202531645567]
00023892,93166,391047,307,2;[115370.5, 1528, 1.0058060097422366, 0.9895282762600829, 39.93207841576104, 0.9944151817445519, 9999]
00023892,93166,391047,308,1;[115460, 1682, 0.9960968642594321, 0.9954651582763876, 40.582903883813906, 0.9951983391381567, 0.9932470213772635]
00023892,93166,391047,308,3;[118877.64000000001, 1454, 1.017150500848034, 0.9733966928934351, 36.44529966828555, 0.9937569319287601, 1324.7633587786258]
00023892,93166,391047,309,1;[119716, 1620, 1.0322619672169577, 0.9876387315526259, 46.38197855060344, 0.9944067144527013, 0.999419796219075]
00023892,93166,391047,309,2;[115416.90999999999, 1496, 1.0140101989435855, 0.9782871975660953, 49.76970517264166, 0.9923215994050387, 9999]
00023892,93166,391047,310,3;[117396.67000000001, 1446, 1.0322636927019022, 0.9549682020607355, 42.6314536599798, 0.9954496600959517, 9999]
00023892,93166,391047,312,2;[119097.58, 1476, 1.0286965797742729, 0.9766518066581236, 64.13464440773701, 0.9901136968339167, 100082.0]
00023892,93166,391047,313,1;[120302, 1688, 1.021004314514589, 0.9866737636844082, 42.55555215394716, 0.9931729686905908, 0.9957002685780263]
00023892,93166,391047,313,3;[119017.38, 1408, 1.0256435421473993, 0.9687818342517958, 44.27779058241403, 0.9929874755115312, 24821.14285714286]
00023892,93166,391047,315,1;[117580, 1706, 0.9911475015587408, 0.9998940038735258, 31.46718806602632, 0.9964770636421072, 0.9924037812288994]
00023892,93166,391047,315,2;[119473.62, 1562, 1.0290292751963206, 0.976969826578464, 59.39391504055549, 0.9910613417632356, 9999]
00023892,93166,391047,315,3;[120414.78000000001, 1524, 1.0420803432332637, 0.9716719340706381, 114.80932319891738, 0.9838297153742086, 0.9968696835658387]
00023892,93265,391506,609,1;[120450, 1668, 1.0130823848066772, 0.9934285035407959, 28.081715577593773, 0.9950777124707098, 9999]
00023892,93265,391506,609,3;[119976.38, 1438, 1.0627480642574758, 0.9590433977019611, 126.38952663022229, 0.9846962103710577, 0.99012968218255]
00023892,93265,391506,610,2;[119833.0, 1508, 1.0279624297293433, 0.9939602657133225, 34.05485042585448, 0.9943307197997148, 0.9989534301203803]
00023892,93265,391506,611,3;[119896.92000000001, 1368, 1.0267371543472592, 0.9680652141772095, 60.138477372720004, 0.9910185054986551, 175032.0]
00023892,93265,391506,612,2;[116885.37, 1548, 1.0145783774572443, 0.9803564738122116, 29.62078944142632, 0.9948200399301197, 9999]
00023892,93265,391506,613,1;[114481, 1610, 0.9955593575803238, 0.9902087238335712, 36.759064237107594, 0.9944111491071127, 0.9902515396858349]
00023892,93329,391882,87,1;[118271, 1616, 1.0194271800477344, 0.9951980347867928, 37.73351695185407, 0.9949972892828642, 0.9989948475377988]
00023892,93329,391882,87,2;[111247.15, 1430, 0.9892958805203751, 0.987969527216751, 25.62743346510477, 0.9960790202361292, 9999]
00023892,93329,391882,87,3;[115923.92000000001, 1414, 1.0215942370198658, 0.9563196493174627, 47.010858776237484, 0.9953242287886229, 9999]
00023892,93329,391882,89,1;[114628, 1672, 0.9914825066265023, 0.992449732020601, 46.0862142629913, 0.9941192467786226, 0.9939475920434248]
00023892,93329,391882,89,3;[114667.63, 1414, 1.0167941706478845, 0.9529070402788227, 69.36194070195396, 0.9896615259912896, 0.9922821576763485]
00023892,93329,391882,90,2;[116098.78, 1540, 1.024478526931865, 0.9929498654533664, 58.7047229351499, 0.9922725834272821, 9999]
00023892,93329,391882,92,2;[114627.93999999999, 1522, 1.0073552101636527, 0.9847883422105579, 36.85985021329225, 0.9940911230252352, 0.9904477918873066]
00023892,93329,391882,92,3;[114493.64000000001, 1356, 1.0098884038015559, 0.9575393429604518, 53.70771228318953, 0.9928164272628103, 9999]
00023892,93329,391882,93,1;[115389, 1646, 0.9791536811644996, 0.9912072497007227, 30.555962129969355, 0.9961549890584726, 0.995354855405318]
00023892,93329,391882,94,1;[116973, 1592, 0.994606233216065, 0.9965614043713638, 34.71012332712566, 0.9946580766084038, 0.9999615310636661]
00023892,93329,391882,94,2;[112866.73999999999, 1496, 1.003006582190011, 0.9923183925625743, 26.138494257660792, 0.99570058885804, 9999]
00023892,93329,391882,94,3;[114433.36000000002, 1410, 1.0214616209838423, 0.9517095185099957, 73.57692311392724, 0.9894936176987641, 0.990536726513768]
00023892,93329,391882,96,1;[115407, 1632, 0.9872182726007631, 0.9927104473525977, 23.989429741072772, 0.9960868400620199, 0.996795591563164]
00023892,93329,391882,96,2;[113005.97, 1516, 0.9882006017804126, 0.9825266807640969, 27.477798069064683, 0.9957344812378607, 0.9942780561096016]
00023892,93329,391882,96,3;[117169.25000000001, 1434, 1.0569068397282255, 0.9348208440309685, 110.45560734956277, 0.9883416942725053, 9999]
00023892,93329,391882,99,1;[118266, 1608, 1.0340711010663866, 0.9901960891665134, 40.350390802242764, 0.9941750124012475, 0.995743928467688]
00023892,93329,391882,99,2;[114010.33, 1524, 1.0088953795511193, 0.9873587254334197, 27.375748128469997, 0.9954495918170748, 9999]
00023892,93329,391882,99,3;[113752.47000000002, 1336, 1.0058340005280906, 0.9771892906538502, 25.640739364499375, 0.99607581804577, 9999]
00023892,93377,392048,3,3;[118466.64000000001, 1406, 1.047556527781869, 0.9626297559970822, 107.28162349534367, 0.988306503325163, 9999]
00023892,93377,392048,4,1;[118492, 1724, 0.9863208326474601, 0.9986424630954116, 19.764201178268063, 0.9967779664001932, 0.982353745839223]
00023892,93377,392048,4,2;[116322.5, 1540, 1.0024661578187861, 0.9812524545754474, 28.71243987076844, 0.9953319054134065, 9999]
00023892,93377,392048,5,1;[112681, 1604, 0.9750116024793062, 0.9728192778387952, 30.87669786078407, 0.9962903174522396, 0.9869450782375636]
00023892,93377,392048,5,2;[117476.79999999999, 1468, 1.0128946844061226, 0.9826118107683158, 31.69563920609115, 0.9953051589361018, 9999]
00023892,93377,392048,5,3;[119291.38, 1442, 1.0494193382007337, 0.9224995551443748, 90.97954973781846, 0.9914184377585706, 9999]
00023892,93377,392048,8,2;[114999.22, 1520, 1.0070723933409482, 0.9772014446917673, 55.95936210100426, 0.9911467610708359, 1.0000983146794165]
00023892,93377,392048,8,3;[115359.48000000001, 1394, 1.0261842013140077, 0.9530082855170431, 74.80732270330151, 0.9887307322964278, 9999]
00023892,93377,392048,9,1;[115825, 1638, 0.9752674514762388, 0.977930434245964, 26.59457846165895, 0.9966290836236483, 0.9829547624402228]
00232831,93048,390346,740,1;[60347, 1074, 1.0041203919890753, 0.9799737843213558, 68.8031668473261, 0.9893269121354705, 1.0045276737411568]
00232831,93048,390346,740,2;[26282.34, 714, 1.0320528336306802, 1.014372897938292, 140.43680277580415, 0.9847081607347733, 9999]
00232831,93048,390346,740,3;[48303.46000000001, 810, 1.1451752258466206, 0.9524738607388366, 111.29907984614162, 0.9886044851043795, 1.0053033759124088]
00232831,93048,390346,741,1;[58549, 1054, 1.0054455670794802, 0.9721401613657598, 71.84338526471858, 0.9899833681219329, 1.006091640962634]
00232831,93048,390346,741,2;[26754.77, 714, 1.0341519316231074, 1.0048081338552852, 159.3327943069655, 0.9804418482813829, 1.0053435285174503]
00232831,93048,390346,741,3;[59377.170000000006, 910, 1.009236585552549, 0.9801747544230137, 119.60868056295885, 0.9820228240271109, 1.0022546741128724]
00232831,93048,390346,742,1;[60220, 1068, 1.0074655194483435, 0.9772295374079115, 65.41557014703079, 0.9913233628504808, 1.006005629755849]
00232831,93048,390346,742,2;[36023.68, 754, 1.1820072772154882, 0.975194568199687, 145.89823339616314, 0.9858882366313425, 1.007957912962408]
00232831,93048,390346,742,3;[30371.530000000002, 664, 1.0089733402220478, 0.9955065153366602, 110.20559259267367, 0.9896436106369197, 1.003848940409346]
00232831,93147,390953,359,1;[28614, 804, 1.0032679635817676, 0.9797642027110547, 76.11960080236409, 0.9935266967839056, 1.0029442691903259]
00232831,93147,390953,359,2;[32495.329999999998, 730, 1.0010910926167107, 1.0181539503852286, 138.38844875947652, 0.9872961394964037, 1.0066911209009972]
00232831,93147,390953,359,3;[44651.04, 780, 1.1265940771710539, 0.9490983104198878, 135.99181647196534, 0.9850378115291741, 1.0061277725469615]
00232831,93165,391039,287,1;[39866, 864, 1.0298398293658304, 0.9959000629021967, 86.7554628668432, 0.992586344484783, 0.9994735126733021]
00232831,93165,391039,287,2;[58477.79, 974, 1.0269415973797502, 0.9712203717647845, 110.17502078317794, 0.9861528678999373, 1.0036866453569715]
00232831,93165,391039,287,3;[47685.590000000004, 804, 1.0360607644632402, 0.94115180619928, 106.98442230112188, 0.9887037694940279, 9999]
00232831,93165,391039,289,1;[28699, 810, 1.00818441333912, 0.9786705332760606, 77.15163995602295, 0.9933617731220881, 0.9997039101280153]
00232831,93165,391039,289,2;[29376.34, 706, 1.0029025862775742, 1.0184988224387705, 115.10771404046059, 0.9898791421656763, 1.0058060178866095]
00232831,93165,391039,289,3;[29242.65, 658, 1.0054347153086407, 1.016919426240819, 136.91117619523283, 0.9875221844265234, 1.0027482207032625]
00232831,93165,391039,290,1;[29374, 836, 1.0333035036256313, 0.9688302861139513, 84.38927192001452, 0.9925713888783438, 1.00454840805718]
00232831,93165,391039,290,2;[48306.86, 868, 1.1486846561401474, 0.9733066559966124, 138.39645165229948, 0.9857525522417887, 1.0036095727848102]
00232831,93165,391039,290,3;[28849.460000000003, 652, 1.0052699092288533, 1.0203944978101065, 115.91342784668967, 0.98962519814608, 1.003669987131214]
00232831,93328,391868,72,1;[53913, 1002, 1.0197885864858176, 0.9823802569413564, 73.40299224254385, 0.9925419384832258, 1.0061398925052254]
00232831,93328,391868,72,2;[30416.399999999998, 710, 1.0438726826922544, 0.9772929921499058, 127.79972348039183, 0.989214036519754, 9999]
00232831,93328,391868,72,3;[54501.340000000004, 870, 1.009712309967718, 1.0058363780854904, 98.19940865914353, 0.988407161462243, 9999]
00232831,93328,391868,73,1;[53548, 998, 1.0189524065939604, 0.9797690597906243, 70.54455465725476, 0.9923345736926806, 1.0058606957697798]
00232831,93328,391868,73,2;[32314.449999999997, 730, 1.0032959324346369, 1.0173005886922057, 119.24168662801405, 0.9887060503406242, 1.0007739367583106]
00232831,93328,391868,73,3;[56224.8, 882, 1.0097929346542687, 1.0019868142286004, 108.93376190051036, 0.985441320762081, 9999]
00232831,93328,391868,74,1;[58872, 1058, 1.0073440151434425, 0.9871881459772484, 66.68563326524257, 0.9914655171775439, 1.0050875815208113]
00232831,93328,391868,74,2;[56247.729999999996, 944, 1.126253123694444, 0.9646773931279856, 122.14461848641795, 0.984343955618227, 1.0040039508480516]
00232831,93328,391868,74,3;[54302.69, 864, 1.013030303116915, 1.0093036032740614, 115.46933163720168, 0.98485697905831, 9999]
02011239,93051,390358,939,1;[116627, 1616, 1.226767054368351, 0.7894687830108843, 532.2675009887437, 0.9050921283062553, 0.9979207666638145]
02011239,93051,390358,940,2;[117272.12, 1552, 1.3092563299230477, 0.6068035466539268, 1228.139150718081, 0.8174875198029596, 1.0004923882862349]
02011239,93051,390358,940,3;[115392.36000000002, 1382, 1.318292950488103, 0.6057554136872206, 1168.9718829789124, 0.8214685434610559, 0.9951617190961454]
02011239,93067,390431,80,1;[118920, 1686, 1.2542632538325544, 0.7423580549697025, 569.507972460711, 0.9015609841400498, 0.9991975835080305]
02011239,93067,390431,80,2;[118553.75, 1466, 1.357853043853108, 0.531559173981394, 1633.6718951822672, 0.7669681218218305, 1.0011808155164184]
02011239,93067,390431,80,3;[118391.29000000001, 1452, 1.356266852165266, 0.5166416962040419, 1919.7424933362652, 0.746146720538869, 0.9946822592341072]
02011239,93067,390431,82,1;[118641, 1708, 1.2449748672074326, 0.7181549743029295, 893.282505245612, 0.8829947529564313, 0.9961502777089745]
02011239,93067,390431,82,2;[119248.70999999999, 1564, 1.3446848026017544, 0.5648885938993163, 1580.933163534961, 0.7894495725574902, 0.995040140603822]
02011239,93067,390431,82,3;[119714.71, 1434, 1.3542826948477997, 0.526979916014058, 2056.993155723269, 0.7251234012138238, 0.9949672644463422]
02011239,93096,390617,985,1;[116692, 1658, 1.24249198816296, 0.808200761305186, 593.4487026027602, 0.8906043572037874, 0.9970990716174705]
02011239,93096,390617,985,3;[115455.38, 1418, 1.3282275388581455, 0.6374442312904417, 1521.3487987242136, 0.7646659289135507, 0.9979868315096395]
02011239,93096,390617,986,2;[117091.23999999999, 1448, 1.3084930659141252, 0.6856419639128749, 1196.286329035447, 0.797253268629796, 1.0005084090862872]
02011239,93139,390919,102,1;[117379, 1712, 1.2282330911093862, 0.8078462631369242, 796.7003448656235, 0.8873595373247152, 0.9936678320790335]
02011239,93139,390919,102,2;[119220.15, 1512, 1.3770401088012958, 0.5089472011458898, 2095.068297686564, 0.7324270604301623, 0.9965384500611739]
02011239,93139,390919,102,3;[117903.57, 1412, 1.328656210046723, 0.5504035843614692, 1529.9069438810973, 0.7524930977388753, 0.9987698306776376]
02011239,93148,390958,452,1;[120294, 1614, 1.3278159476202218, 0.6225550249135221, 1261.0238793044919, 0.8281432758629721, 1.0027006751687921]
02011239,93148,390958,452,2;[116936.54, 1552, 1.321941468035762, 0.5742586742951914, 1317.463211886172, 0.8025810084082484, 0.9964407759311275]
02011239,93148,390958,452,3;[118457.05, 1462, 1.3390552445604098, 0.5392057778748746, 1591.021355224359, 0.7571806126754217, 0.9930116510763894]
02011239,93174,391097,944,1;[115789, 1634, 1.2360602781567875, 0.8085765807006626, 672.0021418727636, 0.9007379482195105, 0.9966731367629147]
02011239,93174,391097,944,2;[114926.62999999999, 1510, 1.3172811742534574, 0.6155551151938757, 1127.705228653941, 0.829468573790128, 0.9990379642081307]
02011239,93174,391097,944,3;[114674.48000000001, 1340, 1.3182123949532747, 0.6040507108458479, 1368.6495021835508, 0.803896915688656, 0.997194407877102]
02011239,93260,391459,220,1;[117062, 1700, 1.2413619639702593, 0.8204951892970752, 811.6401863374552, 0.885596061152482, 0.9971209540034072]
02011239,93260,391459,220,2;[115490.68999999999, 1464, 1.303444379783877, 0.6934132068266222, 1109.904663449888, 0.8164462635119065, 1.0005928232304226]
02011239,93260,391459,220,3;[118018.65000000001, 1430, 1.3548914329395276, 0.5815690308035358, 1793.5499390521295, 0.718576095141085, 0.9962472316828477]
02011239,93331,391886,298,1;[115718, 1646, 1.2205921459485618, 0.776693578962552, 697.2344406097402, 0.8936117073027604, 0.9979087706589744]
02011239,93331,391886,298,2;[117548.2, 1516, 1.3756616519061167, 0.5263497741207048, 2075.71238533834, 0.7315982624785673, 0.9965245726334054]
02011239,93331,391886,298,3;[118015.91, 1438, 1.3613632176448651, 0.5285279880511179, 2108.9797357386424, 0.7677025621574034, 0.9949181710035457]
02011239,93384,392075,333,1;[118950, 1684, 1.2319641615433563, 0.7375010922312449, 791.620269400836, 0.8865421919322041, 0.9976390467284233]
02011239,93384,392075,333,2;[120223.31999999999, 1582, 1.3319880322540039, 0.576774218032224, 1347.0331949162971, 0.8118873856839522, 0.9940374284196234]
02011239,93384,392075,334,3;[118057.01000000001, 1356, 1.2886390062202722, 0.648564078171752, 1157.7760607880286, 0.8337871472995934, 1.001016431338611]
02011239,93384,392075,336,3;[119116.02, 1420, 1.302945538818725, 0.5854081184562107, 1263.462135025676, 0.8089841962454187, 0.9971729219829687]
02011239,93384,392075,337,1;[118922, 1740, 1.2492116154755224, 0.7638034722072186, 859.3511361250377, 0.8920772312301488, 0.9940235880204285]
02011239,93384,392075,337,2;[117304.25, 1536, 1.3201723334547275, 0.6181872204919716, 1179.1622391595006, 0.8197647229250431, 0.9941004437273094]
