00894737,93049,390349,540,1;[20460, 618, 0.9122455810575703, 0.9568059080088931, 139.47703775940457, 0.9837498989247759, 9999]
00894737,93049,390349,540,2;[22755.18, 612, 0.891742311875616, 0.9580786057404579, 265.36201033689673, 0.9452607961353294, 9999]
00894737,93049,390349,540,3;[22546.09, 562, 0.8582187959585592, 1.0218054230446978, 171.07021625521858, 0.866823043497933, 9999]
00894737,93049,390349,541,1;[13559, 514, 0.9081528633526644, 0.978884272006557, 90.29866950618785, 0.9918565757774533, 1.002365639092186]
00894737,93049,390349,541,2;[20751.219999999998, 574, 0.8404076380991822, 0.9550049113657878, 332.032725827852, 0.9606305650497705, 1.0052168900417928]
00894737,93049,390349,541,3;[10322.95, 394, 0.8365335128917509, 0.924513714762469, 286.98215388659895, 0.9147960533875309, 1.0187939426717145]
00894737,93052,390367,670,1;[20042, 610, 0.9227369659709949, 0.9441295453898688, 85.32256594348064, 0.9890100487382532, 0.9975610970086108]
00894737,93052,390367,670,3;[11943.660000000002, 428, 0.8450135227875418, 0.9370528373181654, 221.02620275430743, 0.9676442675103922, 9999]
00894737,93052,390367,671,2;[12237.96, 466, 0.7546086614466971, 0.9801949302053454, 273.0283070344544, 0.9747515385572181, 0.9985435479172735]
00894737,93052,390367,672,1;[22488, 658, 0.9022502054169245, 0.999227098392067, 132.2769061252485, 0.9850857129123671, 9999]
00894737,93052,390367,672,2;[18771.059999999998, 548, 0.8859025220378641, 0.9455545909672664, 298.8060680627363, 0.965374739131192, 1.002733456232916]
00894737,93052,390367,672,3;[22689.940000000002, 562, 0.8552251188680882, 0.9967355182401028, 146.235255582638, 0.932744622095613, 9999]
00894737,93052,390371,674,1;[18186, 580, 0.9015563032999409, 0.9368988088495538, 106.47499693949497, 0.9873716686468069, 0.9987368883519139]
00894737,93052,390371,674,2;[20772.64, 572, 0.9038985488202522, 0.978799448818984, 278.5646204012151, 0.970292983517068, 9999]
00894737,93052,390371,674,3;[22511.84, 560, 0.832171526679901, 0.9415710421846947, 278.677906347033, 0.9184707432065721, 0.9980866765876029]
00894737,93052,390371,676,2;[22806.35, 614, 0.8860437473102987, 0.9710928257707452, 326.4110381808835, 0.9209505746205335, 9999]
00894737,93052,390371,676,3;[20856.88, 540, 0.8773765785870389, 1.108469073074455, 169.60375629804744, 0.9495297556880337, 15224.0]
00894737,93052,390371,677,1;[21846, 650, 0.8967755442277148, 1.0167389398517666, 119.56385303140124, 0.9791762360058782, 9999]
00894737,93056,390383,397,1;[19372, 600, 0.9118799866221597, 0.9361275298763598, 94.5535118293187, 0.9882347956707652, 1.004068727809884]
00894737,93056,390383,397,2;[18835.32, 542, 0.8364288532524621, 0.9681907688886185, 331.8478212459951, 0.9668077408077967, 1.00215271622135]
00894737,93056,390383,397,3;[22707.75, 562, 0.8412752701107137, 0.9548763455065866, 268.9131864396663, 0.9001066186264541, 1.0033900357164478]
00894737,93056,390383,398,1;[22245, 650, 0.9030301414802432, 0.9372851442801154, 106.23462736651403, 0.9837907836276844, 1.002907959694326]
00894737,93056,390383,398,2;[16310.14, 506, 0.862827838251734, 0.9929145217697909, 228.55589632961863, 0.9715348731851973, 0.9941609545569942]
00894737,93056,390383,398,3;[21867.940000000002, 544, 0.8727292404582327, 1.0141353070128156, 163.92824466713063, 0.9367025023564519, 10641.333333333334]
00894737,93074,390486,618,1;[22755, 672, 0.8825382924929047, 0.9525005573444559, 129.8284104028819, 0.9813152348316774, 0.999670510708402]
00894737,93074,390486,618,2;[18098.71, 536, 0.8748271534475279, 1.004633106806637, 357.57568897328224, 0.9665872069407085, 0.9973441752188597]
00894737,93074,390486,618,3;[21503.52, 544, 0.8334315568046183, 0.9551041064139368, 268.9294376583562, 0.9416118606621655, 0.994834416098875]
00894737,93074,390486,620,1;[17710, 576, 0.906632983219765, 0.9405469850250379, 134.03764754079614, 0.9855582219238662, 0.9993228755219501]
00894737,93074,390486,620,2;[22730.19, 610, 0.8840951455534923, 0.9924340043195187, 352.6230246482845, 0.9448844362034703, 0.9999476494607894]
00894737,93074,390486,620,3;[12931.43, 440, 0.8545348443745372, 0.942267179141174, 300.6794182014211, 0.9590380161230418, 0.9923254835996635]
00894737,93093,390601,878,1;[21888, 646, 0.9157904625252522, 0.9577338560097525, 78.97301640737061, 0.9900944762742535, 1.0037374177424163]
00894737,93093,390601,878,2;[10942.05, 446, 0.881498879808281, 1.074629712186432, 223.8968710651538, 0.9827137122438923, 1.011662449114314]
00894737,93093,390601,878,3;[12505.36, 428, 0.8443123228480066, 0.916018967425924, 302.17558572522915, 0.9638044641977117, 0.9848942598187311]
00894737,93093,390601,880,1;[12056, 512, 0.6734930326404005, 0.7234558175666743, 106.56590682685767, 0.9921814170501111, 0.9826391718966501]
00894737,93093,390601,880,2;[23070.53, 620, 0.886210654381566, 0.938226344863003, 277.539405636945, 0.9448972806325291, 1.0016274443956499]
00894737,93093,390601,881,3;[21992.61, 564, 0.8510484645500488, 1.0111608859081502, 177.86495014285416, 0.9641537611341437, 9999]
00894737,93117,390757,90,1;[22993, 672, 0.9444027712416456, 0.983630844143409, 131.60444716853866, 0.9887549670751017, 1.0040392131176175]
00894737,93117,390757,90,2;[13477.939999999999, 486, 0.8708789082766007, 1.004064434916868, 362.3327601267184, 0.9717937449534939, 0.9984132581100141]
00894737,93117,390757,91,3;[22174.820000000003, 566, 0.8464457469961809, 0.9860137917798864, 216.87862441655182, 0.8729239827855465, 9999]
00894737,93117,390757,92,1;[11162, 474, 0.9683826541669684, 1.0224567607708919, 116.06860235396742, 0.9921452100968841, 1.004816131790971]
00894737,93117,390757,92,2;[13506.5, 478, 0.7332042699139425, 0.9848419585588326, 299.61569733027954, 0.9719763439714527, 0.9996477012506606]
00894737,93117,390757,92,3;[15207.000000000002, 468, 0.8371051938949357, 0.927787886590724, 281.28954119813557, 0.957749082594828, 0.9890403635391607]
00894737,93142,390941,236,1;[11690, 484, 0.7226105907833711, 0.7760856227936616, 108.23290364671892, 0.9916318798735302, 9999]
00894737,93142,390941,236,2;[12803.21, 478, 0.8813802146161548, 1.004802643992208, 332.2052767728312, 0.9674250023889868, 0.9942704001478606]
00894737,93142,390941,236,3;[22500.88, 562, 0.8470489386523511, 0.9786143735676749, 173.78138191748533, 0.9195312868439072, 9999]
00894737,93142,390941,237,1;[19695, 614, 0.9253572385130104, 0.9626467988822583, 151.09636058836588, 0.985953291954276, 0.9971394577627015]
00894737,93142,390941,237,2;[21491.399999999998, 600, 0.9653332560642764, 0.9794219890217586, 255.4407389061491, 0.9774398187218308, 0.9990872126794457]
00894737,93142,390941,237,3;[12647.84, 434, 0.8488590318799426, 0.936152139837648, 275.48618133917523, 0.9558677575915231, 0.996276911455242]
00894737,93163,391029,48,1;[20980, 634, 0.8835740348155294, 0.948355667837487, 102.84491791690121, 0.9876039780918435, 1.003851766788679]
00894737,93163,391029,48,2;[22244.67, 608, 0.8835628929844225, 1.1949711470530928, 214.02939904371408, 0.9750963382744671, 1.0026550808592807]
00894737,93163,391029,48,3;[22903.660000000003, 572, 0.8442257026552835, 0.9248917891771404, 192.84561466769566, 0.9381445408591756, 9999]
00894737,93163,391029,49,2;[17443.02, 534, 0.8794056678181248, 0.9644037293398537, 350.8615622328191, 0.9575664992693057, 1.0037663493802644]
00894737,93163,391029,49,3;[22863.93, 568, 0.8685091493984163, 0.9814216764298468, 143.72231929878242, 0.9169353566674754, 1.0041818345918951]
00894737,93163,391029,50,1;[19856, 616, 0.9306917186995061, 0.9944276078313258, 121.68578956618057, 0.9884093442556584, 0.9976134850654408]
00894737,93166,391046,207,2;[11318.09, 440, 0.8378417237692685, 1.0167687167511577, 396.26737389665635, 0.9581261105708132, 0.9867718005913784]
00894737,93166,391046,207,3;[22132.350000000002, 568, 0.8447009629059586, 0.9531809525472179, 222.4340160565013, 0.8831070032713637, 0.9779647678430897]
00894737,93166,391046,209,1;[17771, 588, 0.7724666376402686, 0.8621429588951116, 133.57391648458486, 0.9878276301010316, 9999]
00894737,93166,391046,211,1;[10754, 500, 0.967034944103746, 1.0490513311210403, 122.25610924523579, 0.9909169729938743, 0.9756407348605126]
00894737,93166,391046,211,2;[17162.18, 578, 0.9609853904915191, 1.0180924332861543, 309.31337874862186, 0.9769071538640254, 0.9856478950246036]
00894737,93166,391046,212,3;[22155.640000000003, 566, 0.8374617220763009, 0.919118535214487, 277.08439261508875, 0.8895549362391738, 0.9722255621017194]
00894737,93173,391087,547,1;[9824, 470, 0.9038184819989394, 0.9649556641015252, 148.48164381180575, 0.9598863252826134, 0.9329534662867996]
00894737,93173,391087,547,2;[22630.23, 614, 0.8877194494751828, 0.9493438157292152, 283.0756006722965, 0.9464712428394175, 0.9982415159707094]
00894737,93173,391087,547,3;[11439.5, 408, 0.8556896190152167, 0.9584281648731459, 270.1228080004396, 0.9516015574810847, 9999]
00894737,93173,391087,548,1;[22025, 656, 0.9400573152478688, 0.9950067949488016, 125.35728029111569, 0.9880826453488993, 0.9942220015347808]
00894737,93173,391087,548,2;[12424.789999999999, 460, 0.8941840057505791, 0.983839398449801, 304.7543424431124, 0.9737296154447073, 1.0012946535602973]
00894737,93173,391087,548,3;[17716.84, 498, 0.8344884665468761, 0.910003060785837, 266.6505015427379, 0.9561065382671903, 0.9964171514427708]
00894737,93175,391102,683,1;[22614, 660, 0.917698925930864, 0.9460155731761178, 95.75017149357622, 0.9831093483484613, 9999]
00894737,93175,391102,683,2;[22329.16, 608, 0.8836167749581578, 0.9384054654096277, 292.9826581199303, 0.9492853656088707, 1.0011738341692455]
00894737,93175,391102,684,3;[22777.620000000003, 574, 0.8436669955615436, 0.9155562296850073, 340.80602377913965, 0.904308370392383, 0.9877320659438587]
00894737,93175,391102,685,1;[19044, 604, 0.88999623078086, 0.9449829839077923, 100.75658501614959, 0.9889883538663653, 1.0014197823000472]
00894737,93175,391102,685,2;[20249.04, 566, 0.8770551444291855, 0.968847510562725, 324.03473421901134, 0.9665379824003264, 1.0014124293785311]
00894737,93175,391102,685,3;[22339.22, 576, 0.8451486877729706, 0.9657789699957999, 206.47688992193545, 0.9259910987655934, 0.9707396934067569]
00894737,93175,391108,687,1;[16363, 546, 0.9222579056115537, 0.9521006910568385, 120.5348220444347, 0.9864888898699223, 9999]
00894737,93175,391108,688,2;[11326.42, 436, 0.870758933462377, 1.0206622989853456, 410.90457886405204, 0.9547374290822032, 1.0078356628547225]
00894737,93175,391108,688,3;[23253.010000000002, 574, 0.8514991150912502, 0.989690736573876, 235.48605530006887, 0.9251334842615034, 1.0047356893387793]
00894737,93175,391108,689,1;[18383, 582, 0.9125339824763902, 0.9678513023737698, 125.04326126608026, 0.9849440589829837, 1.0023172759739374]
00894737,93175,391108,689,2;[21798.42, 602, 0.8805758356410676, 1.0437384568047599, 243.71008611133675, 0.9705633447404796, 1.0030939408044246]
00894737,93175,391108,689,3;[21408.99, 546, 0.8759710738667752, 1.0783899027509556, 176.21553128002915, 0.9514063789593391, 15627.0]
00894737,93188,391173,247,1;[10710, 458, 0.9655022969360978, 1.0238473922422593, 115.30276748226365, 0.9922131178198886, 0.9681793527391068]
00894737,93188,391173,247,2;[18406.92, 556, 0.9709691671666077, 0.9954928556710664, 272.89460779877953, 0.9795093366870987, 0.9976458447547486]
00894737,93188,391173,247,3;[15761.85, 482, 0.8736719326482714, 1.0142017761355269, 268.49269018151574, 0.9586848725315122, 9999]
00894737,93188,391173,248,1;[13926, 530, 0.8010729240559368, 0.8484886558639329, 109.22040360578892, 0.9921290036401995, 9999]
00894737,93188,391173,248,3;[14568.580000000002, 466, 0.8530926613767991, 0.94529924942928, 253.74588162069256, 0.9645924855978983, 9999]
00894737,93188,391173,249,2;[16636.2, 526, 0.8739813835565954, 1.0764700857496716, 253.45092507415504, 0.9740487672083239, 0.9986070931104682]
00894737,93329,391881,84,1;[15089, 524, 0.9075777853361715, 0.9584961874592434, 109.97898736152496, 0.9877575857164919, 9999]
00894737,93329,391881,84,2;[22567.16, 604, 0.8865508099513189, 0.940726232896172, 322.6452699645531, 0.9590323342643939, 1.0057276198557488]
00894737,93329,391881,84,3;[22599.52, 560, 0.84178546279441, 0.9720658528362267, 242.8172073092405, 0.9298314137195709, 1.0057616681401091]
00894737,93329,391881,86,1;[19630, 608, 0.9197081878911373, 0.9605618316569425, 148.05797096248128, 0.9836306649414919, 1.0021185899890241]
00894737,93329,391881,86,2;[14514.429999999998, 498, 0.8719623076364812, 0.9394452756069811, 198.29111607722223, 0.9778022499681274, 9999]
00894737,93329,391881,86,3;[13036.920000000002, 434, 0.8413347651634318, 0.9162666590798221, 299.3068702463709, 0.9593781307242824, 9516.0]
00894737,93332,391895,212,1;[21880, 644, 0.9337929790954558, 0.9744460544522843, 138.40490711101486, 0.9860899717318342, 1.003393561405118]
00894737,93332,391895,212,2;[14729.82, 492, 0.8972605380376606, 0.9467563050294124, 253.95513420252652, 0.9739083776775294, 1.0014968243051903]
00894737,93332,391895,212,3;[15113.840000000002, 452, 0.8392331895047862, 0.9421568541550496, 322.96977462769075, 0.9533193655599234, 9999]
00894737,93332,391895,214,1;[18828, 602, 0.9242910040756015, 0.9637465676548145, 139.49301759885887, 0.9882262337859993, 768.4897959183673]
00894737,93332,391895,214,2;[11485.88, 446, 0.7830641056889774, 0.9925986267742004, 309.014135903576, 0.9737448230911269, 9999]
00894737,93332,391895,214,3;[22354.29, 558, 0.8587128877075283, 0.9868349259815191, 132.4074011236554, 0.9227007256144819, 1.00430848772081]
00894737,93332,391899,216,1;[19724, 604, 0.9059949983212916, 0.9515848722374948, 123.47544461520896, 0.9827610159844735, 758.6153846153846]
00894737,93332,391899,216,3;[22220.030000000002, 558, 0.8405653491391891, 0.9303904300242748, 242.92510563606217, 0.8828789731883911, 0.9955498265966916]
00894737,93332,391899,217,2;[13512.449999999999, 484, 0.8729881535631302, 0.9639341957308584, 260.1491148673644, 0.9729994802392796, 1.0003964583058016]
00894737,93332,391899,218,1;[11959, 504, 0.8984460862863511, 0.9833599099474349, 109.7902089266754, 0.9908722690115653, 0.9934374480810766]
00894737,93332,391899,218,2;[22512.42, 612, 0.9729876691443778, 0.9960915076294004, 248.47381046211174, 0.9702475028071327, 9999]
00894737,93332,391899,218,3;[22624.18, 562, 0.8473059919387294, 0.992704572906514, 230.99555934939082, 0.9286795252493268, 1.005234964694424]
00894737,93379,392066,101,1;[22357, 656, 0.9448740310315342, 0.9973630789805654, 122.69081346639973, 0.988826022587775, 1.0030733337819953]
00894737,93379,392066,101,2;[16316.09, 524, 0.8668160810516626, 0.9250677233173474, 252.8894320410943, 0.9710045521088092, 0.9928672290814294]
00894737,93379,392066,101,3;[17388.04, 496, 0.8462000256037564, 0.920230512016588, 210.46629334069303, 0.964103722158229, 9999]
00894737,93379,392066,99,1;[21013, 642, 0.9205954735176723, 0.9662414599320043, 150.76339642424844, 0.9872347529616634, 1.00269606088803]
00894737,93379,392066,99,2;[22634.989999999998, 624, 0.8939763879921477, 0.9641784706473912, 217.33065640396566, 0.9580021625472631, 9999]
00894737,93379,392066,99,3;[22780.36, 572, 0.8464997383357211, 0.9728367783718568, 214.1835073895848, 0.9451092626528345, 9999]
00894737,93391,392129,819,1;[13417, 544, 0.9786443147335113, 1.038000817181813, 171.61152209440695, 0.9883018433827572, 0.9896732315409014]
00894737,93391,392129,819,2;[17854.76, 546, 0.870708824426228, 1.0716085880788946, 248.07769456726757, 0.9735217277390709, 0.9999666766636676]
00894737,93391,392129,819,3;[21955.620000000003, 568, 0.8354174396951639, 0.9390306675036666, 291.3197314501741, 0.9336765557434693, 9999]
00894737,93391,392129,821,1;[13748, 536, 0.8994608510143762, 0.9854240411915066, 123.76977682186693, 0.9902467801935363, 0.9970266154180869]
00894737,93391,392129,821,2;[21314.09, 602, 0.8678377432624831, 1.167599446809963, 226.84582902263978, 0.9745964661704156, 1.0002513053918969]
00894737,93391,392129,821,3;[17645.600000000002, 502, 0.8381607625160166, 0.9002869505620025, 282.2148367782494, 0.9541384903098942, 0.9826810101472495]
00023698,93080,390528,134,1;[36900, 898, 0.9978155479327312, 1.0259673944738459, 89.73238912855744, 0.9929930238391793, 0.9837638966648005]
00023698,93080,390528,134,2;[39364.009999999995, 820, 1.0504391901326098, 1.022399976459444, 131.86334323534342, 0.9822628171354302, 1.0140555785472325]
00023698,93080,390528,134,3;[55474.04, 910, 1.2348669144335471, 0.954528904486548, 84.48481776732575, 0.9923977465338607, 26994.666666666668]
00023698,93244,391403,53,2;[43991.92, 860, 1.0139415938895173, 1.0212939734954087, 88.72411398565121, 0.9915332214735743, 9999]
00023698,93244,391403,54,1;[45368, 944, 1.0138822074695624, 0.9740646097252217, 57.91967425793741, 0.993886083647604, 1.000099198694986]
00023698,93244,391403,55,3;[38692.91, 766, 1.0128055678324268, 1.0020142613457823, 123.04365198080062, 0.9864740144323954, 0.9985680697226298]
00023892,93026,390259,210,1;[115384, 1676, 0.9705763288702812, 0.9705763288702812, 27.44450635858385, 0.9967809945790217, 0.9971869206936336]
00023892,93026,390259,211,2;[117053.15999999999, 1570, 1.0149650236071255, 0.9746772383627069, 32.01824097753799, 0.9959190027831599, 0.996711876257112]
00023892,93026,390259,211,3;[116700.71, 1438, 1.0186254340279237, 0.9437976061425024, 56.93241554978748, 0.9908537816795847, 9999]
00023892,93026,390259,212,1;[115337, 1664, 0.9804131521278897, 0.9889032468085639, 29.32303153461915, 0.9964262448288627, 0.9924920079683675]
00023892,93026,390259,212,2;[117691.0, 1554, 1.014747909288223, 0.9808503008994244, 33.38817836122004, 0.9959185983378324, 9999]
00023892,93026,390259,212,3;[114356.64000000001, 1394, 1.0039062202291396, 0.9507977939312924, 37.10296143051946, 0.9936297065684685, 9999]
00023892,93026,390259,214,1;[120043, 1634, 1.0032661182443197, 0.9887838124952426, 22.927187669422857, 0.9969424029558446, 0.9982495311986761]
00023892,93026,390259,215,3;[114305.95000000001, 1398, 1.010278510246198, 0.9543713578041263, 39.13504025500448, 0.9933049493998183, 9999]
00023892,93026,390259,216,2;[116758.04, 1568, 1.0123332269148082, 0.98091887278259, 29.98789604125521, 0.996023856518871, 0.9963240520725442]
00023892,93049,390350,751,2;[112488.31999999999, 1480, 0.9848740726439702, 0.9929826624223882, 26.49613653842162, 0.9961483784872827, 9999]
00023892,93049,390350,752,3;[118309.09000000001, 1532, 1.0130833231157215, 0.9721992345752148, 59.29260583943325, 0.9911236827270111, 9999]
00023892,93049,390350,753,1;[115862, 1658, 0.9829469492684024, 0.9978529551266063, 24.60371064380052, 0.9960469422803894, 0.9909383646292598]
00023892,93049,390350,756,2;[116076.17, 1538, 1.0085478725212538, 0.9927081192712227, 43.37188848757056, 0.9943862237694245, 9999]
00023892,93049,390350,756,3;[117833.70000000001, 1382, 1.047327962051423, 0.9430491915437306, 103.28006889242694, 0.9876476852572468, 0.9989779088945155]
00023892,93049,390350,757,1;[119330, 1636, 1.0075125795868425, 0.9942916148693116, 29.0029681718026, 0.9953227996444487, 9999]
00023892,93049,390350,758,3;[117121.3, 1400, 1.030931342867741, 0.9719735434960686, 74.73251000866165, 0.9910807744684849, 9999]
00023892,93049,390350,760,1;[119412, 1684, 1.0004737661313214, 0.9880028410604836, 28.934950571560975, 0.9954903479060804, 0.999870214146658]
00023892,93049,390350,760,2;[117228.09, 1564, 1.0405712513178689, 0.9825036010815462, 94.58212834702178, 0.9879751501300211, 0.9954779023530066]
00023892,93049,390350,761,1;[115473, 1576, 0.991677529821298, 0.9926776955103828, 36.86362273631874, 0.9942467519164607, 1.0014917476864902]
00023892,93049,390350,763,2;[118247.92, 1546, 1.0345050869305332, 0.994516715150005, 59.95186314319832, 0.9908730469999921, 9999]
00023892,93049,390350,763,3;[118310.46, 1494, 1.0361395917367435, 0.9712337522244107, 108.28824339469637, 0.9843328979744623, 0.9939059128182995]
00023892,93049,390350,766,1;[116227, 1652, 0.9751026370807013, 0.9892795240401203, 27.456611617824382, 0.9965442441576506, 0.9924685549359998]
00023892,93049,390350,767,3;[117711.77, 1466, 1.0214023858039325, 0.9691685127209577, 43.76655418360943, 0.9929606828812833, 10740.125]
00023892,93049,390350,769,2;[117706.47, 1490, 1.0202549609913965, 0.9997484379105231, 29.963769686372082, 0.995278891855519, 9999]
00023892,93049,390350,770,1;[117114, 1588, 1.0024585818836231, 0.9928265580916606, 32.869004539460455, 0.9955113006843905, 9999]
00023892,93049,390350,770,3;[118395.40000000001, 1410, 1.0424963099943128, 0.9275135170288007, 78.28360049762023, 0.9922517167138535, 9999]
00023892,93049,390350,773,2;[114238.81, 1522, 1.0044227657496143, 0.986742260703326, 36.17136856988099, 0.9948063335800724, 9999]
00023892,93099,390646,1221,2;[114072.20999999999, 1486, 1.0090858747803573, 0.9867088647928606, 38.53013999163804, 0.9934468550222741, 9999]
00023892,93099,390646,1222,1;[115757, 1704, 0.9986716907804245, 0.9931340390066832, 35.39650912607604, 0.9961712619634862, 0.989105543782897]
00023892,93099,390646,1222,3;[117585.73000000001, 1392, 1.1323117391248805, 0.9651113997953958, 50.31573890807299, 0.9940088735414381, 9999]
00023892,93103,390673,1487,1;[118131, 1640, 0.9941992381714719, 0.9832364950716539, 24.18140079113889, 0.9967673469878491, 0.9975637458357788]
00023892,93103,390673,1488,3;[117951.52, 1364, 1.034720293021279, 0.9614925636421753, 96.22023479779668, 0.98528403584093, 0.9961010262284081]
00023892,93103,390673,1489,2;[116541.45999999999, 1546, 1.014966414714585, 0.992022459678374, 40.09946663942671, 0.9947342202306876, 0.9929282227280332]
00023892,93103,390673,1491,2;[120403.01, 1514, 1.0503891899546012, 0.9843946252209498, 113.66690920960296, 0.984839104179109, 9999]
00023892,93103,390673,1492,1;[114627, 1678, 0.9987680845865211, 0.9924709850319351, 45.564953524898826, 0.9946129103177113, 0.9927122981592382]
00023892,93103,390673,1492,3;[112581.12000000001, 1362, 1.004285977747245, 0.9649001229124898, 31.23126453415144, 0.9956981357234577, 9999]
00023892,93103,390673,1495,2;[114817.15, 1510, 0.9930315460441014, 0.9870770259924616, 31.546042712339776, 0.9947702350629656, 9999]
00023892,93103,390673,1497,3;[113548.34000000001, 1404, 1.0054351093309934, 0.960491452600365, 28.91913419738997, 0.9948299282430487, 9999]
00023892,93103,390673,1498,1;[116314, 1654, 0.989772517025471, 0.9913499174139772, 25.89202116124958, 0.9956881817830718, 0.9948765321221763]
00023892,93103,390673,1499,1;[115761, 1706, 0.9962542217613665, 0.9812057965453727, 38.26655464467754, 0.9959036968410945, 0.9896936302274583]
00023892,93103,390673,1499,3;[117251.45000000001, 1500, 1.0242496834682837, 0.9748615169204323, 53.78139989410666, 0.9908513476631625, 34234.0]
00023892,93103,390673,1500,2;[113904.42, 1520, 1.0033341804562999, 0.9866325509813356, 31.931454020851525, 0.9944117262205622, 0.9918501209788144]
00023892,93122,390798,1587,3;[117843.29000000001, 1442, 1.0406381091708652, 0.97290517790024, 111.87571133625764, 0.982512094931687, 0.9956477955389904]
00023892,93122,390798,1589,1;[115972, 1698, 0.9778822539189395, 0.9908134710763481, 20.37117655163161, 0.9968449509462828, 0.9941706957446079]
00023892,93122,390798,1589,2;[117505.36, 1504, 1.0292453359150497, 0.9978651105229204, 41.27597117489877, 0.9945531923571351, 9999]
00023892,93122,390798,1590,1;[114476, 1708, 0.9714008354292216, 0.9792266459744134, 31.895664856885332, 0.9963746613606888, 0.9873600048300221]
00023892,93122,390798,1590,2;[115546.62, 1446, 1.0044099548766843, 0.9937778684089924, 34.96544073137213, 0.9941037791054449, 9999]
00023892,93122,390798,1592,3;[117977.55, 1424, 1.0384956777881869, 0.9582881772027657, 51.69301507743181, 0.993571167624946, 172230.0]
00023892,93139,390920,17,2;[116130.90999999999, 1510, 0.9981631323817355, 0.9808162066148503, 32.268889709424414, 0.993887002655094, 0.9946034641785189]
00023892,93139,390920,17,3;[117082.94, 1368, 1.01704474354301, 0.9629625559037094, 53.25214145749839, 0.9925764721536028, 9999]
00023892,93139,390920,18,1;[114291, 1656, 0.9814575364939319, 0.9959018721886728, 30.733984173391054, 0.9957475714305857, 0.9944271152817112]
00023892,93139,390920,19,1;[117141, 1708, 1.0011284673044343, 0.9784178992053928, 59.47460187917027, 0.9921109682880714, 0.9933264364697103]
00023892,93139,390920,20,3;[118051.53000000001, 1470, 1.0213625513322462, 0.9716452290970454, 85.44257796364806, 0.9849400431888099, 9999]
00023892,93139,390920,21,2;[115941.7, 1478, 1.0067750976010585, 0.9966286729292532, 25.270836994108723, 0.9955051948918705, 1.001742742428838]
00023892,93166,391047,301,1;[119197, 1602, 0.9934559797032223, 0.9948353663934025, 20.712104405988043, 0.9968702647084702, 0.9987055043296481]
00023892,93166,391047,301,2;[116151.14, 1540, 1.0002683910551358, 0.9928704150270152, 33.4848806094114, 0.9948215854848882, 9999]
00023892,93166,391047,303,3;[118637.89000000001, 1398, 1.0223579081250327, 0.9703534494557088, 42.23273852076505, 0.9934911546531924, 9999]
00023892,93166,391047,304,1;[117753, 1622, 0.9772164352433422, 0.9958620833402838, 25.766315361363983, 0.9967860458868003, 0.9972686967237064]
00023892,93166,391047,305,2;[117093.62, 1536, 1.002178459818774, 0.997850638667676, 24.4138911119299, 0.9964615269265222, 1.000127051242307]
00023892,93166,391047,305,3;[119032.45000000001, 1370, 1.0183846266174685, 0.9748323649170428, 37.875699129217296, 0.9947455224370897, 2199.6202531645567]
00023892,93166,391047,307,2;[115370.5, 1528, 1.0058060097422366, 0.9895282762600829, 39.93207841576104, 0.9944151817445519, 9999]
00023892,93166,391047,308,1;[115460, 1682, 0.9960968642594321, 0.9954651582763876, 40.582903883813906, 0.9951983391381567, 0.9932470213772635]
00023892,93166,391047,308,3;[118877.64000000001, 1454, 1.017150500848034, 0.9733966928934351, 36.44529966828555, 0.9937569319287601, 1324.7633587786258]
00023892,93166,391047,309,1;[119716, 1620, 1.0322619672169577, 0.9876387315526259, 46.38197855060344, 0.9944067144527013, 0.999419796219075]
00023892,93166,391047,309,2;[115416.90999999999, 1496, 1.0140101989435855, 0.9782871975660953, 49.76970517264166, 0.9923215994050387, 9999]
00023892,93166,391047,310,3;[117396.67000000001, 1446, 1.0322636927019022, 0.9549682020607355, 42.6314536599798, 0.9954496600959517, 9999]
00023892,93166,391047,312,2;[119097.58, 1476, 1.0286965797742729, 0.9766518066581236, 64.13464440773701, 0.9901136968339167, 100082.0]
00023892,93166,391047,313,1;[120302, 1688, 1.021004314514589, 0.9866737636844082, 42.55555215394716, 0.9931729686905908, 0.9957002685780263]
00023892,93166,391047,313,3;[119017.38, 1408, 1.0256435421473993, 0.9687818342517958, 44.27779058241403, 0.9929874755115312, 24821.14285714286]
00023892,93166,391047,315,1;[117580, 1706, 0.9911475015587408, 0.9998940038735258, 31.46718806602632, 0.9964770636421072, 0.9924037812288994]
00023892,93166,391047,315,2;[119473.62, 1562, 1.0290292751963206, 0.976969826578464, 59.39391504055549, 0.9910613417632356, 9999]
00023892,93166,391047,315,3;[120414.78000000001, 1524, 1.0420803432332637, 0.9716719340706381, 114.80932319891738, 0.9838297153742086, 0.9968696835658387]
00023892,93265,391506,609,1;[120450, 1668, 1.0130823848066772, 0.9934285035407959, 28.081715577593773, 0.9950777124707098, 9999]
00023892,93265,391506,609,3;[119976.38, 1438, 1.0627480642574758, 0.9590433977019611, 126.38952663022229, 0.9846962103710577, 0.99012968218255]
00023892,93265,391506,610,2;[119833.0, 1508, 1.0279624297293433, 0.9939602657133225, 34.05485042585448, 0.9943307197997148, 0.9989534301203803]
00023892,93265,391506,611,3;[119896.92000000001, 1368, 1.0267371543472592, 0.9680652141772095, 60.138477372720004, 0.9910185054986551, 175032.0]
00023892,93265,391506,612,2;[116885.37, 1548, 1.0145783774572443, 0.9803564738122116, 29.62078944142632, 0.9948200399301197, 9999]
00023892,93265,391506,613,1;[114481, 1610, 0.9955593575803238, 0.9902087238335712, 36.759064237107594, 0.9944111491071127, 0.9902515396858349]
00023892,93329,391882,87,1;[118271, 1616, 1.0194271800477344, 0.9951980347867928, 37.73351695185407, 0.9949972892828642, 0.9989948475377988]
00023892,93329,391882,87,2;[111247.15, 1430, 0.9892958805203751, 0.987969527216751, 25.62743346510477, 0.9960790202361292, 9999]
00023892,93329,391882,87,3;[115923.92000000001, 1414, 1.0215942370198658, 0.9563196493174627, 47.010858776237484, 0.9953242287886229, 9999]
00023892,93329,391882,89,1;[114628, 1672, 0.9914825066265023, 0.992449732020601, 46.0862142629913, 0.9941192467786226, 0.9939475920434248]
00023892,93329,391882,89,3;[114667.63, 1414, 1.0167941706478845, 0.9529070402788227, 69.36194070195396, 0.9896615259912896, 0.9922821576763485]
00023892,93329,391882,90,2;[116098.78, 1540, 1.024478526931865, 0.9929498654533664, 58.7047229351499, 0.9922725834272821, 9999]
00023892,93329,391882,92,2;[114627.93999999999, 1522, 1.0073552101636527, 0.9847883422105579, 36.85985021329225, 0.9940911230252352, 0.9904477918873066]
00023892,93329,391882,92,3;[114493.64000000001, 1356, 1.0098884038015559, 0.9575393429604518, 53.70771228318953, 0.9928164272628103, 9999]
00023892,93329,391882,93,1;[115389, 1646, 0.9791536811644996, 0.9912072497007227, 30.555962129969355, 0.9961549890584726, 0.995354855405318]
00023892,93329,391882,94,1;[116973, 1592, 0.994606233216065, 0.9965614043713638, 34.71012332712566, 0.9946580766084038, 0.9999615310636661]
00023892,93329,391882,94,2;[112866.73999999999, 1496, 1.003006582190011, 0.9923183925625743, 26.138494257660792, 0.99570058885804, 9999]
00023892,93329,391882,94,3;[114433.36000000002, 1410, 1.0214616209838423, 0.9517095185099957, 73.57692311392724, 0.9894936176987641, 0.990536726513768]
00023892,93329,391882,96,1;[115407, 1632, 0.9872182726007631, 0.9927104473525977, 23.989429741072772, 0.9960868400620199, 0.996795591563164]
00023892,93329,391882,96,2;[113005.97, 1516, 0.9882006017804126, 0.9825266807640969, 27.477798069064683, 0.9957344812378607, 0.9942780561096016]
00023892,93329,391882,96,3;[117169.25000000001, 1434, 1.0569068397282255, 0.9348208440309685, 110.45560734956277, 0.9883416942725053, 9999]
00023892,93329,391882,99,1;[118266, 1608, 1.0340711010663866, 0.9901960891665134, 40.350390802242764, 0.9941750124012475, 0.995743928467688]
00023892,93329,391882,99,2;[114010.33, 1524, 1.0088953795511193, 0.9873587254334197, 27.375748128469997, 0.9954495918170748, 9999]
00023892,93329,391882,99,3;[113752.47000000002, 1336, 1.0058340005280906, 0.9771892906538502, 25.640739364499375, 0.99607581804577, 9999]
00023892,93377,392048,3,3;[118466.64000000001, 1406, 1.047556527781869, 0.9626297559970822, 107.28162349534367, 0.988306503325163, 9999]
00023892,93377,392048,4,1;[118492, 1724, 0.9863208326474601, 0.9986424630954116, 19.764201178268063, 0.9967779664001932, 0.982353745839223]
00023892,93377,392048,4,2;[116322.5, 1540, 1.0024661578187861, 0.9812524545754474, 28.71243987076844, 0.9953319054134065, 9999]
00023892,93377,392048,5,1;[112681, 1604, 0.9750116024793062, 0.9728192778387952, 30.87669786078407, 0.9962903174522396, 0.9869450782375636]
00023892,93377,392048,5,2;[117476.79999999999, 1468, 1.0128946844061226, 0.9826118107683158, 31.69563920609115, 0.9953051589361018, 9999]
00023892,93377,392048,5,3;[119291.38, 1442, 1.0494193382007337, 0.9224995551443748, 90.97954973781846, 0.9914184377585706, 9999]
00023892,93377,392048,8,2;[114999.22, 1520, 1.0070723933409482, 0.9772014446917673, 55.95936210100426, 0.9911467610708359, 1.0000983146794165]
00023892,93377,392048,8,3;[115359.48000000001, 1394, 1.0261842013140077, 0.9530082855170431, 74.80732270330151, 0.9887307322964278, 9999]
00023892,93377,392048,9,1;[115825, 1638, 0.9752674514762388, 0.977930434245964, 26.59457846165895, 0.9966290836236483, 0.9829547624402228]
00232831,93048,390346,740,1;[60347, 1074, 1.0041203919890753, 0.9799737843213558, 68.8031668473261, 0.9893269121354705, 1.0045276737411568]
00232831,93048,390346,740,2;[26282.34, 714, 1.0320528336306802, 1.014372897938292, 140.43680277580415, 0.9847081607347733, 9999]
00232831,93048,390346,740,3;[48303.46000000001, 810, 1.1451752258466206, 0.9524738607388366, 111.29907984614162, 0.9886044851043795, 1.0053033759124088]
00232831,93048,390346,741,1;[58549, 1054, 1.0054455670794802, 0.9721401613657598, 71.84338526471858, 0.9899833681219329, 1.006091640962634]
00232831,93048,390346,741,2;[26754.77, 714, 1.0341519316231074, 1.0048081338552852, 159.3327943069655, 0.9804418482813829, 1.0053435285174503]
00232831,93048,390346,741,3;[59377.170000000006, 910, 1.009236585552549, 0.9801747544230137, 119.60868056295885, 0.9820228240271109, 1.0022546741128724]
00232831,93048,390346,742,1;[60220, 1068, 1.0074655194483435, 0.9772295374079115, 65.41557014703079, 0.9913233628504808, 1.006005629755849]
00232831,93048,390346,742,2;[36023.68, 754, 1.1820072772154882, 0.975194568199687, 145.89823339616314, 0.9858882366313425, 1.007957912962408]
00232831,93048,390346,742,3;[30371.530000000002, 664, 1.0089733402220478, 0.9955065153366602, 110.20559259267367, 0.9896436106369197, 1.003848940409346]
00232831,93147,390953,359,1;[28614, 804, 1.0032679635817676, 0.9797642027110547, 76.11960080236409, 0.9935266967839056, 1.0029442691903259]
00232831,93147,390953,359,2;[32495.329999999998, 730, 1.0010910926167107, 1.0181539503852286, 138.38844875947652, 0.9872961394964037, 1.0066911209009972]
00232831,93147,390953,359,3;[44651.04, 780, 1.1265940771710539, 0.9490983104198878, 135.99181647196534, 0.9850378115291741, 1.0061277725469615]
00232831,93165,391039,287,1;[39866, 864, 1.0298398293658304, 0.9959000629021967, 86.7554628668432, 0.992586344484783, 0.9994735126733021]
00232831,93165,391039,287,2;[58477.79, 974, 1.0269415973797502, 0.9712203717647845, 110.17502078317794, 0.9861528678999373, 1.0036866453569715]
00232831,93165,391039,287,3;[47685.590000000004, 804, 1.0360607644632402, 0.94115180619928, 106.98442230112188, 0.9887037694940279, 9999]
00232831,93165,391039,289,1;[28699, 810, 1.00818441333912, 0.9786705332760606, 77.15163995602295, 0.9933617731220881, 0.9997039101280153]
00232831,93165,391039,289,2;[29376.34, 706, 1.0029025862775742, 1.0184988224387705, 115.10771404046059, 0.9898791421656763, 1.0058060178866095]
00232831,93165,391039,289,3;[29242.65, 658, 1.0054347153086407, 1.016919426240819, 136.91117619523283, 0.9875221844265234, 1.0027482207032625]
00232831,93165,391039,290,1;[29374, 836, 1.0333035036256313, 0.9688302861139513, 84.38927192001452, 0.9925713888783438, 1.00454840805718]
00232831,93165,391039,290,2;[48306.86, 868, 1.1486846561401474, 0.9733066559966124, 138.39645165229948, 0.9857525522417887, 1.0036095727848102]
00232831,93165,391039,290,3;[28849.460000000003, 652, 1.0052699092288533, 1.0203944978101065, 115.91342784668967, 0.98962519814608, 1.003669987131214]
00232831,93328,391868,72,1;[53913, 1002, 1.0197885864858176, 0.9823802569413564, 73.40299224254385, 0.9925419384832258, 1.0061398925052254]
00232831,93328,391868,72,2;[30416.399999999998, 710, 1.0438726826922544, 0.9772929921499058, 127.79972348039183, 0.989214036519754, 9999]
00232831,93328,391868,72,3;[54501.340000000004, 870, 1.009712309967718, 1.0058363780854904, 98.19940865914353, 0.988407161462243, 9999]
00232831,93328,391868,73,1;[53548, 998, 1.0189524065939604, 0.9797690597906243, 70.54455465725476, 0.9923345736926806, 1.0058606957697798]
00232831,93328,391868,73,2;[32314.449999999997, 730, 1.0032959324346369, 1.0173005886922057, 119.24168662801405, 0.9887060503406242, 1.0007739367583106]
00232831,93328,391868,73,3;[56224.8, 882, 1.0097929346542687, 1.0019868142286004, 108.93376190051036, 0.985441320762081, 9999]
00232831,93328,391868,74,1;[58872, 1058, 1.0073440151434425, 0.9871881459772484, 66.68563326524257, 0.9914655171775439, 1.0050875815208113]
00232831,93328,391868,74,2;[56247.729999999996, 944, 1.126253123694444, 0.9646773931279856, 122.14461848641795, 0.984343955618227, 1.0040039508480516]
00232831,93328,391868,74,3;[54302.69, 864, 1.013030303116915, 1.0093036032740614, 115.46933163720168, 0.98485697905831, 9999]
00521701,93026,390258,236,1;[65015, 1268, 0.8381775642546434, 1.2907349359759162, 250.17272954094338, 0.8658941841502674, 0.9906670222086777]
00521701,93026,390258,236,2;[63711.409999999996, 1160, 0.8328008538305073, 1.244832771554797, 383.41423372086234, 0.8778173893145765, 0.991986511399535]
00521701,93026,390258,236,3;[64650.3, 1088, 0.7961479669495897, 1.7462056904974999, 589.4067175037352, 0.9620048103930134, 9999]
00521701,93122,390796,1603,2;[62828.43, 1126, 0.819885475612702, 1.256333279056509, 299.49397662419483, 0.8638672780054223, 0.9927420416298441]
00521701,93122,390796,1604,3;[62922.73, 1048, 0.8185142145814573, 1.450235556326929, 320.0687700976941, 0.8812622518672641, 0.997166708279508]
00521701,93122,390796,1605,1;[62224, 1146, 0.8566837480585704, 1.2049831781894702, 156.220883867245, 0.9003790357456036, 0.9972993548904115]
00521701,93139,390917,48,1;[65905, 1250, 0.8177142451097035, 1.363160319113161, 272.79423457219696, 0.8735352990091628, 0.9921342817357269]
00521701,93139,390917,48,2;[63280.63, 1130, 0.8069446185618948, 1.4570263221994737, 273.2561554452453, 0.9667913955202088, 9999]
00521701,93139,390917,48,3;[62114.43000000001, 1014, 0.8202161911979294, 1.608353300801054, 300.4638342307913, 0.9710721126599146, 0.9903020771902235]
00521701,93141,390932,199,2;[64893.079999999994, 1162, 0.8456843959906979, 1.2595769526941694, 346.6162792194861, 0.8648392540420272, 0.9924382364984758]
00521701,93141,390932,199,3;[62017.16, 1054, 0.7860292950526333, 1.5138959370819465, 276.9085808237027, 0.9731655031711313, 0.9876726376191827]
00521701,93141,390932,200,1;[64754, 1262, 0.8692715981718601, 1.325863861317932, 226.1344441489002, 0.9672597308634594, 0.9923832584941227]
