02241304,93055,390376,435,4;[59994, 1204, 0.7281958231324771, 1.2568089406812812, 1586.6523329408433, 0.7205030858125852, 0.9449659778225806]
02241304,93055,390376,435,6;[52010.68000000001, 986, 0.6732382720898997, 1.4399485988649197, 2631.7977493004605, 0.6035373333887274, 0.9922375264629779]
02241304,93055,390376,435,7;[48877.38, 840, 0.6666489868382699, 1.4866093037642414, 3118.779359067891, 0.5831128837165545, 0.9943351593625498]
02241304,93055,390376,436,5;[50554.77, 954, 0.7590238390351833, 1.5598653764244803, 767.0921270566645, 0.6362454334294269, 0.9955592008905032]
02241304,93068,390445,91,4;[52412, 1128, 0.7500048814790052, 1.5728259671218323, 883.8953575307052, 0.6735965205086308, 9999]
02241304,93068,390445,91,5;[50652.35, 950, 0.7725004268238903, 1.532200838182213, 811.8089063094098, 0.7096545563102412, 0.9923299295938826]
02241304,93068,390445,91,6;[52576.490000000005, 972, 0.7051374603528083, 1.5931072018243737, 1586.0608407372033, 0.5370312667049016, 0.9800051072522983]
02241304,93068,390445,91,7;[48946.23, 880, 0.7453250799596117, 1.3750263746465798, 940.8080325991979, 0.5491516261581347, 0.9903107974244676]
02241304,93081,390536,212,4;[51200, 1100, 0.7577189558167875, 1.602254013985876, 884.9974919329002, 0.6657079233540147, 9999]
02241304,93081,390536,212,5;[53878.439999999995, 974, 0.6929850737883929, 1.423624058866957, 2347.036250523406, 0.5568337172281226, 0.997730227638335]
02241304,93081,390536,212,6;[52714.86, 1012, 0.710830490541276, 1.3560294425163122, 2102.6011763043866, 0.6059017973526456, 0.9884148064424979]
02241304,93081,390536,212,7;[50243.67, 890, 0.7333333333333333, 1.8166666666666667, 2426.934197192236, 0.5085789968519241, 0.9934053301872523]
02241304,93081,390536,213,4;[58179, 1190, 0.7276639525305395, 1.2245432620367935, 1774.3380067076052, 0.6835077444239156, 0.9420785024936849]
02241304,93081,390536,213,5;[50669.009999999995, 970, 0.7783429238609412, 1.5581481521650333, 855.5022912851801, 0.6916532312366515, 0.9928646379853096]
02241304,93081,390536,213,6;[52401.130000000005, 978, 0.7155341563869856, 1.669741460509693, 1528.6293704091233, 0.5194644064564922, 0.986040396488831]
02241304,93081,390536,213,7;[46977.12, 810, 0.7738165868314483, 1.4320063127002756, 692.0671016133017, 0.6046967283418989, 0.994300518134715]
02241304,93084,390560,435,4;[66416, 1176, 0.7232001052087412, 1.130789086435348, 1859.6054458954973, 0.7289468043287463, 0.9883406870586835]
02241304,93084,390560,435,5;[54219.97, 1096, 0.7095811630592375, 1.3156421937377114, 1675.0523196496192, 0.609055388726907, 0.9895534705933455]
02241304,93084,390560,435,6;[53293.00000000001, 996, 0.696829582712588, 1.536064652396335, 2361.689776652606, 0.5750691108221317, 0.9884511301121854]
02241304,93084,390560,435,7;[50131.98, 906, 0.6837163123887271, 1.2080631941992663, 2613.049630375097, 0.5856000799552464, 0.9908373401070489]
02241304,93084,390560,437,4;[60640, 1222, 0.7348787246149586, 1.2545670886989355, 1589.9562411518234, 0.70874945672085, 9999]
02241304,93084,390560,437,5;[54145.0, 1054, 0.7448378538067585, 1.628655152047599, 1039.8992931883536, 0.6275057917392289, 0.9902175214093734]
02241304,93084,390560,437,6;[50747.54, 980, 0.7477365080489371, 1.418010874812959, 1136.9415121954773, 0.6053976650648244, 0.989660423735606]
02241304,93084,390560,437,7;[48176.64, 864, 0.7537476871377463, 1.4652915016289734, 872.467578761676, 0.6081043689599208, 0.9900952740307518]
02241304,93093,390604,815,4;[50977, 1092, 0.7651048592066553, 1.6155948763778911, 736.6731051838227, 0.6987748604970301, 0.9913268381852478]
02241304,93093,390604,815,5;[53828.46, 1068, 0.7028452151156684, 1.2314228782554193, 1944.6720312426805, 0.6076953939409221, 0.9875125529406628]
02241304,93093,390604,815,6;[49835.12, 880, 0.782853741950633, 1.5834527166767796, 699.8866244322219, 0.711900699339179, 0.9959069691037769]
02241304,93093,390604,815,7;[48855.96, 868, 0.697255094435782, 1.1882229312147214, 2304.1055496566514, 0.5676445849166689, 0.9919542729334286]
02241304,93093,390604,816,4;[60408, 1214, 0.7321623999596656, 1.1948732579492929, 1376.1249123141217, 0.7157316762179182, 0.9444283760015634]
02241304,93093,390604,816,5;[52858.61, 1046, 0.7363450754850472, 1.523611355490439, 1023.9246697756041, 0.6045689148700455, 0.9916726201107341]
02241304,93093,390604,816,7;[48938.58, 868, 0.6826268069594567, 1.3142727567213794, 2822.99671769292, 0.5985358284457941, 0.989436238496636]
02241304,93093,390604,817,6;[51005.100000000006, 952, 0.7553783494235476, 1.6294851021572674, 912.4191126237673, 0.634834095233209, 0.989422770277453]
02241304,93095,390615,800,4;[52906, 1174, 0.6930461901639586, 1.2344090160486785, 2038.1230444070131, 0.6342738360895074, 0.988555359361716]
02241304,93095,390615,800,5;[53479.79, 1096, 0.7276063861066336, 1.1754428913575041, 1737.5474932624047, 0.640024101779987, 0.9907955509992614]
02241304,93095,390615,800,6;[53262.86, 1014, 0.7059299265970265, 1.3006932241712388, 1945.3970302319394, 0.6116851068975793, 0.98717720844019]
02241304,93095,390615,800,7;[48009.87, 900, 0.7373914292171994, 1.0692410212153813, 1101.485220446953, 0.6539200512309249, 0.9887042142575817]
02241304,93096,390617,877,4;[51534, 1104, 0.7509321549296016, 1.5277967630689226, 874.4501090697443, 0.624792875716638, 0.9768645328834507]
02241304,93096,390617,877,5;[52080.35, 1014, 0.7519627423785624, 1.5723064691200237, 911.8535566346584, 0.5901079114078548, 0.9895091455832147]
02241304,93096,390617,877,6;[50922.9, 978, 0.7588324073401781, 1.342385431766201, 1085.2280600738975, 0.6226907740638521, 0.9863340851797797]
02241304,93096,390617,877,7;[47867.58, 870, 0.74833239596685, 1.4318123700565915, 937.6454387344719, 0.5416121126087587, 0.9904237301549614]
02241304,93103,390674,1479,4;[51233, 1102, 0.745341616835317, 1.5127935056977142, 883.3622951088805, 0.6154671242780878, 0.9815973253374463]
02241304,93103,390674,1479,5;[50926.049999999996, 1018, 0.7509963368197081, 1.5937212617400973, 945.9583592821042, 0.6382025163651471, 0.9855943621100632]
02241304,93103,390674,1479,7;[49403.700000000004, 872, 0.6762616199210603, 1.415267008081135, 2981.3937945278963, 0.577695361944092, 0.9894436868957698]
02241304,93103,390674,1480,6;[48965.170000000006, 866, 0.7722190081129021, 1.586773141470431, 668.7843598576261, 0.6564482465202144, 0.9912773363287154]
02241304,93103,390674,1481,4;[60684, 1196, 0.7178625491033117, 1.28482142147155, 1697.9773871030322, 0.7360962808017634, 0.9535212595455831]
02241304,93103,390674,1481,5;[51418.71, 1000, 0.7420594458153711, 1.5593775160706753, 893.9366007642885, 0.602043091282832, 0.9856629597946963]
02241304,93103,390674,1481,6;[51364.04, 964, 0.7476567664599378, 1.6578694033669925, 1098.8417936211613, 0.6218764775373558, 0.9914453068186325]
02241304,93103,390674,1481,7;[47301.48, 846, 0.768669760618141, 1.3802468946255968, 781.8488917463538, 0.5932404632364789, 0.989517819706499]
02241304,93114,390741,1987,4;[65268, 1186, 0.7219350317008015, 1.1152511845201336, 1737.6329629572865, 0.7219879151987723, 0.9870844802032607]
02241304,93114,390741,1987,5;[52043.46, 1014, 0.7519235718073279, 1.5643044807164945, 948.2459528465909, 0.5983798226853256, 0.9885847329279595]
02241304,93114,390741,1987,6;[53045.030000000006, 1020, 0.7306306724387841, 1.2433373715371163, 1750.8855088984797, 0.6201928244200672, 0.9893069306930693]
02241304,93114,390741,1987,7;[49402.17, 868, 0.6775555444925369, 1.3816051713593307, 2974.8141733786197, 0.5799171631398294, 0.988398432717032]
02241304,93120,390781,335,4;[68119, 1236, 0.7367272045440798, 1.1764695255974822, 1639.0703950218738, 0.7312929039406367, 0.9126706593244638]
02241304,93120,390781,335,5;[54159.28, 986, 0.718313099636612, 1.6306022417530515, 1304.899108702801, 0.5766732222030718, 0.9966822516889857]
02241304,93120,390781,335,7;[51386.58, 912, 0.7419354838709677, 1.8064516129032258, 2601.6720348559497, 0.522202049692339, 0.9923034878052384]
02241304,93120,390781,336,6;[54278.030000000006, 982, 0.6918275358737872, 1.2835892356689873, 2274.447218262734, 0.5989266240109113, 0.9878571784770358]
02241304,93125,390819,1820,4;[51407, 1112, 0.7385832505213585, 1.5923379810455283, 988.7479445811748, 0.6125081097405686, 0.9814335761127922]
02241304,93125,390819,1820,5;[51405.619999999995, 1018, 0.7506269545909544, 1.6128536016416688, 957.7415297030237, 0.6600113285485226, 0.9899283872815812]
02241304,93125,390819,1820,6;[52013.420000000006, 978, 0.7257272305394765, 1.6713122046082791, 1369.5956737667964, 0.5479001843429478, 0.9851575068763299]
02241304,93125,390819,1820,7;[46461.51, 840, 0.7654515550765759, 1.4475666258684468, 809.5485277923316, 0.6263476077653128, 0.9887988017322783]
02241304,93134,390879,756,4;[53992, 1096, 0.6878556126597836, 1.6433617862014476, 2404.8387715702424, 0.5918535184754059, 0.9905334996697732]
02241304,93134,390879,756,5;[54917.31, 1082, 0.7267468985161718, 1.3111585153186087, 1874.2727473308573, 0.6121717662388911, 0.9873238984628221]
02241304,93134,390879,756,6;[54149.25000000001, 984, 0.695125450954634, 1.471517711838728, 2734.8068695122593, 0.5791913535975153, 0.9882114685034941]
02241304,93134,390879,756,7;[50196.24, 912, 0.7073023061903964, 1.2973833465513709, 2088.446096289215, 0.5472013780253456, 0.9909387459224357]
02241304,93134,390880,757,4;[54948, 1064, 0.6925641494431024, 1.6480306203156434, 2616.515499920877, 0.5765448176523975, 0.9927819684719273]
02241304,93134,390880,757,5;[52922.869999999995, 1000, 0.7568856013413077, 1.4520650810929134, 899.0917611257926, 0.6213968515866568, 0.9886404054775031]
02241304,93134,390880,757,6;[54320.50000000001, 942, 0.6935691763652964, 1.6853254474428163, 2872.3582825642616, 0.5493702998191716, 0.9888520338179914]
02241304,93134,390880,757,7;[50766.93, 848, 0.6710456969631585, 1.6184210787592725, 3439.6409516889953, 0.5418222391202727, 0.9953951611693591]
02241304,93134,390880,759,4;[50699, 1092, 0.7376692956676698, 1.5849314520566489, 977.1817207580335, 0.6014645757070749, 0.9783391063554702]
02241304,93134,390880,759,5;[52830.049999999996, 958, 0.7644443401315911, 1.4958379648281224, 929.2927571346752, 0.6178301583771794, 0.9918564773958601]
02241304,93134,390880,759,6;[54252.00000000001, 1012, 0.7065512043489038, 1.418727137391596, 2489.3723181379496, 0.5837154720449044, 0.9898762654668166]
02241304,93134,390880,760,7;[50534.37, 934, 0.7417891452178494, 1.5201313118489437, 1492.250368559003, 0.5346918576156069, 0.9939811610340366]
02241304,93140,390930,109,4;[66125, 1190, 0.7339359187095091, 1.1755921573002106, 1685.6071665362322, 0.7544913653805498, 0.9867193911810789]
02241304,93140,390930,109,5;[52667.02, 1050, 0.7588250935545833, 1.5860514636261642, 905.6546571571998, 0.6661191435222125, 0.9837078526816474]
02241304,93140,390930,109,6;[53909.50000000001, 992, 0.7073137964594827, 1.4870886409116795, 2416.288770634978, 0.5903970996839667, 0.9942894683646655]
02241304,93140,390930,109,7;[48158.28, 832, 0.762664750484779, 1.364533880604448, 807.2718680832988, 0.6558223093714133, 0.9929180927745619]
02241304,93140,390930,111,5;[53522.63, 1064, 0.7350043765882136, 1.6328277761142358, 1081.2467141259776, 0.6266932385563556, 0.9867380406524577]
02241304,93140,390930,111,6;[54154.73, 988, 0.6978434304254718, 1.5478246756179828, 2812.460495446596, 0.5889171012083974, 0.9930412500628046]
02241304,93140,390930,111,7;[50387.49, 926, 0.7474642652617715, 1.5375886151601657, 1269.118539704221, 0.558771214805751, 0.9911965207446088]
02241304,93140,390930,112,4;[54335, 1122, 0.6969115044721493, 1.3877153022133595, 2548.3778045281806, 0.6432487267573547, 0.9888979888979889]
02241304,93162,391018,1,4;[50912, 1086, 0.7467756880902008, 1.5824739066519062, 850.2819801700775, 0.630414974258431, 9999]
02241304,93162,391018,1,5;[52549.21, 1044, 0.7634074067469886, 1.3370194685860206, 1120.6947966674115, 0.6314296888590023, 0.9900122184981336]
02241304,93162,391018,1,6;[50526.97, 888, 0.7701441703114132, 1.6089635799449544, 833.9797978413682, 0.6841110009418678, 0.9936551129551547]
02241304,93162,391018,1,7;[50424.21, 900, 0.715119119822264, 1.4299748311034572, 2162.364552398084, 0.5178715611925053, 0.9927704310630479]
02241304,93216,391229,5,4;[51939, 1134, 0.7390041688715727, 1.5467599544736788, 1175.9953351648721, 0.5876775105309803, 0.9828183245974228]
02241304,93216,391229,5,5;[54412.75, 974, 0.6976839909515483, 1.6762552490515652, 2503.352434439058, 0.6063921145661517, 0.999377096834122]
02241304,93216,391229,5,7;[49279.770000000004, 810, 0.6949299372585019, 1.4572915556221295, 3214.5248344950846, 0.5977610524262711, 0.9989919823829536]
02241304,93216,391229,6,6;[53498.50000000001, 904, 0.6703311184683807, 1.7855486755991938, 2886.4690775714075, 0.5405678278630544, 0.9959194083142056]
02241304,93217,391236,73,4;[51023, 1126, 0.7628043519072432, 1.3389847157851706, 1063.0839473077135, 0.683079484192452, 0.9886453913077177]
02241304,93217,391236,73,5;[53686.85, 976, 0.7325950099056627, 1.526346816887917, 1302.1143431218513, 0.5694153647751662, 0.9904391828849299]
02241304,93217,391236,73,6;[52855.97, 898, 0.6719118317242424, 1.740667871747663, 3020.7201694245978, 0.5683565343636892, 0.999067768081415]
02241304,93217,391236,73,7;[49998.87, 822, 0.6851593730233478, 1.662246357899038, 2775.439248940806, 0.5557451563575695, 0.9973752479780253]
02241304,93218,391250,139,4;[51803, 1098, 0.7471327594148895, 1.5994228800976142, 964.912701994477, 0.6478958141362836, 9999]
02241304,93218,391250,139,5;[54655.509999999995, 1042, 0.7108859149911108, 1.4236648815494615, 2111.4279053097603, 0.6272137381696492, 0.9904788604824187]
02241304,93218,391250,139,6;[51861.350000000006, 916, 0.7785619769804465, 1.5829706138563193, 818.0073222919204, 0.6901429216179658, 0.9929961701904412]
02241304,93218,391250,139,7;[50823.54, 892, 0.7065031616468316, 1.3074469110813594, 2629.9140211062095, 0.5483348331118614, 0.9929900605335924]
02241304,93219,391258,202,4;[53044, 1158, 0.7236357004065761, 1.489733030315977, 1280.2831452395912, 0.5916561894926431, 0.9786896437203638]
02241304,93219,391258,202,5;[55062.49, 1072, 0.7084269687881571, 1.3287286142587116, 2237.0441422865238, 0.5972703458363902, 0.9879471768210012]
02241304,93219,391258,202,6;[52021.64000000001, 894, 0.7745804726976948, 1.5772987988058247, 774.4744164059776, 0.6251361862600395, 0.9908151549942594]
02241304,93219,391258,202,7;[48225.6, 866, 0.7653349352003479, 1.265899352071249, 1075.704366446013, 0.634294097426583, 0.9932564441923489]
02241304,93224,391278,450,4;[51602, 1098, 0.7864589900912539, 1.5046812540217294, 752.5337867945399, 0.7104254366091014, 0.9891788791657481]
02241304,93224,391278,450,5;[51618.63, 1020, 0.7696992769885966, 1.521096159215276, 865.9385869208389, 0.6932868267422185, 0.9926995606005127]
02241304,93224,391278,450,6;[53293.00000000001, 1010, 0.7229394584502801, 1.2901538499274927, 2019.503496412424, 0.6039112807311139, 0.9914996113015663]
02241304,93224,391278,450,7;[48774.87, 864, 0.7611392332839366, 1.4345138791218384, 800.5816890943717, 0.5561584538719138, 0.9881437626892736]
02241304,93225,391285,487,4;[54378, 1064, 0.7069872115397844, 1.4238974207575292, 2353.398244810045, 0.6050118272722169, 0.9938226478543754]
02241304,93225,391285,487,5;[54014.1, 1068, 0.7427341236184286, 1.6846569873932575, 1193.952636554476, 0.6113492602409517, 0.9859353787673093]
02241304,93225,391285,487,6;[51827.100000000006, 984, 0.7707403350390462, 1.4678816842202764, 930.6093205742519, 0.6720062759694301, 0.9896405587819809]
02241304,93225,391285,487,7;[48072.6, 816, 0.7823405920040707, 1.4722128386584479, 730.5133386398344, 0.6215218077512717, 0.9938163242713226]
02241304,93244,391401,56,4;[63114, 1228, 0.7382902927468943, 1.2026803715888719, 1707.210088570994, 0.7103033300810023, 0.9454077008920212]
02241304,93244,391401,56,5;[53948.649999999994, 1070, 0.740420717050841, 1.4019116334533896, 1078.08980039023, 0.6419715072581675, 0.9898039386926335]
02241304,93244,391401,56,6;[54006.770000000004, 1014, 0.7121308470042048, 1.447601035603511, 2237.8979805917297, 0.5860362986582509, 0.9906391747395932]
02241304,93244,391401,56,7;[49671.450000000004, 912, 0.7141511480226644, 1.4909427268557767, 1954.6902252933537, 0.5302616539938199, 0.9913582508855503]
02241304,93244,391401,57,4;[52110, 1150, 0.7473251522676915, 1.5803581833292728, 995.0399292150471, 0.6674370299990015, 0.981374413830769]
02241304,93244,391401,57,5;[53140.64, 1046, 0.7413377579698006, 1.530231372666255, 1018.1464876896661, 0.621329477813991, 0.9832658094063766]
02241304,93244,391401,57,6;[53735.51, 968, 0.70366997096914, 1.5660351280838314, 2268.01700199684, 0.537253338718207, 0.983032581453634]
02241304,93244,391401,57,7;[50057.01, 844, 0.6924799423111611, 1.5418713985870545, 3229.2687551798763, 0.5891794629728351, 0.9945737258895594]
02241304,93260,391463,170,5;[51021.25, 992, 0.7487796371822395, 1.4869610784747875, 953.3839498452642, 0.5949320379440359, 0.9888145756457565]
02241304,93260,391463,170,7;[49443.48, 886, 0.7677900500345306, 1.4945173956538138, 907.7346733185082, 0.5629785975598727, 0.9920948009885336]
02241304,93260,391463,171,4;[53813, 1154, 0.6999247952933563, 1.6533124266195516, 1688.7401607746842, 0.5439190147624918, 0.9776183122899446]
02241304,93260,391463,171,6;[52324.41, 978, 0.7476320704474526, 1.7088479239125918, 1178.0756391675202, 0.5995534574683821, 0.9859565789813357]
02241304,93260,391463,172,4;[55690, 1212, 0.7486247450629475, 1.3310405035728714, 1633.326376761335, 0.6509080141844188, 0.9422852405204649]
02241304,93260,391463,172,5;[54492.479999999996, 1042, 0.7044129291721404, 1.589780040459432, 2257.006355440189, 0.5961581054042265, 0.9902792945730566]
02241304,93260,391463,172,6;[53253.270000000004, 950, 0.6822814375117427, 1.7268659995732658, 2849.204241643044, 0.5679312519388916, 0.9903313333588107]
02241304,93260,391463,172,7;[49318.020000000004, 840, 0.6816287646224397, 1.5912951376796154, 3217.4248469584045, 0.5711734559740935, 0.9914798068346098]
02241304,93263,391486,433,4;[54516, 1160, 0.7083003960538854, 1.7186372184734313, 1717.1321552334787, 0.5636215028921115, 0.9857158355332152]
02241304,93263,391486,433,5;[51368.729999999996, 1012, 0.7411758499929377, 1.5807860738240496, 966.6445585773288, 0.571546919190234, 0.9820837456915674]
02241304,93263,391486,433,6;[51006.47, 930, 0.7616020091716997, 1.5332202367791716, 906.5055825133643, 0.64018018132928, 0.9936480824147962]
02241304,93263,391486,433,7;[48987.54, 840, 0.6856953651762052, 1.5431351587332358, 3135.872676071913, 0.5795420325651124, 0.994780339277947]
02241304,93263,391486,435,4;[55665, 1194, 0.7185425830976767, 1.1291023957483848, 2070.23309951718, 0.6569982947671432, 0.9405969871832782]
02241304,93263,391486,435,5;[51337.79, 1002, 0.7425941007442668, 1.606852342088057, 964.5933152383276, 0.5604023484106374, 0.9918953406830906]
02241304,93263,391486,435,6;[53342.32000000001, 942, 0.6808403751417859, 1.6423241122934835, 2906.2524454932022, 0.5663175698277715, 0.9904984800111932]
02241304,93263,391486,436,7;[47910.42, 822, 0.7831190828608647, 1.3503360251177265, 740.2353595102338, 0.5945194567941139, 0.9942372719912368]
02241304,93265,391503,605,4;[54370, 1108, 0.6827034436709104, 1.47515624602381, 2587.86854472896, 0.6302791345361035, 0.9926786072921802]
02241304,93265,391503,605,5;[52799.11, 1066, 0.7404818492662659, 1.671657949835912, 1155.4870309541443, 0.6192466056638186, 0.9914417232749374]
02241304,93265,391503,605,6;[52564.16, 1012, 0.7141804631251683, 1.2600806723343227, 1854.1930343865456, 0.594353003470385, 0.9898992505063274]
02241304,93265,391503,605,7;[49928.49, 892, 0.6972397475971075, 1.1923251543049653, 2738.0286729372656, 0.5890270477967803, 0.9948023838919627]
02241304,93346,391999,3,4;[53852, 1164, 0.7362916116368242, 1.6174203410289711, 1151.255706070499, 0.6291108556815204, 21540.8]
02241304,93346,391999,3,5;[53833.22, 1082, 0.7267925855700815, 1.3268377180780122, 1363.4735355429889, 0.637863270918906, 0.9856202884657284]
02241304,93346,391999,4,6;[53447.810000000005, 1010, 0.7372730880067142, 1.6713259801960458, 1303.1664068662562, 0.5818852457943696, 0.9712457677753435]
02241304,93346,391999,4,7;[49535.28, 884, 0.7499141540798285, 1.331076169448736, 1187.0132107141014, 0.6113024860945215, 0.988851898231575]
02241304,93346,391999,5,4;[55372, 1226, 0.7134540417562939, 1.2016975140741302, 1910.519366919399, 0.6594784535758753, 9999]
02241304,93346,391999,5,5;[52831.24, 1034, 0.749093073422886, 1.4794181044693977, 1068.3061676391992, 0.6579735938421879, 9999]
02241304,93346,391999,5,6;[54230.08, 1002, 0.6891056536326426, 1.6176637961557017, 2631.940278327126, 0.5774880096107095, 0.9830382198822858]
02241304,93346,391999,5,7;[49842.81, 920, 0.7219396428642565, 1.1396549142004277, 1802.9295852103048, 0.5936156237320438, 0.9910710211283674]
02241304,93346,392001,1,4;[60624, 1178, 0.6972911757279348, 1.2223741512217392, 2080.8280259211515, 0.7098204217523766, 9999]
02241304,93346,392001,1,6;[53192.990000000005, 922, 0.7409815142818804, 1.6674842104726086, 1002.5239440368716, 0.5544937408055225, 0.9815952471242574]
02241304,93346,392001,1,7;[48279.15, 834, 0.7650061842926689, 1.4789707431635295, 903.9283365510521, 0.6660520163479574, 0.9919524692716356]
02241304,93346,392001,2,5;[55498.03, 1090, 0.6931390559317655, 1.3169285555279175, 2101.8540108854163, 0.6266404410850333, 0.9863062948746418]
02241304,93385,392089,345,4;[60674, 1184, 0.7114861664174851, 1.1923339897133494, 1974.879947970848, 0.6868346291319948, 0.946043081336878]
02241304,93385,392089,345,5;[52160.079999999994, 1022, 0.7528295957520146, 1.4024408149226544, 951.3885568354339, 0.6341265269704139, 0.9845241571393275]
02241304,93385,392089,345,6;[54232.82000000001, 920, 0.7343907372296833, 1.5358451133891124, 1111.4849697938603, 0.5988258952094393, 0.9897737217152144]
02241304,93385,392089,345,7;[48019.05, 852, 0.768536622257368, 1.4352772579871198, 859.2607188553225, 0.6551056738844975, 0.9883327297633481]
00023892,93026,390259,210,4;[92611, 1418, 1.0160441936584983, 0.9304499353148526, 74.45688925008452, 0.9880816605513132, 0.9949399454244644]
00023892,93026,390259,210,5;[94888.22, 1378, 1.0014205542741594, 0.9214935775142608, 74.6538927008212, 0.9898794256868059, 0.9885570473958915]
00023892,93026,390259,211,6;[95338.3, 1286, 0.9940124245760389, 0.9461625478712523, 64.84368830459766, 0.9871449405213691, 9999]
00023892,93026,390259,211,7;[92165.67, 1228, 1.025457311970587, 0.9129974662194441, 96.16186030449495, 0.9897792446865475, 0.9926669303275987]
00023892,93026,390259,212,5;[96077.03, 1324, 1.024863976416576, 0.9152186552580622, 123.85239814624725, 0.9837529135848878, 80737.0]
00023892,93026,390259,212,7;[92529.81, 1152, 1.0332821118120454, 0.9098564960488107, 124.19430960027086, 0.9869055025334524, 0.994548459508128]
00023892,93026,390259,213,4;[90619, 1400, 0.9987099010700802, 0.934555185539091, 60.12113214553628, 0.9906597384443807, 0.9921878849259573]
00023892,93026,390259,213,6;[95193.08, 1278, 0.989239541281801, 0.9351501072580485, 55.0984043912589, 0.989414745965852, 0.9943616016485876]
00023892,93026,390259,214,4;[100641, 1570, 1.0094269700037355, 0.8690844925864935, 86.1464904029383, 0.9922469789182753, 0.9511887378255384]
00023892,93026,390259,214,7;[89982.36, 1158, 1.008920090794288, 0.9329343800151616, 58.02976786039906, 0.9899631349538053, 0.9979637548360822]
00023892,93026,390259,215,5;[95573.65999999999, 1358, 1.0317974933529983, 0.933398931652862, 94.94247928936427, 0.9849689627285628, 0.9944035856672362]
00023892,93026,390259,217,6;[94154.62000000001, 1266, 0.9992145882702959, 0.9332819723681481, 71.57122887508336, 0.9858247548618859, 9999]
00023892,93049,390350,751,4;[94062, 1416, 1.0042568194395987, 0.9269790547528483, 71.87525478755839, 0.9890887467282874, 0.9971271983293227]
00023892,93049,390350,751,6;[95987.68000000001, 1284, 1.0095928404100811, 0.9253451933941378, 98.42784833501379, 0.9835381050528386, 0.994344509490864]
00023892,93049,390350,751,7;[89679.42, 1162, 1.0041294275073303, 0.9535479364809879, 46.058774457944274, 0.9917592787674725, 0.9962267999184173]
00023892,93049,390350,752,5;[96983.81, 1404, 1.0146149076499849, 0.9020451217885349, 91.74932642453085, 0.9889152050712641, 9999]
00023892,93049,390350,754,7;[90897.3, 1178, 1.0301547328590062, 0.9025702558377184, 106.2823224278836, 0.987943185325579, 0.9895317171481632]
00023892,93049,390350,755,4;[94211, 1432, 1.006878641709757, 0.9021774065487673, 67.40252514981128, 0.9898337940644919, 0.9970525825620836]
00023892,93049,390350,756,5;[96698.20999999999, 1396, 1.018777525987453, 0.9174234812121812, 92.5480158782108, 0.9880598833555087, 0.9951076740327094]
00023892,93049,390350,756,6;[95656.14000000001, 1324, 1.015869651702508, 0.9346324469381384, 72.73117350095313, 0.9913127711952096, 0.9911210475886298]
00023892,93049,390350,759,5;[96461.4, 1336, 0.9983372822599396, 0.9318084676447657, 72.49302335243128, 0.9886949927878868, 9999]
00023892,93049,390350,759,6;[95868.49, 1302, 1.014836196554872, 0.9488075913305484, 90.71000575414179, 0.9850786410477492, 0.9903199784888411]
00023892,93049,390350,760,4;[93045, 1480, 1.006407325199679, 0.9047898848903233, 81.23724104642969, 0.9897547141549994, 9999]
00023892,93049,390350,760,7;[89624.34, 1120, 0.9943237821856326, 0.9496279440033996, 43.224490146306906, 0.9927302380798315, 0.9985255137263592]
00023892,93049,390350,762,4;[93819, 1410, 1.0108942299757921, 0.929920250343206, 75.34480076131943, 0.988044022170128, 0.9959448413498795]
00023892,93049,390350,762,5;[95332.09, 1408, 0.9973485956391293, 0.9204010381176894, 58.16578114818714, 0.993176482685951, 0.9936309682540667]
00023892,93049,390350,764,6;[96163.04000000001, 1240, 1.0204081692490419, 0.9240917712752229, 120.17536190160143, 0.9837515655368135, 0.9950877889379559]
00023892,93049,390350,765,7;[90767.25, 1130, 1.0421586617828782, 0.9063415631994299, 118.69597953445579, 0.9871334237014758, 1.0017053897068755]
00023892,93049,390350,768,4;[91215, 1390, 0.9976108402478597, 0.9366020212282651, 56.67169378485127, 0.9905504434179085, 0.9933298848384199]
00023892,93049,390350,769,5;[93813.65, 1352, 0.988616800064661, 0.9505031169705055, 43.70675916526144, 0.9920036319898549, 0.9901033620938674]
00023892,93049,390350,769,6;[95650.66, 1292, 1.0269486114441029, 0.9221812211990361, 122.71199409600104, 0.9803018617699638, 0.9938080936045436]
00023892,93049,390350,769,7;[90528.57, 1160, 1.035041309645009, 0.9280734162924721, 101.90240378751751, 0.9898436454282711, 0.9946208542755803]
00023892,93049,390350,771,4;[91901, 1452, 1.007159125444201, 0.9205988503231611, 65.16109412411225, 0.9904268585308402, 0.9947879739128082]
00023892,93049,390350,772,5;[96073.45999999999, 1412, 1.015219393434655, 0.9214154617550364, 92.3423385228769, 0.9875485882731128, 0.9886239790357935]
00023892,93049,390350,772,6;[95035.53000000001, 1328, 1.0242700862042984, 0.9232330309140899, 78.05145689182541, 0.9902240643257104, 0.9895085194245733]
00023892,93049,390350,772,7;[88788.96, 1104, 1.002193144536555, 0.95969770641344, 38.50327567234768, 0.993428979803523, 1.0019077544607788]
00023892,93099,390646,1221,5;[95635.54, 1418, 1.0372388954291334, 0.935841814106927, 102.41278517603428, 0.9855194395582108, 0.9922402138416806]
00023892,93099,390646,1221,6;[95230.07, 1274, 1.001310780568388, 0.9198100533614311, 78.59980425153626, 0.9854962731299645, 0.9925888904755105]
00023892,93099,390646,1222,4;[92322, 1452, 1.0113961915944594, 0.9421933268817028, 52.99737420294115, 0.9914403680781673, 0.9929605868149478]
00023892,93099,390646,1223,7;[89509.59, 1138, 1.0006021162367051, 0.9296266317835783, 61.928812509567464, 0.9899567467918391, 0.9939516471567644]
00023892,93103,390673,1488,5;[95532.01, 1306, 1.0060955150168478, 0.9385535335721296, 66.80304338640703, 0.9885006793800635, 0.993957928361831]
00023892,93103,390673,1489,4;[91819, 1466, 1.0018152164294294, 0.9341657548321475, 59.9862703233153, 0.9889055273284264, 0.9856583114164564]
00023892,93103,390673,1489,6;[95828.76000000001, 1226, 1.0084831232773173, 0.9253014906927638, 67.09499560769929, 0.9873162877627496, 1.00068669527897]
00023892,93103,390673,1489,7;[88876.17, 1156, 1.0087983776590537, 0.9597142492090539, 47.9361102788234, 0.9931076681282629, 0.9982814621320181]
00023892,93103,390673,1490,4;[91274, 1462, 1.0099605603744155, 0.937923466539687, 53.41856985370234, 0.9905429427294747, 0.9928695358943538]
00023892,93103,390673,1490,5;[93906.47, 1362, 1.0004038151476906, 0.9427182079644918, 57.953135530105115, 0.989556670975227, 0.9886864789014734]
00023892,93103,390673,1492,7;[92464.02, 1178, 1.035647198939995, 0.9351479860427844, 117.39706896763154, 0.9849955983351689, 1.0001737734490719]
00023892,93103,390673,1493,6;[93338.1, 1322, 1.0022901991384694, 0.9249347221997005, 66.91939063892441, 0.9907752064175155, 9999]
00023892,93103,390673,1494,4;[91320, 1462, 1.0217962247786585, 0.9272983370317596, 61.40222008598016, 0.9892803315640634, 0.9935914872319359]
00023892,93103,390673,1494,7;[89778.87, 1182, 1.0102114628778205, 0.9511744008209252, 46.24757529179707, 0.9906650473507022, 0.998604516601147]
00023892,93103,390673,1496,5;[93285.29, 1362, 0.996304254460408, 0.9385897092657679, 59.795412907966465, 0.9883746670518907, 0.9870808517068134]
00023892,93103,390673,1496,6;[94283.40000000001, 1262, 1.00217509573467, 0.9351515004450848, 62.31275769802199, 0.9883873661257767, 0.9949256191178384]
00023892,93103,390673,1499,4;[94112, 1442, 1.0193794238569454, 0.9036019728833273, 92.12450540670405, 0.9876490056084498, 1.0002922904410396]
00023892,93103,390673,1499,5;[93898.14, 1370, 0.9979011461486544, 0.9379102657752916, 60.872233255583666, 0.9882958289075674, 0.9883820701835696]
00023892,93103,390673,1499,6;[95647.92000000001, 1230, 1.0362822863071601, 0.9209082126294333, 115.44782661389189, 0.984836169841508, 0.9997923543437324]
00023892,93103,390673,1499,7;[90392.40000000001, 1134, 1.0056394446099965, 0.9483205961695961, 56.939292746957456, 0.9908745803188536, 0.9978044249282216]
00023892,93122,390798,1587,7;[91982.07, 1154, 1.0379962988063904, 0.8916649083881645, 128.40748904993342, 0.9851392062934953, 0.9963043982632329]
00023892,93122,390798,1588,4;[93263, 1522, 1.0343964971033042, 0.8955177928323427, 127.94601037636897, 0.9835429404401321, 0.988856373391013]
00023892,93122,390798,1588,6;[95538.32, 1272, 1.0201171341477493, 0.9223674107111368, 100.79638914329955, 0.985300069309392, 0.9949919385906089]
00023892,93122,390798,1589,5;[95398.73, 1308, 0.9885708159313844, 0.9248256724876545, 55.141382330355995, 0.9892162139147407, 0.9962965264400672]
00023892,93122,390798,1590,7;[90756.54000000001, 1204, 1.018194813626583, 0.9238754637144159, 90.56640042849686, 0.9892491374704253, 0.9929443667924908]
00023892,93122,390798,1591,4;[93569, 1528, 1.0176960207921453, 0.8915479811843451, 96.01364109273158, 0.988751462634787, 9849.368421052632]
00023892,93122,390798,1591,5;[97058.78, 1316, 1.0160888672198856, 0.9215252797697663, 102.39654337509684, 0.9856148344480832, 0.9967249175119149]
00023892,93122,390798,1591,6;[95989.05, 1294, 1.0159165572837912, 0.9608101894501084, 85.3547151298866, 0.9832085055716978, 0.9944998403179447]
00023892,93139,390920,17,4;[94506, 1500, 1.027088527191362, 0.8794523808120088, 114.86559109061153, 0.9863131026907964, 0.9932369586808129]
00023892,93139,390920,17,5;[97151.59999999999, 1388, 1.0106539310008886, 0.8995172322902854, 88.3860307557242, 0.9889091210211214, 0.9973063931932984]
00023892,93139,390920,18,6;[93028.48000000001, 1260, 0.9926002311185911, 0.9162809410379069, 61.16660810306882, 0.9898389576729316, 0.9968876622232662]
00023892,93139,390920,18,7;[91411.38, 1134, 1.0992383902203307, 0.9192570864558904, 118.61364803335186, 0.9865231889030311, 0.9962980256136607]
00023892,93139,390920,19,4;[91516, 1450, 1.0078401798707501, 0.9274654317894875, 52.99583780040853, 0.9916924179574511, 0.9933193316075393]
00023892,93139,390920,19,5;[92553.44, 1288, 0.9941966294147649, 0.9399912651471408, 48.34401312728484, 0.9927536248094876, 0.9988890672660138]
00023892,93139,390920,19,6;[93509.35, 1212, 1.0023493463701187, 0.9393343284079632, 79.65025329383224, 0.9861169022764733, 0.9954061542948811]
00023892,93139,390920,19,7;[93131.1, 1150, 1.0367814326425413, 0.9034313358402737, 119.52672608978803, 0.9866625731434625, 0.9981633924764685]
00023892,93166,391047,301,4;[102526, 1548, 1.0169194178602992, 0.8777736446207596, 90.59786947818188, 0.9920086285155629, 0.9509393361807903]
00023892,93166,391047,302,5;[98361.83, 1412, 1.0000255947938408, 0.9186079384304046, 83.7879406486509, 0.989548586960397, 0.9902896336897595]
00023892,93166,391047,302,6;[96856.26000000001, 1332, 1.025932231875349, 0.9372100927300585, 96.82421065866093, 0.9893235990225459, 0.9920159400564076]
00023892,93166,391047,302,7;[89636.58, 1116, 1.0002456059630038, 0.9334403432675832, 53.866882251709995, 0.9917594057692131, 0.9887765607331522]
00023892,93166,391047,304,4;[93210, 1474, 1.0072942934122837, 0.8949077592480458, 64.91588183997156, 0.9915019402402596, 0.9885774284896115]
00023892,93166,391047,304,5;[98044.09999999999, 1414, 1.0097857147329659, 0.9330331600770386, 79.8704445912493, 0.9902966082833385, 9999]
00023892,93166,391047,304,6;[96146.6, 1338, 1.0135963825545302, 0.9279488245460283, 70.15376689179699, 0.9915276780806666, 9999]
00023892,93166,391047,306,7;[91706.67, 1198, 1.0265517488271827, 0.9105202322739891, 108.71568258820389, 0.988825646452968, 0.9910630874924561]
00023892,93166,391047,307,4;[94598, 1538, 1.0579995180405166, 0.9287852761001495, 133.8856277141715, 0.9843835297765637, 0.9955326370070247]
00023892,93166,391047,307,5;[98700.98, 1422, 1.0012072743528282, 0.9337293742777901, 76.05651287313088, 0.9908686337529213, 9999]
00023892,93166,391047,307,7;[92809.8, 1208, 1.0218386772767731, 0.9280973687932741, 101.16117528722921, 0.9889602373807543, 0.9956013655462185]
00023892,93166,391047,308,6;[95457.49, 1314, 1.0110277868295992, 0.9237065064668254, 86.05835334072907, 0.9894916578043099, 9999]
00023892,93166,391047,309,5;[98240.45, 1320, 1.0110499269454292, 0.9342055335468392, 83.12772060305193, 0.9881753350248276, 1.0001272041141445]
00023892,93166,391047,309,6;[95802.73000000001, 1258, 0.9954649007721109, 0.95088598087129, 51.35024929924335, 0.9913813996686319, 9999]
00023892,93166,391047,310,7;[92852.64, 1174, 1.0364615348407051, 0.9218120312042933, 113.10243558424547, 0.9879807126376885, 0.9966252555691494]
00023892,93166,391047,311,4;[94312, 1548, 1.0183315127580725, 0.8784015566832107, 87.01246476361891, 0.9910134523103105, 0.9924810447611981]
00023892,93166,391047,312,5;[97339.62, 1418, 1.0078214353836703, 0.9133770726019503, 80.56817309501915, 0.9900963734879676, 0.9897872752353525]
00023892,93166,391047,312,7;[90403.11, 1176, 1.0103433459216362, 0.9384740993298968, 65.00694614521767, 0.9876306688220488, 0.9922750096562379]
00023892,93166,391047,314,4;[94416, 1518, 1.0347146739199957, 0.8917116248877807, 112.8082196363341, 0.9873504709501475, 0.9903135636331216]
00023892,93166,391047,314,6;[93869.66, 1220, 0.9905679278510596, 0.9477478851446883, 37.3871021726515, 0.9935111789189628, 9999]
00023892,93166,391047,315,7;[90819.27, 1176, 1.004813273122673, 0.938296692969693, 58.33190132242037, 0.9882988391895713, 0.9961903802906723]
00023892,93166,391047,316,4;[91221, 1450, 0.9943388596203271, 0.9389536448875085, 42.51792120787346, 0.9927696618710962, 0.989279846436647]
00023892,93166,391047,316,5;[95551.05, 1380, 0.9950794567764044, 0.9521981225145483, 50.39466035948726, 0.9909775413690899, 9999]
00023892,93166,391047,316,6;[95547.91, 1242, 1.021758306850226, 0.9386996652158704, 103.50965344886869, 0.9872397165584255, 9999]
00023892,93265,391506,609,4;[91999, 1462, 1.028048929718139, 0.8979910050086684, 60.49414841799921, 0.9919458494124359, 0.9949387349000184]
00023892,93265,391506,609,5;[96956.44, 1412, 1.0077934810706421, 0.9235989152688951, 77.05094333947079, 0.9894107889801897, 0.9929135057733907]
00023892,93265,391506,609,6;[95946.58, 1270, 1.0044063503258838, 0.9366693963450596, 74.60965059876266, 0.9852408421841474, 0.9908602150537634]
00023892,93265,391506,609,7;[91344.06, 1172, 1.0147838907858038, 0.9450277097540786, 62.320860603145725, 0.9908167582567575, 0.9970024130992042]
00023892,93265,391506,612,4;[95513, 1428, 1.0275237814770013, 0.9016657179967023, 102.92813879812388, 0.986274785337804, 9999]
00023892,93265,391506,612,5;[95004.84, 1362, 0.9989822874056014, 0.9367027109244497, 61.232871275401926, 0.9905141888729317, 9999]
00023892,93265,391506,613,6;[96428.82, 1306, 1.0088462943925212, 0.9416517332407627, 80.98045716336975, 0.9850472693518587, 0.9933528091790508]
00023892,93265,391506,613,7;[92444.13, 1200, 1.0100144932988766, 0.949000364063337, 52.88544641718459, 0.9901442151916354, 0.99741653254096]
00023892,93329,391882,100,4;[89571, 1422, 1.0045582111703892, 0.9290272908080096, 60.71404661951753, 0.9907467227995309, 9999]
00023892,93329,391882,100,5;[95760.48999999999, 1314, 1.0014968410566154, 0.936113277778983, 56.5333923728097, 0.9907405139511056, 0.9980465964268218]
00023892,93329,391882,100,6;[94291.62000000001, 1210, 1.024545287603457, 0.9415175936224898, 59.86855743290816, 0.9896300416328353, 0.9955304838359731]
00023892,93329,391882,87,4;[93975, 1432, 1.0542621991475085, 0.937250671089021, 127.8290403740921, 0.9808000576079602, 0.9951605388004067]
00023892,93329,391882,87,7;[90520.92, 1216, 1.0177249937146682, 0.9035621449918402, 88.75576615342364, 0.9899445168075792, 0.9937266428721394]
00023892,93329,391882,88,5;[96428.08, 1404, 1.0335262988751228, 0.8978843140250746, 91.74747174569461, 0.9892755137217717, 0.9929601195983163]
00023892,93329,391882,88,6;[94128.59000000001, 1316, 1.0139176929802318, 0.9300961545383143, 74.13954408942635, 0.9913920528363622, 0.9894298757218358]
00023892,93329,391882,89,4;[90340, 1462, 0.9992471247785927, 0.923929209970205, 53.4210124926135, 0.9932997432187544, 9999]
00023892,93329,391882,89,6;[93747.73000000001, 1214, 0.9869406422525822, 0.950546662362923, 44.11838568046918, 0.9918175876924784, 9999]
00023892,93329,391882,89,7;[90146.07, 1198, 1.0126167312801755, 0.9488160400742294, 60.89317278153263, 0.988622837051628, 0.9931396015237839]
00023892,93329,391882,91,5;[95733.12, 1388, 1.0316382401039235, 0.9219545454312119, 111.19090413657985, 0.9847225156643902, 0.9941056533827618]
00023892,93329,391882,92,7;[89391.78, 1170, 1.0083598952507489, 0.9342592665815368, 51.915145162539226, 0.9904787665742328, 1.0000941450347052]
00023892,93329,391882,93,4;[91331, 1476, 1.0014136410916312, 0.9405193308432228, 46.83841102765158, 0.991499951610125, 0.9871753992487907]
00023892,93329,391882,93,5;[97333.67, 1416, 1.014740878442954, 0.9100369538380206, 74.98227703411273, 0.9912652801637288, 0.991766902706373]
00023892,93329,391882,93,6;[93605.25000000001, 1284, 0.9952295652710265, 0.9508319718051121, 50.92459886212178, 0.9906761857161073, 0.9918273139008246]
00023892,93329,391882,94,4;[92049, 1408, 1.0020414953763794, 0.9373424113668644, 53.1206588318205, 0.9917052245476408, 0.9953556772655265]
00023892,93329,391882,94,6;[91184.46, 1278, 0.9905011186332193, 0.9574260426265674, 40.4477583640621, 0.9938509010756, 9999]
00023892,93329,391882,94,7;[88614.54000000001, 1120, 1.0080886344489455, 0.9458098021265873, 56.90489988855238, 0.9897498296482681, 0.9920523449008256]
00023892,93329,391882,95,5;[96097.26, 1410, 1.0255900156079332, 0.9229424239876988, 78.84552100567834, 0.9883951510666669, 0.9949975357318877]
00023892,93329,391882,96,4;[90482, 1484, 1.0380860129272493, 0.925552849118763, 91.52271673997085, 0.9880054327532354, 0.9865131543082677]
00023892,93329,391882,96,7;[89244.90000000001, 1126, 0.9999886117592707, 0.947523726902524, 42.23684611748487, 0.9922659463300263, 0.9999142881631954]
00023892,93329,391882,97,6;[95323.23000000001, 1308, 1.0232360116328916, 0.9262526559365262, 114.31092452407493, 0.985070710337425, 0.9939573155052713]
00023892,93329,391882,98,5;[91312.26999999999, 1274, 0.9910956433572836, 0.9499125007788416, 40.481912020727336, 0.9931181500295134, 1.0025805018586147]
00023892,93329,391882,99,7;[91140.57, 1116, 1.040458220622072, 0.9168459149710392, 128.2515023403644, 0.9853835087709369, 0.9977889817590995]
00023892,93377,392048,10,6;[93998.44, 1270, 0.9919158486756011, 0.9298485050003288, 44.31097966349902, 0.9937217962071911, 3049.4222222222224]
00023892,93377,392048,3,5;[95604.59999999999, 1380, 0.9987641833365667, 0.9393509332390785, 64.83692702540026, 0.9879231311757988, 0.9854283191050928]
00023892,93377,392048,4,4;[94389, 1520, 1.0481839465197085, 0.8982303279844803, 146.38223343478478, 0.982646624664452, 0.9880923094638661]
00023892,93377,392048,4,6;[97017.92000000001, 1286, 1.0372960980095842, 0.9264170716955258, 123.47793040094903, 0.9807739478566936, 9999]
00023892,93377,392048,4,7;[92407.41, 1130, 1.0595645127019166, 0.9293841207882982, 170.5528109892539, 0.9818613008641736, 1.0012350283890754]
00023892,93377,392048,5,4;[93685, 1540, 1.0178861300818915, 0.9003955185041129, 93.95097312123575, 0.9899993008943256, 0.9824761944712446]
00023892,93377,392048,5,5;[95059.58, 1386, 0.9975705251686652, 0.9409213671685013, 54.60727821811455, 0.9905677231515972, 0.9902072590241967]
00023892,93377,392048,6,7;[93124.98, 1220, 1.0286517745050106, 0.8914510733339396, 118.29712978430149, 0.9879625097852601, 0.9942744194784086]
00023892,93377,392048,7,6;[96321.96, 1342, 1.0423455405613293, 0.9067963071804969, 124.40247179752821, 0.9854195786207434, 0.9907977621510408]
00023892,93377,392048,8,7;[92243.7, 1196, 1.022623329814651, 0.9085152390334844, 110.36142061975514, 0.988371274204613, 0.9908458921557349]
00023892,93377,392048,9,4;[90811, 1438, 1.0060688654956351, 0.9294232637887027, 47.099345259638056, 0.9922297516712043, 0.9900300352682733]
00023892,93377,392048,9,5;[96201.98, 1422, 1.0014563841948065, 0.9143044300938822, 83.43824513862316, 0.9901791203282161, 0.9884999847155566]
00232831,93048,390346,740,4;[35082, 810, 1.110118467398255, 0.8966855239029898, 134.18906409827164, 0.9876291909512697, 1.0005276141856916]
00232831,93048,390346,740,5;[25167.309999999998, 648, 1.0308960832661387, 0.8879570816736921, 117.23466094793315, 0.9888341570667823, 1.0003310945038313]
00232831,93048,390346,740,6;[22536.5, 606, 1.0391528243866734, 0.824357386384196, 182.40214907985984, 0.9843334946268884, 1.0071634114981938]
00232831,93048,390346,740,7;[21066.57, 590, 1.0416557842090612, 0.9831097479360884, 170.9634159678804, 0.9811382585239776, 0.9690678115212725]
00232831,93048,390346,741,4;[28871, 746, 1.0373770182720765, 0.9125091797107592, 116.13176337041497, 0.9873059201901159, 1.0026219374555052]
00232831,93048,390346,741,5;[22429.12, 646, 1.022432709207157, 0.9307601111103152, 99.87645004906751, 0.9889462668987054, 1.0019403024745501]
00232831,93048,390346,741,6;[46514.240000000005, 796, 1.0340157862247972, 0.904794146472427, 161.35521825907256, 0.9769230746426791, 1.0051512818994612]
00232831,93048,390346,741,7;[44285.85, 744, 1.0340716011761808, 0.9026326660406435, 182.78410149848776, 0.9711730771859813, 1.005540984176061]
00232831,93048,390346,742,4;[28052, 740, 1.04299650260232, 0.9070084930873028, 122.16892731425881, 0.9871237504361219, 1.002501608176685]
00232831,93048,390346,742,5;[23646.489999999998, 638, 1.1561183811637026, 0.8916441037356454, 123.51226238454453, 0.9887082676972383, 1.0009822935294561]
00232831,93048,390346,742,6;[21078.820000000003, 628, 1.0015966574873403, 1.0055593804871725, 166.8629429002772, 0.982511556557207, 0.9676425269645609]
00232831,93048,390346,742,7;[18871.02, 562, 1.0189061130967212, 0.976170767925859, 131.51430344520077, 0.9736960140301792, 9999]
00232831,93147,390953,359,4;[32253, 784, 1.0343004054696603, 0.8733069936912597, 121.68613148623795, 0.9864116847929475, 0.9878709914545621]
00232831,93147,390953,359,5;[24794.84, 664, 1.0254624170033975, 0.9140017662739477, 115.93286643123287, 0.9881370400681683, 0.9700863654352027]
00232831,93147,390953,359,6;[23006.410000000003, 614, 1.0403542808348494, 0.7936519094810963, 184.9575810242322, 0.9853119038163055, 1.008255531205908]
00232831,93147,390953,359,7;[20399.49, 564, 1.0458344217317095, 0.9409468662590371, 180.0647062832945, 0.9792957967533832, 0.9650754587238971]
00232831,93165,391039,287,4;[23394, 714, 1.2136543660350467, 0.9280534807133994, 112.3622224993563, 0.9903054674567623, 0.9560277891295463]
00232831,93165,391039,287,5;[24147.48, 646, 1.0332144400492245, 0.9158190088170706, 105.50733593276681, 0.9905545724431756, 0.9994828223125231]
00232831,93165,391039,287,6;[33862.29, 678, 1.0311656565237077, 0.8961369292882885, 141.27214363359673, 0.9854905617143696, 1.003491535057448]
00232831,93165,391039,288,7;[20056.77, 560, 1.0448503370804862, 0.9272743693977548, 161.53289071593332, 0.982623862552773, 0.9656010606953447]
00232831,93165,391039,289,4;[23200, 714, 1.189700136586915, 0.9064488667465209, 106.56234521553166, 0.9903023312895308, 0.9370519215622918]
00232831,93165,391039,289,5;[36746.009999999995, 758, 1.0259681186592275, 0.8915597452783944, 126.36710395155372, 0.9863401900132293, 1.0031674869645728]
00232831,93165,391039,289,6;[22873.52, 618, 1.0290266120131455, 0.9896478693489018, 157.558959389034, 0.982821445818884, 1.0051473465579002]
00232831,93165,391039,289,7;[36810.270000000004, 662, 1.0442348109050101, 0.9157670040874, 159.8359997677306, 0.9822413565909158, 1.005874114179401]
00232831,93165,391039,290,4;[23485, 714, 1.1872933385413627, 0.9074692571034201, 114.35458041635866, 0.9894512536845533, 0.9384990409207161]
00232831,93165,391039,290,5;[48349.7, 880, 1.0222865126792062, 0.9044540200988487, 137.4322682908964, 0.9757264129574317, 1.0044623542936253]
00232831,93165,391039,290,6;[23013.260000000002, 632, 1.0323677805875555, 0.9208586490912266, 166.79623968036157, 0.9849014235217006, 0.9991672614798953]
00232831,93165,391039,290,7;[21817.8, 532, 1.211903594443001, 0.9239900944033436, 138.42233873468047, 0.9877885420707321, 1.006138432230297]
00232831,93328,391868,72,4;[22958, 686, 1.0413219567369838, 0.9258248875222747, 102.56876915992719, 0.9911504612884058, 0.9991513437057992]
00232831,93328,391868,72,5;[42099.82, 806, 1.0278789267966615, 0.8970566500260518, 135.1654690628665, 0.9845823003453007, 1.005585321831076]
00232831,93328,391868,72,6;[17820.960000000003, 552, 1.0163830549444937, 0.9838034127294123, 129.9790301133918, 0.9727344142869735, 1.0115872151800296]
00232831,93328,391868,72,7;[45021.78, 748, 1.042958758987957, 0.9011252152084682, 179.7697462518521, 0.9768465051626142, 1.005742019276779]
00232831,93328,391868,73,4;[38456, 848, 1.0338209932300544, 0.905944915256667, 116.8870415367547, 0.9862689502952457, 1.0030648043089845]
00232831,93328,391868,73,5;[35375.13, 740, 1.026320626420711, 0.9120296052473232, 121.22238275340372, 0.9859347958257803, 1.0052244483895512]
00232831,93328,391868,73,6;[48025.350000000006, 818, 1.0257304557707312, 0.9140755452622588, 155.7383419816853, 0.9782402186933676, 1.004945173081058]
00232831,93328,391868,73,7;[33623.28, 632, 1.044123190263545, 0.9299201361780877, 150.47844275182408, 0.9832834857529154, 1.0065497183163101]
00232831,93328,391868,74,4;[38410, 846, 1.0331855695467584, 0.9075748213649732, 117.10155289949085, 0.9862500653403574, 1.0029375285593054]
00232831,93328,391868,74,5;[48271.159999999996, 878, 1.0265632083108553, 0.920622989854916, 128.97499551410644, 0.9797151920577304, 1.0053035935563817]
00232831,93328,391868,74,6;[18079.890000000003, 584, 1.0084415135616849, 0.8708058675287387, 164.25316419321092, 0.9622110090676279, 0.9971288250850019]
00232831,93328,391868,74,7;[32327.37, 622, 1.0391315661943086, 0.9198033935038462, 150.6383217291742, 0.9843142006584313, 1.0051377194234337]
00023698,93080,390528,134,4;[50730, 1068, 1.0195976013283141, 0.9416815472712002, 106.73840478038007, 0.9824062191657561, 0.9948424293530485]
00023698,93080,390528,134,5;[32137.14, 722, 1.0078854189891433, 1.013414209980644, 116.63098906489452, 0.9895434332199322, 0.9812513625463266]
00023698,93080,390528,134,6;[38668.25, 748, 1.0119806230852137, 0.8016064169445177, 114.47467328846068, 0.9890644631038052, 9999]
00023698,93080,390528,135,7;[38513.16, 688, 1.0083897586046573, 1.0117389089138091, 162.42444615493253, 0.9858130161766707, 9999]
00023698,93244,391403,53,4;[51195, 1022, 1.0156213303600359, 0.8120712758459384, 144.89464082346188, 0.9865749572742271, 0.9854762798486992]
00023698,93244,391403,53,5;[39153.38, 806, 1.0102162086185273, 0.8219264752022125, 107.96273207170495, 0.9890131537606472, 0.9936278802887084]
00023698,93244,391403,54,7;[40517.46, 702, 1.0207061917706963, 1.0193027392126506, 179.45160421442154, 0.9815379085237981, 1.0024605367755612]
00023698,93244,391403,55,6;[32312.820000000003, 714, 1.0456990845119167, 0.9394046339370987, 200.55027481560595, 0.9796784384215971, 0.999639746551103]
00392839,93125,390812,1874,4;[53176, 1008, 1.0187757226087184, 0.9112140151177328, 82.46091939172268, 0.9889436946634509, 1.002838257064997]
00392839,93125,390812,1874,5;[43764.63, 822, 1.0186105552045701, 0.9125352530272633, 93.14730224738203, 0.9892488376252003, 1.004095339503645]
00392839,93125,390812,1874,6;[27380.820000000003, 638, 1.0022153195890442, 0.8017650853128093, 130.63714637117167, 0.9870383304707953, 1.0009515700906495]
00392839,93125,390812,1874,7;[42371.82, 710, 1.0354507566401028, 0.913399103226878, 108.20772198205395, 0.9878583798365569, 1.005610123640589]
00392839,93125,390812,1876,4;[38517, 858, 1.0213506849954022, 0.9029684572208829, 78.96195996843363, 0.990826090743431, 1.003386563159403]
00392839,93125,390812,1876,5;[54842.34, 942, 1.0109531738530926, 0.9143356045633315, 101.312118971647, 0.9808370647638058, 1.0032108144584608]
00392839,93125,390812,1876,6;[21637.780000000002, 606, 0.9998470175939461, 0.9807963782915483, 125.07715767965041, 0.9753447482010055, 1.0049311233417109]
00392839,93125,390812,1876,7;[31039.11, 620, 1.025715333004607, 0.9444102827029814, 97.06458789061993, 0.9904904041061131, 1.004655078492547]
00392839,93125,390812,1878,4;[25343, 744, 0.9965859299558875, 0.9519650845104791, 79.54912077125957, 0.9922387741882424, 1.0067932623549976]
00392839,93125,390812,1878,5;[48688.85, 874, 1.001130877069817, 0.9375810536568431, 75.19792940661509, 0.9900419246350565, 1.0048011395031864]
00392839,93125,390812,1878,6;[43679.71000000001, 768, 0.9952310796052797, 0.9269958127206603, 75.59218096809387, 0.9912385686924823, 9999]
00392839,93125,390812,1878,7;[22741.920000000002, 590, 1.0113385881470747, 0.924471654189557, 95.00485925273827, 0.9883963146154582, 0.9727748691099476]
00392839,93125,390812,1880,4;[34703, 826, 1.1258815380111489, 0.907056079488715, 113.3872232707358, 0.9871779601492437, 0.9744612144612145]
00392839,93125,390812,1880,5;[56152.53, 952, 1.0054840119189552, 0.9185262508000781, 81.45452633254772, 0.9864089747701061, 1.0041389583444167]
00392839,93125,390812,1880,6;[28886.45, 648, 1.006580210036111, 0.9488085255994589, 86.360684982127, 0.9913934006957243, 1.0028537455410227]
00392839,93125,390812,1881,7;[41467.590000000004, 706, 1.0334104671875417, 0.9120253449552045, 127.7142228369107, 0.9860643719946159, 1.0043169733014656]
00392839,93125,390812,1882,4;[40149, 870, 1.0318832986771234, 0.9085063883319316, 108.92247205293845, 0.9884844751295364, 0.9999875465447888]
00392839,93125,390812,1882,6;[53651.94, 876, 1.0016494089812205, 0.9112239080054321, 89.88324947528407, 0.9814590546446179, 4607.294117647059]
00392839,93125,390812,1882,7;[49640.85, 776, 1.0392278989383632, 0.8957715947315316, 123.80292174755151, 0.9845771573405757, 1.0063429537383106]
00392839,93125,390812,1883,5;[55858.6, 946, 1.0140703662302541, 0.9157421855058031, 107.17641187425039, 0.9781260504896271, 1.0044186718306995]
00392839,93125,390812,1884,4;[34140, 810, 1.0306669920839215, 0.902005953215945, 98.95542704895288, 0.9884265189648098, 0.9923120522024735]
00392839,93125,390812,1884,5;[56936.74, 958, 1.021654345607006, 0.9104978479098425, 112.11387402918427, 0.9806279030276512, 1.0056328555214595]
00392839,93125,390812,1884,6;[26710.890000000003, 632, 1.003778390844461, 0.811001295966481, 127.78183970439378, 0.986616808957502, 1.0037323998043708]
00392839,93125,390812,1884,7;[42471.270000000004, 710, 1.0402416370960132, 0.9135287240500019, 110.2955710953072, 0.9869683466480583, 1.0054148028758216]
00392839,93147,390949,355,4;[54180, 1022, 1.0230898752648614, 0.9112261012318665, 97.25258384342516, 0.9860784755294485, 1.004486632800623]
00392839,93147,390949,355,5;[55270.74, 942, 1.018060908483933, 0.9069487475512479, 115.17308450002555, 0.9771455682197874, 1.0028284573032495]
00392839,93147,390949,355,6;[24694.250000000004, 616, 1.169529329319671, 0.9227518641606778, 123.34277898237714, 0.9876512225772326, 1.000805085922101]
00392839,93147,390949,355,7;[46681.83, 754, 1.072211237251686, 0.891237116050079, 156.28305684134415, 0.982046935396769, 1.0043947000246893]
00392839,93147,390949,356,6;[55195.93000000001, 878, 1.0116672741152626, 0.9152803885944181, 90.48311835057683, 0.9832474486558996, 9999]
00392839,93147,390949,356,7;[51790.5, 798, 1.0276859780550542, 0.9069076562674994, 131.13961827799196, 0.9806571252158379, 1.0034832876306232]
00392839,93147,390949,357,4;[54523, 1020, 1.0181905004364922, 0.9110888032151794, 95.95042595962155, 0.9837237902504365, 1.0046433638591512]
00392839,93147,390949,357,5;[55928.81, 942, 1.011564745966383, 0.9043889229844693, 116.94061887575668, 0.9775665970535619, 1.005885626230631]
