00655651,93026,390258,199,1;[23752, 732, 0.9930074919611475, 0.927546858806499, 112.26215977345967, 0.9850958771603603, 0.9940778872915228]
00655651,93026,390258,199,2;[23143.12, 628, 0.9537805225480086, 0.9861054087167239, 220.2571989181135, 0.9493895605365366, 0.9910313901345291]
00655651,93026,390258,200,3;[23532.49, 600, 0.8829964355524893, 0.972644222081687, 211.91210644992043, 0.8931780689815894, 0.9945285586081116]
00655651,93049,390351,578,3;[23917.460000000003, 566, 0.8909230471235949, 1.0016857236045376, 180.2008937962989, 0.9239545187280561, 1.0067760445200542]
00655651,93049,390351,579,1;[22086, 664, 0.9170813936423968, 0.9714287129210738, 62.6059175943581, 0.9759976937574213, 0.9966606498194945]
00655651,93049,390351,580,2;[21859.11, 688, 0.9706762296708269, 1.2218996660545274, 218.34728422976144, 0.9808344437978517, 0.9884309083082221]
00655651,93049,390353,582,1;[12584, 538, 0.9383491160198101, 0.9964985005048212, 94.14999762037567, 0.9866950223135242, 322.6666666666667]
00655651,93049,390353,582,2;[21658.0, 618, 0.9410252205226314, 0.981615755970397, 158.1076594699993, 0.9598053658531226, 1.0007423088554697]
00655651,93049,390353,582,3;[23224.24, 562, 0.9066259169884872, 1.0357742447044105, 136.48637401375285, 0.9297047926470726, 9999]
00655651,93049,390353,585,1;[22763, 660, 1.0023640430312204, 1.0048613114833944, 113.32014374202662, 0.9880031419448219, 0.9994292237442922]
00655651,93049,390353,585,3;[12642.36, 506, 0.9104613988944874, 1.0721650911642744, 95.22448928847095, 0.9701562729431331, 9999]
00655651,93049,390353,586,2;[21505.68, 626, 0.9480680781814289, 0.9769969827846737, 151.1079796102356, 0.9585159336095194, 0.9988669338123531]
00655651,93049,390355,575,1;[25919, 732, 0.9599511996074143, 0.9663524057909545, 79.26767470961668, 0.9937040376671835, 0.9913938188494492]
00655651,93049,390355,575,2;[19858.719999999998, 638, 0.938484024768528, 1.0190256148514814, 202.39697837717432, 0.9553330336587043, 9999]
00655651,93049,390355,576,3;[15263.170000000002, 534, 0.8884256287586728, 0.934862626145597, 231.85227636056894, 0.9254881304877809, 0.9918539951034944]
00655651,93056,390387,418,1;[14981, 682, 0.932440968290409, 0.9523217148733066, 136.2650932375893, 0.9847445224241409, 0.987313408244637]
00655651,93056,390387,418,2;[15984.08, 596, 0.9420665701997603, 1.0229596815940507, 236.6755800690427, 0.9632163992900374, 0.9980680636052905]
00655651,93056,390387,418,3;[15800.210000000001, 522, 0.8839161929372914, 0.9314642792829937, 234.6403277392605, 0.9206995447561813, 9999]
00655651,93062,390398,765,1;[20098, 658, 0.9988064102202837, 1.0014119269273707, 125.1295969295549, 0.9862586056987802, 0.9909034882287686]
00655651,93062,390398,765,2;[13689.76, 500, 0.9217047656069299, 1.0862468741854938, 235.10059275345097, 0.9709081236464094, 1.0118298957737808]
00655651,93062,390398,765,3;[22514.58, 616, 0.8925233978052649, 0.98509468810023, 163.71051216123635, 0.8923979132115994, 9999]
00655651,93062,390398,768,2;[14795.269999999999, 564, 0.93505168375762, 0.9634967794138127, 325.00960899077353, 0.9543426490461027, 1.0002815881572067]
00655651,93062,390398,769,1;[22942, 684, 0.9461731883274902, 0.9865867565600726, 77.08131997129266, 0.9788769755663658, 0.991400544488138]
00655651,93062,390398,770,3;[23133.820000000003, 632, 0.8822955710147039, 0.9325930276429286, 206.26244655420746, 0.9490151035595716, 9999]
00655651,93062,390398,772,1;[20880, 692, 0.9396262299254116, 1.0186816026727508, 63.42208487387513, 0.9876518021071008, 9999]
00655651,93062,390398,772,3;[17967.550000000003, 522, 0.9006535204394588, 1.017710848506341, 227.2326809478827, 0.9515080424642606, 0.9932220076489076]
00655651,93062,390398,774,2;[22507.66, 634, 0.9059843326623868, 1.0824537289531735, 169.67487628242014, 0.9817904405573142, 0.994374638557384]
00655651,93062,390400,762,1;[9565, 440, 0.9896301381681489, 0.9736000869974396, 111.470564589172, 0.9855305833600172, 0.9820832691616612]
00655651,93062,390400,762,2;[15227.24, 622, 0.9490818303818905, 0.9709761697727902, 222.33508320006425, 0.9607515774522268, 9999]
00655651,93062,390400,763,3;[22502.25, 628, 0.8837757722448749, 0.9775000951213415, 211.2402288730909, 0.9578787044788553, 0.9875838018218441]
00655651,93067,390435,85,1;[15189, 588, 0.9496129076679571, 0.9637261317224479, 169.33041472529447, 0.9730627400550543, 1.0037336857756485]
00655651,93067,390435,85,2;[12873.42, 494, 0.9192908395328714, 1.0768345018736614, 336.8814902904491, 0.9589324276333914, 0.9976943650281287]
00655651,93067,390435,85,3;[19577.300000000003, 538, 0.8921209012573608, 0.9938542840819411, 244.49490080141547, 0.9390299831855121, 0.9861633484006763]
00655651,93067,390435,87,3;[16282.45, 498, 0.8872383850664629, 0.9271580666597125, 294.3321264492917, 0.9461723562618639, 1.0016434199991573]
00655651,93067,390435,88,1;[8829, 390, 0.9985853656194503, 0.9640596516669355, 121.83499768046434, 0.98599674242582, 1.011687865245789]
00655651,93067,390435,88,2;[16683.8, 616, 0.9471654610756258, 1.0190998862849665, 256.9011121337006, 0.965080427176733, 0.9932695713779667]
00655651,93067,390435,90,1;[22279, 746, 0.9773037019769996, 0.9868469494744598, 82.73594160852954, 0.9841392575201074, 0.9896060054190912]
00655651,93067,390435,90,2;[23182.39, 620, 0.9567625486561938, 0.9934816632645678, 190.8010602322105, 0.9506859130884207, 0.9955030916245081]
00655651,93067,390435,90,3;[22972.160000000003, 630, 0.9123950275030276, 1.0091118520722422, 134.54058589854756, 0.9295281978129631, 0.9815031608522594]
00655651,93078,390514,37,2;[14882.14, 636, 0.9442135757897884, 0.9748962196951715, 212.79467177909848, 0.9689839351717856, 0.9870560378847671]
00655651,93078,390514,37,3;[23042.030000000002, 602, 0.8863325887913044, 1.0058927465529475, 169.61555090790964, 0.9409284976518371, 5606.333333333333]
00655651,93078,390514,41,1;[17715, 696, 0.9694052394295212, 0.9376853846417889, 116.3171991229789, 0.9875575534255715, 0.985864544493294]
00655651,93078,390514,41,2;[14533.47, 636, 0.9481335257930406, 0.9780750240996628, 212.97260014047308, 0.9691067367102544, 0.9882667098235961]
00655651,93078,390514,41,3;[13698.630000000001, 474, 0.8803898389371654, 0.9920685562003273, 240.44458978400232, 0.9504500625179946, 9999]
00655651,93078,390514,44,1;[20770, 670, 0.9063843482760712, 0.9781751462761624, 59.45219074971711, 0.981882555866524, 0.9963303192382414]
00655651,93078,390514,44,3;[21010.320000000003, 558, 0.9045421459277173, 0.9643458355365452, 254.77351706756866, 0.9441611849208316, 0.9847497351269785]
00655651,93078,390514,47,2;[23409.68, 712, 0.9912322084863341, 1.0013137483128662, 232.53195160127632, 0.9772363182447855, 0.9964794975052554]
00655651,93085,390567,544,1;[22086, 690, 0.9922917993874641, 1.00469912643005, 118.84486134254747, 0.986285092181627, 0.9915596659782706]
00655651,93085,390567,544,2;[20026.51, 632, 0.9013057969999817, 0.9908321075452906, 211.03448442724297, 0.9793251600484149, 9999]
00655651,93085,390567,544,3;[18530.620000000003, 552, 0.9212580483409579, 0.9764815037923603, 270.65056028782186, 0.9406606267236535, 0.9851061505407669]
00655651,93091,390584,659,1;[18812, 706, 0.9767217429770921, 1.0076698552023997, 123.53465853240161, 0.9878843046921397, 0.9826320875447256]
00655651,93091,390584,659,2;[22521.94, 642, 0.9951831426364259, 1.0052605462883866, 221.741074954226, 0.9762969388642346, 0.9956074594281806]
00655651,93091,390584,659,3;[19541.68, 572, 0.8852382312251817, 0.9864323536435122, 189.70691241268457, 0.9105063958816858, 0.9911406038286489]
00655651,93091,390588,657,1;[15903, 636, 0.9973440594640111, 0.9463015831093651, 98.97049835121753, 0.9890155470828405, 0.9986498791170837]
00655651,93091,390588,657,2;[14847.63, 618, 0.950389240351325, 0.9760053795598197, 221.25758157514036, 0.966236424917844, 0.9913789678598387]
00655651,93091,390588,657,3;[20959.63, 590, 0.9043975124046199, 0.9902023766607728, 228.54681704805947, 0.9475366136064303, 0.9767605184192045]
00655651,93092,390593,732,1;[22719, 686, 0.9240973099275372, 0.9578523892696533, 64.46171671494093, 0.9812740384071018, 0.9978478566408995]
00655651,93092,390593,732,2;[22918.21, 652, 0.9490134326957975, 0.9917294702574005, 158.25641076999307, 0.9559716463670183, 0.9883252508146666]
00655651,93092,390593,733,3;[22833.79, 630, 0.8880191931581758, 0.9404282264898205, 190.10403735989587, 0.9496295820302552, 0.9751630927654097]
00655651,93092,390593,735,2;[21690.129999999997, 642, 0.9845156420020247, 1.0028805994292753, 277.27731582512973, 0.9665369091023066, 0.9951136953020501]
00655651,93092,390593,736,1;[23557, 678, 1.0455671262452944, 0.9713288643422008, 120.06947246213733, 0.9848628519022797, 0.9946797280749905]
00655651,93092,390593,736,3;[14249.37, 570, 0.9004062734476189, 0.9539625331624038, 220.9549437683898, 0.9433412912269377, 0.9894406392694064]
00655651,93092,390597,739,1;[10541, 486, 0.9833394433363315, 0.9868799917879432, 107.28361638018467, 0.987834493824179, 0.9633962436594616]
00655651,93092,390597,739,2;[22137.57, 654, 0.9456202872447128, 1.0193274996741366, 209.4588974924329, 0.9482768543386139, 0.986477887368756]
00655651,93092,390597,739,3;[17323.65, 590, 0.9029340826282154, 1.0012724930491301, 193.97671047904868, 0.9487211603367035, 0.9791698931392288]
00655651,93092,390597,741,3;[17331.870000000003, 540, 0.8914203638816829, 0.9442123047846123, 301.9236588737282, 0.9459118622625373, 0.9872410160365211]
00655651,93092,390597,742,1;[22222, 648, 0.9175546419647603, 1.009161605976803, 52.775196561543716, 0.9874229406913411, 9999]
00655651,93092,390597,743,2;[21797.23, 666, 0.940735375613344, 0.9713205879371802, 212.94272217785962, 0.9636591873469171, 0.9717756910180911]
00655651,93098,390632,1192,1;[22721, 726, 0.9970370597854866, 1.0102486087897746, 129.31691132173177, 0.9854127634335363, 0.9933980412731724]
00655651,93098,390632,1192,2;[20091.96, 654, 0.9410676053908261, 1.0153277202054853, 210.24382349907663, 0.9533407146357471, 9999]
00655651,93098,390632,1193,3;[23196.84, 592, 0.897917691810236, 1.004174825788634, 135.87633622562876, 0.9165028721680982, 33864.0]
00655651,93098,390636,1190,1;[20486, 692, 0.9405700133298132, 1.015790953055224, 62.856344517260226, 0.9882827255187372, 0.9872295311069346]
00655651,93098,390636,1190,2;[22872.989999999998, 630, 0.9569687330093816, 0.9763280402924953, 229.04678187343245, 0.9664737452902887, 9999]
00655651,93098,390636,1190,3;[21380.22, 560, 0.8926203052594496, 1.0123838570438835, 125.17869078019292, 0.8826737013649938, 10404.0]
00655651,93113,390739,1943,1;[22482, 710, 0.9278516553974733, 1.0384666428574574, 70.66565839963576, 0.9899822621657324, 0.9941848895571229]
00655651,93113,390739,1943,2;[22225.629999999997, 636, 0.9023168990023043, 1.0005891709739745, 285.39705485758833, 0.9630877005208861, 0.9930612787451815]
00655651,93113,390739,1944,3;[14176.76, 524, 0.870311986177035, 0.9396954625922762, 320.4814078706489, 0.9285168120750368, 0.9726020959631562]
00655651,93114,390744,2033,3;[18301.83, 532, 0.895088694274842, 0.9571768039663667, 255.25623298667213, 0.9505634551758727, 0.9920908989640191]
00655651,93114,390744,2034,1;[21884, 716, 1.0002087333331917, 0.9995785136671571, 121.56646974809837, 0.9866869808748853, 0.9923141451470289]
00655651,93114,390744,2034,2;[22634.989999999998, 650, 0.9236005916611315, 1.0051667413555108, 206.982307778821, 0.9676431680659802, 0.9946401024916987]
00655651,93119,390780,280,1;[21198, 700, 0.934042522164242, 0.9936826248129745, 76.14717509618102, 0.985797416388948, 0.9903756307232293]
00655651,93119,390780,280,3;[23448.920000000002, 584, 0.878026938279631, 0.9971058657523976, 191.70415100338556, 0.9149881795171156, 9999]
00655651,93119,390780,281,2;[22329.16, 624, 0.9419651557373331, 0.9896785847839064, 243.63496206059958, 0.9218994025291534, 0.9993874996671194]
00655651,93122,390795,1703,1;[23398, 714, 0.9698720256910504, 0.9871856931906284, 96.72514179544274, 0.9829517448498086, 0.9968048396029481]
00655651,93122,390795,1703,2;[22836.1, 642, 0.9445897915484688, 0.9993059899183389, 165.15107357379068, 0.9539149520396984, 0.9879530477759473]
00655651,93122,390795,1704,3;[23838.000000000004, 572, 0.8880811491233437, 1.006468564714406, 192.45277763644714, 0.9150108434562974, 1.0013812154696133]
00655651,93122,390796,1699,1;[22225, 720, 0.9252146959545123, 1.0543506606565698, 76.43763679852445, 0.990128073363364, 0.995899894696749]
00655651,93122,390796,1699,2;[21974.539999999997, 664, 0.939744145961388, 1.0200024531546261, 235.91302145633114, 0.944174358702867, 0.9908778707877227]
00655651,93122,390796,1700,3;[19656.760000000002, 572, 0.9020414134546749, 0.9727819484886914, 292.14295782608525, 0.9507244463342963, 0.9826387699893846]
00655651,93122,390796,1701,1;[20640, 632, 0.953667053246711, 0.9873191643990727, 80.44110044211695, 0.983991918874887, 0.9950344694595767]
00655651,93122,390796,1701,2;[21316.469999999998, 608, 0.9419077982720484, 0.9810376666497773, 231.72676158502878, 0.9319048148036772, 1.0001954270080124]
00655651,93122,390796,1701,3;[20514.38, 542, 0.8839724373394477, 0.9813539550925504, 173.91274275291633, 0.9354323883899713, 0.9943885513165321]
00655651,93135,390890,966,3;[16863.33, 590, 0.88609404970914, 0.9478048306538644, 194.39200252072195, 0.9383605181977915, 0.9826760338495929]
00655651,93135,390890,967,1;[22947, 660, 1.0022303834884492, 0.9742608084426293, 97.1438852851203, 0.9854191527027117, 0.9985422423358935]
00655651,93135,390890,967,2;[15024.939999999999, 544, 0.9519307698121925, 1.006866881446359, 281.0741302281036, 0.9630855232030915, 9999]
00655651,93136,390894,1048,1;[21996, 696, 0.9329212316996938, 1.0342695019521029, 64.28516365506856, 0.9879839634745895, 0.99289051391428]
00655651,93136,390894,1048,2;[22610.0, 626, 0.9310226342070096, 1.098929105440861, 160.27234776161126, 0.9746713517480364, 0.9910544297524972]
00655651,93136,390894,1049,3;[22406.350000000002, 610, 0.9117051003535798, 0.9680918968531574, 173.71293530065824, 0.9324713325885686, 0.9828725961538461]
00655651,93141,390932,194,1;[16907, 592, 0.9973050903348448, 1.0052147997459275, 126.8029123068617, 0.9881091096351138, 0.9966399434095732]
00655651,93141,390932,195,2;[23332.329999999998, 680, 0.9258632929280259, 1.0383657420072994, 165.94125875736762, 0.9777333958782654, 0.9955571352408032]
00655651,93141,390932,197,3;[18231.960000000003, 566, 0.8381403231724676, 0.9824787137055769, 316.26601180162055, 0.9490058746698986, 0.9915064818953956]
00655651,93141,390936,198,1;[21581, 666, 0.9986103851971974, 1.0040993503158069, 115.05797826656057, 0.9885155434819148, 0.991454954748013]
00655651,93141,390936,198,2;[21339.079999999998, 648, 0.9577532612838854, 1.1805305939506177, 211.4866144005497, 0.9778565580891827, 0.9878257037404286]
00655651,93141,390936,198,3;[22959.83, 602, 0.9301455031317937, 1.1471040297938937, 114.31435724315719, 0.9504180218851356, 0.9971440471232225]
00655651,93142,390940,244,3;[21137.730000000003, 584, 0.9056956729710839, 0.9714359470548573, 210.411176511603, 0.944920790726197, 0.9832398674483813]
00655651,93142,390940,245,1;[16350, 654, 0.9225309039835962, 0.9491292628421575, 82.69114772561095, 0.9862659629107904, 0.9927441634536568]
00655651,93142,390940,246,2;[21492.59, 660, 0.922914170085064, 0.996126252988447, 215.84982466471428, 0.9527605138523978, 9999]
00655651,93142,390940,247,1;[20456, 628, 1.0005798779831767, 0.9684889873239935, 103.40194704571255, 0.9882321929876103, 0.9957892174759645]
00655651,93142,390940,247,3;[18142.91, 554, 0.8814941801200653, 0.9560395216372201, 261.88059516967155, 0.9163160520947083, 0.9885048891542882]
00655651,93142,390940,248,2;[22495.76, 696, 0.6618790197085207, 1.1626789105947337, 219.61404951876557, 0.9819811429386524, 0.9926225419412429]
00655651,93142,390940,250,2;[22289.89, 642, 0.9282503754059565, 1.0246033358911095, 206.6514672374945, 0.9658402363915458, 1.0000800875624016]
00655651,93142,390940,250,3;[22259.760000000002, 614, 0.9141737579464365, 1.1564153993349156, 146.3875917917937, 0.9545570680033568, 9999]
00655651,93142,390940,251,1;[12389, 534, 0.9797728471053083, 0.9717078992509252, 125.32977273590242, 0.9812178101862674, 0.9913579259022165]
00655651,93147,390948,316,1;[8281, 386, 0.9866146306834237, 0.9753708780220363, 83.09175787815705, 0.99064868929904, 9999]
00655651,93147,390948,316,2;[22690.92, 624, 0.9373556873058161, 0.9865236170083516, 182.65659240155853, 0.9353310441508825, 0.9937201969929906]
00655651,93147,390948,316,3;[21300.760000000002, 576, 0.8750790192449711, 0.9524617681157715, 323.74761430774953, 0.9212179077503728, 9999]
00655651,93147,390948,318,3;[19814.31, 572, 0.8823194739118333, 1.0026691760554611, 176.85296345850432, 0.9104381531042536, 0.9862929623567921]
00655651,93147,390948,319,2;[22812.3, 652, 0.934379559073281, 1.0036991947034384, 211.9181963049685, 0.9364024084627525, 0.9921076465260706]
00655651,93147,390948,320,1;[21725, 668, 0.9116191670998908, 0.9788249913564343, 60.912103585481546, 0.9832483980728417, 9999]
00655651,93163,391028,73,1;[23136, 732, 0.9215189316950431, 0.986741143673565, 89.08637046723774, 0.9873747849188267, 0.9973273558065351]
00655651,93163,391028,73,2;[22594.53, 654, 0.9378320596635145, 1.005137588526953, 231.51934566421764, 0.9426913724894772, 0.991229444009397]
00655651,93163,391028,73,3;[21754.230000000003, 584, 0.8882091177092404, 0.9764866942483612, 184.5338241701765, 0.8834078588608854, 9999]
00655651,93166,391048,251,1;[9835, 454, 0.9770309605553257, 0.9781260115054198, 102.40024017937192, 0.9798102205425516, 9999]
00655651,93166,391048,251,2;[22656.41, 652, 0.9415497114638682, 1.0117347570939383, 213.11225385363048, 0.9466978865969562, 0.9939441399112503]
00655651,93166,391048,252,3;[23429.74, 630, 0.8956074715805971, 1.076672444041139, 95.9206815226854, 0.9302103001534208, 34204.0]
00655651,93166,391048,253,1;[21908, 714, 0.9267828296409523, 0.950989854511786, 69.173187935965, 0.9802512496557529, 0.9993613721375787]
00655651,93166,391048,253,3;[15574.160000000002, 580, 0.8820378990751132, 0.9413627808122987, 294.5160274347223, 0.9454398835420299, 0.9899420908259677]
00655651,93166,391048,254,2;[19338.69, 672, 0.9678972322802564, 1.057965017919784, 263.15004988242544, 0.9730307758100152, 0.9808371306998219]
00655651,93166,391050,245,1;[17384, 652, 0.9698125911389748, 0.9643238409015219, 73.68278739031732, 0.987870339891569, 0.9873626217590095]
00655651,93166,391050,245,2;[22544.55, 664, 0.9263661647470869, 1.0924752113038607, 189.956842088799, 0.9756279681526662, 0.9866159775023435]
00655651,93166,391050,247,3;[17631.9, 602, 0.8966221493279837, 0.9462441029887237, 172.8753518617571, 0.9493331873763666, 8580.0]
00655651,93166,391052,248,1;[20975, 684, 0.9380390752987857, 1.0132203212125357, 64.15885565364447, 0.985768306551456, 0.9922887690415366]
00655651,93166,391052,248,2;[22487.43, 690, 0.9258956991032947, 1.0859386775362525, 210.0231269116219, 0.9793508305760793, 0.9874588493494278]
00655651,93166,391052,248,3;[22488.550000000003, 614, 0.8910273450851152, 0.9873439677127983, 146.02451672348914, 0.882125669540973, 0.9848212143028557]
00655651,93170,391066,318,1;[12155, 582, 0.9515925791588594, 0.9624309474768561, 69.8267708621088, 0.9797404716542645, 0.9424307036247335]
00655651,93170,391066,319,2;[14984.48, 634, 0.945368300349527, 0.9715108587283775, 220.18416250305947, 0.9609377227656857, 0.9964390282503759]
00655651,93170,391066,319,3;[20345.870000000003, 596, 0.8899736786766826, 1.0165375215156842, 191.01256404709056, 0.8969897977626969, 0.9910577243910578]
00655651,93170,391068,320,1;[10114, 458, 0.9831872123710169, 0.971360364041699, 85.57905072697483, 0.9876684187305107, 0.9909856946893983]
00655651,93170,391068,321,2;[23401.35, 708, 0.9890655518537353, 1.0095701161131028, 206.11929426119002, 0.979741031475026, 0.9923047811277911]
00655651,93170,391068,321,3;[17368.86, 598, 0.8869554289249091, 1.000421681108034, 293.16346039439014, 0.9519532246371104, 0.9824860508369497]
00655651,93170,391068,322,3;[22810.5, 622, 0.9027673763097516, 1.024561355918734, 118.01500627797876, 0.9270409037148445, 9999]
00655651,93170,391068,323,1;[21791, 690, 0.9918434125217401, 1.001994333918321, 123.77026179836055, 0.9861433574195799, 0.9893083331441672]
00655651,93170,391068,323,2;[23610.789999999997, 678, 0.9836045315390701, 0.9935401800799125, 196.9641710399845, 0.9733508613264387, 0.9933413437468709]
00655651,93170,391068,326,1;[21907, 728, 0.9950742410392643, 1.0108733534566166, 108.93455605594721, 0.9879285315784496, 0.9948005358399745]
00655651,93170,391068,327,2;[21096.32, 660, 0.9563409987845994, 0.9798572416550476, 274.9558476010126, 0.9388396993648747, 0.9735042969715274]
00655651,93170,391068,327,3;[12106.69, 434, 0.901982815481558, 0.94567134732119, 196.10720471474644, 0.9544003577600091, 1.0094813799405986]
00655651,93173,391093,593,1;[20389, 636, 0.914177207061546, 0.9833755509257016, 51.27553645923024, 0.9840051964012033, 9999]
00655651,93173,391093,593,2;[11974.97, 464, 0.9179183251673874, 1.1445424537429845, 298.10703652081213, 0.9630520537447419, 0.9993048659384309]
00655651,93173,391093,593,3;[18767.63, 586, 0.8868096451818706, 1.0132680408417312, 211.84873243416666, 0.8892375246841412, 0.9834523852256003]
00655651,93173,391093,595,2;[22274.42, 624, 0.9779375419140349, 1.0462369061450236, 223.26862715149224, 0.9750654816154616, 0.9908421999894129]
00655651,93173,391093,595,3;[15516.62, 572, 0.8954332919601301, 0.9428208441884561, 207.84981628472335, 0.9338122995485314, 0.9884365318322642]
00655651,93173,391093,597,1;[20055, 706, 0.9686928840284124, 1.0193704028460289, 120.20710199959406, 0.9888500711728554, 0.9868372493541641]
00655651,93203,391208,450,1;[23097, 726, 0.9137582567782919, 1.0266747405160168, 83.09078971316059, 0.9901688014200947, 0.9954316252208766]
00655651,93203,391208,450,2;[22366.05, 608, 0.9582816747934471, 0.9761309467927238, 230.8619118871309, 0.9418103951114942, 0.9959462681821795]
00655651,93203,391208,451,3;[19053.960000000003, 590, 0.8854275023831443, 1.0326890456517022, 207.6503836942228, 0.9144795448649288, 0.9772344013490725]
00655651,93203,391208,452,1;[23641, 756, 0.9516773910272173, 0.9623050358790823, 98.4485520284092, 0.9873598307869427, 0.9926728391173816]
00655651,93203,391208,452,2;[21656.809999999998, 628, 0.959559290520347, 0.9814759145042168, 224.27814896904525, 0.9407840049461748, 0.9825878033636585]
00655651,93203,391208,452,3;[23051.620000000003, 582, 0.8940361820607589, 0.9977428697867187, 191.59978981311627, 0.9502863582515295, 0.9972735893788526]
00655651,93203,391208,453,1;[19842, 700, 0.97382972383812, 1.0470900805104792, 100.43766626438949, 0.9914722394514995, 0.9907377356135314]
00655651,93203,391208,453,3;[14787.78, 526, 0.8788831858065894, 0.9984947812065574, 249.454842762987, 0.9493435235571569, 0.9908206352120433]
00655651,93203,391208,454,2;[19080.46, 650, 0.944176137822157, 0.9815436478590708, 181.27912718760882, 0.9591754312086114, 0.9837111567839504]
00655651,93228,391299,542,1;[21360, 656, 0.9286324175078763, 0.9579372811039677, 64.53352906493639, 0.969386049435055, 1.0028169014084507]
00655651,93228,391299,542,2;[23303.77, 646, 0.9383557744174993, 0.9946243486513379, 155.65773539878472, 0.945484662194742, 0.9919712281234961]
00655651,93228,391299,542,3;[22540.61, 570, 0.8939745865756088, 0.999469841313525, 199.05237577838125, 0.92879099332363, 0.9975444872222391]
00655651,93230,391308,631,3;[13199.95, 464, 0.9037277402650293, 0.9448912366934059, 204.43796398607108, 0.9607138833948957, 1.0010909657644553]
00655651,93230,391308,632,1;[22286, 682, 0.9975637103046274, 1.001828681037965, 113.08669968808069, 0.9877913366405143, 0.9907530897128123]
00655651,93230,391308,632,2;[21223.649999999998, 598, 0.9337324604686738, 0.9892547617807413, 159.2580585042674, 0.9536518321207021, 9999]
00655651,93248,391431,40,2;[22915.829999999998, 648, 0.9530979707379263, 0.9993313154010393, 230.9151628172748, 0.9560123105712748, 0.9954252927037296]
00655651,93248,391431,42,1;[12476, 562, 0.9404073428879711, 0.9738591782195625, 90.60451477499873, 0.9817274448453766, 0.9541508928912852]
00655651,93248,391431,42,3;[20650.010000000002, 556, 0.8870271101051123, 0.995814939813071, 205.17366446298507, 0.9145602276226861, 0.9858077174623937]
00655651,93261,391470,313,2;[22924.16, 644, 0.9535147926651737, 0.993004683015324, 269.8525686083753, 0.9617286467070809, 0.9932200768219432]
00655651,93261,391470,314,1;[22981, 664, 0.9999772337080595, 0.9989893478978321, 124.28688138742206, 0.9846545843270961, 0.9935796277481139]
00655651,93261,391470,314,3;[23142.04, 620, 0.9129516394672721, 1.1510109167808427, 111.73152403768387, 0.9585311370486197, 9999]
00655651,93261,391470,315,2;[14571.55, 546, 0.9562546342345822, 0.9903585543087119, 286.2690659761142, 0.9580250004327311, 9999]
00655651,93261,391470,316,1;[18260, 668, 0.9714880274620169, 0.976635451721677, 79.56295408002997, 0.987157496343325, 0.9950953678474115]
00655651,93261,391470,316,3;[20545.890000000003, 600, 0.8938591773701096, 1.015157514795964, 170.5770108307346, 0.9559908488760915, 9999]
00655651,93264,391493,593,1;[12887, 568, 0.9518442316943188, 0.9757260394176992, 84.20597186216315, 0.9838836938751137, 0.9431352459016393]
00655651,93264,391493,593,3;[14648.04, 508, 0.8778025094153012, 0.9259822887545169, 318.70340625417896, 0.9417885758764698, 0.9940960438845242]
00655651,93264,391493,594,2;[22197.07, 616, 0.9447538683393227, 1.008456952200705, 224.1405796118239, 0.9714397921451964, 0.980292200966996]
00655651,93272,391515,709,1;[11282, 504, 0.9829175840911921, 0.9723064082387437, 142.72005015524218, 0.979275017041149, 0.9792127761142212]
00655651,93272,391515,709,2;[15049.929999999998, 626, 0.9559301549526703, 0.9904966846354288, 242.13975875961188, 0.969366727709107, 0.9883557361675523]
00655651,93272,391515,709,3;[21478.86, 566, 0.9073072728019932, 1.001556224278137, 221.55769039546945, 0.9622679061527488, 0.983162449440316]
00655651,93272,391518,707,2;[15628.269999999999, 540, 0.9461664246823315, 0.9608875412780937, 261.2921761895961, 0.9527291085573218, 1.0070160641030557]
00655651,93272,391518,708,1;[15838, 676, 0.9655877766241865, 0.993413204840781, 109.45897138108947, 0.9837552259365568, 0.9946930444339771]
00655651,93272,391518,708,3;[23527.010000000002, 620, 0.9120476996395782, 1.0783602208601761, 115.18401494836013, 0.9346061684777193, 0.9933192584666107]
00655651,93273,391526,789,2;[15379.56, 568, 0.934915937119045, 0.9632033575862301, 372.6156232858535, 0.9487303763433845, 0.9944215750394337]
00655651,93273,391526,789,3;[22747.480000000003, 594, 0.8884178767846393, 0.9958465360565045, 267.98099057174807, 0.9346373828964649, 0.9790094339622641]
00655651,93273,391526,791,1;[16340, 602, 0.9798531809738382, 1.0152563576086735, 101.05608344136957, 0.9906181291007061, 157.8743961352657]
00655651,93273,391526,792,1;[20085, 628, 0.9485659576781241, 1.0232121514736898, 79.00656478513761, 0.9856995999470171, 0.9959339515049338]
00655651,93273,391526,792,2;[18139.17, 636, 0.9748851386447613, 0.9910968532795019, 291.7120310772757, 0.9620236490466193, 0.988938268401077]
00655651,93273,391526,792,3;[22599.52, 638, 0.8895078729092607, 0.9862183255522043, 199.0389232116937, 0.9636818894912611, 0.9840133619661179]
00655651,93273,391528,783,2;[21378.35, 660, 0.9102951620781493, 0.9783888199158133, 242.23125218760651, 0.9625120610887711, 0.9765179105288906]
00655651,93273,391528,783,3;[17311.32, 570, 0.8959377788069276, 0.9944354378174661, 284.9174969558807, 0.9484619836494417, 0.9834993773349938]
00655651,93273,391528,785,1;[16177, 688, 0.9715284090998492, 0.9513730677758233, 136.40082628244255, 0.9847642408287172, 0.9942228504701617]
00655651,93273,391528,787,1;[15875, 668, 0.9664935463590475, 1.0023090734324454, 115.18720617663085, 0.9849103513396108, 9999]
00655651,93273,391528,788,2;[19686.17, 644, 0.9695005032996876, 1.0863672270486608, 296.81360357795234, 0.9760320189407549, 0.9835315101070154]
00655651,93273,391528,788,3;[22278.940000000002, 604, 0.9094328174968463, 1.0217439086004012, 213.51395213911215, 0.9625877342396739, 0.9781654135338346]
00655651,93329,391875,123,1;[12974, 574, 0.9680734516672516, 0.9736745823568347, 75.01802996042889, 0.9862730283379046, 0.9819489120151372]
00655651,93329,391875,123,2;[22938.44, 684, 0.9248833637790929, 1.0644104101993241, 201.18365125123802, 0.9811099728107769, 0.9940437820694634]
00655651,93329,391875,125,3;[18270.32, 580, 0.8825240844509856, 1.0068609508491555, 224.39782089710485, 0.8884240593960733, 0.9910083971167423]
00655651,93329,391876,121,2;[23291.87, 692, 0.9107606468924629, 1.0475427401597204, 185.02802718851692, 0.9826474023384153, 0.9940831407603037]
00655651,93329,391876,122,1;[20797, 698, 0.9961538634611886, 1.008578309051112, 131.39689811098245, 0.9783937088186957, 0.9970754626522198]
00655651,93329,391876,122,3;[16708.52, 588, 0.8965149345609098, 1.0504868653677373, 146.34133768290587, 0.9498854619042375, 0.9867713095189935]
00655651,93329,391880,126,1;[21594, 662, 0.9401146672560258, 0.9641193560707283, 62.756508851582225, 0.9839509008974953, 0.9954592601129423]
00655651,93329,391880,127,2;[20343.05, 590, 0.9600254735086865, 1.1359726129189645, 232.38068326489076, 0.9706915639523176, 0.9878933225461585]
00655651,93329,391880,128,3;[22626.920000000002, 614, 0.8939014586908807, 1.0384253232573273, 109.44912534348734, 0.8980893743836845, 0.9980662315687696]
00655651,93329,391880,129,1;[22071, 734, 0.9025978970039417, 1.0214355635088483, 92.82850201714056, 0.9885479295106989, 0.9995018567158772]
00655651,93329,391880,129,2;[21005.879999999997, 662, 0.9960265416854416, 1.002914193736447, 225.16346377974554, 0.9659493251118749, 0.9619356420805972]
00655651,93329,391880,131,3;[22007.68, 574, 0.8964108998490069, 1.0384501749480648, 118.7564761149725, 0.8793256869729196, 1.002433697347894]
00655651,93376,392041,1,1;[19441, 676, 0.9539204648521227, 0.9803902674471209, 79.1485511571243, 0.9840547865367366, 0.98067998385795]
00655651,93376,392041,1,2;[22681.399999999998, 662, 0.9438903346794558, 0.9749250527236121, 242.16779280877793, 0.9611627210056614, 0.9835135065404165]
00655651,93376,392041,2,3;[23336.58, 642, 0.903007048299194, 1.005858079566975, 105.5482921224527, 0.9476181776438675, 3406.8]
00655651,93376,392041,3,1;[20101, 710, 0.9444033279088573, 1.0266389427413456, 79.40781431031435, 0.985960907764842, 0.9862375193189903]
00655651,93376,392041,3,2;[20334.719999999998, 668, 0.9398640774369171, 0.9877095936634221, 280.15515010003685, 0.9435495147462168, 0.9606476276141219]
00655651,93376,392041,3,3;[23773.61, 646, 0.8957989674639508, 1.0211198347799597, 127.44246515494204, 0.9299695123305525, 0.9769458128078817]
00655651,93379,392069,146,1;[11530, 480, 0.9178739312976875, 0.9757237983679041, 150.60181121180102, 0.9831000607828209, 1.0062838191656485]
00655651,93379,392069,146,3;[14460.35, 556, 0.8857440328618256, 0.9244454566196094, 223.2596778208914, 0.9335307385795404, 0.9873251952668257]
00655651,93379,392069,147,2;[8691.76, 354, 0.9343737360223352, 1.0049438224798553, 281.431885719511, 0.9777777680884228, 1.0086308085341436]
00655651,93379,392069,149,2;[21997.149999999998, 612, 0.9356452840002012, 0.9705269393991904, 212.59312968539913, 0.9391360972935922, 0.9955567523899287]
00655651,93379,392069,149,3;[22470.74, 616, 0.9049284809948678, 1.0349210525789174, 166.53321018869835, 0.9590274851244852, 0.9723737253972018]
00655651,93379,392069,151,1;[21461, 712, 0.9862411862644047, 1.0015204157741668, 128.44578100044632, 0.9863012539573037, 0.9795070743952533]
00655651,93384,392079,259,1;[22797, 680, 0.9975975438474805, 1.0035528979993669, 127.74641371902013, 0.9853294963675346, 0.9857735881691603]
00655651,93384,392079,259,3;[23007.780000000002, 570, 0.8812623133969977, 0.9769690403203494, 250.56176011730366, 0.9211883789969171, 0.9873596331353989]
00655651,93384,392079,261,2;[15352.189999999999, 634, 0.9514635746925416, 0.9746315231108295, 221.09267591513597, 0.9604072693821155, 0.9962546816479401]
00655651,93384,392079,262,1;[23287, 714, 0.9232636825707272, 0.9732797591018584, 80.83074580596478, 0.9852719755553638, 0.9893574083908656]
00655651,93384,392079,262,2;[22946.77, 670, 0.9207687575503198, 1.0656815612599195, 195.083635427902, 0.9779245407067634, 0.993226711993613]
00655651,93384,392079,262,3;[16009.820000000002, 588, 0.8826959758794143, 0.9642165727957512, 294.90446213335474, 0.9495637173181468, 0.9907587961000424]
00655651,93384,392079,263,1;[18045, 614, 0.9849584551667133, 0.9709874659908705, 99.14114192469508, 0.981616593953794, 0.9981469701579224]
00655651,93384,392079,263,2;[17407.32, 646, 0.944821053670109, 0.9659338843836383, 209.47613328392057, 0.9558265188478632, 9999]
00655651,93384,392079,263,3;[19522.5, 548, 0.8887460357844255, 1.0325730497375698, 202.89591508977662, 0.9173742368917668, 0.981404958677686]
00655651,93387,392098,528,3;[23085.870000000003, 652, 0.9133679006219667, 1.221645310191187, 130.88253122682684, 0.9658279630451754, 9999]
00655651,93387,392098,529,1;[21727, 650, 0.9136597975294997, 0.9816413698940041, 77.42199975466741, 0.9791590729871327, 1.0069518468739862]
00655651,93387,392098,529,2;[21080.85, 592, 0.9550914662142399, 1.0595334079530936, 218.94948458170296, 0.9766563071568838, 0.9926872320753131]
00023698,93080,390528,134,1;[36900, 898, 0.9978155479327312, 1.0259673944738459, 89.73238912855744, 0.9929930238391793, 0.9837638966648005]
00023698,93080,390528,134,2;[39364.009999999995, 820, 1.0504391901326098, 1.022399976459444, 131.86334323534342, 0.9822628171354302, 1.0140555785472325]
00023698,93080,390528,134,3;[55474.04, 910, 1.2348669144335471, 0.954528904486548, 84.48481776732575, 0.9923977465338607, 26994.666666666668]
00023698,93244,391403,53,2;[43991.92, 860, 1.0139415938895173, 1.0212939734954087, 88.72411398565121, 0.9915332214735743, 9999]
00023698,93244,391403,54,1;[45368, 944, 1.0138822074695624, 0.9740646097252217, 57.91967425793741, 0.993886083647604, 1.000099198694986]
00023698,93244,391403,55,3;[38692.91, 766, 1.0128055678324268, 1.0020142613457823, 123.04365198080062, 0.9864740144323954, 0.9985680697226298]
00023892,93026,390259,210,1;[115384, 1676, 0.9705763288702812, 0.9705763288702812, 27.44450635858385, 0.9967809945790217, 0.9971869206936336]
00023892,93026,390259,211,2;[117053.15999999999, 1570, 1.0149650236071255, 0.9746772383627069, 32.01824097753799, 0.9959190027831599, 0.996711876257112]
00023892,93026,390259,211,3;[116700.71, 1438, 1.0186254340279237, 0.9437976061425024, 56.93241554978748, 0.9908537816795847, 9999]
00023892,93026,390259,212,1;[115337, 1664, 0.9804131521278897, 0.9889032468085639, 29.32303153461915, 0.9964262448288627, 0.9924920079683675]
00023892,93026,390259,212,2;[117691.0, 1554, 1.014747909288223, 0.9808503008994244, 33.38817836122004, 0.9959185983378324, 9999]
00023892,93026,390259,212,3;[114356.64000000001, 1394, 1.0039062202291396, 0.9507977939312924, 37.10296143051946, 0.9936297065684685, 9999]
00023892,93026,390259,214,1;[120043, 1634, 1.0032661182443197, 0.9887838124952426, 22.927187669422857, 0.9969424029558446, 0.9982495311986761]
00023892,93026,390259,215,3;[114305.95000000001, 1398, 1.010278510246198, 0.9543713578041263, 39.13504025500448, 0.9933049493998183, 9999]
00023892,93026,390259,216,2;[116758.04, 1568, 1.0123332269148082, 0.98091887278259, 29.98789604125521, 0.996023856518871, 0.9963240520725442]
00023892,93049,390350,751,2;[112488.31999999999, 1480, 0.9848740726439702, 0.9929826624223882, 26.49613653842162, 0.9961483784872827, 9999]
00023892,93049,390350,752,3;[118309.09000000001, 1532, 1.0130833231157215, 0.9721992345752148, 59.29260583943325, 0.9911236827270111, 9999]
00023892,93049,390350,753,1;[115862, 1658, 0.9829469492684024, 0.9978529551266063, 24.60371064380052, 0.9960469422803894, 0.9909383646292598]
00023892,93049,390350,756,2;[116076.17, 1538, 1.0085478725212538, 0.9927081192712227, 43.37188848757056, 0.9943862237694245, 9999]
00023892,93049,390350,756,3;[117833.70000000001, 1382, 1.047327962051423, 0.9430491915437306, 103.28006889242694, 0.9876476852572468, 0.9989779088945155]
00023892,93049,390350,757,1;[119330, 1636, 1.0075125795868425, 0.9942916148693116, 29.0029681718026, 0.9953227996444487, 9999]
00023892,93049,390350,758,3;[117121.3, 1400, 1.030931342867741, 0.9719735434960686, 74.73251000866165, 0.9910807744684849, 9999]
00023892,93049,390350,760,1;[119412, 1684, 1.0004737661313214, 0.9880028410604836, 28.934950571560975, 0.9954903479060804, 0.999870214146658]
00023892,93049,390350,760,2;[117228.09, 1564, 1.0405712513178689, 0.9825036010815462, 94.58212834702178, 0.9879751501300211, 0.9954779023530066]
00023892,93049,390350,761,1;[115473, 1576, 0.991677529821298, 0.9926776955103828, 36.86362273631874, 0.9942467519164607, 1.0014917476864902]
00023892,93049,390350,763,2;[118247.92, 1546, 1.0345050869305332, 0.994516715150005, 59.95186314319832, 0.9908730469999921, 9999]
00023892,93049,390350,763,3;[118310.46, 1494, 1.0361395917367435, 0.9712337522244107, 108.28824339469637, 0.9843328979744623, 0.9939059128182995]
00023892,93049,390350,766,1;[116227, 1652, 0.9751026370807013, 0.9892795240401203, 27.456611617824382, 0.9965442441576506, 0.9924685549359998]
00023892,93049,390350,767,3;[117711.77, 1466, 1.0214023858039325, 0.9691685127209577, 43.76655418360943, 0.9929606828812833, 10740.125]
00023892,93049,390350,769,2;[117706.47, 1490, 1.0202549609913965, 0.9997484379105231, 29.963769686372082, 0.995278891855519, 9999]
00023892,93049,390350,770,1;[117114, 1588, 1.0024585818836231, 0.9928265580916606, 32.869004539460455, 0.9955113006843905, 9999]
00023892,93049,390350,770,3;[118395.40000000001, 1410, 1.0424963099943128, 0.9275135170288007, 78.28360049762023, 0.9922517167138535, 9999]
00023892,93049,390350,773,2;[114238.81, 1522, 1.0044227657496143, 0.986742260703326, 36.17136856988099, 0.9948063335800724, 9999]
00023892,93099,390646,1221,2;[114072.20999999999, 1486, 1.0090858747803573, 0.9867088647928606, 38.53013999163804, 0.9934468550222741, 9999]
00023892,93099,390646,1222,1;[115757, 1704, 0.9986716907804245, 0.9931340390066832, 35.39650912607604, 0.9961712619634862, 0.989105543782897]
00023892,93099,390646,1222,3;[117585.73000000001, 1392, 1.1323117391248805, 0.9651113997953958, 50.31573890807299, 0.9940088735414381, 9999]
00023892,93103,390673,1487,1;[118131, 1640, 0.9941992381714719, 0.9832364950716539, 24.18140079113889, 0.9967673469878491, 0.9975637458357788]
00023892,93103,390673,1488,3;[117951.52, 1364, 1.034720293021279, 0.9614925636421753, 96.22023479779668, 0.98528403584093, 0.9961010262284081]
00023892,93103,390673,1489,2;[116541.45999999999, 1546, 1.014966414714585, 0.992022459678374, 40.09946663942671, 0.9947342202306876, 0.9929282227280332]
00023892,93103,390673,1491,2;[120403.01, 1514, 1.0503891899546012, 0.9843946252209498, 113.66690920960296, 0.984839104179109, 9999]
00023892,93103,390673,1492,1;[114627, 1678, 0.9987680845865211, 0.9924709850319351, 45.564953524898826, 0.9946129103177113, 0.9927122981592382]
00023892,93103,390673,1492,3;[112581.12000000001, 1362, 1.004285977747245, 0.9649001229124898, 31.23126453415144, 0.9956981357234577, 9999]
00023892,93103,390673,1495,2;[114817.15, 1510, 0.9930315460441014, 0.9870770259924616, 31.546042712339776, 0.9947702350629656, 9999]
00023892,93103,390673,1497,3;[113548.34000000001, 1404, 1.0054351093309934, 0.960491452600365, 28.91913419738997, 0.9948299282430487, 9999]
00023892,93103,390673,1498,1;[116314, 1654, 0.989772517025471, 0.9913499174139772, 25.89202116124958, 0.9956881817830718, 0.9948765321221763]
00023892,93103,390673,1499,1;[115761, 1706, 0.9962542217613665, 0.9812057965453727, 38.26655464467754, 0.9959036968410945, 0.9896936302274583]
00023892,93103,390673,1499,3;[117251.45000000001, 1500, 1.0242496834682837, 0.9748615169204323, 53.78139989410666, 0.9908513476631625, 34234.0]
00023892,93103,390673,1500,2;[113904.42, 1520, 1.0033341804562999, 0.9866325509813356, 31.931454020851525, 0.9944117262205622, 0.9918501209788144]
00023892,93122,390798,1587,3;[117843.29000000001, 1442, 1.0406381091708652, 0.97290517790024, 111.87571133625764, 0.982512094931687, 0.9956477955389904]
00023892,93122,390798,1589,1;[115972, 1698, 0.9778822539189395, 0.9908134710763481, 20.37117655163161, 0.9968449509462828, 0.9941706957446079]
00023892,93122,390798,1589,2;[117505.36, 1504, 1.0292453359150497, 0.9978651105229204, 41.27597117489877, 0.9945531923571351, 9999]
00023892,93122,390798,1590,1;[114476, 1708, 0.9714008354292216, 0.9792266459744134, 31.895664856885332, 0.9963746613606888, 0.9873600048300221]
00023892,93122,390798,1590,2;[115546.62, 1446, 1.0044099548766843, 0.9937778684089924, 34.96544073137213, 0.9941037791054449, 9999]
00023892,93122,390798,1592,3;[117977.55, 1424, 1.0384956777881869, 0.9582881772027657, 51.69301507743181, 0.993571167624946, 172230.0]
00023892,93139,390920,17,2;[116130.90999999999, 1510, 0.9981631323817355, 0.9808162066148503, 32.268889709424414, 0.993887002655094, 0.9946034641785189]
00023892,93139,390920,17,3;[117082.94, 1368, 1.01704474354301, 0.9629625559037094, 53.25214145749839, 0.9925764721536028, 9999]
00023892,93139,390920,18,1;[114291, 1656, 0.9814575364939319, 0.9959018721886728, 30.733984173391054, 0.9957475714305857, 0.9944271152817112]
00023892,93139,390920,19,1;[117141, 1708, 1.0011284673044343, 0.9784178992053928, 59.47460187917027, 0.9921109682880714, 0.9933264364697103]
00023892,93139,390920,20,3;[118051.53000000001, 1470, 1.0213625513322462, 0.9716452290970454, 85.44257796364806, 0.9849400431888099, 9999]
00023892,93139,390920,21,2;[115941.7, 1478, 1.0067750976010585, 0.9966286729292532, 25.270836994108723, 0.9955051948918705, 1.001742742428838]
00023892,93166,391047,301,1;[119197, 1602, 0.9934559797032223, 0.9948353663934025, 20.712104405988043, 0.9968702647084702, 0.9987055043296481]
00023892,93166,391047,301,2;[116151.14, 1540, 1.0002683910551358, 0.9928704150270152, 33.4848806094114, 0.9948215854848882, 9999]
00023892,93166,391047,303,3;[118637.89000000001, 1398, 1.0223579081250327, 0.9703534494557088, 42.23273852076505, 0.9934911546531924, 9999]
00023892,93166,391047,304,1;[117753, 1622, 0.9772164352433422, 0.9958620833402838, 25.766315361363983, 0.9967860458868003, 0.9972686967237064]
00023892,93166,391047,305,2;[117093.62, 1536, 1.002178459818774, 0.997850638667676, 24.4138911119299, 0.9964615269265222, 1.000127051242307]
00023892,93166,391047,305,3;[119032.45000000001, 1370, 1.0183846266174685, 0.9748323649170428, 37.875699129217296, 0.9947455224370897, 2199.6202531645567]
00023892,93166,391047,307,2;[115370.5, 1528, 1.0058060097422366, 0.9895282762600829, 39.93207841576104, 0.9944151817445519, 9999]
00023892,93166,391047,308,1;[115460, 1682, 0.9960968642594321, 0.9954651582763876, 40.582903883813906, 0.9951983391381567, 0.9932470213772635]
00023892,93166,391047,308,3;[118877.64000000001, 1454, 1.017150500848034, 0.9733966928934351, 36.44529966828555, 0.9937569319287601, 1324.7633587786258]
00023892,93166,391047,309,1;[119716, 1620, 1.0322619672169577, 0.9876387315526259, 46.38197855060344, 0.9944067144527013, 0.999419796219075]
00023892,93166,391047,309,2;[115416.90999999999, 1496, 1.0140101989435855, 0.9782871975660953, 49.76970517264166, 0.9923215994050387, 9999]
00023892,93166,391047,310,3;[117396.67000000001, 1446, 1.0322636927019022, 0.9549682020607355, 42.6314536599798, 0.9954496600959517, 9999]
00023892,93166,391047,312,2;[119097.58, 1476, 1.0286965797742729, 0.9766518066581236, 64.13464440773701, 0.9901136968339167, 100082.0]
00023892,93166,391047,313,1;[120302, 1688, 1.021004314514589, 0.9866737636844082, 42.55555215394716, 0.9931729686905908, 0.9957002685780263]
00023892,93166,391047,313,3;[119017.38, 1408, 1.0256435421473993, 0.9687818342517958, 44.27779058241403, 0.9929874755115312, 24821.14285714286]
00023892,93166,391047,315,1;[117580, 1706, 0.9911475015587408, 0.9998940038735258, 31.46718806602632, 0.9964770636421072, 0.9924037812288994]
00023892,93166,391047,315,2;[119473.62, 1562, 1.0290292751963206, 0.976969826578464, 59.39391504055549, 0.9910613417632356, 9999]
00023892,93166,391047,315,3;[120414.78000000001, 1524, 1.0420803432332637, 0.9716719340706381, 114.80932319891738, 0.9838297153742086, 0.9968696835658387]
00023892,93265,391506,609,1;[120450, 1668, 1.0130823848066772, 0.9934285035407959, 28.081715577593773, 0.9950777124707098, 9999]
00023892,93265,391506,609,3;[119976.38, 1438, 1.0627480642574758, 0.9590433977019611, 126.38952663022229, 0.9846962103710577, 0.99012968218255]
00023892,93265,391506,610,2;[119833.0, 1508, 1.0279624297293433, 0.9939602657133225, 34.05485042585448, 0.9943307197997148, 0.9989534301203803]
00023892,93265,391506,611,3;[119896.92000000001, 1368, 1.0267371543472592, 0.9680652141772095, 60.138477372720004, 0.9910185054986551, 175032.0]
00023892,93265,391506,612,2;[116885.37, 1548, 1.0145783774572443, 0.9803564738122116, 29.62078944142632, 0.9948200399301197, 9999]
00023892,93265,391506,613,1;[114481, 1610, 0.9955593575803238, 0.9902087238335712, 36.759064237107594, 0.9944111491071127, 0.9902515396858349]
00023892,93329,391882,87,1;[118271, 1616, 1.0194271800477344, 0.9951980347867928, 37.73351695185407, 0.9949972892828642, 0.9989948475377988]
00023892,93329,391882,87,2;[111247.15, 1430, 0.9892958805203751, 0.987969527216751, 25.62743346510477, 0.9960790202361292, 9999]
00023892,93329,391882,87,3;[115923.92000000001, 1414, 1.0215942370198658, 0.9563196493174627, 47.010858776237484, 0.9953242287886229, 9999]
00023892,93329,391882,89,1;[114628, 1672, 0.9914825066265023, 0.992449732020601, 46.0862142629913, 0.9941192467786226, 0.9939475920434248]
00023892,93329,391882,89,3;[114667.63, 1414, 1.0167941706478845, 0.9529070402788227, 69.36194070195396, 0.9896615259912896, 0.9922821576763485]
00023892,93329,391882,90,2;[116098.78, 1540, 1.024478526931865, 0.9929498654533664, 58.7047229351499, 0.9922725834272821, 9999]
00023892,93329,391882,92,2;[114627.93999999999, 1522, 1.0073552101636527, 0.9847883422105579, 36.85985021329225, 0.9940911230252352, 0.9904477918873066]
00023892,93329,391882,92,3;[114493.64000000001, 1356, 1.0098884038015559, 0.9575393429604518, 53.70771228318953, 0.9928164272628103, 9999]
00023892,93329,391882,93,1;[115389, 1646, 0.9791536811644996, 0.9912072497007227, 30.555962129969355, 0.9961549890584726, 0.995354855405318]
00023892,93329,391882,94,1;[116973, 1592, 0.994606233216065, 0.9965614043713638, 34.71012332712566, 0.9946580766084038, 0.9999615310636661]
00023892,93329,391882,94,2;[112866.73999999999, 1496, 1.003006582190011, 0.9923183925625743, 26.138494257660792, 0.99570058885804, 9999]
00023892,93329,391882,94,3;[114433.36000000002, 1410, 1.0214616209838423, 0.9517095185099957, 73.57692311392724, 0.9894936176987641, 0.990536726513768]
00023892,93329,391882,96,1;[115407, 1632, 0.9872182726007631, 0.9927104473525977, 23.989429741072772, 0.9960868400620199, 0.996795591563164]
00023892,93329,391882,96,2;[113005.97, 1516, 0.9882006017804126, 0.9825266807640969, 27.477798069064683, 0.9957344812378607, 0.9942780561096016]
00023892,93329,391882,96,3;[117169.25000000001, 1434, 1.0569068397282255, 0.9348208440309685, 110.45560734956277, 0.9883416942725053, 9999]
00023892,93329,391882,99,1;[118266, 1608, 1.0340711010663866, 0.9901960891665134, 40.350390802242764, 0.9941750124012475, 0.995743928467688]
00023892,93329,391882,99,2;[114010.33, 1524, 1.0088953795511193, 0.9873587254334197, 27.375748128469997, 0.9954495918170748, 9999]
00023892,93329,391882,99,3;[113752.47000000002, 1336, 1.0058340005280906, 0.9771892906538502, 25.640739364499375, 0.99607581804577, 9999]
00023892,93377,392048,3,3;[118466.64000000001, 1406, 1.047556527781869, 0.9626297559970822, 107.28162349534367, 0.988306503325163, 9999]
00023892,93377,392048,4,1;[118492, 1724, 0.9863208326474601, 0.9986424630954116, 19.764201178268063, 0.9967779664001932, 0.982353745839223]
00023892,93377,392048,4,2;[116322.5, 1540, 1.0024661578187861, 0.9812524545754474, 28.71243987076844, 0.9953319054134065, 9999]
00023892,93377,392048,5,1;[112681, 1604, 0.9750116024793062, 0.9728192778387952, 30.87669786078407, 0.9962903174522396, 0.9869450782375636]
00023892,93377,392048,5,2;[117476.79999999999, 1468, 1.0128946844061226, 0.9826118107683158, 31.69563920609115, 0.9953051589361018, 9999]
00023892,93377,392048,5,3;[119291.38, 1442, 1.0494193382007337, 0.9224995551443748, 90.97954973781846, 0.9914184377585706, 9999]
00023892,93377,392048,8,2;[114999.22, 1520, 1.0070723933409482, 0.9772014446917673, 55.95936210100426, 0.9911467610708359, 1.0000983146794165]
00023892,93377,392048,8,3;[115359.48000000001, 1394, 1.0261842013140077, 0.9530082855170431, 74.80732270330151, 0.9887307322964278, 9999]
00023892,93377,392048,9,1;[115825, 1638, 0.9752674514762388, 0.977930434245964, 26.59457846165895, 0.9966290836236483, 0.9829547624402228]
00232831,93048,390346,740,1;[60347, 1074, 1.0041203919890753, 0.9799737843213558, 68.8031668473261, 0.9893269121354705, 1.0045276737411568]
00232831,93048,390346,740,2;[26282.34, 714, 1.0320528336306802, 1.014372897938292, 140.43680277580415, 0.9847081607347733, 9999]
00232831,93048,390346,740,3;[48303.46000000001, 810, 1.1451752258466206, 0.9524738607388366, 111.29907984614162, 0.9886044851043795, 1.0053033759124088]
00232831,93048,390346,741,1;[58549, 1054, 1.0054455670794802, 0.9721401613657598, 71.84338526471858, 0.9899833681219329, 1.006091640962634]
00232831,93048,390346,741,2;[26754.77, 714, 1.0341519316231074, 1.0048081338552852, 159.3327943069655, 0.9804418482813829, 1.0053435285174503]
00232831,93048,390346,741,3;[59377.170000000006, 910, 1.009236585552549, 0.9801747544230137, 119.60868056295885, 0.9820228240271109, 1.0022546741128724]
00232831,93048,390346,742,1;[60220, 1068, 1.0074655194483435, 0.9772295374079115, 65.41557014703079, 0.9913233628504808, 1.006005629755849]
00232831,93048,390346,742,2;[36023.68, 754, 1.1820072772154882, 0.975194568199687, 145.89823339616314, 0.9858882366313425, 1.007957912962408]
00232831,93048,390346,742,3;[30371.530000000002, 664, 1.0089733402220478, 0.9955065153366602, 110.20559259267367, 0.9896436106369197, 1.003848940409346]
00232831,93147,390953,359,1;[28614, 804, 1.0032679635817676, 0.9797642027110547, 76.11960080236409, 0.9935266967839056, 1.0029442691903259]
00232831,93147,390953,359,2;[32495.329999999998, 730, 1.0010910926167107, 1.0181539503852286, 138.38844875947652, 0.9872961394964037, 1.0066911209009972]
00232831,93147,390953,359,3;[44651.04, 780, 1.1265940771710539, 0.9490983104198878, 135.99181647196534, 0.9850378115291741, 1.0061277725469615]
00232831,93165,391039,287,1;[39866, 864, 1.0298398293658304, 0.9959000629021967, 86.7554628668432, 0.992586344484783, 0.9994735126733021]
00232831,93165,391039,287,2;[58477.79, 974, 1.0269415973797502, 0.9712203717647845, 110.17502078317794, 0.9861528678999373, 1.0036866453569715]
00232831,93165,391039,287,3;[47685.590000000004, 804, 1.0360607644632402, 0.94115180619928, 106.98442230112188, 0.9887037694940279, 9999]
00232831,93165,391039,289,1;[28699, 810, 1.00818441333912, 0.9786705332760606, 77.15163995602295, 0.9933617731220881, 0.9997039101280153]
00232831,93165,391039,289,2;[29376.34, 706, 1.0029025862775742, 1.0184988224387705, 115.10771404046059, 0.9898791421656763, 1.0058060178866095]
00232831,93165,391039,289,3;[29242.65, 658, 1.0054347153086407, 1.016919426240819, 136.91117619523283, 0.9875221844265234, 1.0027482207032625]
00232831,93165,391039,290,1;[29374, 836, 1.0333035036256313, 0.9688302861139513, 84.38927192001452, 0.9925713888783438, 1.00454840805718]
00232831,93165,391039,290,2;[48306.86, 868, 1.1486846561401474, 0.9733066559966124, 138.39645165229948, 0.9857525522417887, 1.0036095727848102]
00232831,93165,391039,290,3;[28849.460000000003, 652, 1.0052699092288533, 1.0203944978101065, 115.91342784668967, 0.98962519814608, 1.003669987131214]
00232831,93328,391868,72,1;[53913, 1002, 1.0197885864858176, 0.9823802569413564, 73.40299224254385, 0.9925419384832258, 1.0061398925052254]
00232831,93328,391868,72,2;[30416.399999999998, 710, 1.0438726826922544, 0.9772929921499058, 127.79972348039183, 0.989214036519754, 9999]
00232831,93328,391868,72,3;[54501.340000000004, 870, 1.009712309967718, 1.0058363780854904, 98.19940865914353, 0.988407161462243, 9999]
00232831,93328,391868,73,1;[53548, 998, 1.0189524065939604, 0.9797690597906243, 70.54455465725476, 0.9923345736926806, 1.0058606957697798]
00232831,93328,391868,73,2;[32314.449999999997, 730, 1.0032959324346369, 1.0173005886922057, 119.24168662801405, 0.9887060503406242, 1.0007739367583106]
00232831,93328,391868,73,3;[56224.8, 882, 1.0097929346542687, 1.0019868142286004, 108.93376190051036, 0.985441320762081, 9999]
00232831,93328,391868,74,1;[58872, 1058, 1.0073440151434425, 0.9871881459772484, 66.68563326524257, 0.9914655171775439, 1.0050875815208113]
00232831,93328,391868,74,2;[56247.729999999996, 944, 1.126253123694444, 0.9646773931279856, 122.14461848641795, 0.984343955618227, 1.0040039508480516]
00232831,93328,391868,74,3;[54302.69, 864, 1.013030303116915, 1.0093036032740614, 115.46933163720168, 0.98485697905831, 9999]
00496499,93080,390526,192,1;[42065, 896, 0.9595562064672525, 0.9021859075273211, 88.530325220464, 0.9715079006371974, 1.0020367083933825]
00496499,93080,390526,192,2;[19636.19, 580, 1.004369640055557, 0.8608649352424628, 261.77866867667177, 0.9768647802526156, 1.006250571698631]
00496499,93080,390526,192,3;[35577.530000000006, 694, 0.9832699791513629, 0.8281034000927051, 292.5017988690681, 0.9624139982791375, 9999]
00496499,93080,390526,193,2;[22423.17, 600, 1.0030890422889538, 0.8440986957686696, 245.20661487338168, 0.976017535707432, 1.0034882172813206]
00496499,93080,390526,193,3;[35678.91, 698, 0.9887164350323067, 0.8283187938913951, 310.5784892907396, 0.9581536327439963, 9999]
00496499,93080,390526,194,1;[41965, 898, 0.9583798200896287, 0.8838871659187826, 100.86655491813384, 0.971946137241059, 9999]
00496499,93080,390526,195,2;[19718.3, 650, 0.9794357106206135, 0.8850496942770276, 244.71863265668418, 0.9757155065890324, 9999]
00496499,93080,390526,195,3;[19493.730000000003, 564, 0.9937712032218665, 0.9368212297932338, 258.72501934423366, 0.9678019753494537, 1.0075411577270312]
00496499,93080,390526,196,1;[41532, 888, 0.959460161713364, 0.886733322929113, 133.68201457856733, 0.9727362829945339, 1.0031157162524456]
00496499,93080,390526,197,1;[37790, 838, 0.9722096031983103, 0.8773535911698845, 175.5431182631602, 0.9734374691558407, 1.0007149855678839]
00496499,93080,390526,197,2;[41459.6, 812, 0.9767062572347287, 0.8614832284465739, 255.08706300105092, 0.944324363002976, 1.005033823253667]
00496499,93080,390526,197,3;[40941.08, 754, 0.9698709486418998, 0.8120308992861215, 372.2939333627128, 0.9097971229654112, 9999]
00496499,93243,391392,32,2;[36742.439999999995, 758, 0.9808448603481242, 0.8488060304788129, 244.86790285516628, 0.9588930024568995, 1.0024512589081347]
00496499,93243,391392,32,3;[30289.33, 636, 0.9774960870032885, 0.8187040279933419, 276.74890949474235, 0.9636312515964099, 1.0052286987360188]
00496499,93243,391392,33,1;[42412, 898, 0.9540894520272496, 0.8890244824968684, 113.28402272927283, 0.9708354202698435, 1.0023633957269806]
00496499,93243,391392,34,3;[41306.87, 758, 0.9827610019905036, 0.8265777569846884, 314.39792097606085, 0.9477846527416653, 9999]
00496499,93243,391392,35,1;[34615, 798, 0.9727687820568831, 0.8861406856984688, 169.2332156107595, 0.9746229088815743, 9999]
00496499,93243,391392,35,2;[26381.11, 638, 0.9856320191175669, 0.8506140296169901, 307.27306264887187, 0.963083359404462, 1.0055108288921646]
00496499,93243,391392,36,1;[21508, 682, 0.9794870516634909, 0.8395420764898339, 133.1179788780363, 0.9900639806621243, 0.9983290011139992]
00496499,93243,391392,36,2;[39873.33, 794, 0.977996295387638, 0.8444747993288276, 240.451387791068, 0.9541986813285116, 1.0060500517932474]
00496499,93243,391392,36,3;[35111.73, 694, 0.9927718400214073, 0.8225912810311081, 343.6848236596638, 0.9533608556920057, 9999]
00496499,93243,391392,38,3;[33126.600000000006, 672, 0.988625723318533, 0.8158864658008373, 353.20831054007976, 0.9530518459008926, 1.005342702118371]
00496499,93243,391392,39,1;[39689, 864, 0.9729369271466171, 0.8961832487209997, 178.95847904910792, 0.972703440056862, 9999]
00496499,93243,391392,39,2;[41502.439999999995, 818, 0.9755544866589894, 0.8296328993480983, 309.6976602688157, 0.9262409968905199, 1.0053907578771368]
