02243975,93032,390302,88,1;[143165, 1740, 1.0190864418276213, 0.9845194022500704, 33.75930276127045, 0.9959418825424472, 0.9937631669368022]
02243975,93032,390302,88,3;[101889.64000000001, 1280, 1.070367622581887, 0.8952229453302365, 61.11964606848029, 0.9945178806748832, 0.99848961864549]
02243975,93032,390302,89,2;[110173.76999999999, 1492, 1.029758987864972, 0.9730579181280017, 61.18642784733155, 0.9932195109634806, 1.004175795570403]
02243975,93049,390349,843,1;[110206, 1536, 0.9822877164127236, 0.9800034292798113, 46.19544447484111, 0.9956109722288384, 1.0020412523924478]
02243975,93049,390349,843,2;[137412.87, 1664, 1.0093499413336373, 1.0220567988119633, 82.94052125315736, 0.9918485708532285, 1.0010099127487397]
02243975,93049,390349,843,3;[142649.88, 1560, 1.0127083931605638, 1.0230540822866236, 72.4078889205945, 0.9923615520933914, 9999]
02243975,93070,390461,265,1;[139360, 1704, 1.0575549827287796, 0.9884074713464912, 58.03679242597223, 0.9945962819562244, 0.9839723222481113]
02243975,93070,390461,265,2;[122466.47, 1480, 1.0157017504300778, 1.0242632516460968, 119.01838865818992, 0.9882346908413999, 1.0005201269693125]
02243975,93083,390550,430,2;[144188.72999999998, 1604, 1.0569887145504375, 0.9880797298891913, 75.37909885231149, 0.9904728225188149, 9999]
02243975,93083,390550,430,3;[111534.44, 1354, 1.0274863811580592, 0.9749191393043102, 49.61562452459188, 0.9937263303725733, 9999]
02243975,93083,390550,431,1;[140285, 1672, 0.9995043654512895, 0.9746619378815772, 28.35318155553202, 0.9969048052075802, 1.004316948497301]
02243975,93085,390567,599,1;[108900, 1670, 0.9970576072283243, 1.016686990958831, 42.537547502594826, 0.9969537093136017, 1.0014483757500516]
02243975,93085,390567,599,2;[117404.20999999999, 1492, 1.0194518400596202, 0.9264836604924629, 97.15291484012258, 0.9904624639513765, 9999]
02243975,93085,390567,599,3;[112253.69, 1318, 1.023873584422131, 0.956638136099559, 58.101660890668725, 0.9928142972330616, 9999]
02243975,93128,390834,442,1;[143000, 1836, 1.020063308476116, 0.9904876118510059, 38.26391122014131, 0.9952705698020102, 0.9936662462694086]
02243975,93128,390834,442,2;[79440.83, 1090, 1.0017515752372959, 0.9929790341582518, 60.55173814815575, 0.9951155508797714, 1.0011547690461908]
02243975,93128,390834,442,3;[143237.61000000002, 1560, 1.0375295664303907, 0.9445321215398205, 50.50519247036337, 0.9947715961001934, 9999]
02243975,93128,390834,445,2;[143051.09, 1712, 1.0055879473916847, 1.0269638298429957, 77.95192572263653, 0.9927213426585516, 9999]
02243975,93128,390834,445,3;[144048.65000000002, 1536, 1.1415121568279454, 0.9584665205553002, 89.92887679904669, 0.9881065831320405, 9999]
02243975,93128,390834,446,1;[135561, 1666, 1.0015264164317654, 0.9990164686304962, 28.72595353363467, 0.9966986465770181, 0.9952827937608064]
02243975,93129,390842,516,2;[127133.65, 1560, 1.0198169898964464, 1.0008542391982953, 67.60203236033395, 0.9907971523617523, 0.9980475318560592]
02243975,93129,390842,516,3;[142506.03, 1570, 1.0071446773167512, 1.0152231120093032, 58.687942787726634, 0.9933163285066382, 0.9978607471076917]
02243975,93129,390842,517,1;[125122, 1678, 0.9936299625973877, 0.9903035339777085, 29.385859243589913, 0.9967303779658518, 0.997679666382273]
02243975,93129,390842,520,1;[135976, 1692, 0.9918152016673708, 0.9918152016673708, 31.916818275064216, 0.9960745229798673, 1.0022296174271321]
02243975,93129,390842,520,2;[116744.95, 1442, 1.0078562823207118, 1.0076907692348571, 95.29676815579855, 0.9912370699335729, 0.9943796593333637]
02243975,93129,390842,520,3;[139957.83000000002, 1444, 1.0254073120762375, 0.9404701636689013, 119.08933934941311, 0.983102093543737, 9999]
02243975,93129,390844,513,1;[115953, 1616, 0.9829726774002326, 0.9829726774002326, 42.030150307007936, 0.9956879803871976, 0.9940419038474727]
02243975,93129,390844,513,2;[90268.64, 1334, 0.9833490790923696, 0.7093800084297063, 98.40438148916141, 0.9920364263545601, 0.9978557992080928]
02243975,93129,390844,513,3;[109319.15000000001, 1316, 1.0240539135447022, 0.9527574980350695, 51.48981572489352, 0.994263245603122, 9999]
02243975,93131,390855,644,2;[116223.73, 1532, 1.0449072583148902, 0.985740754484074, 82.19816748294289, 0.990849547373544, 0.9996468836200059]
02243975,93131,390855,644,3;[133840.78, 1398, 1.0247106338213143, 0.9863247429368981, 41.48410016834378, 0.9948699170008415, 9999]
02243975,93131,390855,646,1;[104655, 1644, 1.0472416216099507, 1.0081121325800508, 69.91662765160598, 0.9945137147135354, 9999]
02243975,93166,391046,396,1;[98373, 1510, 1.0070129469879778, 1.0277321710966876, 53.89821393224252, 0.9966813689331637, 1.0035091656550612]
02243975,93166,391046,396,2;[102667.25, 1236, 1.0043706234232714, 1.0058198425279414, 86.00500159623645, 0.9934307929282142, 1.0018696146967974]
02243975,93166,391046,396,3;[108284.8, 1352, 1.021408061336422, 0.9537955176648469, 47.39958334435747, 0.9946622952354344, 1.0015332176028586]
02243975,93246,391416,299,3;[111557.73000000001, 1302, 1.0173093664924469, 0.9621022759314917, 45.528744708637994, 0.9939304048173163, 0.999251441894711]
02243975,93246,391416,300,2;[142462.04, 1710, 0.9963960334182538, 0.7927951279624033, 57.80757776353492, 0.994697356291769, 9999]
02243975,93246,391416,302,1;[120991, 1688, 1.0335593979042532, 0.9729042770593663, 43.67711601520171, 0.9951819033455542, 0.995937753375945]
02243975,93248,391431,60,3;[144484.31, 1448, 1.0225629125602382, 0.9111233909599575, 99.79238556486985, 0.9872900523097059, 9999]
02243975,93248,391431,61,1;[93514, 1384, 1.0008440539202672, 1.0251947900910303, 49.95753099293272, 0.9970515291511668, 1.003686789273429]
02243975,93248,391431,63,2;[115460.93999999999, 1530, 1.03973780893178, 0.9724417653669077, 84.01132026743929, 0.9908572645861866, 1.001987948385631]
02243975,93262,391477,419,1;[120823, 1726, 1.0428841600047085, 1.0026995601383166, 50.56665334982096, 0.9945850289856522, 0.9876243491339497]
02243975,93262,391477,419,2;[125276.06, 1566, 1.0373833844235578, 1.0033952615003594, 63.069220527647076, 0.9919438875233315, 1.0044366418914406]
02243975,93262,391477,419,3;[144084.27000000002, 1534, 0.9997543882961791, 0.8174949037634076, 62.112416087582304, 0.9944638447145157, 0.9986800873611243]
02243975,93262,391482,421,1;[141987, 1732, 0.9936583514244175, 0.9674407674540982, 37.85822891836914, 0.9964274118570062, 0.9966692755586597]
02243975,93262,391482,421,3;[109486.29000000001, 1352, 1.022506941766697, 0.9824311749595844, 48.87904542639085, 0.9942725663985966, 9999]
02243975,93314,391803,6,1;[143691, 1706, 1.0619454478966517, 0.9996457187560024, 64.9519485785998, 0.9940090512786531, 1.0030225188122128]
02243975,93314,391803,6,2;[113742.58, 1496, 1.1671883638238971, 0.9770382451199147, 67.23254813470457, 0.9927184538239197, 9999]
02243975,93314,391803,6,3;[142851.27000000002, 1534, 1.0128247297348048, 0.8644477490412575, 74.9377596787399, 0.9923830297787956, 9999]
02243975,93329,391881,179,1;[113643, 1650, 1.0169350820595358, 0.9971643211679837, 44.185733874442995, 0.9961508128813611, 0.9961169643952807]
02243975,93329,391881,180,2;[137497.36, 1498, 1.011005697392397, 0.9943877380659539, 46.14789620736753, 0.9932349759287112, 1.0049052009045052]
02243975,93340,391957,83,1;[136312, 1726, 0.9928762583440796, 0.9901388792725294, 27.044120676786296, 0.996414528362645, 1.0044359295556702]
02243975,93340,391957,83,3;[112253.69, 1388, 1.0323087855623503, 0.9769337043115329, 65.6639585387451, 0.9897180394167615, 32774.8]
02243975,93340,391957,84,2;[80910.48, 1148, 1.0241859039027528, 0.9965323725406321, 59.973303821401416, 0.9949309788841891, 1.001495054536349]
02243975,93340,391957,85,1;[120333, 1678, 1.0105246830513026, 0.9965697900668085, 29.904872774979786, 0.9963541882809696, 1.0027499312517187]
02243975,93340,391957,85,2;[106462.15999999999, 1434, 1.0068482634857967, 1.009254183252308, 72.8261574631909, 0.9934032615358507, 1.0014271882153432]
02243975,93340,391957,85,3;[112966.09000000001, 1394, 1.0399267613870995, 0.9715936595647692, 62.960363432589084, 0.9906630043225925, 9999]
02243975,93341,391959,162,1;[134738, 1638, 0.9779444998135578, 0.9950626855906933, 26.09527010138907, 0.9967480025048874, 1.004386896708523]
02243975,93341,391959,162,3;[273872.59, 2348, 1.00678555997423, 1.029436806363169, 75.53570490757107, 0.9927264192113798, 0.8593456477537001]
02243975,93341,391959,165,1;[137997, 1748, 1.0275769825547474, 0.9921182326656094, 42.590637733896415, 0.9945285600329469, 0.9995436766623207]
02243975,93341,391959,165,3;[254245.97000000003, 2290, 1.0056406267462208, 1.020772237713303, 57.54945927790804, 0.9945937068711512, 9999]
02243975,93341,391964,159,1;[117629, 1648, 1.0095614917111813, 0.9871654866942275, 36.25113325928897, 0.9956669194229875, 1.0020103413321066]
02243975,93341,391964,159,2;[121901.22, 1466, 1.0149445206580459, 0.9976162685907141, 63.89517017119875, 0.9918089127495068, 0.9962508570511605]
02243975,93341,391964,159,3;[141419.62000000002, 1438, 1.0187505420586465, 1.0168439634740205, 99.2593763529966, 0.9874006194326831, 9999]
02243975,93343,391982,298,1;[113405, 1654, 1.0088832468515092, 0.9664429482986161, 52.337106861231504, 0.9955798931447994, 0.9992862555733747]
02243975,93343,391982,299,2;[138890.85, 1650, 1.0327053476911352, 0.9792380029416473, 72.00287515845565, 0.9911544348349199, 0.9985242220083413]
02243975,93343,391982,300,3;[111431.69, 1284, 1.012417625653495, 1.011518608069624, 80.80286595204157, 0.9913556493193941, 1.0006889679014777]
02243975,93387,392105,525,1;[143005, 1718, 0.9792028978656475, 0.9851535423415625, 39.725005357713385, 0.9960646394751834, 0.9963144620786712]
02243975,93387,392105,525,2;[146597.28999999998, 1686, 1.1492582183916775, 0.9636877283668821, 92.07088859731276, 0.9894683514585385, 1.000966913676547]
02243975,93387,392105,526,3;[89702.12000000001, 1128, 1.001362012226193, 0.9371592329030903, 44.42740486771181, 0.9963505423911148, 9999]
00023698,93080,390528,134,1;[36900, 898, 0.9978155479327312, 1.0259673944738459, 89.73238912855744, 0.9929930238391793, 0.9837638966648005]
00023698,93080,390528,134,2;[39364.009999999995, 820, 1.0504391901326098, 1.022399976459444, 131.86334323534342, 0.9822628171354302, 1.0140555785472325]
00023698,93080,390528,134,3;[55474.04, 910, 1.2348669144335471, 0.954528904486548, 84.48481776732575, 0.9923977465338607, 26994.666666666668]
00023698,93244,391403,53,2;[43991.92, 860, 1.0139415938895173, 1.0212939734954087, 88.72411398565121, 0.9915332214735743, 9999]
00023698,93244,391403,54,1;[45368, 944, 1.0138822074695624, 0.9740646097252217, 57.91967425793741, 0.993886083647604, 1.000099198694986]
00023698,93244,391403,55,3;[38692.91, 766, 1.0128055678324268, 1.0020142613457823, 123.04365198080062, 0.9864740144323954, 0.9985680697226298]
00232831,93048,390346,740,1;[60347, 1074, 1.0041203919890753, 0.9799737843213558, 68.8031668473261, 0.9893269121354705, 1.0045276737411568]
00232831,93048,390346,740,2;[26282.34, 714, 1.0320528336306802, 1.014372897938292, 140.43680277580415, 0.9847081607347733, 9999]
00232831,93048,390346,740,3;[48303.46000000001, 810, 1.1451752258466206, 0.9524738607388366, 111.29907984614162, 0.9886044851043795, 1.0053033759124088]
00232831,93048,390346,741,1;[58549, 1054, 1.0054455670794802, 0.9721401613657598, 71.84338526471858, 0.9899833681219329, 1.006091640962634]
00232831,93048,390346,741,2;[26754.77, 714, 1.0341519316231074, 1.0048081338552852, 159.3327943069655, 0.9804418482813829, 1.0053435285174503]
00232831,93048,390346,741,3;[59377.170000000006, 910, 1.009236585552549, 0.9801747544230137, 119.60868056295885, 0.9820228240271109, 1.0022546741128724]
00232831,93048,390346,742,1;[60220, 1068, 1.0074655194483435, 0.9772295374079115, 65.41557014703079, 0.9913233628504808, 1.006005629755849]
00232831,93048,390346,742,2;[36023.68, 754, 1.1820072772154882, 0.975194568199687, 145.89823339616314, 0.9858882366313425, 1.007957912962408]
00232831,93048,390346,742,3;[30371.530000000002, 664, 1.0089733402220478, 0.9955065153366602, 110.20559259267367, 0.9896436106369197, 1.003848940409346]
00232831,93147,390953,359,1;[28614, 804, 1.0032679635817676, 0.9797642027110547, 76.11960080236409, 0.9935266967839056, 1.0029442691903259]
00232831,93147,390953,359,2;[32495.329999999998, 730, 1.0010910926167107, 1.0181539503852286, 138.38844875947652, 0.9872961394964037, 1.0066911209009972]
00232831,93147,390953,359,3;[44651.04, 780, 1.1265940771710539, 0.9490983104198878, 135.99181647196534, 0.9850378115291741, 1.0061277725469615]
00232831,93165,391039,287,1;[39866, 864, 1.0298398293658304, 0.9959000629021967, 86.7554628668432, 0.992586344484783, 0.9994735126733021]
00232831,93165,391039,287,2;[58477.79, 974, 1.0269415973797502, 0.9712203717647845, 110.17502078317794, 0.9861528678999373, 1.0036866453569715]
00232831,93165,391039,287,3;[47685.590000000004, 804, 1.0360607644632402, 0.94115180619928, 106.98442230112188, 0.9887037694940279, 9999]
00232831,93165,391039,289,1;[28699, 810, 1.00818441333912, 0.9786705332760606, 77.15163995602295, 0.9933617731220881, 0.9997039101280153]
00232831,93165,391039,289,2;[29376.34, 706, 1.0029025862775742, 1.0184988224387705, 115.10771404046059, 0.9898791421656763, 1.0058060178866095]
00232831,93165,391039,289,3;[29242.65, 658, 1.0054347153086407, 1.016919426240819, 136.91117619523283, 0.9875221844265234, 1.0027482207032625]
00232831,93165,391039,290,1;[29374, 836, 1.0333035036256313, 0.9688302861139513, 84.38927192001452, 0.9925713888783438, 1.00454840805718]
00232831,93165,391039,290,2;[48306.86, 868, 1.1486846561401474, 0.9733066559966124, 138.39645165229948, 0.9857525522417887, 1.0036095727848102]
00232831,93165,391039,290,3;[28849.460000000003, 652, 1.0052699092288533, 1.0203944978101065, 115.91342784668967, 0.98962519814608, 1.003669987131214]
00232831,93328,391868,72,1;[53913, 1002, 1.0197885864858176, 0.9823802569413564, 73.40299224254385, 0.9925419384832258, 1.0061398925052254]
00232831,93328,391868,72,2;[30416.399999999998, 710, 1.0438726826922544, 0.9772929921499058, 127.79972348039183, 0.989214036519754, 9999]
00232831,93328,391868,72,3;[54501.340000000004, 870, 1.009712309967718, 1.0058363780854904, 98.19940865914353, 0.988407161462243, 9999]
00232831,93328,391868,73,1;[53548, 998, 1.0189524065939604, 0.9797690597906243, 70.54455465725476, 0.9923345736926806, 1.0058606957697798]
00232831,93328,391868,73,2;[32314.449999999997, 730, 1.0032959324346369, 1.0173005886922057, 119.24168662801405, 0.9887060503406242, 1.0007739367583106]
00232831,93328,391868,73,3;[56224.8, 882, 1.0097929346542687, 1.0019868142286004, 108.93376190051036, 0.985441320762081, 9999]
00232831,93328,391868,74,1;[58872, 1058, 1.0073440151434425, 0.9871881459772484, 66.68563326524257, 0.9914655171775439, 1.0050875815208113]
00232831,93328,391868,74,2;[56247.729999999996, 944, 1.126253123694444, 0.9646773931279856, 122.14461848641795, 0.984343955618227, 1.0040039508480516]
00232831,93328,391868,74,3;[54302.69, 864, 1.013030303116915, 1.0093036032740614, 115.46933163720168, 0.98485697905831, 9999]
00236683,93026,390254,285,1;[64897, 1162, 0.8963368703322728, 1.2183853081758376, 597.4072147536523, 0.8989622045180786, 0.997670968584979]
00236683,93026,390254,285,2;[63899.43, 1088, 0.88279605279225, 1.1669173179368035, 687.6252383263844, 0.8561036678773236, 0.9979278366800785]
00236683,93026,390254,285,3;[62998.08, 1026, 0.8724861808634222, 1.1462304604636613, 477.53626792143336, 0.8912045056441245, 0.9973322922766608]
00236683,93027,390265,359,1;[65010, 1234, 0.8963836176640538, 1.168149733389122, 588.7646334944752, 0.876576323213372, 0.9996079064510921]
00236683,93027,390265,359,2;[63329.42, 1172, 0.8722834267262409, 1.3744132304889976, 811.2780416461782, 0.8789933373649661, 0.9967690881336567]
00236683,93027,390265,359,3;[64039.280000000006, 1110, 0.8752503306714794, 1.2607893360585687, 730.6566746111167, 0.906247409796963, 0.9980783191698339]
00236683,93032,390303,79,1;[64084, 1312, 0.883011742050798, 1.2912871714364584, 268.94763745587096, 0.9133944969761918, 0.9972688863125296]
00236683,93032,390303,79,2;[62079.92, 1082, 0.8815052374057251, 1.2447192829726832, 397.38154880436065, 0.9006467679184194, 1.0009209516500384]
00236683,93032,390303,80,3;[63635.130000000005, 1136, 0.8704188168610484, 1.2765842202638427, 618.6186577698837, 0.9267038002201853, 0.9954032595068951]
00236683,93032,390303,81,1;[65182, 1222, 0.8845825357301805, 1.253814231694861, 436.65751315797803, 0.9024325561089953, 0.9954869993509221]
00236683,93032,390303,81,2;[60467.469999999994, 1070, 0.8658963652934529, 1.3236490956893558, 415.1546219052248, 0.8831104988944727, 0.9955720135582594]
00236683,93032,390303,82,3;[60681.41, 1002, 0.8646670726583039, 1.236890745793808, 413.0430619188642, 0.895977356431816, 0.9920933566276934]
00236683,93032,390303,83,1;[65190, 1240, 0.8856361340584233, 1.336348925504289, 421.8157871130205, 0.9179699132432548, 0.9945383535729542]
00236683,93032,390303,83,2;[63473.409999999996, 1108, 0.880705724041829, 1.1517486320231045, 936.4060692327542, 0.8892920877813058, 0.9974381030742763]
00236683,93032,390303,83,3;[63620.060000000005, 1086, 0.8776824258320373, 1.2010975539393451, 632.373901310016, 0.932411605387967, 0.9935599820278568]
00236683,93051,390358,937,1;[61910, 1138, 0.8881777418456696, 1.3158803350304593, 191.94476886811364, 0.9332287887186778, 1.0035906206181056]
00236683,93051,390358,937,2;[61018.439999999995, 1108, 0.8744115177055395, 1.2886368708134575, 416.8174297521665, 0.8915586599846775, 9999]
00236683,93051,390358,937,3;[61560.950000000004, 966, 0.877243343342936, 1.162882267156796, 350.0519987317953, 0.9193836774930555, 0.9962310165170158]
00236683,93078,390512,47,1;[62003, 1166, 0.8984033152613793, 1.421216003534498, 222.0834782523327, 0.932324088329441, 0.9965764433586216]
00236683,93078,390512,47,2;[64851.43, 1158, 0.8730279854116749, 1.169443966109788, 818.8359163722441, 0.8605912354463219, 0.9972094895653209]
00236683,93078,390512,47,3;[63713.22000000001, 1070, 0.8713599068622755, 1.156260139954396, 363.6832766722085, 0.9245821144862727, 0.997929295638646]
00236683,93078,390512,49,1;[62757, 1248, 0.8806822073163417, 1.3655628375229387, 291.7005471112284, 0.9308936894344648, 0.9898424315073895]
00236683,93078,390512,49,2;[62070.399999999994, 1146, 0.8777771267882485, 1.3229664281527502, 421.0606639502385, 0.9063259873638182, 0.9963420341346475]
00236683,93078,390512,49,3;[65910.70000000001, 1050, 0.8768575047476552, 1.2247830161026592, 788.4647293313469, 0.8942845465139775, 0.9974602187321826]
00236683,93078,390512,50,1;[61924, 1150, 0.8810465426974625, 1.3914188745424354, 213.8200019221468, 0.9351294831793443, 0.9981302385557704]
00236683,93078,390512,50,2;[65937.9, 1150, 0.879228667524834, 1.179293606603073, 824.4007872140987, 0.8489372623533138, 0.9963318588844535]
00236683,93078,390512,50,3;[66360.06000000001, 1022, 0.8702875750297601, 1.1372706087217193, 861.5471674866211, 0.8701131027160595, 1.0023072227452847]
00236683,93098,390636,1213,1;[66424, 1244, 0.8823566767419234, 1.2142968859041916, 308.83078904861543, 0.8957330070359494, 0.9993380273214179]
00236683,93098,390636,1213,2;[65266.74, 1126, 0.8933927484060082, 1.2840118591047747, 875.6931159719495, 0.8581356473660497, 1.0014607603257495]
00236683,93098,390636,1213,3;[65509.29000000001, 1070, 0.873847573315857, 1.18952807666033, 761.6841148447202, 0.9046977956138212, 0.9943334823610144]
00236683,93098,390636,1214,1;[64254, 1292, 0.8798340578149664, 1.4185855049254117, 354.04704705750584, 0.9389706014256528, 0.9968196838300315]
00236683,93098,390636,1214,2;[64413.509999999995, 1112, 0.8841799100241723, 1.185020667030353, 814.5381436463231, 0.8548762815733646, 0.9979719390106749]
00236683,93098,390636,1214,3;[63554.3, 1080, 0.8725345513198169, 1.3418491871000942, 573.436488312685, 0.915630657414964, 0.9923631462981581]
00236683,93099,390639,1320,1;[65733, 1174, 0.8986561124046707, 1.1888863137764243, 524.71293379162, 0.8909896119273859, 1.000334799348663]
00236683,93099,390639,1320,2;[64945.439999999995, 1110, 0.8799012392870388, 1.211244114648881, 500.3592752505392, 0.8843490229777067, 0.9975689557476832]
00236683,93099,390639,1320,3;[64221.490000000005, 1086, 0.8771087575357576, 1.1782370262963473, 420.12826866959915, 0.914358419458132, 0.9936620315414617]
00236683,93099,390639,1321,1;[65480, 1300, 0.8724248348033831, 1.2238853834367018, 405.04023958956503, 0.9273045058082094, 0.9972965769333283]
00236683,93099,390639,1321,2;[62571.39, 1128, 0.8732663509695608, 1.2989479846148317, 506.449168846685, 0.8607900347818224, 0.995871133922991]
00236683,93099,390639,1322,3;[60664.97, 960, 0.8918258292316278, 1.1659305552185804, 304.4898032449558, 0.9395602745783597, 0.9997403623638313]
00236683,93103,390670,1523,1;[66007, 1202, 0.8862135690644956, 1.1227076770295574, 539.0951049981684, 0.8570147705480499, 0.9933781811067467]
00236683,93103,390670,1523,2;[62395.27, 1128, 0.8744661556219134, 1.3175950505831138, 451.64267112748917, 0.8726407365729938, 0.9936702863532132]
00236683,93103,390670,1523,3;[64702.36000000001, 1090, 0.8682338163167673, 1.2139867077421442, 760.4879409415294, 0.8519364279323118, 0.9934162091668244]
00236683,93103,390670,1525,2;[63179.479999999996, 1148, 0.8755774904728971, 1.3231910436666334, 440.6480455143491, 0.8949090950326803, 0.9963966669168981]
00236683,93103,390670,1525,3;[64450.280000000006, 1072, 0.8786524256469906, 1.2380248607050208, 794.7149607156023, 0.9022725765178526, 0.9949768937110709]
00236683,93103,390670,1526,1;[64594, 1280, 0.8692302139795223, 1.3064345589587993, 387.3175180665426, 0.9216866545350719, 0.9963366573347833]
00236683,93129,390840,509,1;[63851, 1282, 0.8863538304611583, 1.2824864508734586, 310.17420054510205, 0.9399106307757903, 0.9891788472412645]
00236683,93129,390840,509,2;[62792.729999999996, 1156, 0.8655992666530318, 1.2966369654810306, 598.0539074640125, 0.8907444545283135, 0.9932237845163476]
00236683,93129,390840,509,3;[65155.83, 1070, 0.8798077353627585, 1.207208180569444, 693.4138006979172, 0.9218608231747977, 0.9943860749568763]
00236683,93139,390919,100,1;[65548, 1228, 0.8895657063217315, 1.2174121974362748, 494.76634957258426, 0.901591666436485, 0.9952249003605997]
00236683,93139,390919,100,2;[64462.299999999996, 1176, 0.8687574373580252, 1.3160805760010135, 749.5912923506529, 0.8728901235789747, 0.9998523385876186]
00236683,93139,390919,100,3;[62899.44, 1048, 0.8704034933278246, 1.1903627541986614, 354.52133648183104, 0.9138656498268735, 0.9938737958653534]
00236683,93140,390930,162,1;[64174, 1274, 0.873669116798967, 1.2219762812449149, 318.14095600560046, 0.9407832771655248, 0.9941057556018558]
00236683,93140,390930,162,2;[62256.03999999999, 1108, 0.8758086297832357, 1.284617442261192, 345.67866423307373, 0.9220027450821668, 0.9939582779192158]
00236683,93140,390930,162,3;[64168.060000000005, 1070, 0.8653375047802901, 1.175778012518249, 544.2792229979488, 0.8837986711791864, 0.9959280876896416]
00236683,93140,390930,163,1;[64757, 1294, 0.8689080832153993, 1.3437099942523156, 321.5276598014192, 0.9430963941414967, 0.994830513031255]
00236683,93140,390930,163,2;[64700.299999999996, 1190, 0.8678894662354549, 1.2921604955880843, 715.6913109359365, 0.8801013288764067, 0.9996414749170336]
00236683,93140,390930,163,3;[64600.98, 1086, 0.8652007934289446, 1.1908760180148013, 721.4497155138856, 0.9086264422759408, 0.9967868769289308]
00236683,93140,390930,164,1;[66120, 1190, 0.8928024080834541, 1.1879672972458664, 349.6492563200557, 0.8948358029776258, 0.9994029580030079]
00236683,93140,390930,165,2;[62164.409999999996, 1120, 0.8752461396656094, 1.298778050862342, 346.29783056866313, 0.9093205097922705, 0.9977652991061197]
00236683,93140,390930,165,3;[62617.22000000001, 1048, 0.8756071525749004, 1.1433205584440507, 348.4088358753567, 0.9269208623011866, 0.9946249428764172]
00236683,93174,391097,943,1;[62928, 1236, 0.8851371504840055, 1.4349269202301336, 299.8036945734148, 0.9301702078122605, 0.9953969534475395]
00236683,93174,391097,943,2;[64325.45, 1168, 0.8802286326493914, 1.2679251780083614, 607.869629047859, 0.8870972782303799, 0.9962677970787449]
00236683,93174,391097,943,3;[64610.57000000001, 1052, 0.8809168323652462, 1.192026993741771, 915.8897240293949, 0.8497624850878942, 0.9998092007631969]
00236683,93203,391206,348,1;[66259, 1190, 0.8894026810814899, 1.1508446047025152, 594.0886112205731, 0.8912596097118567, 0.9980268112667571]
00236683,93203,391206,348,3;[64683.18000000001, 1094, 0.8774361244422536, 1.1828319494737503, 463.56244202686634, 0.9045813327238634, 0.9901953587869509]
00236683,93203,391206,349,2;[65912.91, 1094, 0.8899903614837441, 1.2170274147339144, 883.2863549263491, 0.8237073210150379, 1.001093469007835]
00236683,93203,391206,350,1;[62393, 1240, 0.8787493015584305, 1.3128339148304562, 295.70120819668693, 0.9335410441337777, 0.9891953166493591]
00236683,93203,391206,350,2;[64784.78999999999, 1186, 0.8806837105180522, 1.3963042186163492, 714.3957716221242, 0.8977856171105484, 0.9971061741057529]
00236683,93203,391206,350,3;[66107.98000000001, 1110, 0.8779627186987592, 1.2067523980043482, 629.3045444407546, 0.8784160439673843, 0.9945279732890899]
00236683,93203,391206,351,1;[63854, 1268, 0.871032185835836, 1.479426503068035, 318.9796186826759, 0.9362372556116996, 0.9921610976017153]
00236683,93203,391206,352,2;[60755.45, 1072, 0.8829527874848939, 1.2554864592775605, 342.8331537019416, 0.9050124376649543, 0.9934812220276318]
00236683,93203,391206,352,3;[64896.9, 1114, 0.8569397877711894, 1.2417527424010701, 692.591624038142, 0.8946675282111177, 0.9943116223421002]
00236683,93220,391265,336,1;[65533, 1310, 0.8757480096155889, 1.367463148321185, 361.0624601301009, 0.9290297774806068, 0.9930972821021845]
00236683,93220,391265,336,2;[60632.88, 1050, 0.8682370583990296, 1.2168716618617368, 346.1947867002257, 0.8994860601241726, 0.9980021154072158]
00236683,93220,391265,336,3;[64026.950000000004, 1090, 0.8629840702248537, 1.2222749057270437, 655.7167830778669, 0.908215481352808, 0.9938013673141739]
00236683,93220,391265,337,1;[61118, 1124, 0.8808351635338167, 1.2224316677897844, 151.10157403778504, 0.9337813620401505, 0.9949534414273621]
00236683,93220,391265,337,2;[64254.049999999996, 1166, 0.8722362436156592, 1.2337152288179494, 564.8185975037665, 0.8790782291139434, 0.9932763679509938]
00236683,93220,391265,337,3;[64409.18000000001, 1080, 0.8726724947670236, 1.265388216239573, 693.2371551550842, 0.9054723116006371, 0.9945737828032283]
00236683,93222,391274,426,2;[62796.299999999996, 1136, 0.8830140146854797, 1.2618411779405492, 351.3399176267912, 0.9240262330636166, 0.9985146219854868]
00236683,93222,391274,426,3;[64573.58, 1060, 0.8698739445591321, 1.2390712166734024, 806.0081702436511, 0.9022446887703707, 0.9947974377644812]
00236683,93222,391274,427,1;[65596, 1204, 0.8814352650098592, 1.1250380127803834, 426.6307949767584, 0.9036493789843961, 0.999078537540076]
00236683,93222,391274,428,3;[65283.240000000005, 1108, 0.8695688977103744, 1.2047253991752296, 663.4549987691171, 0.9024267478443797, 0.9949367881489524]
00236683,93222,391274,429,1;[65683, 1302, 0.8898643963502091, 1.2157433048057757, 263.5146465566555, 0.9138523580591842, 0.9900666244611257]
00236683,93222,391274,429,2;[65128.7, 1114, 0.8920105206580566, 1.2152927457141203, 901.9103499453104, 0.8625949441156302, 1.0004935743926293]
00236683,93260,391459,217,1;[61886, 1206, 0.88409827167143, 1.4305143674075829, 243.25219511796246, 0.9397923110539514, 0.9929323802876786]
00236683,93260,391459,217,2;[63468.649999999994, 1168, 0.8773761500382609, 1.303462920522043, 423.0964271691172, 0.9175794943361034, 0.9939989190599549]
00236683,93260,391459,217,3;[61080.08, 1002, 0.8684022285641108, 1.183091136102187, 330.8801757872058, 0.916625577751276, 0.9937478407203914]
00236683,93260,391459,218,1;[61371, 1146, 0.8861261793421696, 1.3227932692907638, 233.6975189654019, 0.9138117041258418, 0.9979592334523103]
00236683,93260,391459,218,2;[65415.49, 1146, 0.8806046328095137, 1.2456073480301915, 888.1625960645373, 0.8361238909296961, 0.9979485876116476]
00236683,93260,391459,219,3;[65165.420000000006, 1002, 0.8855295886816785, 1.201654730491485, 874.0681197302487, 0.8664653855605965, 1.0001682156524665]
00236683,93314,391804,1,1;[61200, 1184, 0.8911802629893917, 1.382171928150076, 230.7785941011806, 0.9282939375778478, 0.9964830011723329]
00236683,93314,391804,1,2;[63119.979999999996, 1172, 0.8732368986285801, 1.2855284088582624, 778.1732000879881, 0.8841258201664252, 0.9969738548578088]
00236683,93314,391804,1,3;[62554.200000000004, 1048, 0.8706816695963225, 1.2236399679595413, 396.73644698103055, 0.9037575184900603, 0.9935482467115642]
00236683,93314,391804,2,1;[60876, 1180, 0.8846231316147987, 1.3470361909588835, 237.77139752352406, 0.9341344635075844, 0.9983027082872112]
00236683,93314,391804,2,2;[63148.53999999999, 1058, 0.8865645945619125, 1.2173674482590253, 625.6957682754448, 0.8446343329217425, 1.0054568191291826]
00236683,93314,391804,2,3;[61967.840000000004, 1040, 0.8630861857690876, 1.2021879598329055, 462.1138465086889, 0.8699951446873627, 0.9957841205543386]
00236683,93331,391886,297,1;[64499, 1258, 0.8861004128455874, 1.1767130557255576, 486.22112839956037, 0.882567298345443, 0.9920557405541756]
00236683,93331,391886,297,2;[63365.119999999995, 1142, 0.8718246979181136, 1.2238753766468728, 720.7594945839151, 0.8495607612385334, 0.9981722919458998]
00236683,93331,391886,297,3;[60114.23, 962, 0.8786204077621724, 1.2399047265569842, 333.37371361298034, 0.9318307664323562, 1.000205151584226]
00236683,93341,391961,155,1;[64154, 1280, 0.8792525968196029, 1.2928483788835097, 374.536365774355, 0.935168653948244, 0.9960873210570443]
00236683,93341,391961,155,2;[62858.18, 1052, 0.8910501307441899, 1.1703169142364331, 1016.6524047850945, 0.8434156386230575, 0.9998391080909702]
00236683,93341,391961,156,3;[63548.82000000001, 1042, 0.8926078558902395, 1.1802893869861124, 792.7012788894507, 0.8845421833110562, 0.9976556618991289]
00521701,93026,390258,236,1;[65015, 1268, 0.8381775642546434, 1.2907349359759162, 250.17272954094338, 0.8658941841502674, 0.9906670222086777]
00521701,93026,390258,236,2;[63711.409999999996, 1160, 0.8328008538305073, 1.244832771554797, 383.41423372086234, 0.8778173893145765, 0.991986511399535]
00521701,93026,390258,236,3;[64650.3, 1088, 0.7961479669495897, 1.7462056904974999, 589.4067175037352, 0.9620048103930134, 9999]
00521701,93122,390796,1603,2;[62828.43, 1126, 0.819885475612702, 1.256333279056509, 299.49397662419483, 0.8638672780054223, 0.9927420416298441]
00521701,93122,390796,1604,3;[62922.73, 1048, 0.8185142145814573, 1.450235556326929, 320.0687700976941, 0.8812622518672641, 0.997166708279508]
00521701,93122,390796,1605,1;[62224, 1146, 0.8566837480585704, 1.2049831781894702, 156.220883867245, 0.9003790357456036, 0.9972993548904115]
00521701,93139,390917,48,1;[65905, 1250, 0.8177142451097035, 1.363160319113161, 272.79423457219696, 0.8735352990091628, 0.9921342817357269]
00521701,93139,390917,48,2;[63280.63, 1130, 0.8069446185618948, 1.4570263221994737, 273.2561554452453, 0.9667913955202088, 9999]
00521701,93139,390917,48,3;[62114.43000000001, 1014, 0.8202161911979294, 1.608353300801054, 300.4638342307913, 0.9710721126599146, 0.9903020771902235]
00521701,93141,390932,199,2;[64893.079999999994, 1162, 0.8456843959906979, 1.2595769526941694, 346.6162792194861, 0.8648392540420272, 0.9924382364984758]
00521701,93141,390932,199,3;[62017.16, 1054, 0.7860292950526333, 1.5138959370819465, 276.9085808237027, 0.9731655031711313, 0.9876726376191827]
00521701,93141,390932,200,1;[64754, 1262, 0.8692715981718601, 1.325863861317932, 226.1344441489002, 0.9672597308634594, 0.9923832584941227]
