02310317,93069,390448,215,2;[99508.98999999999, 1382, 0.9403284455593408, 1.1711055053101067, 206.75092845620443, 0.9788330321669052, 9999]
02310317,93069,390448,215,3;[98782.48000000001, 1294, 0.8939458713095416, 1.0845991207514465, 310.26795387652817, 0.9463570136268799, 144208.0]
02310317,93069,390448,216,1;[98817, 1564, 0.932179200928413, 0.9760520861875146, 55.23592029741952, 0.9819974452539564, 0.9936200057314369]
02310317,93072,390470,471,1;[98088, 1534, 0.9296703535189177, 0.9854490291831298, 44.54988526100953, 0.9852888778080733, 0.9975744077130784]
02310317,93072,390470,471,2;[98963.97, 1432, 0.9257161892720878, 1.122420661967398, 201.88364013914176, 0.9748976904890014, 0.9965608148591971]
02310317,93072,390470,471,3;[98709.87000000001, 1320, 0.8874878671687984, 1.0872751046037117, 258.840308899202, 0.9558585009691412, 9999]
02310317,93080,390528,162,1;[98419, 1508, 0.9306188357597347, 1.0984358045123186, 92.17212121901252, 0.989475348215888, 7570.692307692308]
02310317,93080,390528,162,2;[98830.69, 1398, 0.9717348210765646, 1.0432209034111044, 97.87946465545568, 0.9580063954611795, 27683.666666666668]
02310317,93080,390528,162,3;[98211.19, 1268, 0.8809782054922005, 1.0803232706760115, 278.6580666181008, 0.949915276499736, 1.0038368364303418]
02310317,93083,390553,358,1;[97281, 1500, 0.8998904235575572, 1.0640100748348815, 125.66190661260353, 0.9841744854389317, 9999]
02310317,93083,390553,358,2;[98852.11, 1368, 0.9401226307456443, 1.1462180057025477, 217.00026520210346, 0.9733177931982986, 1.0016942305721193]
02310317,93083,390553,359,3;[97522.08, 1320, 0.8732468576470204, 1.0659579465401332, 302.6986081199548, 0.9494312409427299, 9999]
02310317,93094,390612,814,3;[98641.37000000001, 1332, 0.9244326701433091, 1.0963757084744343, 103.42456503820837, 0.9439091948835009, 1.0001041760714509]
02310317,93094,390612,815,1;[96543, 1502, 0.9432393028884369, 0.9909207693226699, 37.54897314015835, 0.9875555790647031, 0.9995910232184919]
02310317,93094,390612,815,2;[97998.87999999999, 1410, 0.958858351706609, 1.1165883974066655, 80.71975210088407, 0.9613873498169655, 0.9991204071604923]
02310317,93097,390628,1100,1;[96154, 1484, 0.9377222430745735, 0.9808604091758079, 37.64326695606455, 0.9883763073456706, 0.9976240623346441]
02310317,93097,390628,1100,2;[98046.48, 1374, 0.9111668257558682, 1.1049079315877424, 189.374607660911, 0.9783644971411014, 9999]
02310317,93097,390628,1100,3;[97368.64000000001, 1258, 0.8646147969125562, 1.0671282775985138, 298.2083397647908, 0.9521393883730982, 9999]
02310317,93113,390736,1920,2;[98497.48999999999, 1438, 0.9190122698785177, 1.1630514395533247, 198.22302653644886, 0.978837116959517, 0.9983054220463988]
02310317,93113,390736,1921,1;[96135, 1470, 0.9223861650301484, 0.9570244369923294, 46.226343115908904, 0.9867657823723675, 1.0023459493274944]
02310317,93113,390736,1922,3;[98619.45000000001, 1268, 0.9328893758395258, 1.1046610601337197, 121.85507776371414, 0.9432708358406612, 9999]
02310317,93124,390810,1802,1;[98206, 1498, 0.9253259698258375, 1.0672454982736006, 138.42069350646184, 0.9844208480887335, 9999]
02310317,93124,390810,1802,2;[95760.48999999999, 1360, 0.9622715359414393, 1.1254459360676634, 83.43070338897662, 0.9587315674527441, 1.0013625927838579]
02310317,93124,390810,1802,3;[97370.01000000001, 1328, 0.9285695947819023, 1.0880034665094944, 90.19936068452961, 0.9473377843664557, 1.0001477572559367]
02310317,93182,391157,149,1;[98874, 1506, 0.9179018111626555, 1.0602332166375668, 120.4617347619322, 0.9841869911494919, 0.9961614024482394]
02310317,93182,391157,149,2;[99212.68, 1404, 0.9169471592199826, 1.100392703881654, 222.13633771749613, 0.9712459153194037, 1.0005580524569309]
02310317,93182,391157,150,3;[98493.41, 1278, 0.8782800472956888, 1.0422334962747306, 347.42629480472385, 0.9392482441013091, 9999]
02310317,93244,391397,60,1;[99513, 1490, 0.9753320491807879, 1.0210032561734679, 59.181978718783064, 0.9762560337163781, 0.9970942757231747]
02310317,93244,391397,60,2;[99711.29, 1378, 0.943179328203927, 1.143704959179787, 223.99610477881, 0.9729467990548334, 1.0041584775418244]
02310317,93244,391397,60,3;[98486.56000000001, 1322, 0.9216705493213898, 1.040795912764212, 95.487914678367, 0.9384637901284655, 0.9978554325571711]
02310317,93244,391403,62,1;[98815, 1530, 0.9101177129144247, 1.0640957496903487, 121.98427619522235, 0.9849781959490697, 9999]
02310317,93244,391403,62,2;[98210.7, 1420, 0.9212440560121868, 1.1444562828706564, 198.3774055781583, 0.9771778336016171, 1.0029347964782442]
02310317,93244,391403,62,3;[97754.98000000001, 1266, 0.9293427254569313, 1.074219344941745, 75.70761835013914, 0.9478212995822546, 1.0010170941969516]
02310317,93246,391419,199,1;[99209, 1516, 0.9098959547183683, 0.9569440380413959, 45.50685096643214, 0.9870474087815163, 0.9995063370206936]
02310317,93246,391419,199,3;[98533.14000000001, 1344, 0.9201906195080144, 1.0984595965654653, 214.04985949011973, 0.9598990508806982, 0.9971577911184438]
02310317,93246,391419,200,2;[98605.78, 1450, 0.9265815944632889, 1.1706952730388884, 189.51279884183123, 0.9798555563217083, 9999]
02310317,93385,392085,318,1;[98564, 1492, 0.9382150532602394, 1.1060799671448174, 127.20894887169382, 0.9857812992602211, 1.0022930998540756]
02310317,93385,392085,318,2;[99046.08, 1380, 0.9255226809564443, 1.157629860007546, 239.05260133096482, 0.9725892885997035, 1.0002403499495265]
02310317,93385,392085,318,3;[98342.71, 1302, 0.8788523824147058, 1.0553352823334259, 351.24200822484977, 0.9359128823687143, 35891.5]
02310317,93389,392114,669,1;[98220, 1570, 0.9366725888983608, 1.008482871153413, 44.877974872930594, 0.984623798017661, 0.9975675277652233]
02310317,93389,392114,669,2;[97933.43, 1370, 0.9122437830095629, 1.1006796527923166, 226.26103151238775, 0.9699170297957509, 1.0006322572800779]
02310317,93389,392114,669,3;[98426.28000000001, 1270, 0.8902804261466599, 1.0705757947602002, 315.0262115851167, 0.9444923281144344, 1.0066767085858408]
00023698,93080,390528,134,1;[36900, 898, 0.9978155479327312, 1.0259673944738459, 89.73238912855744, 0.9929930238391793, 0.9837638966648005]
00023698,93080,390528,134,2;[39364.009999999995, 820, 1.0504391901326098, 1.022399976459444, 131.86334323534342, 0.9822628171354302, 1.0140555785472325]
00023698,93080,390528,134,3;[55474.04, 910, 1.2348669144335471, 0.954528904486548, 84.48481776732575, 0.9923977465338607, 26994.666666666668]
00023698,93244,391403,53,2;[43991.92, 860, 1.0139415938895173, 1.0212939734954087, 88.72411398565121, 0.9915332214735743, 9999]
00023698,93244,391403,54,1;[45368, 944, 1.0138822074695624, 0.9740646097252217, 57.91967425793741, 0.993886083647604, 1.000099198694986]
00023698,93244,391403,55,3;[38692.91, 766, 1.0128055678324268, 1.0020142613457823, 123.04365198080062, 0.9864740144323954, 0.9985680697226298]
00023892,93026,390259,210,1;[115384, 1676, 0.9705763288702812, 0.9705763288702812, 27.44450635858385, 0.9967809945790217, 0.9971869206936336]
00023892,93026,390259,211,2;[117053.15999999999, 1570, 1.0149650236071255, 0.9746772383627069, 32.01824097753799, 0.9959190027831599, 0.996711876257112]
00023892,93026,390259,211,3;[116700.71, 1438, 1.0186254340279237, 0.9437976061425024, 56.93241554978748, 0.9908537816795847, 9999]
00023892,93026,390259,212,1;[115337, 1664, 0.9804131521278897, 0.9889032468085639, 29.32303153461915, 0.9964262448288627, 0.9924920079683675]
00023892,93026,390259,212,2;[117691.0, 1554, 1.014747909288223, 0.9808503008994244, 33.38817836122004, 0.9959185983378324, 9999]
00023892,93026,390259,212,3;[114356.64000000001, 1394, 1.0039062202291396, 0.9507977939312924, 37.10296143051946, 0.9936297065684685, 9999]
00023892,93026,390259,214,1;[120043, 1634, 1.0032661182443197, 0.9887838124952426, 22.927187669422857, 0.9969424029558446, 0.9982495311986761]
00023892,93026,390259,215,3;[114305.95000000001, 1398, 1.010278510246198, 0.9543713578041263, 39.13504025500448, 0.9933049493998183, 9999]
00023892,93026,390259,216,2;[116758.04, 1568, 1.0123332269148082, 0.98091887278259, 29.98789604125521, 0.996023856518871, 0.9963240520725442]
00023892,93049,390350,751,2;[112488.31999999999, 1480, 0.9848740726439702, 0.9929826624223882, 26.49613653842162, 0.9961483784872827, 9999]
00023892,93049,390350,752,3;[118309.09000000001, 1532, 1.0130833231157215, 0.9721992345752148, 59.29260583943325, 0.9911236827270111, 9999]
00023892,93049,390350,753,1;[115862, 1658, 0.9829469492684024, 0.9978529551266063, 24.60371064380052, 0.9960469422803894, 0.9909383646292598]
00023892,93049,390350,756,2;[116076.17, 1538, 1.0085478725212538, 0.9927081192712227, 43.37188848757056, 0.9943862237694245, 9999]
00023892,93049,390350,756,3;[117833.70000000001, 1382, 1.047327962051423, 0.9430491915437306, 103.28006889242694, 0.9876476852572468, 0.9989779088945155]
00023892,93049,390350,757,1;[119330, 1636, 1.0075125795868425, 0.9942916148693116, 29.0029681718026, 0.9953227996444487, 9999]
00023892,93049,390350,758,3;[117121.3, 1400, 1.030931342867741, 0.9719735434960686, 74.73251000866165, 0.9910807744684849, 9999]
00023892,93049,390350,760,1;[119412, 1684, 1.0004737661313214, 0.9880028410604836, 28.934950571560975, 0.9954903479060804, 0.999870214146658]
00023892,93049,390350,760,2;[117228.09, 1564, 1.0405712513178689, 0.9825036010815462, 94.58212834702178, 0.9879751501300211, 0.9954779023530066]
00023892,93049,390350,761,1;[115473, 1576, 0.991677529821298, 0.9926776955103828, 36.86362273631874, 0.9942467519164607, 1.0014917476864902]
00023892,93049,390350,763,2;[118247.92, 1546, 1.0345050869305332, 0.994516715150005, 59.95186314319832, 0.9908730469999921, 9999]
00023892,93049,390350,763,3;[118310.46, 1494, 1.0361395917367435, 0.9712337522244107, 108.28824339469637, 0.9843328979744623, 0.9939059128182995]
00023892,93049,390350,766,1;[116227, 1652, 0.9751026370807013, 0.9892795240401203, 27.456611617824382, 0.9965442441576506, 0.9924685549359998]
00023892,93049,390350,767,3;[117711.77, 1466, 1.0214023858039325, 0.9691685127209577, 43.76655418360943, 0.9929606828812833, 10740.125]
00023892,93049,390350,769,2;[117706.47, 1490, 1.0202549609913965, 0.9997484379105231, 29.963769686372082, 0.995278891855519, 9999]
00023892,93049,390350,770,1;[117114, 1588, 1.0024585818836231, 0.9928265580916606, 32.869004539460455, 0.9955113006843905, 9999]
00023892,93049,390350,770,3;[118395.40000000001, 1410, 1.0424963099943128, 0.9275135170288007, 78.28360049762023, 0.9922517167138535, 9999]
00023892,93049,390350,773,2;[114238.81, 1522, 1.0044227657496143, 0.986742260703326, 36.17136856988099, 0.9948063335800724, 9999]
00023892,93099,390646,1221,2;[114072.20999999999, 1486, 1.0090858747803573, 0.9867088647928606, 38.53013999163804, 0.9934468550222741, 9999]
00023892,93099,390646,1222,1;[115757, 1704, 0.9986716907804245, 0.9931340390066832, 35.39650912607604, 0.9961712619634862, 0.989105543782897]
00023892,93099,390646,1222,3;[117585.73000000001, 1392, 1.1323117391248805, 0.9651113997953958, 50.31573890807299, 0.9940088735414381, 9999]
00023892,93103,390673,1487,1;[118131, 1640, 0.9941992381714719, 0.9832364950716539, 24.18140079113889, 0.9967673469878491, 0.9975637458357788]
00023892,93103,390673,1488,3;[117951.52, 1364, 1.034720293021279, 0.9614925636421753, 96.22023479779668, 0.98528403584093, 0.9961010262284081]
00023892,93103,390673,1489,2;[116541.45999999999, 1546, 1.014966414714585, 0.992022459678374, 40.09946663942671, 0.9947342202306876, 0.9929282227280332]
00023892,93103,390673,1491,2;[120403.01, 1514, 1.0503891899546012, 0.9843946252209498, 113.66690920960296, 0.984839104179109, 9999]
00023892,93103,390673,1492,1;[114627, 1678, 0.9987680845865211, 0.9924709850319351, 45.564953524898826, 0.9946129103177113, 0.9927122981592382]
00023892,93103,390673,1492,3;[112581.12000000001, 1362, 1.004285977747245, 0.9649001229124898, 31.23126453415144, 0.9956981357234577, 9999]
00023892,93103,390673,1495,2;[114817.15, 1510, 0.9930315460441014, 0.9870770259924616, 31.546042712339776, 0.9947702350629656, 9999]
00023892,93103,390673,1497,3;[113548.34000000001, 1404, 1.0054351093309934, 0.960491452600365, 28.91913419738997, 0.9948299282430487, 9999]
00023892,93103,390673,1498,1;[116314, 1654, 0.989772517025471, 0.9913499174139772, 25.89202116124958, 0.9956881817830718, 0.9948765321221763]
00023892,93103,390673,1499,1;[115761, 1706, 0.9962542217613665, 0.9812057965453727, 38.26655464467754, 0.9959036968410945, 0.9896936302274583]
00023892,93103,390673,1499,3;[117251.45000000001, 1500, 1.0242496834682837, 0.9748615169204323, 53.78139989410666, 0.9908513476631625, 34234.0]
00023892,93103,390673,1500,2;[113904.42, 1520, 1.0033341804562999, 0.9866325509813356, 31.931454020851525, 0.9944117262205622, 0.9918501209788144]
00023892,93122,390798,1587,3;[117843.29000000001, 1442, 1.0406381091708652, 0.97290517790024, 111.87571133625764, 0.982512094931687, 0.9956477955389904]
00023892,93122,390798,1589,1;[115972, 1698, 0.9778822539189395, 0.9908134710763481, 20.37117655163161, 0.9968449509462828, 0.9941706957446079]
00023892,93122,390798,1589,2;[117505.36, 1504, 1.0292453359150497, 0.9978651105229204, 41.27597117489877, 0.9945531923571351, 9999]
00023892,93122,390798,1590,1;[114476, 1708, 0.9714008354292216, 0.9792266459744134, 31.895664856885332, 0.9963746613606888, 0.9873600048300221]
00023892,93122,390798,1590,2;[115546.62, 1446, 1.0044099548766843, 0.9937778684089924, 34.96544073137213, 0.9941037791054449, 9999]
00023892,93122,390798,1592,3;[117977.55, 1424, 1.0384956777881869, 0.9582881772027657, 51.69301507743181, 0.993571167624946, 172230.0]
00023892,93139,390920,17,2;[116130.90999999999, 1510, 0.9981631323817355, 0.9808162066148503, 32.268889709424414, 0.993887002655094, 0.9946034641785189]
00023892,93139,390920,17,3;[117082.94, 1368, 1.01704474354301, 0.9629625559037094, 53.25214145749839, 0.9925764721536028, 9999]
00023892,93139,390920,18,1;[114291, 1656, 0.9814575364939319, 0.9959018721886728, 30.733984173391054, 0.9957475714305857, 0.9944271152817112]
00023892,93139,390920,19,1;[117141, 1708, 1.0011284673044343, 0.9784178992053928, 59.47460187917027, 0.9921109682880714, 0.9933264364697103]
00023892,93139,390920,20,3;[118051.53000000001, 1470, 1.0213625513322462, 0.9716452290970454, 85.44257796364806, 0.9849400431888099, 9999]
00023892,93139,390920,21,2;[115941.7, 1478, 1.0067750976010585, 0.9966286729292532, 25.270836994108723, 0.9955051948918705, 1.001742742428838]
00023892,93166,391047,301,1;[119197, 1602, 0.9934559797032223, 0.9948353663934025, 20.712104405988043, 0.9968702647084702, 0.9987055043296481]
00023892,93166,391047,301,2;[116151.14, 1540, 1.0002683910551358, 0.9928704150270152, 33.4848806094114, 0.9948215854848882, 9999]
00023892,93166,391047,303,3;[118637.89000000001, 1398, 1.0223579081250327, 0.9703534494557088, 42.23273852076505, 0.9934911546531924, 9999]
00023892,93166,391047,304,1;[117753, 1622, 0.9772164352433422, 0.9958620833402838, 25.766315361363983, 0.9967860458868003, 0.9972686967237064]
00023892,93166,391047,305,2;[117093.62, 1536, 1.002178459818774, 0.997850638667676, 24.4138911119299, 0.9964615269265222, 1.000127051242307]
00023892,93166,391047,305,3;[119032.45000000001, 1370, 1.0183846266174685, 0.9748323649170428, 37.875699129217296, 0.9947455224370897, 2199.6202531645567]
00023892,93166,391047,307,2;[115370.5, 1528, 1.0058060097422366, 0.9895282762600829, 39.93207841576104, 0.9944151817445519, 9999]
00023892,93166,391047,308,1;[115460, 1682, 0.9960968642594321, 0.9954651582763876, 40.582903883813906, 0.9951983391381567, 0.9932470213772635]
00023892,93166,391047,308,3;[118877.64000000001, 1454, 1.017150500848034, 0.9733966928934351, 36.44529966828555, 0.9937569319287601, 1324.7633587786258]
00023892,93166,391047,309,1;[119716, 1620, 1.0322619672169577, 0.9876387315526259, 46.38197855060344, 0.9944067144527013, 0.999419796219075]
00023892,93166,391047,309,2;[115416.90999999999, 1496, 1.0140101989435855, 0.9782871975660953, 49.76970517264166, 0.9923215994050387, 9999]
00023892,93166,391047,310,3;[117396.67000000001, 1446, 1.0322636927019022, 0.9549682020607355, 42.6314536599798, 0.9954496600959517, 9999]
00023892,93166,391047,312,2;[119097.58, 1476, 1.0286965797742729, 0.9766518066581236, 64.13464440773701, 0.9901136968339167, 100082.0]
00023892,93166,391047,313,1;[120302, 1688, 1.021004314514589, 0.9866737636844082, 42.55555215394716, 0.9931729686905908, 0.9957002685780263]
00023892,93166,391047,313,3;[119017.38, 1408, 1.0256435421473993, 0.9687818342517958, 44.27779058241403, 0.9929874755115312, 24821.14285714286]
00023892,93166,391047,315,1;[117580, 1706, 0.9911475015587408, 0.9998940038735258, 31.46718806602632, 0.9964770636421072, 0.9924037812288994]
00023892,93166,391047,315,2;[119473.62, 1562, 1.0290292751963206, 0.976969826578464, 59.39391504055549, 0.9910613417632356, 9999]
00023892,93166,391047,315,3;[120414.78000000001, 1524, 1.0420803432332637, 0.9716719340706381, 114.80932319891738, 0.9838297153742086, 0.9968696835658387]
00023892,93265,391506,609,1;[120450, 1668, 1.0130823848066772, 0.9934285035407959, 28.081715577593773, 0.9950777124707098, 9999]
00023892,93265,391506,609,3;[119976.38, 1438, 1.0627480642574758, 0.9590433977019611, 126.38952663022229, 0.9846962103710577, 0.99012968218255]
00023892,93265,391506,610,2;[119833.0, 1508, 1.0279624297293433, 0.9939602657133225, 34.05485042585448, 0.9943307197997148, 0.9989534301203803]
00023892,93265,391506,611,3;[119896.92000000001, 1368, 1.0267371543472592, 0.9680652141772095, 60.138477372720004, 0.9910185054986551, 175032.0]
00023892,93265,391506,612,2;[116885.37, 1548, 1.0145783774572443, 0.9803564738122116, 29.62078944142632, 0.9948200399301197, 9999]
00023892,93265,391506,613,1;[114481, 1610, 0.9955593575803238, 0.9902087238335712, 36.759064237107594, 0.9944111491071127, 0.9902515396858349]
00023892,93329,391882,87,1;[118271, 1616, 1.0194271800477344, 0.9951980347867928, 37.73351695185407, 0.9949972892828642, 0.9989948475377988]
00023892,93329,391882,87,2;[111247.15, 1430, 0.9892958805203751, 0.987969527216751, 25.62743346510477, 0.9960790202361292, 9999]
00023892,93329,391882,87,3;[115923.92000000001, 1414, 1.0215942370198658, 0.9563196493174627, 47.010858776237484, 0.9953242287886229, 9999]
00023892,93329,391882,89,1;[114628, 1672, 0.9914825066265023, 0.992449732020601, 46.0862142629913, 0.9941192467786226, 0.9939475920434248]
00023892,93329,391882,89,3;[114667.63, 1414, 1.0167941706478845, 0.9529070402788227, 69.36194070195396, 0.9896615259912896, 0.9922821576763485]
00023892,93329,391882,90,2;[116098.78, 1540, 1.024478526931865, 0.9929498654533664, 58.7047229351499, 0.9922725834272821, 9999]
00023892,93329,391882,92,2;[114627.93999999999, 1522, 1.0073552101636527, 0.9847883422105579, 36.85985021329225, 0.9940911230252352, 0.9904477918873066]
00023892,93329,391882,92,3;[114493.64000000001, 1356, 1.0098884038015559, 0.9575393429604518, 53.70771228318953, 0.9928164272628103, 9999]
00023892,93329,391882,93,1;[115389, 1646, 0.9791536811644996, 0.9912072497007227, 30.555962129969355, 0.9961549890584726, 0.995354855405318]
00023892,93329,391882,94,1;[116973, 1592, 0.994606233216065, 0.9965614043713638, 34.71012332712566, 0.9946580766084038, 0.9999615310636661]
00023892,93329,391882,94,2;[112866.73999999999, 1496, 1.003006582190011, 0.9923183925625743, 26.138494257660792, 0.99570058885804, 9999]
00023892,93329,391882,94,3;[114433.36000000002, 1410, 1.0214616209838423, 0.9517095185099957, 73.57692311392724, 0.9894936176987641, 0.990536726513768]
00023892,93329,391882,96,1;[115407, 1632, 0.9872182726007631, 0.9927104473525977, 23.989429741072772, 0.9960868400620199, 0.996795591563164]
00023892,93329,391882,96,2;[113005.97, 1516, 0.9882006017804126, 0.9825266807640969, 27.477798069064683, 0.9957344812378607, 0.9942780561096016]
00023892,93329,391882,96,3;[117169.25000000001, 1434, 1.0569068397282255, 0.9348208440309685, 110.45560734956277, 0.9883416942725053, 9999]
00023892,93329,391882,99,1;[118266, 1608, 1.0340711010663866, 0.9901960891665134, 40.350390802242764, 0.9941750124012475, 0.995743928467688]
00023892,93329,391882,99,2;[114010.33, 1524, 1.0088953795511193, 0.9873587254334197, 27.375748128469997, 0.9954495918170748, 9999]
00023892,93329,391882,99,3;[113752.47000000002, 1336, 1.0058340005280906, 0.9771892906538502, 25.640739364499375, 0.99607581804577, 9999]
00023892,93377,392048,3,3;[118466.64000000001, 1406, 1.047556527781869, 0.9626297559970822, 107.28162349534367, 0.988306503325163, 9999]
00023892,93377,392048,4,1;[118492, 1724, 0.9863208326474601, 0.9986424630954116, 19.764201178268063, 0.9967779664001932, 0.982353745839223]
00023892,93377,392048,4,2;[116322.5, 1540, 1.0024661578187861, 0.9812524545754474, 28.71243987076844, 0.9953319054134065, 9999]
00023892,93377,392048,5,1;[112681, 1604, 0.9750116024793062, 0.9728192778387952, 30.87669786078407, 0.9962903174522396, 0.9869450782375636]
00023892,93377,392048,5,2;[117476.79999999999, 1468, 1.0128946844061226, 0.9826118107683158, 31.69563920609115, 0.9953051589361018, 9999]
00023892,93377,392048,5,3;[119291.38, 1442, 1.0494193382007337, 0.9224995551443748, 90.97954973781846, 0.9914184377585706, 9999]
00023892,93377,392048,8,2;[114999.22, 1520, 1.0070723933409482, 0.9772014446917673, 55.95936210100426, 0.9911467610708359, 1.0000983146794165]
00023892,93377,392048,8,3;[115359.48000000001, 1394, 1.0261842013140077, 0.9530082855170431, 74.80732270330151, 0.9887307322964278, 9999]
00023892,93377,392048,9,1;[115825, 1638, 0.9752674514762388, 0.977930434245964, 26.59457846165895, 0.9966290836236483, 0.9829547624402228]
00232831,93048,390346,740,1;[60347, 1074, 1.0041203919890753, 0.9799737843213558, 68.8031668473261, 0.9893269121354705, 1.0045276737411568]
00232831,93048,390346,740,2;[26282.34, 714, 1.0320528336306802, 1.014372897938292, 140.43680277580415, 0.9847081607347733, 9999]
00232831,93048,390346,740,3;[48303.46000000001, 810, 1.1451752258466206, 0.9524738607388366, 111.29907984614162, 0.9886044851043795, 1.0053033759124088]
00232831,93048,390346,741,1;[58549, 1054, 1.0054455670794802, 0.9721401613657598, 71.84338526471858, 0.9899833681219329, 1.006091640962634]
00232831,93048,390346,741,2;[26754.77, 714, 1.0341519316231074, 1.0048081338552852, 159.3327943069655, 0.9804418482813829, 1.0053435285174503]
00232831,93048,390346,741,3;[59377.170000000006, 910, 1.009236585552549, 0.9801747544230137, 119.60868056295885, 0.9820228240271109, 1.0022546741128724]
00232831,93048,390346,742,1;[60220, 1068, 1.0074655194483435, 0.9772295374079115, 65.41557014703079, 0.9913233628504808, 1.006005629755849]
00232831,93048,390346,742,2;[36023.68, 754, 1.1820072772154882, 0.975194568199687, 145.89823339616314, 0.9858882366313425, 1.007957912962408]
00232831,93048,390346,742,3;[30371.530000000002, 664, 1.0089733402220478, 0.9955065153366602, 110.20559259267367, 0.9896436106369197, 1.003848940409346]
00232831,93147,390953,359,1;[28614, 804, 1.0032679635817676, 0.9797642027110547, 76.11960080236409, 0.9935266967839056, 1.0029442691903259]
00232831,93147,390953,359,2;[32495.329999999998, 730, 1.0010910926167107, 1.0181539503852286, 138.38844875947652, 0.9872961394964037, 1.0066911209009972]
00232831,93147,390953,359,3;[44651.04, 780, 1.1265940771710539, 0.9490983104198878, 135.99181647196534, 0.9850378115291741, 1.0061277725469615]
00232831,93165,391039,287,1;[39866, 864, 1.0298398293658304, 0.9959000629021967, 86.7554628668432, 0.992586344484783, 0.9994735126733021]
00232831,93165,391039,287,2;[58477.79, 974, 1.0269415973797502, 0.9712203717647845, 110.17502078317794, 0.9861528678999373, 1.0036866453569715]
00232831,93165,391039,287,3;[47685.590000000004, 804, 1.0360607644632402, 0.94115180619928, 106.98442230112188, 0.9887037694940279, 9999]
00232831,93165,391039,289,1;[28699, 810, 1.00818441333912, 0.9786705332760606, 77.15163995602295, 0.9933617731220881, 0.9997039101280153]
00232831,93165,391039,289,2;[29376.34, 706, 1.0029025862775742, 1.0184988224387705, 115.10771404046059, 0.9898791421656763, 1.0058060178866095]
00232831,93165,391039,289,3;[29242.65, 658, 1.0054347153086407, 1.016919426240819, 136.91117619523283, 0.9875221844265234, 1.0027482207032625]
00232831,93165,391039,290,1;[29374, 836, 1.0333035036256313, 0.9688302861139513, 84.38927192001452, 0.9925713888783438, 1.00454840805718]
00232831,93165,391039,290,2;[48306.86, 868, 1.1486846561401474, 0.9733066559966124, 138.39645165229948, 0.9857525522417887, 1.0036095727848102]
00232831,93165,391039,290,3;[28849.460000000003, 652, 1.0052699092288533, 1.0203944978101065, 115.91342784668967, 0.98962519814608, 1.003669987131214]
00232831,93328,391868,72,1;[53913, 1002, 1.0197885864858176, 0.9823802569413564, 73.40299224254385, 0.9925419384832258, 1.0061398925052254]
00232831,93328,391868,72,2;[30416.399999999998, 710, 1.0438726826922544, 0.9772929921499058, 127.79972348039183, 0.989214036519754, 9999]
00232831,93328,391868,72,3;[54501.340000000004, 870, 1.009712309967718, 1.0058363780854904, 98.19940865914353, 0.988407161462243, 9999]
00232831,93328,391868,73,1;[53548, 998, 1.0189524065939604, 0.9797690597906243, 70.54455465725476, 0.9923345736926806, 1.0058606957697798]
00232831,93328,391868,73,2;[32314.449999999997, 730, 1.0032959324346369, 1.0173005886922057, 119.24168662801405, 0.9887060503406242, 1.0007739367583106]
00232831,93328,391868,73,3;[56224.8, 882, 1.0097929346542687, 1.0019868142286004, 108.93376190051036, 0.985441320762081, 9999]
00232831,93328,391868,74,1;[58872, 1058, 1.0073440151434425, 0.9871881459772484, 66.68563326524257, 0.9914655171775439, 1.0050875815208113]
00232831,93328,391868,74,2;[56247.729999999996, 944, 1.126253123694444, 0.9646773931279856, 122.14461848641795, 0.984343955618227, 1.0040039508480516]
00232831,93328,391868,74,3;[54302.69, 864, 1.013030303116915, 1.0093036032740614, 115.46933163720168, 0.98485697905831, 9999]
00441627,93067,390432,65,1;[15714, 638, 1.1674466010813829, 0.7561046669035688, 346.9259901289501, 0.8894003153109493, 9999]
00441627,93067,390432,65,2;[22807.539999999997, 598, 1.2492295671770943, 0.6873563737289509, 725.4471444585623, 0.802947111159498, 1.0071201492341242]
00441627,93067,390432,65,3;[24192.83, 574, 1.2862026293244972, 0.627518252358114, 919.6946239846145, 0.7491276827770813, 1.0014461110953583]
00441627,93067,390432,68,1;[27245, 722, 1.194274443727004, 0.7854497065170992, 253.61920328175842, 0.8218047238321838, 1.0026127916390668]
00441627,93067,390432,68,2;[19893.23, 552, 1.2279508009012952, 0.691695128853225, 746.0960470034152, 0.8021470782719747, 1.0057455704960443]
00441627,93067,390432,68,3;[24559.99, 578, 1.249334502503404, 0.6992193052806123, 637.1037281747384, 0.7989884203727122, 1.005468465184105]
00441627,93264,391493,588,1;[22012, 638, 1.1902319115508202, 0.7554629722602274, 311.47135337826666, 0.9024941265452469, 1.0028702902182332]
00441627,93264,391493,588,2;[11046.769999999999, 442, 1.2688507520906305, 0.568624318149486, 1073.9919204139494, 0.8389947737193553, 1.0008085817476147]
00441627,93264,391493,589,3;[20825.370000000003, 572, 0.8375946561742645, 0.9479367480249553, 377.22639973804326, 0.9546848765054015, 9999]
00441627,93264,391493,590,1;[26199, 702, 1.1968991048328994, 0.7830631210680268, 238.2215595066502, 0.8440536702093943, 1.002813343285296]
00441627,93264,391493,590,2;[23864.26, 612, 1.256414906920121, 0.7114798013705466, 659.404770109903, 0.8013166476486309, 1.006474278544542]
00441627,93264,391493,590,3;[22539.24, 548, 1.240577208802182, 0.6790604020814679, 731.5496162779987, 0.816163010966084, 1.007594316511514]
00441627,93264,391493,592,2;[20644.12, 564, 1.2765752460824928, 0.6418410166332688, 751.8929663106045, 0.8103749676560578, 1.006877738762007]
00441627,93264,391493,593,1;[26302, 710, 1.1869223694738409, 0.7556416865111578, 217.07387056715302, 0.8227076205914147, 1.0046216722050343]
00441627,93264,391493,593,3;[22637.88, 554, 1.2541221880604563, 0.6647905524711956, 803.3539340885751, 0.8014692819644617, 1.0067936024371669]
00441627,93264,391493,595,1;[21004, 622, 1.2261234030861412, 0.7310576484003581, 472.6180818493479, 0.823122619580244, 1.003343842552785]
00441627,93264,391493,595,2;[11633.439999999999, 446, 1.2632936905524654, 0.5825693369903253, 1041.3494470749433, 0.8378206056193052, 1.0045727791193546]
00441627,93264,391493,595,3;[17955.22, 490, 1.2818439755307773, 0.6146253616547164, 1003.9752625110541, 0.7923147851360215, 1.0054083080817766]
00441627,93264,391493,597,1;[21659, 634, 1.2205437772438723, 0.7396867577857835, 496.35626253240565, 0.8234554444576889, 1.0013407304669442]
00441627,93264,391493,597,2;[11781.0, 446, 1.2526755049413298, 0.5930250479058373, 1001.3408967567739, 0.8377018170298075, 1.0046681550639334]
00441627,93264,391493,597,3;[25829.980000000003, 598, 1.304461947657784, 0.6171348046256954, 891.4483809446956, 0.7008563082716605, 1.0046090315705343]
00441627,93264,391493,599,2;[11305.0, 440, 1.281290154903554, 0.5989384629154292, 1112.9236219185766, 0.8319700501072221, 1.0061427663630587]
00441627,93264,391493,599,3;[26054.660000000003, 596, 1.2972739183958333, 0.627373736650462, 911.3357686232492, 0.6873495394212334, 1.006776071995765]
00441627,93264,391493,600,1;[11917, 530, 1.233004992998604, 0.5924407163077953, 594.2305042806784, 0.866906872461912, 1.0063758814339399]
00441627,93384,392076,320,1;[27232, 722, 1.19797231594017, 0.7724418266403039, 293.18423867124017, 0.8440864423516885, 0.9968336475282318]
00441627,93384,392076,320,2;[26190.71, 644, 1.2443350406743297, 0.7063992727186719, 541.4603397300541, 0.7930715835509385, 1.0072077431755257]
00441627,93384,392076,320,3;[12539.61, 542, 1.257142710942477, 0.6054314665806244, 1137.5345461779932, 0.8236665273880546, 9999]
00441627,93384,392076,322,1;[27294, 720, 1.1898894599562893, 0.7924356124797725, 233.60026559868265, 0.8387704855837407, 0.9927617939111774]
00441627,93384,392076,322,2;[11972.59, 504, 1.2654479295693073, 0.604850949580783, 1069.9444021593242, 0.8422020448077775, 0.8745653685674548]
00441627,93384,392076,322,3;[26950.640000000003, 610, 1.2694555761257222, 0.6575541292758709, 733.2024652984303, 0.7600948869274285, 1.0021651086375098]
