02413604,93027,390264,302,5;[61363.54, 1056, 0.8639710587488523, 1.113359351723475, 431.26537197710917, 0.9059634102095473, 1.002332542860475]
02413604,93027,390264,302,6;[56690.600000000006, 934, 0.8793494528733318, 1.1116132376003098, 225.1885800273455, 0.922491263792119, 1.0063719052483098]
02413604,93027,390264,303,4;[72446, 1212, 0.8781650410368137, 1.1909485408687137, 415.1934975046307, 0.9632295526071655, 1.0008012377742168]
02413604,93027,390264,304,7;[47812.5, 956, 0.8688641155181153, 1.0878714838163515, 544.9198214605138, 0.9390007799500812, 0.9940515952540001]
02413604,93027,390264,305,4;[51926, 1074, 0.8838654949839378, 1.1694144272709819, 148.92761760468082, 0.9490262359801787, 1.0005106022216013]
02413604,93027,390264,305,5;[55924.049999999996, 984, 0.8764707671031667, 1.1698981683740015, 180.14864927948673, 0.9416329661835535, 1.0065971255381583]
02413604,93027,390264,305,6;[59256.61000000001, 956, 0.8643158598395213, 1.115833284811969, 209.24792182488542, 0.9169178293071881, 1.0072892408011178]
02413604,93027,390264,306,7;[55670.58, 844, 0.8632566622491897, 1.1333572525568947, 611.940938295663, 0.9038943312635342, 1.005846659940013]
02413604,93068,390445,95,5;[59837.96, 1022, 0.8669189525857965, 1.1767762686130065, 197.35975664628629, 0.9181533905389039, 1.0033522228430043]
02413604,93068,390445,95,6;[53406.71000000001, 1060, 0.8696241911812193, 1.229124014180775, 253.13104946925597, 0.9441319580917029, 0.944767582763802]
02413604,93068,390445,95,7;[49778.55, 850, 0.8613366732125793, 1.2070809175577055, 402.6427325016408, 0.8903710094307811, 0.9887855579868708]
02413604,93068,390445,96,4;[61513, 1244, 0.8609506253347979, 1.247965334230659, 356.5271219749697, 0.9405563656944848, 0.9990093221164777]
02413604,93080,390524,140,4;[57896, 1080, 0.8715566046836671, 1.13460017888413, 265.51067676590105, 0.9243580063944654, 0.9973385242159843]
02413604,93080,390524,140,6;[52808.020000000004, 1074, 0.8778792526942554, 1.1809030393824362, 343.04529906752487, 0.9365274407210358, 0.9906068899939606]
02413604,93080,390524,140,7;[49636.26, 984, 0.857507111061578, 1.159749901142521, 419.63437716821073, 0.9270615223721451, 0.9905954198473282]
02413604,93080,390524,141,5;[56661.85, 1092, 0.8606684533069959, 1.1830827267622839, 466.6170048365072, 0.9405864014811127, 0.988909426987061]
02413604,93080,390524,143,6;[57481.090000000004, 930, 0.8648732725815236, 1.1329717553709329, 284.26695528385505, 0.8959119694992297, 1.0046813452581924]
02413604,93080,390524,144,4;[57009, 1222, 0.8807378690989789, 1.3316672726889967, 271.2723792767986, 0.9520644590571568, 0.963046801753482]
02413604,93080,390524,144,5;[57554.35, 1144, 0.8738199766681114, 1.2399198011789805, 368.53686431277913, 0.9484142886576001, 1.0021238021238021]
02413604,93080,390524,145,7;[54041.13, 980, 0.8744977116428754, 1.2877384191495351, 458.8107652090141, 0.9586957159873948, 1.0011905099350888]
02413604,93094,390612,758,5;[59488.1, 1016, 0.8695790963166995, 1.1386026266035527, 169.94804704394497, 0.9282311835487432, 1.004410243015441]
02413604,93094,390612,758,6;[57856.47, 998, 0.8821297229211891, 1.2413078154207704, 198.97495266818638, 0.9431872452768583, 1.003886610804065]
02413604,93094,390612,759,4;[58922, 1208, 0.870918829485395, 1.1752050122315498, 294.68689953674533, 0.940990749885699, 0.9696540828752921]
02413604,93094,390612,759,7;[53133.840000000004, 1012, 0.8746017106992353, 1.353221615758573, 434.47687628510414, 0.9565032705067745, 0.9899940135123578]
02413604,93094,390612,760,5;[59589.25, 1038, 0.8716352073118708, 1.1099013250711833, 201.30080212919515, 0.9338252495704017, 1.005289943085432]
02413604,93094,390612,760,6;[55101.4, 908, 0.8848419300909899, 1.1682396725658974, 156.62939554651206, 0.9522377268289465, 1.0094748070527704]
02413604,93094,390612,760,7;[52506.54, 872, 0.8751526634222502, 1.1614172002355196, 181.72120942701983, 0.9238938688569728, 1.005508350424846]
02413604,93094,390612,762,4;[52671, 1246, 0.8639590360051496, 1.1048087054780518, 352.1510359186764, 0.9353870579423516, 0.9726600371180854]
02413604,93101,390658,1355,4;[60633, 1104, 0.874504780680732, 1.1003531235212125, 282.30742636049405, 0.9075008357476576, 1.0028033441663151]
02413604,93101,390658,1355,5;[54868.52, 1146, 0.8540644654776441, 1.2739123125356417, 391.15576348434365, 0.927187341452178, 0.9923595118696598]
02413604,93101,390658,1355,6;[59185.37, 1004, 0.8656239017804555, 1.1694044297660864, 249.6681483332279, 0.9067702254471671, 1.001924950136834]
02413604,93101,390658,1355,7;[48138.39, 978, 0.8641477262691524, 1.0828033489511417, 436.8451385183116, 0.9206992784432452, 0.9816236116310995]
02413604,93128,390836,371,5;[60982.74, 1088, 0.86145060096225, 1.0957262750448755, 563.8698996113736, 0.9069026998938016, 0.9985483383832972]
02413604,93128,390836,371,7;[53516.340000000004, 840, 0.8627320387653103, 1.1058745974623105, 285.1151452710187, 0.9050572293268684, 1.005071620476129]
02413604,93128,390836,372,4;[55863, 1088, 0.8681426426937363, 1.1119428037155288, 229.73368579899292, 0.9189512749236507, 0.9899082975235901]
02413604,93128,390836,372,6;[59734.740000000005, 948, 0.8569635051363829, 1.1592521232574031, 222.68910830886188, 0.9075345752097163, 1.0065445479414108]
02413604,93128,390836,373,4;[58727, 1122, 0.8658108989045231, 1.1287122918116888, 184.33772876824716, 0.9371401796618428, 0.998716040984652]
02413604,93128,390836,373,5;[53672.57, 1160, 0.8555038108725959, 1.1739405248687458, 348.56247319810075, 0.9327691841396658, 0.984835416780392]
02413604,93128,390836,373,6;[60371.79000000001, 956, 0.8694109918274135, 1.1416271915968088, 226.1344491902635, 0.9141679307643898, 1.0063026649311502]
02413604,93128,390836,376,7;[58820.85, 884, 0.8751381891477684, 1.1292074707432682, 375.4571193028611, 0.9101217463977258, 1.003536981688615]
02413604,93128,390836,377,4;[54903, 1106, 0.8768678943369824, 1.210077297823796, 162.7756909768138, 0.9589910552275983, 0.9947006549446966]
02413604,93128,390836,377,5;[56793.939999999995, 1144, 0.8585730976326619, 1.2160390061877322, 470.35875899436303, 0.939353449088534, 0.9972626783960549]
02413604,93128,390836,377,6;[57108.450000000004, 1082, 0.8685726698259958, 1.3297616557090846, 377.93552973501266, 0.94839606806082, 0.9984550713182194]
02413604,93128,390836,377,7;[50363.01, 864, 0.8725589631995536, 1.1508581321736757, 495.9324731021904, 0.9323222824985244, 0.9924025445446049]
02413604,93138,390908,1129,4;[59001, 1266, 0.8719961809815807, 1.2555451541243576, 380.0597955047549, 0.9571849461682937, 0.935410225921522]
02413604,93138,390908,1129,5;[60255.649999999994, 1138, 0.8740636496407327, 1.1423430383611848, 463.0958430017508, 0.9348945653155764, 1.0000790029823625]
02413604,93138,390908,1129,7;[50670.54, 980, 0.8536260237529948, 1.221496465072926, 510.79384522880616, 0.9251067479017597, 0.9921955749958806]
02413604,93138,390908,1130,6;[51099.630000000005, 1044, 0.8657792664534388, 1.182195432282246, 227.44943316258383, 0.9534352601458681, 0.9514565583388602]
02413604,93138,390908,1131,4;[52199, 1242, 0.8676248611266056, 1.1165947231430786, 407.979463082106, 0.9300403816893026, 0.9587385550688303]
02413604,93138,390908,1131,5;[52979.99, 998, 0.8661921858249592, 1.1648038634260598, 176.9355806862659, 0.9232181098122259, 1.0026913505174375]
02413604,93138,390908,1131,7;[56753.82, 954, 0.8683132876815931, 1.1410214330202035, 573.9297935415241, 0.9470894728866066, 1.004835367257656]
02413604,93138,390908,1132,6;[58470.23, 986, 0.8797663267608185, 1.1033380923416738, 584.9412506269834, 0.9135498911435159, 0.9986545458799855]
02413604,93226,391292,525,5;[53715.409999999996, 960, 0.8648711803692912, 1.1496831200729525, 217.44675019315395, 0.9058834539189982, 0.9923821877301557]
02413604,93226,391292,525,6;[53780.72, 984, 0.866183631181122, 1.160393944509668, 246.74166452885598, 0.9154267655754759, 0.9969777777777777]
02413604,93226,391292,525,7;[56235.15, 922, 0.8727552409921262, 1.1806766420003187, 253.19766704286562, 0.9302221804970283, 1.006118007746739]
02413604,93226,391292,527,4;[60031, 1140, 0.8619439677622842, 1.1469929323227692, 354.29368356717026, 0.9103506070940092, 1.0005083290972576]
02413604,93226,391292,528,6;[52251.8, 1082, 0.8596014409769116, 1.163885428834798, 441.3728997871359, 0.9205585276531139, 0.9884414036178925]
02413604,93226,391292,528,7;[56149.47, 960, 0.8693938540600253, 1.1496326981787803, 576.5870586406461, 0.9443082577789799, 1.004502593439078]
02413604,93226,391292,529,4;[54503, 1192, 0.8708684117687032, 1.277415636088248, 268.49645224937666, 0.9465850868352127, 0.997374031273732]
02413604,93226,391292,529,5;[54883.99, 1142, 0.8726542908720084, 1.201178276445867, 273.4080842190689, 0.9406750011898589, 0.9937193643953677]
02413604,93227,391295,540,4;[57761, 1100, 0.8762115598748527, 1.1261248807974054, 318.1735492432845, 0.9258032755795604, 1.003065060910488]
02413604,93227,391295,540,5;[63386.53999999999, 1030, 0.8626800812657008, 1.1505053341514866, 409.8732876037599, 0.8924683591731075, 1.0051800760499325]
02413604,93227,391295,540,6;[59371.69, 938, 0.867967976124551, 1.1109693928033848, 222.72391686476996, 0.8986637038409319, 1.0062693013211972]
02413604,93227,391295,540,7;[51033.15, 826, 0.8670095630769142, 1.162639240884902, 339.9425892809778, 0.8881326841616493, 1.0029467480530414]
02413604,93227,391295,541,4;[55409, 1188, 0.8993446388833969, 1.3642454161051514, 262.66973550652335, 0.9482630261071221, 0.9982794187858642]
02413604,93227,391295,541,5;[61285.0, 1146, 0.8591682281733491, 1.267772363873651, 335.73894863977574, 0.9276931303835909, 1.0001553639400296]
02413604,93227,391295,541,6;[60660.86000000001, 946, 0.8626865289350951, 1.1404461462142919, 228.06415313901732, 0.9022814404204146, 1.0070963926670609]
02413604,93227,391295,542,7;[54004.41, 936, 0.8647337308649801, 1.1894143608759389, 534.0845193128482, 0.9543760177156186, 1.0034255824200815]
02413604,93340,391952,11,4;[56112, 1172, 0.8558523326617686, 1.1635825354329812, 262.2674405851484, 0.9226558624984725, 1.000499251123315]
02413604,93340,391952,11,6;[53827.3, 922, 0.866611082106129, 1.0618035398322123, 628.07729843911, 0.8966815343295675, 1.0053735926305016]
02413604,93340,391952,11,7;[52492.770000000004, 924, 0.860258775947886, 1.1225019622806, 407.3932968285661, 0.9065434545326598, 1.0046853494977892]
02413604,93340,391952,13,5;[52186.259999999995, 1154, 0.858201447290482, 1.0970324785733936, 411.4578239922804, 0.9285826098762917, 0.98300905585941]
02413604,93340,391952,14,4;[60240, 1090, 0.867638444471318, 1.1511428747092405, 363.34262139359714, 0.911537334093791, 1.0043682683650672]
02413604,93340,391952,14,5;[55230.28, 1020, 0.865030722918913, 1.1902892783351027, 224.58321416032305, 0.9271662251077822, 0.9976569721201178]
02413604,93340,391952,14,6;[53079.280000000006, 1070, 0.8735035052263261, 1.2209145064670988, 463.0766018359252, 0.9357663702322336, 0.9935505378825762]
02413604,93340,391952,16,7;[46290.15, 964, 0.853975957468067, 1.0327514221372147, 336.53352760079173, 0.9254482328802526, 0.9846709627025971]
02413604,93340,391952,17,4;[58362, 1074, 0.873250460008425, 1.1459659338842987, 376.26925275008983, 0.9042043406508118, 1.0036975252377596]
02413604,93340,391952,17,5;[55273.119999999995, 1138, 0.8515462180860628, 1.2898451042241788, 452.1582021235884, 0.9302020717944424, 0.9940610587366642]
02413604,93340,391952,17,6;[52083.29, 1062, 0.8544819236722268, 1.201114839975536, 431.24131145890874, 0.9433896238574301, 0.9876084584610588]
02413604,93340,391952,17,7;[53580.6, 828, 0.8754549909993539, 1.1524166500774315, 514.7611600719572, 0.908363091279204, 1.0034959023439738]
02413604,93385,392089,348,4;[54646, 1130, 0.8648887970845176, 1.1963459566695198, 281.0993838313999, 0.9100916221747885, 0.990152112267732]
02413604,93385,392089,348,5;[55335.0, 980, 0.8574238011397268, 1.1658318430969952, 349.46776423182916, 0.8971410023082284, 0.9955681161282035]
02413604,93385,392089,348,7;[54409.86, 964, 0.8821575138448086, 1.3050814740049177, 346.1722120116131, 0.9342199625745901, 1.0020993307502641]
02413604,93385,392089,349,6;[58357.89000000001, 1048, 0.8782712615643858, 1.3261237971785356, 299.0406541754069, 0.9407343228183429, 1.0021998188384487]
00023892,93026,390259,210,4;[92611, 1418, 1.0160441936584983, 0.9304499353148526, 74.45688925008452, 0.9880816605513132, 0.9949399454244644]
00023892,93026,390259,210,5;[94888.22, 1378, 1.0014205542741594, 0.9214935775142608, 74.6538927008212, 0.9898794256868059, 0.9885570473958915]
00023892,93026,390259,211,6;[95338.3, 1286, 0.9940124245760389, 0.9461625478712523, 64.84368830459766, 0.9871449405213691, 9999]
00023892,93026,390259,211,7;[92165.67, 1228, 1.025457311970587, 0.9129974662194441, 96.16186030449495, 0.9897792446865475, 0.9926669303275987]
00023892,93026,390259,212,5;[96077.03, 1324, 1.024863976416576, 0.9152186552580622, 123.85239814624725, 0.9837529135848878, 80737.0]
00023892,93026,390259,212,7;[92529.81, 1152, 1.0332821118120454, 0.9098564960488107, 124.19430960027086, 0.9869055025334524, 0.994548459508128]
00023892,93026,390259,213,4;[90619, 1400, 0.9987099010700802, 0.934555185539091, 60.12113214553628, 0.9906597384443807, 0.9921878849259573]
00023892,93026,390259,213,6;[95193.08, 1278, 0.989239541281801, 0.9351501072580485, 55.0984043912589, 0.989414745965852, 0.9943616016485876]
00023892,93026,390259,214,4;[100641, 1570, 1.0094269700037355, 0.8690844925864935, 86.1464904029383, 0.9922469789182753, 0.9511887378255384]
00023892,93026,390259,214,7;[89982.36, 1158, 1.008920090794288, 0.9329343800151616, 58.02976786039906, 0.9899631349538053, 0.9979637548360822]
00023892,93026,390259,215,5;[95573.65999999999, 1358, 1.0317974933529983, 0.933398931652862, 94.94247928936427, 0.9849689627285628, 0.9944035856672362]
00023892,93026,390259,217,6;[94154.62000000001, 1266, 0.9992145882702959, 0.9332819723681481, 71.57122887508336, 0.9858247548618859, 9999]
00023892,93049,390350,751,4;[94062, 1416, 1.0042568194395987, 0.9269790547528483, 71.87525478755839, 0.9890887467282874, 0.9971271983293227]
00023892,93049,390350,751,6;[95987.68000000001, 1284, 1.0095928404100811, 0.9253451933941378, 98.42784833501379, 0.9835381050528386, 0.994344509490864]
00023892,93049,390350,751,7;[89679.42, 1162, 1.0041294275073303, 0.9535479364809879, 46.058774457944274, 0.9917592787674725, 0.9962267999184173]
00023892,93049,390350,752,5;[96983.81, 1404, 1.0146149076499849, 0.9020451217885349, 91.74932642453085, 0.9889152050712641, 9999]
00023892,93049,390350,754,7;[90897.3, 1178, 1.0301547328590062, 0.9025702558377184, 106.2823224278836, 0.987943185325579, 0.9895317171481632]
00023892,93049,390350,755,4;[94211, 1432, 1.006878641709757, 0.9021774065487673, 67.40252514981128, 0.9898337940644919, 0.9970525825620836]
00023892,93049,390350,756,5;[96698.20999999999, 1396, 1.018777525987453, 0.9174234812121812, 92.5480158782108, 0.9880598833555087, 0.9951076740327094]
00023892,93049,390350,756,6;[95656.14000000001, 1324, 1.015869651702508, 0.9346324469381384, 72.73117350095313, 0.9913127711952096, 0.9911210475886298]
00023892,93049,390350,759,5;[96461.4, 1336, 0.9983372822599396, 0.9318084676447657, 72.49302335243128, 0.9886949927878868, 9999]
00023892,93049,390350,759,6;[95868.49, 1302, 1.014836196554872, 0.9488075913305484, 90.71000575414179, 0.9850786410477492, 0.9903199784888411]
00023892,93049,390350,760,4;[93045, 1480, 1.006407325199679, 0.9047898848903233, 81.23724104642969, 0.9897547141549994, 9999]
00023892,93049,390350,760,7;[89624.34, 1120, 0.9943237821856326, 0.9496279440033996, 43.224490146306906, 0.9927302380798315, 0.9985255137263592]
00023892,93049,390350,762,4;[93819, 1410, 1.0108942299757921, 0.929920250343206, 75.34480076131943, 0.988044022170128, 0.9959448413498795]
00023892,93049,390350,762,5;[95332.09, 1408, 0.9973485956391293, 0.9204010381176894, 58.16578114818714, 0.993176482685951, 0.9936309682540667]
00023892,93049,390350,764,6;[96163.04000000001, 1240, 1.0204081692490419, 0.9240917712752229, 120.17536190160143, 0.9837515655368135, 0.9950877889379559]
00023892,93049,390350,765,7;[90767.25, 1130, 1.0421586617828782, 0.9063415631994299, 118.69597953445579, 0.9871334237014758, 1.0017053897068755]
00023892,93049,390350,768,4;[91215, 1390, 0.9976108402478597, 0.9366020212282651, 56.67169378485127, 0.9905504434179085, 0.9933298848384199]
00023892,93049,390350,769,5;[93813.65, 1352, 0.988616800064661, 0.9505031169705055, 43.70675916526144, 0.9920036319898549, 0.9901033620938674]
00023892,93049,390350,769,6;[95650.66, 1292, 1.0269486114441029, 0.9221812211990361, 122.71199409600104, 0.9803018617699638, 0.9938080936045436]
00023892,93049,390350,769,7;[90528.57, 1160, 1.035041309645009, 0.9280734162924721, 101.90240378751751, 0.9898436454282711, 0.9946208542755803]
00023892,93049,390350,771,4;[91901, 1452, 1.007159125444201, 0.9205988503231611, 65.16109412411225, 0.9904268585308402, 0.9947879739128082]
00023892,93049,390350,772,5;[96073.45999999999, 1412, 1.015219393434655, 0.9214154617550364, 92.3423385228769, 0.9875485882731128, 0.9886239790357935]
00023892,93049,390350,772,6;[95035.53000000001, 1328, 1.0242700862042984, 0.9232330309140899, 78.05145689182541, 0.9902240643257104, 0.9895085194245733]
00023892,93049,390350,772,7;[88788.96, 1104, 1.002193144536555, 0.95969770641344, 38.50327567234768, 0.993428979803523, 1.0019077544607788]
00023892,93099,390646,1221,5;[95635.54, 1418, 1.0372388954291334, 0.935841814106927, 102.41278517603428, 0.9855194395582108, 0.9922402138416806]
00023892,93099,390646,1221,6;[95230.07, 1274, 1.001310780568388, 0.9198100533614311, 78.59980425153626, 0.9854962731299645, 0.9925888904755105]
00023892,93099,390646,1222,4;[92322, 1452, 1.0113961915944594, 0.9421933268817028, 52.99737420294115, 0.9914403680781673, 0.9929605868149478]
00023892,93099,390646,1223,7;[89509.59, 1138, 1.0006021162367051, 0.9296266317835783, 61.928812509567464, 0.9899567467918391, 0.9939516471567644]
00023892,93103,390673,1488,5;[95532.01, 1306, 1.0060955150168478, 0.9385535335721296, 66.80304338640703, 0.9885006793800635, 0.993957928361831]
00023892,93103,390673,1489,4;[91819, 1466, 1.0018152164294294, 0.9341657548321475, 59.9862703233153, 0.9889055273284264, 0.9856583114164564]
00023892,93103,390673,1489,6;[95828.76000000001, 1226, 1.0084831232773173, 0.9253014906927638, 67.09499560769929, 0.9873162877627496, 1.00068669527897]
00023892,93103,390673,1489,7;[88876.17, 1156, 1.0087983776590537, 0.9597142492090539, 47.9361102788234, 0.9931076681282629, 0.9982814621320181]
00023892,93103,390673,1490,4;[91274, 1462, 1.0099605603744155, 0.937923466539687, 53.41856985370234, 0.9905429427294747, 0.9928695358943538]
00023892,93103,390673,1490,5;[93906.47, 1362, 1.0004038151476906, 0.9427182079644918, 57.953135530105115, 0.989556670975227, 0.9886864789014734]
00023892,93103,390673,1492,7;[92464.02, 1178, 1.035647198939995, 0.9351479860427844, 117.39706896763154, 0.9849955983351689, 1.0001737734490719]
00023892,93103,390673,1493,6;[93338.1, 1322, 1.0022901991384694, 0.9249347221997005, 66.91939063892441, 0.9907752064175155, 9999]
00023892,93103,390673,1494,4;[91320, 1462, 1.0217962247786585, 0.9272983370317596, 61.40222008598016, 0.9892803315640634, 0.9935914872319359]
00023892,93103,390673,1494,7;[89778.87, 1182, 1.0102114628778205, 0.9511744008209252, 46.24757529179707, 0.9906650473507022, 0.998604516601147]
00023892,93103,390673,1496,5;[93285.29, 1362, 0.996304254460408, 0.9385897092657679, 59.795412907966465, 0.9883746670518907, 0.9870808517068134]
00023892,93103,390673,1496,6;[94283.40000000001, 1262, 1.00217509573467, 0.9351515004450848, 62.31275769802199, 0.9883873661257767, 0.9949256191178384]
00023892,93103,390673,1499,4;[94112, 1442, 1.0193794238569454, 0.9036019728833273, 92.12450540670405, 0.9876490056084498, 1.0002922904410396]
00023892,93103,390673,1499,5;[93898.14, 1370, 0.9979011461486544, 0.9379102657752916, 60.872233255583666, 0.9882958289075674, 0.9883820701835696]
00023892,93103,390673,1499,6;[95647.92000000001, 1230, 1.0362822863071601, 0.9209082126294333, 115.44782661389189, 0.984836169841508, 0.9997923543437324]
00023892,93103,390673,1499,7;[90392.40000000001, 1134, 1.0056394446099965, 0.9483205961695961, 56.939292746957456, 0.9908745803188536, 0.9978044249282216]
00023892,93122,390798,1587,7;[91982.07, 1154, 1.0379962988063904, 0.8916649083881645, 128.40748904993342, 0.9851392062934953, 0.9963043982632329]
00023892,93122,390798,1588,4;[93263, 1522, 1.0343964971033042, 0.8955177928323427, 127.94601037636897, 0.9835429404401321, 0.988856373391013]
00023892,93122,390798,1588,6;[95538.32, 1272, 1.0201171341477493, 0.9223674107111368, 100.79638914329955, 0.985300069309392, 0.9949919385906089]
00023892,93122,390798,1589,5;[95398.73, 1308, 0.9885708159313844, 0.9248256724876545, 55.141382330355995, 0.9892162139147407, 0.9962965264400672]
00023892,93122,390798,1590,7;[90756.54000000001, 1204, 1.018194813626583, 0.9238754637144159, 90.56640042849686, 0.9892491374704253, 0.9929443667924908]
00023892,93122,390798,1591,4;[93569, 1528, 1.0176960207921453, 0.8915479811843451, 96.01364109273158, 0.988751462634787, 9849.368421052632]
00023892,93122,390798,1591,5;[97058.78, 1316, 1.0160888672198856, 0.9215252797697663, 102.39654337509684, 0.9856148344480832, 0.9967249175119149]
00023892,93122,390798,1591,6;[95989.05, 1294, 1.0159165572837912, 0.9608101894501084, 85.3547151298866, 0.9832085055716978, 0.9944998403179447]
00023892,93139,390920,17,4;[94506, 1500, 1.027088527191362, 0.8794523808120088, 114.86559109061153, 0.9863131026907964, 0.9932369586808129]
00023892,93139,390920,17,5;[97151.59999999999, 1388, 1.0106539310008886, 0.8995172322902854, 88.3860307557242, 0.9889091210211214, 0.9973063931932984]
00023892,93139,390920,18,6;[93028.48000000001, 1260, 0.9926002311185911, 0.9162809410379069, 61.16660810306882, 0.9898389576729316, 0.9968876622232662]
00023892,93139,390920,18,7;[91411.38, 1134, 1.0992383902203307, 0.9192570864558904, 118.61364803335186, 0.9865231889030311, 0.9962980256136607]
00023892,93139,390920,19,4;[91516, 1450, 1.0078401798707501, 0.9274654317894875, 52.99583780040853, 0.9916924179574511, 0.9933193316075393]
00023892,93139,390920,19,5;[92553.44, 1288, 0.9941966294147649, 0.9399912651471408, 48.34401312728484, 0.9927536248094876, 0.9988890672660138]
00023892,93139,390920,19,6;[93509.35, 1212, 1.0023493463701187, 0.9393343284079632, 79.65025329383224, 0.9861169022764733, 0.9954061542948811]
00023892,93139,390920,19,7;[93131.1, 1150, 1.0367814326425413, 0.9034313358402737, 119.52672608978803, 0.9866625731434625, 0.9981633924764685]
00023892,93166,391047,301,4;[102526, 1548, 1.0169194178602992, 0.8777736446207596, 90.59786947818188, 0.9920086285155629, 0.9509393361807903]
00023892,93166,391047,302,5;[98361.83, 1412, 1.0000255947938408, 0.9186079384304046, 83.7879406486509, 0.989548586960397, 0.9902896336897595]
00023892,93166,391047,302,6;[96856.26000000001, 1332, 1.025932231875349, 0.9372100927300585, 96.82421065866093, 0.9893235990225459, 0.9920159400564076]
00023892,93166,391047,302,7;[89636.58, 1116, 1.0002456059630038, 0.9334403432675832, 53.866882251709995, 0.9917594057692131, 0.9887765607331522]
00023892,93166,391047,304,4;[93210, 1474, 1.0072942934122837, 0.8949077592480458, 64.91588183997156, 0.9915019402402596, 0.9885774284896115]
00023892,93166,391047,304,5;[98044.09999999999, 1414, 1.0097857147329659, 0.9330331600770386, 79.8704445912493, 0.9902966082833385, 9999]
00023892,93166,391047,304,6;[96146.6, 1338, 1.0135963825545302, 0.9279488245460283, 70.15376689179699, 0.9915276780806666, 9999]
00023892,93166,391047,306,7;[91706.67, 1198, 1.0265517488271827, 0.9105202322739891, 108.71568258820389, 0.988825646452968, 0.9910630874924561]
00023892,93166,391047,307,4;[94598, 1538, 1.0579995180405166, 0.9287852761001495, 133.8856277141715, 0.9843835297765637, 0.9955326370070247]
00023892,93166,391047,307,5;[98700.98, 1422, 1.0012072743528282, 0.9337293742777901, 76.05651287313088, 0.9908686337529213, 9999]
00023892,93166,391047,307,7;[92809.8, 1208, 1.0218386772767731, 0.9280973687932741, 101.16117528722921, 0.9889602373807543, 0.9956013655462185]
00023892,93166,391047,308,6;[95457.49, 1314, 1.0110277868295992, 0.9237065064668254, 86.05835334072907, 0.9894916578043099, 9999]
00023892,93166,391047,309,5;[98240.45, 1320, 1.0110499269454292, 0.9342055335468392, 83.12772060305193, 0.9881753350248276, 1.0001272041141445]
00023892,93166,391047,309,6;[95802.73000000001, 1258, 0.9954649007721109, 0.95088598087129, 51.35024929924335, 0.9913813996686319, 9999]
00023892,93166,391047,310,7;[92852.64, 1174, 1.0364615348407051, 0.9218120312042933, 113.10243558424547, 0.9879807126376885, 0.9966252555691494]
00023892,93166,391047,311,4;[94312, 1548, 1.0183315127580725, 0.8784015566832107, 87.01246476361891, 0.9910134523103105, 0.9924810447611981]
00023892,93166,391047,312,5;[97339.62, 1418, 1.0078214353836703, 0.9133770726019503, 80.56817309501915, 0.9900963734879676, 0.9897872752353525]
00023892,93166,391047,312,7;[90403.11, 1176, 1.0103433459216362, 0.9384740993298968, 65.00694614521767, 0.9876306688220488, 0.9922750096562379]
00023892,93166,391047,314,4;[94416, 1518, 1.0347146739199957, 0.8917116248877807, 112.8082196363341, 0.9873504709501475, 0.9903135636331216]
00023892,93166,391047,314,6;[93869.66, 1220, 0.9905679278510596, 0.9477478851446883, 37.3871021726515, 0.9935111789189628, 9999]
00023892,93166,391047,315,7;[90819.27, 1176, 1.004813273122673, 0.938296692969693, 58.33190132242037, 0.9882988391895713, 0.9961903802906723]
00023892,93166,391047,316,4;[91221, 1450, 0.9943388596203271, 0.9389536448875085, 42.51792120787346, 0.9927696618710962, 0.989279846436647]
00023892,93166,391047,316,5;[95551.05, 1380, 0.9950794567764044, 0.9521981225145483, 50.39466035948726, 0.9909775413690899, 9999]
00023892,93166,391047,316,6;[95547.91, 1242, 1.021758306850226, 0.9386996652158704, 103.50965344886869, 0.9872397165584255, 9999]
00023892,93265,391506,609,4;[91999, 1462, 1.028048929718139, 0.8979910050086684, 60.49414841799921, 0.9919458494124359, 0.9949387349000184]
00023892,93265,391506,609,5;[96956.44, 1412, 1.0077934810706421, 0.9235989152688951, 77.05094333947079, 0.9894107889801897, 0.9929135057733907]
00023892,93265,391506,609,6;[95946.58, 1270, 1.0044063503258838, 0.9366693963450596, 74.60965059876266, 0.9852408421841474, 0.9908602150537634]
00023892,93265,391506,609,7;[91344.06, 1172, 1.0147838907858038, 0.9450277097540786, 62.320860603145725, 0.9908167582567575, 0.9970024130992042]
00023892,93265,391506,612,4;[95513, 1428, 1.0275237814770013, 0.9016657179967023, 102.92813879812388, 0.986274785337804, 9999]
00023892,93265,391506,612,5;[95004.84, 1362, 0.9989822874056014, 0.9367027109244497, 61.232871275401926, 0.9905141888729317, 9999]
00023892,93265,391506,613,6;[96428.82, 1306, 1.0088462943925212, 0.9416517332407627, 80.98045716336975, 0.9850472693518587, 0.9933528091790508]
00023892,93265,391506,613,7;[92444.13, 1200, 1.0100144932988766, 0.949000364063337, 52.88544641718459, 0.9901442151916354, 0.99741653254096]
00023892,93329,391882,100,4;[89571, 1422, 1.0045582111703892, 0.9290272908080096, 60.71404661951753, 0.9907467227995309, 9999]
00023892,93329,391882,100,5;[95760.48999999999, 1314, 1.0014968410566154, 0.936113277778983, 56.5333923728097, 0.9907405139511056, 0.9980465964268218]
00023892,93329,391882,100,6;[94291.62000000001, 1210, 1.024545287603457, 0.9415175936224898, 59.86855743290816, 0.9896300416328353, 0.9955304838359731]
00023892,93329,391882,87,4;[93975, 1432, 1.0542621991475085, 0.937250671089021, 127.8290403740921, 0.9808000576079602, 0.9951605388004067]
00023892,93329,391882,87,7;[90520.92, 1216, 1.0177249937146682, 0.9035621449918402, 88.75576615342364, 0.9899445168075792, 0.9937266428721394]
00023892,93329,391882,88,5;[96428.08, 1404, 1.0335262988751228, 0.8978843140250746, 91.74747174569461, 0.9892755137217717, 0.9929601195983163]
00023892,93329,391882,88,6;[94128.59000000001, 1316, 1.0139176929802318, 0.9300961545383143, 74.13954408942635, 0.9913920528363622, 0.9894298757218358]
00023892,93329,391882,89,4;[90340, 1462, 0.9992471247785927, 0.923929209970205, 53.4210124926135, 0.9932997432187544, 9999]
00023892,93329,391882,89,6;[93747.73000000001, 1214, 0.9869406422525822, 0.950546662362923, 44.11838568046918, 0.9918175876924784, 9999]
00023892,93329,391882,89,7;[90146.07, 1198, 1.0126167312801755, 0.9488160400742294, 60.89317278153263, 0.988622837051628, 0.9931396015237839]
00023892,93329,391882,91,5;[95733.12, 1388, 1.0316382401039235, 0.9219545454312119, 111.19090413657985, 0.9847225156643902, 0.9941056533827618]
00023892,93329,391882,92,7;[89391.78, 1170, 1.0083598952507489, 0.9342592665815368, 51.915145162539226, 0.9904787665742328, 1.0000941450347052]
00023892,93329,391882,93,4;[91331, 1476, 1.0014136410916312, 0.9405193308432228, 46.83841102765158, 0.991499951610125, 0.9871753992487907]
00023892,93329,391882,93,5;[97333.67, 1416, 1.014740878442954, 0.9100369538380206, 74.98227703411273, 0.9912652801637288, 0.991766902706373]
00023892,93329,391882,93,6;[93605.25000000001, 1284, 0.9952295652710265, 0.9508319718051121, 50.92459886212178, 0.9906761857161073, 0.9918273139008246]
00023892,93329,391882,94,4;[92049, 1408, 1.0020414953763794, 0.9373424113668644, 53.1206588318205, 0.9917052245476408, 0.9953556772655265]
00023892,93329,391882,94,6;[91184.46, 1278, 0.9905011186332193, 0.9574260426265674, 40.4477583640621, 0.9938509010756, 9999]
00023892,93329,391882,94,7;[88614.54000000001, 1120, 1.0080886344489455, 0.9458098021265873, 56.90489988855238, 0.9897498296482681, 0.9920523449008256]
00023892,93329,391882,95,5;[96097.26, 1410, 1.0255900156079332, 0.9229424239876988, 78.84552100567834, 0.9883951510666669, 0.9949975357318877]
00023892,93329,391882,96,4;[90482, 1484, 1.0380860129272493, 0.925552849118763, 91.52271673997085, 0.9880054327532354, 0.9865131543082677]
00023892,93329,391882,96,7;[89244.90000000001, 1126, 0.9999886117592707, 0.947523726902524, 42.23684611748487, 0.9922659463300263, 0.9999142881631954]
00023892,93329,391882,97,6;[95323.23000000001, 1308, 1.0232360116328916, 0.9262526559365262, 114.31092452407493, 0.985070710337425, 0.9939573155052713]
00023892,93329,391882,98,5;[91312.26999999999, 1274, 0.9910956433572836, 0.9499125007788416, 40.481912020727336, 0.9931181500295134, 1.0025805018586147]
00023892,93329,391882,99,7;[91140.57, 1116, 1.040458220622072, 0.9168459149710392, 128.2515023403644, 0.9853835087709369, 0.9977889817590995]
00023892,93377,392048,10,6;[93998.44, 1270, 0.9919158486756011, 0.9298485050003288, 44.31097966349902, 0.9937217962071911, 3049.4222222222224]
00023892,93377,392048,3,5;[95604.59999999999, 1380, 0.9987641833365667, 0.9393509332390785, 64.83692702540026, 0.9879231311757988, 0.9854283191050928]
00023892,93377,392048,4,4;[94389, 1520, 1.0481839465197085, 0.8982303279844803, 146.38223343478478, 0.982646624664452, 0.9880923094638661]
00023892,93377,392048,4,6;[97017.92000000001, 1286, 1.0372960980095842, 0.9264170716955258, 123.47793040094903, 0.9807739478566936, 9999]
00023892,93377,392048,4,7;[92407.41, 1130, 1.0595645127019166, 0.9293841207882982, 170.5528109892539, 0.9818613008641736, 1.0012350283890754]
00023892,93377,392048,5,4;[93685, 1540, 1.0178861300818915, 0.9003955185041129, 93.95097312123575, 0.9899993008943256, 0.9824761944712446]
00023892,93377,392048,5,5;[95059.58, 1386, 0.9975705251686652, 0.9409213671685013, 54.60727821811455, 0.9905677231515972, 0.9902072590241967]
00023892,93377,392048,6,7;[93124.98, 1220, 1.0286517745050106, 0.8914510733339396, 118.29712978430149, 0.9879625097852601, 0.9942744194784086]
00023892,93377,392048,7,6;[96321.96, 1342, 1.0423455405613293, 0.9067963071804969, 124.40247179752821, 0.9854195786207434, 0.9907977621510408]
00023892,93377,392048,8,7;[92243.7, 1196, 1.022623329814651, 0.9085152390334844, 110.36142061975514, 0.988371274204613, 0.9908458921557349]
00023892,93377,392048,9,4;[90811, 1438, 1.0060688654956351, 0.9294232637887027, 47.099345259638056, 0.9922297516712043, 0.9900300352682733]
00023892,93377,392048,9,5;[96201.98, 1422, 1.0014563841948065, 0.9143044300938822, 83.43824513862316, 0.9901791203282161, 0.9884999847155566]
00232831,93048,390346,740,4;[35082, 810, 1.110118467398255, 0.8966855239029898, 134.18906409827164, 0.9876291909512697, 1.0005276141856916]
00232831,93048,390346,740,5;[25167.309999999998, 648, 1.0308960832661387, 0.8879570816736921, 117.23466094793315, 0.9888341570667823, 1.0003310945038313]
00232831,93048,390346,740,6;[22536.5, 606, 1.0391528243866734, 0.824357386384196, 182.40214907985984, 0.9843334946268884, 1.0071634114981938]
00232831,93048,390346,740,7;[21066.57, 590, 1.0416557842090612, 0.9831097479360884, 170.9634159678804, 0.9811382585239776, 0.9690678115212725]
00232831,93048,390346,741,4;[28871, 746, 1.0373770182720765, 0.9125091797107592, 116.13176337041497, 0.9873059201901159, 1.0026219374555052]
00232831,93048,390346,741,5;[22429.12, 646, 1.022432709207157, 0.9307601111103152, 99.87645004906751, 0.9889462668987054, 1.0019403024745501]
00232831,93048,390346,741,6;[46514.240000000005, 796, 1.0340157862247972, 0.904794146472427, 161.35521825907256, 0.9769230746426791, 1.0051512818994612]
00232831,93048,390346,741,7;[44285.85, 744, 1.0340716011761808, 0.9026326660406435, 182.78410149848776, 0.9711730771859813, 1.005540984176061]
00232831,93048,390346,742,4;[28052, 740, 1.04299650260232, 0.9070084930873028, 122.16892731425881, 0.9871237504361219, 1.002501608176685]
00232831,93048,390346,742,5;[23646.489999999998, 638, 1.1561183811637026, 0.8916441037356454, 123.51226238454453, 0.9887082676972383, 1.0009822935294561]
00232831,93048,390346,742,6;[21078.820000000003, 628, 1.0015966574873403, 1.0055593804871725, 166.8629429002772, 0.982511556557207, 0.9676425269645609]
00232831,93048,390346,742,7;[18871.02, 562, 1.0189061130967212, 0.976170767925859, 131.51430344520077, 0.9736960140301792, 9999]
00232831,93147,390953,359,4;[32253, 784, 1.0343004054696603, 0.8733069936912597, 121.68613148623795, 0.9864116847929475, 0.9878709914545621]
00232831,93147,390953,359,5;[24794.84, 664, 1.0254624170033975, 0.9140017662739477, 115.93286643123287, 0.9881370400681683, 0.9700863654352027]
00232831,93147,390953,359,6;[23006.410000000003, 614, 1.0403542808348494, 0.7936519094810963, 184.9575810242322, 0.9853119038163055, 1.008255531205908]
00232831,93147,390953,359,7;[20399.49, 564, 1.0458344217317095, 0.9409468662590371, 180.0647062832945, 0.9792957967533832, 0.9650754587238971]
00232831,93165,391039,287,4;[23394, 714, 1.2136543660350467, 0.9280534807133994, 112.3622224993563, 0.9903054674567623, 0.9560277891295463]
00232831,93165,391039,287,5;[24147.48, 646, 1.0332144400492245, 0.9158190088170706, 105.50733593276681, 0.9905545724431756, 0.9994828223125231]
00232831,93165,391039,287,6;[33862.29, 678, 1.0311656565237077, 0.8961369292882885, 141.27214363359673, 0.9854905617143696, 1.003491535057448]
00232831,93165,391039,288,7;[20056.77, 560, 1.0448503370804862, 0.9272743693977548, 161.53289071593332, 0.982623862552773, 0.9656010606953447]
00232831,93165,391039,289,4;[23200, 714, 1.189700136586915, 0.9064488667465209, 106.56234521553166, 0.9903023312895308, 0.9370519215622918]
00232831,93165,391039,289,5;[36746.009999999995, 758, 1.0259681186592275, 0.8915597452783944, 126.36710395155372, 0.9863401900132293, 1.0031674869645728]
00232831,93165,391039,289,6;[22873.52, 618, 1.0290266120131455, 0.9896478693489018, 157.558959389034, 0.982821445818884, 1.0051473465579002]
00232831,93165,391039,289,7;[36810.270000000004, 662, 1.0442348109050101, 0.9157670040874, 159.8359997677306, 0.9822413565909158, 1.005874114179401]
00232831,93165,391039,290,4;[23485, 714, 1.1872933385413627, 0.9074692571034201, 114.35458041635866, 0.9894512536845533, 0.9384990409207161]
00232831,93165,391039,290,5;[48349.7, 880, 1.0222865126792062, 0.9044540200988487, 137.4322682908964, 0.9757264129574317, 1.0044623542936253]
00232831,93165,391039,290,6;[23013.260000000002, 632, 1.0323677805875555, 0.9208586490912266, 166.79623968036157, 0.9849014235217006, 0.9991672614798953]
00232831,93165,391039,290,7;[21817.8, 532, 1.211903594443001, 0.9239900944033436, 138.42233873468047, 0.9877885420707321, 1.006138432230297]
00232831,93328,391868,72,4;[22958, 686, 1.0413219567369838, 0.9258248875222747, 102.56876915992719, 0.9911504612884058, 0.9991513437057992]
00232831,93328,391868,72,5;[42099.82, 806, 1.0278789267966615, 0.8970566500260518, 135.1654690628665, 0.9845823003453007, 1.005585321831076]
00232831,93328,391868,72,6;[17820.960000000003, 552, 1.0163830549444937, 0.9838034127294123, 129.9790301133918, 0.9727344142869735, 1.0115872151800296]
00232831,93328,391868,72,7;[45021.78, 748, 1.042958758987957, 0.9011252152084682, 179.7697462518521, 0.9768465051626142, 1.005742019276779]
00232831,93328,391868,73,4;[38456, 848, 1.0338209932300544, 0.905944915256667, 116.8870415367547, 0.9862689502952457, 1.0030648043089845]
00232831,93328,391868,73,5;[35375.13, 740, 1.026320626420711, 0.9120296052473232, 121.22238275340372, 0.9859347958257803, 1.0052244483895512]
00232831,93328,391868,73,6;[48025.350000000006, 818, 1.0257304557707312, 0.9140755452622588, 155.7383419816853, 0.9782402186933676, 1.004945173081058]
00232831,93328,391868,73,7;[33623.28, 632, 1.044123190263545, 0.9299201361780877, 150.47844275182408, 0.9832834857529154, 1.0065497183163101]
00232831,93328,391868,74,4;[38410, 846, 1.0331855695467584, 0.9075748213649732, 117.10155289949085, 0.9862500653403574, 1.0029375285593054]
00232831,93328,391868,74,5;[48271.159999999996, 878, 1.0265632083108553, 0.920622989854916, 128.97499551410644, 0.9797151920577304, 1.0053035935563817]
00232831,93328,391868,74,6;[18079.890000000003, 584, 1.0084415135616849, 0.8708058675287387, 164.25316419321092, 0.9622110090676279, 0.9971288250850019]
00232831,93328,391868,74,7;[32327.37, 622, 1.0391315661943086, 0.9198033935038462, 150.6383217291742, 0.9843142006584313, 1.0051377194234337]
00023698,93080,390528,134,4;[50730, 1068, 1.0195976013283141, 0.9416815472712002, 106.73840478038007, 0.9824062191657561, 0.9948424293530485]
00023698,93080,390528,134,5;[32137.14, 722, 1.0078854189891433, 1.013414209980644, 116.63098906489452, 0.9895434332199322, 0.9812513625463266]
00023698,93080,390528,134,6;[38668.25, 748, 1.0119806230852137, 0.8016064169445177, 114.47467328846068, 0.9890644631038052, 9999]
00023698,93080,390528,135,7;[38513.16, 688, 1.0083897586046573, 1.0117389089138091, 162.42444615493253, 0.9858130161766707, 9999]
00023698,93244,391403,53,4;[51195, 1022, 1.0156213303600359, 0.8120712758459384, 144.89464082346188, 0.9865749572742271, 0.9854762798486992]
00023698,93244,391403,53,5;[39153.38, 806, 1.0102162086185273, 0.8219264752022125, 107.96273207170495, 0.9890131537606472, 0.9936278802887084]
00023698,93244,391403,54,7;[40517.46, 702, 1.0207061917706963, 1.0193027392126506, 179.45160421442154, 0.9815379085237981, 1.0024605367755612]
00023698,93244,391403,55,6;[32312.820000000003, 714, 1.0456990845119167, 0.9394046339370987, 200.55027481560595, 0.9796784384215971, 0.999639746551103]
00392839,93125,390812,1874,4;[53176, 1008, 1.0187757226087184, 0.9112140151177328, 82.46091939172268, 0.9889436946634509, 1.002838257064997]
00392839,93125,390812,1874,5;[43764.63, 822, 1.0186105552045701, 0.9125352530272633, 93.14730224738203, 0.9892488376252003, 1.004095339503645]
00392839,93125,390812,1874,6;[27380.820000000003, 638, 1.0022153195890442, 0.8017650853128093, 130.63714637117167, 0.9870383304707953, 1.0009515700906495]
00392839,93125,390812,1874,7;[42371.82, 710, 1.0354507566401028, 0.913399103226878, 108.20772198205395, 0.9878583798365569, 1.005610123640589]
00392839,93125,390812,1876,4;[38517, 858, 1.0213506849954022, 0.9029684572208829, 78.96195996843363, 0.990826090743431, 1.003386563159403]
00392839,93125,390812,1876,5;[54842.34, 942, 1.0109531738530926, 0.9143356045633315, 101.312118971647, 0.9808370647638058, 1.0032108144584608]
00392839,93125,390812,1876,6;[21637.780000000002, 606, 0.9998470175939461, 0.9807963782915483, 125.07715767965041, 0.9753447482010055, 1.0049311233417109]
00392839,93125,390812,1876,7;[31039.11, 620, 1.025715333004607, 0.9444102827029814, 97.06458789061993, 0.9904904041061131, 1.004655078492547]
00392839,93125,390812,1878,4;[25343, 744, 0.9965859299558875, 0.9519650845104791, 79.54912077125957, 0.9922387741882424, 1.0067932623549976]
00392839,93125,390812,1878,5;[48688.85, 874, 1.001130877069817, 0.9375810536568431, 75.19792940661509, 0.9900419246350565, 1.0048011395031864]
00392839,93125,390812,1878,6;[43679.71000000001, 768, 0.9952310796052797, 0.9269958127206603, 75.59218096809387, 0.9912385686924823, 9999]
00392839,93125,390812,1878,7;[22741.920000000002, 590, 1.0113385881470747, 0.924471654189557, 95.00485925273827, 0.9883963146154582, 0.9727748691099476]
00392839,93125,390812,1880,4;[34703, 826, 1.1258815380111489, 0.907056079488715, 113.3872232707358, 0.9871779601492437, 0.9744612144612145]
00392839,93125,390812,1880,5;[56152.53, 952, 1.0054840119189552, 0.9185262508000781, 81.45452633254772, 0.9864089747701061, 1.0041389583444167]
00392839,93125,390812,1880,6;[28886.45, 648, 1.006580210036111, 0.9488085255994589, 86.360684982127, 0.9913934006957243, 1.0028537455410227]
00392839,93125,390812,1881,7;[41467.590000000004, 706, 1.0334104671875417, 0.9120253449552045, 127.7142228369107, 0.9860643719946159, 1.0043169733014656]
00392839,93125,390812,1882,4;[40149, 870, 1.0318832986771234, 0.9085063883319316, 108.92247205293845, 0.9884844751295364, 0.9999875465447888]
00392839,93125,390812,1882,6;[53651.94, 876, 1.0016494089812205, 0.9112239080054321, 89.88324947528407, 0.9814590546446179, 4607.294117647059]
00392839,93125,390812,1882,7;[49640.85, 776, 1.0392278989383632, 0.8957715947315316, 123.80292174755151, 0.9845771573405757, 1.0063429537383106]
00392839,93125,390812,1883,5;[55858.6, 946, 1.0140703662302541, 0.9157421855058031, 107.17641187425039, 0.9781260504896271, 1.0044186718306995]
00392839,93125,390812,1884,4;[34140, 810, 1.0306669920839215, 0.902005953215945, 98.95542704895288, 0.9884265189648098, 0.9923120522024735]
00392839,93125,390812,1884,5;[56936.74, 958, 1.021654345607006, 0.9104978479098425, 112.11387402918427, 0.9806279030276512, 1.0056328555214595]
00392839,93125,390812,1884,6;[26710.890000000003, 632, 1.003778390844461, 0.811001295966481, 127.78183970439378, 0.986616808957502, 1.0037323998043708]
00392839,93125,390812,1884,7;[42471.270000000004, 710, 1.0402416370960132, 0.9135287240500019, 110.2955710953072, 0.9869683466480583, 1.0054148028758216]
00392839,93147,390949,355,4;[54180, 1022, 1.0230898752648614, 0.9112261012318665, 97.25258384342516, 0.9860784755294485, 1.004486632800623]
00392839,93147,390949,355,5;[55270.74, 942, 1.018060908483933, 0.9069487475512479, 115.17308450002555, 0.9771455682197874, 1.0028284573032495]
00392839,93147,390949,355,6;[24694.250000000004, 616, 1.169529329319671, 0.9227518641606778, 123.34277898237714, 0.9876512225772326, 1.000805085922101]
00392839,93147,390949,355,7;[46681.83, 754, 1.072211237251686, 0.891237116050079, 156.28305684134415, 0.982046935396769, 1.0043947000246893]
00392839,93147,390949,356,6;[55195.93000000001, 878, 1.0116672741152626, 0.9152803885944181, 90.48311835057683, 0.9832474486558996, 9999]
00392839,93147,390949,356,7;[51790.5, 798, 1.0276859780550542, 0.9069076562674994, 131.13961827799196, 0.9806571252158379, 1.0034832876306232]
00392839,93147,390949,357,4;[54523, 1020, 1.0181905004364922, 0.9110888032151794, 95.95042595962155, 0.9837237902504365, 1.0046433638591512]
00392839,93147,390949,357,5;[55928.81, 942, 1.011564745966383, 0.9043889229844693, 116.94061887575668, 0.9775665970535619, 1.005885626230631]
