80005079,93062,390403,1047,4;[56049, 1148, 1.037958682313102, 0.9255520506924503, 111.05323332331174, 0.9794346782889315, 9999]
80005079,93062,390403,1047,5;[58242.17, 1018, 1.0185105632800435, 0.8613965351679644, 145.89209581117615, 0.9824583691853594, 1.0044225539992817]
80005079,93062,390403,1047,6;[61493.82000000001, 1010, 1.0178282336472275, 1.027898622365047, 173.9199338690933, 0.9827272126343665, 1.0019643734095272]
80005079,93062,390403,1047,7;[41349.78, 696, 0.9722385526390677, 0.9722385526390677, 2.9292245193648947, 0.9690253432307839, 0.961266227992175]
80005079,93062,390403,1048,7;[40275.72, 686, 0.9716649774302462, 0.9716649774302462, 2.948351868804793, 0.9698749359244682, 0.9623455436133656]
80005079,93062,390403,1050,7;[52299.99, 1014, 1.024735762179921, 0.8484785573887967, 178.32753377879266, 0.9820836856362665, 1.0052049638299123]
80005079,93062,390403,1051,6;[52684.72, 902, 1.0204196751033698, 0.9315039162316486, 75.30537046000303, 0.9816426837369734, 1.003850320424971]
80005079,93062,390403,1052,4;[56041, 1142, 1.0368310845858082, 0.9235337724953454, 112.7199935628794, 0.9793133956595445, 0.9959745856844537]
80005079,93062,390403,1053,7;[55037.16, 904, 1.0441134138477033, 0.9330864403909147, 146.56362971309966, 0.977728319048792, 1.0069984883265215]
80005079,93062,390403,1054,5;[53610.689999999995, 1106, 1.01259070178693, 1.0034449780862291, 137.56551451684143, 0.9828241628419261, 1.0011555812351385]
80005079,93062,390403,1055,6;[56407.01, 996, 1.0307874799712478, 0.9320495982194846, 137.76353114323726, 0.9770980172818123, 0.9996115467721964]
80005079,93062,390403,1056,4;[64385, 1192, 1.00768978247811, 1.0345821249684977, 127.6809296584108, 0.990760257431289, 0.9712846119613507]
80005079,93062,390403,1056,5;[57938.719999999994, 1014, 1.0161180553100506, 1.007110569802773, 134.40330649719695, 0.9842911525583204, 0.997449423815621]
80005079,93062,390403,1056,7;[52523.37, 920, 1.013582336404663, 0.8021827655740879, 189.60274711057568, 0.9796421330321263, 1.002438276561884]
80005079,93062,390403,1057,4;[59727, 1144, 1.1032365206292263, 0.9043092877735956, 166.69615403025318, 0.9785536294565153, 0.9970619167654374]
80005079,93062,390403,1057,6;[57238.600000000006, 946, 1.0300307584565935, 0.9331301289270167, 85.2940067651279, 0.9843610071581556, 1.0033019151107643]
80005079,93062,390403,1058,5;[56235.829999999994, 1070, 1.115860996425231, 0.9113573542474926, 142.49664964675011, 0.9822067437952693, 1.0003386888507864]
80005079,93062,390403,1058,7;[52329.06, 926, 1.0119427849869271, 0.784046087034412, 198.27945622383857, 0.9791781941153008, 0.9997807626536488]
80005079,93062,390403,1059,4;[56929, 1098, 1.040159864615003, 0.9220383199658174, 103.0969355986104, 0.9809849457225543, 0.9992540129713979]
80005079,93062,390403,1059,7;[59223.24, 884, 1.0261003920844498, 0.8469889038232812, 188.89121344925582, 0.9796083093743284, 1.006762380357886]
80005079,93062,390403,1060,5;[61794.32, 1074, 1.011404007030385, 0.8164204062744206, 145.11950390860295, 0.9862350145293223, 1.0008287559024767]
80005079,93062,390403,1060,6;[55900.11000000001, 996, 1.0161026974824043, 0.8495417021494771, 186.3373324516044, 0.9754806287632021, 1.0022844509948416]
80005079,93062,390403,1062,6;[61349.97, 1026, 1.0138371603681537, 0.852077297278085, 173.30983200023755, 0.9834097346761285, 1.0033833744118306]
80005079,93062,390403,1062,7;[56357.55, 938, 1.1649744592126, 0.8804078231310395, 186.43070720780136, 0.9814991422717552, 1.0031044906184472]
80005079,93062,390403,1063,4;[56247, 1212, 1.1644347184066446, 0.8699771905578261, 133.0420875667921, 0.9864376677811136, 0.9991562230768548]
80005079,93062,390403,1063,5;[59103.729999999996, 1022, 1.0331574959556638, 0.9137488250035088, 102.79069975212853, 0.9806751581781978, 0.9994063968287505]
80005079,93062,390403,1065,5;[56090.649999999994, 1080, 1.0431727728685856, 0.8609599723918049, 137.77783988074458, 0.9822088468724245, 0.9959431191497454]
80005079,93062,390403,1065,7;[56310.12, 870, 1.0399641744104644, 0.9305382177784515, 113.94942302714622, 0.9750454893951315, 1.0053402898234016]
80005079,93062,390403,1066,4;[65605, 1192, 1.010198700109688, 1.0260471094418238, 118.90157572645694, 0.9916057448287222, 0.9736424214541192]
80005079,93062,390403,1068,6;[60070.39000000001, 988, 1.0157879724936414, 1.0141440865337967, 171.24973177585605, 0.9807377231820129, 1.0014731913435733]
80005079,93085,390563,484,4;[52004, 1060, 1.0259128379335836, 0.9288572906568695, 67.39004409027262, 0.9874424561023238, 9999]
80005079,93085,390563,484,7;[54957.6, 930, 1.1079578440295244, 0.8570438524066727, 189.6297600248816, 0.9813084155760822, 1.0006685981724983]
80005079,93085,390563,485,5;[55617.03, 1118, 1.006578970804397, 0.8251584534788218, 146.04525334566762, 0.983551109995842, 0.9859710560735834]
80005079,93085,390563,485,6;[59418.270000000004, 976, 1.0223180967839427, 0.9366877977124871, 81.86658464735436, 0.9884072851713496, 9999]
80005079,93085,390563,487,4;[55826, 1106, 1.0244696889318883, 0.8706590099773465, 176.45182258525412, 0.9795561107115708, 0.9791458388143471]
80005079,93085,390563,487,5;[57385.369999999995, 1110, 1.0471166383249086, 0.8700014325228819, 132.73844997687073, 0.9841556241764169, 9999]
80005079,93085,390563,487,6;[61228.04000000001, 960, 1.0312708710571854, 0.9272017540793229, 107.3072674263461, 0.9800243057857296, 1.0033338197492339]
80005079,93085,390563,487,7;[53274.6, 890, 1.0445919592761346, 0.9269775022516339, 148.48219917556855, 0.9782868866323399, 1.0041961672122164]
80005079,93085,390563,491,4;[67706, 1222, 1.0513364173186532, 0.8905006389007791, 127.6075697146306, 0.9911322723005618, 0.9789975201891308]
80005079,93085,390563,492,5;[55487.32, 1120, 1.044275600134214, 0.9095478707054792, 142.36754448804692, 0.9847622851044243, 0.9909571020221662]
80005079,93085,390563,492,7;[52267.86, 896, 1.0571353094626323, 0.9113358429668956, 158.06940038663208, 0.9809905591320488, 1.000497876702299]
80005079,93085,390563,493,6;[57442.73, 1054, 1.0137056903927701, 0.7882806908954599, 166.8169390016197, 0.9847790282817308, 1.000835441829379]
80005079,93085,390563,494,5;[63168.77, 1052, 1.042666169435048, 0.9108932368853315, 141.63716047297513, 0.9771950028798337, 0.997585108482189]
80005079,93085,390563,494,6;[59592.26, 966, 1.02070538191038, 1.0169967853649708, 180.4126496213936, 0.9791158007163325, 1.0044335657876506]
80005079,93085,390563,494,7;[58216.5, 938, 1.0235011871349018, 0.8653042139887521, 193.90418812317282, 0.9767186577813288, 1.0021597134428992]
80005079,93085,390563,495,4;[59706, 1154, 1.0383063171518274, 0.9167930165168168, 119.99176822993428, 0.9798618522922607, 0.9970692116930938]
80005079,93115,390752,12,4;[58008, 1120, 1.0262329432019879, 0.9144265957209967, 97.63268019635808, 0.9843941602271576, 0.9991732120711038]
80005079,93115,390752,12,5;[62097.77, 1080, 1.0169017323770508, 0.8466710081512805, 158.5660206073018, 0.9803528123526088, 0.9938010036470286]
80005079,93115,390752,12,6;[54994.54, 994, 1.0381076233585798, 0.9127014959008474, 159.63283532085114, 0.9810754675800216, 0.9865444402118483]
80005079,93115,390752,15,7;[53479.62, 996, 1.0104334779730997, 0.9654517663421479, 190.70998672765484, 0.9796034961196252, 1.0024376953741145]
80005079,93115,390752,16,4;[57249, 1106, 1.0225009308621078, 1.0188044965140615, 166.25085950120803, 0.9807123345102867, 0.9899618706715431]
80005079,93115,390752,16,6;[62282.94, 972, 1.1189440630305463, 0.9149486447723788, 160.84086562204573, 0.9806069875122227, 1.0024917859269222]
80005079,93115,390752,17,5;[57770.93, 1016, 1.0174517010599509, 0.9284248895815271, 76.90109391892501, 0.9857995973130531, 1.0048122199339742]
80005079,93115,390752,18,7;[52763.58, 1018, 1.0085026969431792, 0.8338437129602855, 167.60122635794434, 0.9846982685351031, 1.000130504763424]
80005079,93115,390752,19,4;[62364, 1132, 1.0127277647113906, 1.0228466180350917, 108.30251742886104, 0.9929686689173541, 0.9642973110880894]
80005079,93115,390752,19,5;[53970.07, 980, 1.0126016219923115, 0.9295411903766941, 64.96493121165025, 0.9861142774950677, 12958.0]
80005079,93115,390752,19,6;[61369.15, 1032, 1.012673448748406, 0.833567271209464, 171.3321246150311, 0.9841845238617741, 1.0007595898214965]
80005079,93115,390752,19,7;[58673.97, 906, 1.108836741537629, 0.9017862669798233, 192.02372044584172, 0.9778772074245292, 0.9987368969333941]
80005079,93128,390831,361,5;[55275.5, 996, 1.0172029953643944, 0.9236466298836319, 92.07222327727249, 0.9816738830814011, 9999]
80005079,93128,390831,362,4;[68606, 1190, 1.0291982522873404, 0.927378690090438, 85.77372036250436, 0.9924506725641693, 0.9920756572287938]
80005079,93128,390831,362,6;[55520.62, 1000, 1.0365168352917955, 0.9111631480246927, 167.6374669613084, 0.9778588074566387, 0.9872711548534051]
80005079,93128,390831,364,7;[52439.22, 1012, 1.0256818220137554, 0.8472620577696773, 180.56577193254992, 0.9805543899666488, 1.0047932454815967]
80005079,93128,390831,365,5;[62956.95, 1112, 1.010878528385338, 0.8457547714422375, 146.22360478032797, 0.9867157742666681, 0.9958494508286981]
80005079,93128,390831,366,4;[53440, 1066, 1.0288583361650734, 0.9249056338551515, 88.069655571964, 0.983927342625641, 1388.051948051948]
80005079,93128,390831,366,6;[57398.89000000001, 1030, 1.0044953357198068, 0.7806362190157492, 170.19780707813808, 0.9826541453585356, 1.002524436787385]
80005079,93128,390831,367,7;[52806.42, 982, 1.0115781603027683, 0.8553972328928053, 182.28565892551657, 0.9790134110890919, 1.007119929967902]
80005079,93170,391070,436,4;[57919, 1120, 1.0362262691711228, 0.9082943719068828, 101.83974169552978, 0.9795260813165202, 7722.533333333334]
80005079,93170,391070,437,5;[57556.729999999996, 1014, 1.019616373579872, 0.9347490641252736, 81.59236434989859, 0.9816670103550368, 1.0038500254246963]
80005079,93170,391070,438,6;[56420.71000000001, 938, 1.019307752433617, 1.0128928808295645, 176.46056243751963, 0.9770115496119207, 1.0045369173354148]
80005079,93170,391070,438,7;[57670.29, 922, 1.0222098146803829, 0.818969648365955, 178.04984505945035, 0.9831290820978573, 1.0029268552270973]
80005079,93170,391070,440,4;[62217, 1130, 1.1180533471547567, 0.9204576028922183, 154.51974878588933, 0.9815044880660284, 0.9977948664490935]
80005079,93170,391070,441,6;[54672.590000000004, 922, 1.0254642328173382, 0.9421597450578326, 78.99324977276738, 0.9866672541554385, 1.004189680552585]
80005079,93170,391070,441,7;[53213.4, 900, 1.0237522130474461, 0.8552651189348477, 183.49712949609096, 0.9785256062379687, 1.0078384213042786]
80005079,93170,391070,442,5;[55142.22, 1114, 1.027773488568933, 0.9352111588610766, 98.06491980220105, 0.9811795470667205, 0.9982227679581219]
80005079,93170,391070,444,4;[52945, 1222, 1.1308505770984625, 0.894825773921252, 138.57447033660253, 0.983905427748615, 0.9782889874353289]
80005079,93170,391070,444,7;[52078.14, 852, 1.0096602488567388, 1.0009564249636118, 127.91380773821041, 0.9896824998286948, 1.0043374347171816]
80005079,93170,391070,445,5;[53914.14, 968, 1.011283779194847, 0.9995565629846719, 113.19374091816525, 0.9876975891146871, 1.005481701768792]
80005079,93170,391070,445,6;[56957.75000000001, 1054, 1.042401961097257, 0.9227671824764869, 120.83557631278816, 0.9839725485173005, 1.0033666783313826]
80005079,93170,391070,447,5;[61620.579999999994, 1108, 1.007318847784129, 0.8166576708758999, 138.4666575237038, 0.9881258388169832, 0.9981398845379107]
80005079,93170,391070,447,6;[61106.11000000001, 962, 1.0454407977707438, 0.9047027648821343, 158.4688587436671, 0.9715537007980826, 1.0042101945244957]
80005079,93170,391070,447,7;[59550.66, 890, 1.1167690791766631, 0.9012696855356553, 201.91683490016777, 0.9756476246296957, 1.0086555405825646]
80005079,93170,391070,449,4;[58183, 1138, 1.0243381631721207, 1.0180982931378038, 156.84386764554412, 0.982045052952389, 1.0000171874462893]
80005079,93170,391070,451,4;[53180, 1056, 1.0400096537145704, 0.9217732411385461, 114.7471694097763, 0.9799152696673138, 0.9983011235111365]
80005079,93170,391070,451,5;[55639.64, 1112, 1.052592879157817, 0.8877209375531161, 154.70287782267812, 0.9811380019386343, 0.9989637748507088]
80005079,93170,391070,451,7;[57820.23, 878, 1.056642181067755, 0.9185741174558906, 160.15925487706073, 0.9703773642933728, 1.007289931365363]
80005079,93170,391070,452,6;[59289.490000000005, 966, 1.0190215785369896, 1.015868330278558, 179.1653653048997, 0.9785027324368719, 1.0035130027477943]
80005079,93170,391070,454,4;[56292, 1102, 1.0250408787270737, 1.020323891843951, 163.84422665661845, 0.9810939495203785, 0.9886022374036283]
80005079,93170,391070,454,7;[58554.630000000005, 922, 1.051799112320717, 0.924006359615512, 127.49415327871499, 0.984949291014825, 1.0021209740769834]
80005079,93170,391070,455,5;[56450.03, 1010, 1.026184505288987, 0.9380347855203234, 88.53999354176432, 0.9806759776209082, 23718.5]
80005079,93170,391070,455,6;[54290.36000000001, 1042, 1.0478213348941985, 0.9181277695755815, 149.54183376569543, 0.9840191903387223, 1.003037359522122]
80005079,93170,391070,456,7;[57931.92, 884, 1.0647325816474116, 0.9211340810554008, 191.78487145317698, 0.9752497243381447, 1.0051633284221984]
80005079,93170,391070,457,4;[53941, 1084, 1.0365463084439792, 0.927270791608333, 104.27349005909635, 0.9790083307221604, 17980.333333333332]
80005079,93170,391070,457,5;[56517.86, 1118, 1.0519444772906796, 0.8865860351057891, 145.19110256492107, 0.9819571104081756, 0.9994318301382547]
80005079,93170,391070,458,6;[59271.68000000001, 1024, 1.0568386042774478, 0.9229372175572296, 158.99634885498875, 0.9781522660215998, 1.0045859310601046]
80005079,93232,391321,791,7;[58759.65, 892, 1.049868987558374, 0.9287730287023133, 149.05827153460265, 0.9775013197174517, 1.0049718696846788]
80005079,93232,391321,792,4;[56125, 1158, 1.025690857125208, 0.9105618582671667, 90.07992413657881, 0.9906872395194924, 0.9963872639960233]
80005079,93232,391321,792,5;[56170.38, 1070, 1.0297877301359954, 0.937392027959757, 78.58055957851076, 0.9845736692983527, 0.997632835947077]
80005079,93232,391321,792,6;[55468.560000000005, 936, 1.0333660105277274, 0.9406520731507104, 103.50883483582764, 0.9838580238635858, 1.0014593484874719]
80005079,93233,391328,848,4;[56465, 1100, 1.029484151369381, 0.9315511250179592, 78.90177772781686, 0.9885304278329438, 0.9995839861210689]
80005079,93233,391328,848,6;[56343.990000000005, 1018, 1.025423297933707, 0.9226315801750948, 102.12456899653847, 0.9882131762198743, 0.9991497011807007]
80005079,93233,391328,849,5;[55683.67, 992, 1.0150451217268408, 1.009600837136185, 129.9002806990907, 0.9868806308922059, 1.0037216186359785]
80005079,93233,391328,849,7;[50713.38, 828, 1.0125747149204287, 1.0009744357644237, 172.82576244124726, 0.9828069075743956, 1.006009469467039]
80005079,93249,391440,64,7;[59203.35, 892, 1.045306609810439, 0.9197076050064324, 153.8981872713074, 0.9742309412136477, 1.0076560506236816]
80005079,93249,391440,65,4;[56054, 1224, 1.0455540583918368, 0.8871212298569713, 121.4523773118677, 0.989092462574114, 0.9886415746587182]
80005079,93249,391440,66,5;[64201.689999999995, 1110, 1.0510477037929284, 0.9049191798287386, 136.99594756725142, 0.9848496242722212, 0.9964630373551276]
80005079,93249,391440,67,6;[60225.200000000004, 984, 1.015577116409385, 1.0228615086208201, 173.53737667137798, 0.982139328011796, 0.9998521601674002]
80005079,93249,391440,68,5;[58934.75, 1122, 1.1289044295572292, 0.8546154225006123, 134.57375676926716, 0.9880748546057004, 0.997462286761596]
80005079,93249,391440,69,4;[27821, 740, 1.0631474180315015, 0.6844882931603327, 131.4369526578523, 0.9894792568390149, 0.9854595044542444]
80005079,93249,391440,70,6;[59201.810000000005, 1036, 1.0084075106653279, 0.8520951825526716, 164.5312632697658, 0.9857168767208017, 1.0013904015943271]
80005079,93249,391440,71,7;[54050.31, 940, 1.0504647288066666, 0.9156317031183505, 133.08252704912863, 0.9880484983847919, 1.0005239531557557]
80005079,93249,391440,72,4;[63610, 1152, 1.054037639120427, 0.9053104204296848, 152.2996880338851, 0.9779516651181855, 0.9966470293306593]
80005079,93249,391440,72,5;[60926.81, 1020, 1.044177640671919, 0.9254064042141906, 148.67747242698888, 0.9825769060410907, 1.0029580003134304]
80005079,93249,391440,73,7;[58092.57, 900, 1.0182435714185782, 1.0183296338783434, 176.80393365766597, 0.9850338265646509, 1.003223505165535]
80005079,93249,391440,74,6;[55960.39000000001, 1018, 1.0316087006443972, 0.940976603258373, 119.08427785027575, 0.9809076616387338, 0.9866425120772947]
80005079,93249,391440,75,4;[56413, 1230, 1.1752497888310578, 0.8930861914758709, 130.30588855362294, 0.9877672878522683, 0.9954649726486677]
80005079,93249,391440,75,5;[60369.89, 1028, 1.0205331410154235, 1.0203902753402938, 153.24805829198615, 0.9830035820527849, 1.003530982641808]
80005079,93249,391440,76,7;[52977.78, 988, 1.1424855880105513, 0.8934435917939522, 163.2495877378022, 0.9867712814053041, 1.0001877554557403]
80005079,93249,391440,77,6;[55876.82000000001, 922, 1.0186625770580051, 0.8498014767508696, 169.15118653073702, 0.9802042169174098, 0.9994976290541948]
80005079,93264,391493,517,7;[58571.46, 892, 1.0300013577741696, 0.9901979230467584, 209.9900924400122, 0.9755589206604454, 1.0041838809102237]
80005079,93264,391493,518,5;[55058.92, 1008, 1.0236160514246306, 0.9332994008874722, 100.21956690102363, 0.9799128831837881, 1.001092659706821]
80005079,93264,391493,518,6;[61343.12, 966, 1.0237916243439793, 1.0200337459561906, 185.4330748156738, 0.9773752764462849, 1.0042839520017943]
80005079,93264,391493,519,4;[57059, 1212, 1.0063712286876094, 0.8065135312735083, 128.09281342503922, 0.9896074397471454, 0.9928311670233683]
80005079,93264,391493,521,4;[57926, 1108, 1.036194527187795, 0.924639581418002, 98.19618375138762, 0.9831465022280355, 9999]
80005079,93264,391493,521,5;[57155.7, 1126, 1.051215011820335, 0.9103060743329269, 153.10713120464297, 0.9826871041208602, 0.9974974299332302]
80005079,93264,391493,522,6;[55815.170000000006, 1048, 1.03272969999263, 0.9038083054591632, 132.0287662926836, 0.9861997228627194, 9999]
80005079,93264,391493,524,7;[53161.38, 1018, 1.0120401247990496, 0.8623334212899957, 189.25576112865448, 0.9845905343426831, 1.0013833650354487]
80005079,93264,391493,525,6;[56393.310000000005, 936, 1.0418086686460402, 0.904157195907064, 166.57943797698624, 0.9755895036644616, 1.005324215410917]
80005079,93264,391493,526,4;[70906, 1264, 1.051846567731714, 0.9125862900355647, 113.37939951984951, 0.9927079268075742, 0.898915434301688]
80005079,93264,391493,527,5;[55181.49, 984, 1.019096981617601, 0.9224718051905996, 81.14732530602413, 0.9864843739121262, 0.9989444205084016]
80005079,93264,391493,527,7;[59053.41, 898, 1.0290050805637965, 0.8637095361786388, 218.07082221431463, 0.9759490054680625, 1.0013880420823225]
80005079,93265,391502,607,5;[59877.229999999996, 1118, 1.0069587487772929, 0.7939753201929626, 137.29574307145535, 0.9877897582269556, 0.9976109045848823]
80005079,93265,391502,607,6;[57546.850000000006, 958, 1.0280574457542606, 0.9306164170493771, 93.86132966001888, 0.9798998460488746, 1.0012156171044477]
80005079,93265,391502,607,7;[52866.090000000004, 960, 1.1258805638105631, 0.9159562291983446, 168.76084399130954, 0.983933374508491, 1.0013911027387334]
80005079,93265,391502,608,4;[59131, 1108, 1.0404914022513843, 0.91774831619046, 119.85971550335377, 0.9764282673015757, 0.9997548418730081]
80005079,93340,391953,10,4;[51593, 1032, 1.0294684082933767, 0.9241499223597148, 78.38181949426296, 0.9843739979942233, 1.0004168969295055]
80005079,93340,391953,3,4;[59129, 1128, 1.0199020249751107, 1.0188110718588286, 145.32572701071265, 0.9836841487333973, 1.000169150357753]
80005079,93340,391953,3,6;[57459.170000000006, 936, 1.0277916874550939, 0.9208667876755351, 121.2513825166228, 0.9739581271437021, 1.0045507892026537]
80005079,93340,391953,3,7;[53999.82, 874, 1.0495092299207416, 0.9254612213221025, 151.66870809678014, 0.9783821270968609, 1.002713183800446]
80005079,93340,391953,4,5;[53672.57, 1120, 1.0301472291778382, 0.8332681705275651, 109.57599917641696, 0.9892928974532398, 1.0060111300701484]
80005079,93340,391953,6,7;[57162.33, 874, 1.0416203854276234, 0.9149739269747003, 139.5470408588241, 0.9736794981002342, 1.0048952365582722]
80005079,93340,391953,7,5;[53827.27, 1134, 1.0014602500767824, 0.8201060661078269, 137.28124650661937, 0.9845028121330623, 0.9992489009653832]
80005079,93340,391953,9,6;[55454.86000000001, 910, 1.0195121370955946, 1.014020608007258, 177.35769500171784, 0.9781431193042116, 1.0050029173339292]
80005079,93376,392043,1,5;[59140.619999999995, 1120, 1.0040367089907123, 0.7916493167475899, 142.6808915022439, 0.9869971313614254, 0.9937016375742307]
80005079,93376,392043,10,6;[58771.630000000005, 954, 1.0286774932892406, 0.9201833247008057, 125.25007045025953, 0.9732822874831738, 1.0000815936403586]
80005079,93376,392043,10,7;[57759.03, 892, 1.0575310540791716, 0.9230017382410961, 175.31792001997076, 0.9751452665590589, 1.0055537058000932]
80005079,93376,392043,3,4;[60125, 1146, 1.0208550124548021, 1.0192527252059111, 146.8338609472308, 0.9825553844652204, 0.9899726676984885]
80005079,93376,392043,3,7;[55190.16, 980, 1.0209051701570864, 1.009075426857924, 169.81847071031916, 0.9842564129120948, 1.0037426086956522]
80005079,93376,392043,4,6;[55228.810000000005, 1072, 1.039262388217433, 0.8661214433675858, 134.15747308366656, 0.9861522530238587, 1.0044100059796692]
80005079,93376,392043,5,7;[21319.02, 514, 0.9709797179544087, 0.9371898940321393, 3.144533656571706, 0.9625489965843819, 0.9209213178678828]
80005079,93376,392043,6,6;[62217.18000000001, 1032, 1.0143710836694293, 0.8810378053859559, 176.1720156770575, 0.9825795782285464, 0.9997688472080045]
80005079,93376,392043,7,4;[59986, 1136, 1.0210522128064599, 0.847646423800768, 167.75913151581761, 0.9789317293849739, 0.9813901363632646]
80005079,93376,392043,8,5;[63343.7, 1120, 1.0475712904674102, 0.9060722989143325, 137.77036050506615, 0.9834377398560863, 0.9892397182627441]
80005079,93376,392043,9,7;[52385.67, 860, 1.0584632168793653, 0.9179374225768561, 208.30038530975233, 0.9670369018211129, 1.004076246334311]
00023892,93026,390259,210,4;[92611, 1418, 1.0160441936584983, 0.9304499353148526, 74.45688925008452, 0.9880816605513132, 0.9949399454244644]
00023892,93026,390259,210,5;[94888.22, 1378, 1.0014205542741594, 0.9214935775142608, 74.6538927008212, 0.9898794256868059, 0.9885570473958915]
00023892,93026,390259,211,6;[95338.3, 1286, 0.9940124245760389, 0.9461625478712523, 64.84368830459766, 0.9871449405213691, 9999]
00023892,93026,390259,211,7;[92165.67, 1228, 1.025457311970587, 0.9129974662194441, 96.16186030449495, 0.9897792446865475, 0.9926669303275987]
00023892,93026,390259,212,5;[96077.03, 1324, 1.024863976416576, 0.9152186552580622, 123.85239814624725, 0.9837529135848878, 80737.0]
00023892,93026,390259,212,7;[92529.81, 1152, 1.0332821118120454, 0.9098564960488107, 124.19430960027086, 0.9869055025334524, 0.994548459508128]
00023892,93026,390259,213,4;[90619, 1400, 0.9987099010700802, 0.934555185539091, 60.12113214553628, 0.9906597384443807, 0.9921878849259573]
00023892,93026,390259,213,6;[95193.08, 1278, 0.989239541281801, 0.9351501072580485, 55.0984043912589, 0.989414745965852, 0.9943616016485876]
00023892,93026,390259,214,4;[100641, 1570, 1.0094269700037355, 0.8690844925864935, 86.1464904029383, 0.9922469789182753, 0.9511887378255384]
00023892,93026,390259,214,7;[89982.36, 1158, 1.008920090794288, 0.9329343800151616, 58.02976786039906, 0.9899631349538053, 0.9979637548360822]
00023892,93026,390259,215,5;[95573.65999999999, 1358, 1.0317974933529983, 0.933398931652862, 94.94247928936427, 0.9849689627285628, 0.9944035856672362]
00023892,93026,390259,217,6;[94154.62000000001, 1266, 0.9992145882702959, 0.9332819723681481, 71.57122887508336, 0.9858247548618859, 9999]
00023892,93049,390350,751,4;[94062, 1416, 1.0042568194395987, 0.9269790547528483, 71.87525478755839, 0.9890887467282874, 0.9971271983293227]
00023892,93049,390350,751,6;[95987.68000000001, 1284, 1.0095928404100811, 0.9253451933941378, 98.42784833501379, 0.9835381050528386, 0.994344509490864]
00023892,93049,390350,751,7;[89679.42, 1162, 1.0041294275073303, 0.9535479364809879, 46.058774457944274, 0.9917592787674725, 0.9962267999184173]
00023892,93049,390350,752,5;[96983.81, 1404, 1.0146149076499849, 0.9020451217885349, 91.74932642453085, 0.9889152050712641, 9999]
00023892,93049,390350,754,7;[90897.3, 1178, 1.0301547328590062, 0.9025702558377184, 106.2823224278836, 0.987943185325579, 0.9895317171481632]
00023892,93049,390350,755,4;[94211, 1432, 1.006878641709757, 0.9021774065487673, 67.40252514981128, 0.9898337940644919, 0.9970525825620836]
00023892,93049,390350,756,5;[96698.20999999999, 1396, 1.018777525987453, 0.9174234812121812, 92.5480158782108, 0.9880598833555087, 0.9951076740327094]
00023892,93049,390350,756,6;[95656.14000000001, 1324, 1.015869651702508, 0.9346324469381384, 72.73117350095313, 0.9913127711952096, 0.9911210475886298]
00023892,93049,390350,759,5;[96461.4, 1336, 0.9983372822599396, 0.9318084676447657, 72.49302335243128, 0.9886949927878868, 9999]
00023892,93049,390350,759,6;[95868.49, 1302, 1.014836196554872, 0.9488075913305484, 90.71000575414179, 0.9850786410477492, 0.9903199784888411]
00023892,93049,390350,760,4;[93045, 1480, 1.006407325199679, 0.9047898848903233, 81.23724104642969, 0.9897547141549994, 9999]
00023892,93049,390350,760,7;[89624.34, 1120, 0.9943237821856326, 0.9496279440033996, 43.224490146306906, 0.9927302380798315, 0.9985255137263592]
00023892,93049,390350,762,4;[93819, 1410, 1.0108942299757921, 0.929920250343206, 75.34480076131943, 0.988044022170128, 0.9959448413498795]
00023892,93049,390350,762,5;[95332.09, 1408, 0.9973485956391293, 0.9204010381176894, 58.16578114818714, 0.993176482685951, 0.9936309682540667]
00023892,93049,390350,764,6;[96163.04000000001, 1240, 1.0204081692490419, 0.9240917712752229, 120.17536190160143, 0.9837515655368135, 0.9950877889379559]
00023892,93049,390350,765,7;[90767.25, 1130, 1.0421586617828782, 0.9063415631994299, 118.69597953445579, 0.9871334237014758, 1.0017053897068755]
00023892,93049,390350,768,4;[91215, 1390, 0.9976108402478597, 0.9366020212282651, 56.67169378485127, 0.9905504434179085, 0.9933298848384199]
00023892,93049,390350,769,5;[93813.65, 1352, 0.988616800064661, 0.9505031169705055, 43.70675916526144, 0.9920036319898549, 0.9901033620938674]
00023892,93049,390350,769,6;[95650.66, 1292, 1.0269486114441029, 0.9221812211990361, 122.71199409600104, 0.9803018617699638, 0.9938080936045436]
00023892,93049,390350,769,7;[90528.57, 1160, 1.035041309645009, 0.9280734162924721, 101.90240378751751, 0.9898436454282711, 0.9946208542755803]
00023892,93049,390350,771,4;[91901, 1452, 1.007159125444201, 0.9205988503231611, 65.16109412411225, 0.9904268585308402, 0.9947879739128082]
00023892,93049,390350,772,5;[96073.45999999999, 1412, 1.015219393434655, 0.9214154617550364, 92.3423385228769, 0.9875485882731128, 0.9886239790357935]
00023892,93049,390350,772,6;[95035.53000000001, 1328, 1.0242700862042984, 0.9232330309140899, 78.05145689182541, 0.9902240643257104, 0.9895085194245733]
00023892,93049,390350,772,7;[88788.96, 1104, 1.002193144536555, 0.95969770641344, 38.50327567234768, 0.993428979803523, 1.0019077544607788]
00023892,93099,390646,1221,5;[95635.54, 1418, 1.0372388954291334, 0.935841814106927, 102.41278517603428, 0.9855194395582108, 0.9922402138416806]
00023892,93099,390646,1221,6;[95230.07, 1274, 1.001310780568388, 0.9198100533614311, 78.59980425153626, 0.9854962731299645, 0.9925888904755105]
00023892,93099,390646,1222,4;[92322, 1452, 1.0113961915944594, 0.9421933268817028, 52.99737420294115, 0.9914403680781673, 0.9929605868149478]
00023892,93099,390646,1223,7;[89509.59, 1138, 1.0006021162367051, 0.9296266317835783, 61.928812509567464, 0.9899567467918391, 0.9939516471567644]
00023892,93103,390673,1488,5;[95532.01, 1306, 1.0060955150168478, 0.9385535335721296, 66.80304338640703, 0.9885006793800635, 0.993957928361831]
00023892,93103,390673,1489,4;[91819, 1466, 1.0018152164294294, 0.9341657548321475, 59.9862703233153, 0.9889055273284264, 0.9856583114164564]
00023892,93103,390673,1489,6;[95828.76000000001, 1226, 1.0084831232773173, 0.9253014906927638, 67.09499560769929, 0.9873162877627496, 1.00068669527897]
00023892,93103,390673,1489,7;[88876.17, 1156, 1.0087983776590537, 0.9597142492090539, 47.9361102788234, 0.9931076681282629, 0.9982814621320181]
00023892,93103,390673,1490,4;[91274, 1462, 1.0099605603744155, 0.937923466539687, 53.41856985370234, 0.9905429427294747, 0.9928695358943538]
00023892,93103,390673,1490,5;[93906.47, 1362, 1.0004038151476906, 0.9427182079644918, 57.953135530105115, 0.989556670975227, 0.9886864789014734]
00023892,93103,390673,1492,7;[92464.02, 1178, 1.035647198939995, 0.9351479860427844, 117.39706896763154, 0.9849955983351689, 1.0001737734490719]
00023892,93103,390673,1493,6;[93338.1, 1322, 1.0022901991384694, 0.9249347221997005, 66.91939063892441, 0.9907752064175155, 9999]
00023892,93103,390673,1494,4;[91320, 1462, 1.0217962247786585, 0.9272983370317596, 61.40222008598016, 0.9892803315640634, 0.9935914872319359]
00023892,93103,390673,1494,7;[89778.87, 1182, 1.0102114628778205, 0.9511744008209252, 46.24757529179707, 0.9906650473507022, 0.998604516601147]
00023892,93103,390673,1496,5;[93285.29, 1362, 0.996304254460408, 0.9385897092657679, 59.795412907966465, 0.9883746670518907, 0.9870808517068134]
00023892,93103,390673,1496,6;[94283.40000000001, 1262, 1.00217509573467, 0.9351515004450848, 62.31275769802199, 0.9883873661257767, 0.9949256191178384]
00023892,93103,390673,1499,4;[94112, 1442, 1.0193794238569454, 0.9036019728833273, 92.12450540670405, 0.9876490056084498, 1.0002922904410396]
00023892,93103,390673,1499,5;[93898.14, 1370, 0.9979011461486544, 0.9379102657752916, 60.872233255583666, 0.9882958289075674, 0.9883820701835696]
00023892,93103,390673,1499,6;[95647.92000000001, 1230, 1.0362822863071601, 0.9209082126294333, 115.44782661389189, 0.984836169841508, 0.9997923543437324]
00023892,93103,390673,1499,7;[90392.40000000001, 1134, 1.0056394446099965, 0.9483205961695961, 56.939292746957456, 0.9908745803188536, 0.9978044249282216]
00023892,93122,390798,1587,7;[91982.07, 1154, 1.0379962988063904, 0.8916649083881645, 128.40748904993342, 0.9851392062934953, 0.9963043982632329]
00023892,93122,390798,1588,4;[93263, 1522, 1.0343964971033042, 0.8955177928323427, 127.94601037636897, 0.9835429404401321, 0.988856373391013]
00023892,93122,390798,1588,6;[95538.32, 1272, 1.0201171341477493, 0.9223674107111368, 100.79638914329955, 0.985300069309392, 0.9949919385906089]
00023892,93122,390798,1589,5;[95398.73, 1308, 0.9885708159313844, 0.9248256724876545, 55.141382330355995, 0.9892162139147407, 0.9962965264400672]
00023892,93122,390798,1590,7;[90756.54000000001, 1204, 1.018194813626583, 0.9238754637144159, 90.56640042849686, 0.9892491374704253, 0.9929443667924908]
00023892,93122,390798,1591,4;[93569, 1528, 1.0176960207921453, 0.8915479811843451, 96.01364109273158, 0.988751462634787, 9849.368421052632]
00023892,93122,390798,1591,5;[97058.78, 1316, 1.0160888672198856, 0.9215252797697663, 102.39654337509684, 0.9856148344480832, 0.9967249175119149]
00023892,93122,390798,1591,6;[95989.05, 1294, 1.0159165572837912, 0.9608101894501084, 85.3547151298866, 0.9832085055716978, 0.9944998403179447]
00023892,93139,390920,17,4;[94506, 1500, 1.027088527191362, 0.8794523808120088, 114.86559109061153, 0.9863131026907964, 0.9932369586808129]
00023892,93139,390920,17,5;[97151.59999999999, 1388, 1.0106539310008886, 0.8995172322902854, 88.3860307557242, 0.9889091210211214, 0.9973063931932984]
00023892,93139,390920,18,6;[93028.48000000001, 1260, 0.9926002311185911, 0.9162809410379069, 61.16660810306882, 0.9898389576729316, 0.9968876622232662]
00023892,93139,390920,18,7;[91411.38, 1134, 1.0992383902203307, 0.9192570864558904, 118.61364803335186, 0.9865231889030311, 0.9962980256136607]
00023892,93139,390920,19,4;[91516, 1450, 1.0078401798707501, 0.9274654317894875, 52.99583780040853, 0.9916924179574511, 0.9933193316075393]
00023892,93139,390920,19,5;[92553.44, 1288, 0.9941966294147649, 0.9399912651471408, 48.34401312728484, 0.9927536248094876, 0.9988890672660138]
00023892,93139,390920,19,6;[93509.35, 1212, 1.0023493463701187, 0.9393343284079632, 79.65025329383224, 0.9861169022764733, 0.9954061542948811]
00023892,93139,390920,19,7;[93131.1, 1150, 1.0367814326425413, 0.9034313358402737, 119.52672608978803, 0.9866625731434625, 0.9981633924764685]
00023892,93166,391047,301,4;[102526, 1548, 1.0169194178602992, 0.8777736446207596, 90.59786947818188, 0.9920086285155629, 0.9509393361807903]
00023892,93166,391047,302,5;[98361.83, 1412, 1.0000255947938408, 0.9186079384304046, 83.7879406486509, 0.989548586960397, 0.9902896336897595]
00023892,93166,391047,302,6;[96856.26000000001, 1332, 1.025932231875349, 0.9372100927300585, 96.82421065866093, 0.9893235990225459, 0.9920159400564076]
00023892,93166,391047,302,7;[89636.58, 1116, 1.0002456059630038, 0.9334403432675832, 53.866882251709995, 0.9917594057692131, 0.9887765607331522]
00023892,93166,391047,304,4;[93210, 1474, 1.0072942934122837, 0.8949077592480458, 64.91588183997156, 0.9915019402402596, 0.9885774284896115]
00023892,93166,391047,304,5;[98044.09999999999, 1414, 1.0097857147329659, 0.9330331600770386, 79.8704445912493, 0.9902966082833385, 9999]
00023892,93166,391047,304,6;[96146.6, 1338, 1.0135963825545302, 0.9279488245460283, 70.15376689179699, 0.9915276780806666, 9999]
00023892,93166,391047,306,7;[91706.67, 1198, 1.0265517488271827, 0.9105202322739891, 108.71568258820389, 0.988825646452968, 0.9910630874924561]
00023892,93166,391047,307,4;[94598, 1538, 1.0579995180405166, 0.9287852761001495, 133.8856277141715, 0.9843835297765637, 0.9955326370070247]
00023892,93166,391047,307,5;[98700.98, 1422, 1.0012072743528282, 0.9337293742777901, 76.05651287313088, 0.9908686337529213, 9999]
00023892,93166,391047,307,7;[92809.8, 1208, 1.0218386772767731, 0.9280973687932741, 101.16117528722921, 0.9889602373807543, 0.9956013655462185]
00023892,93166,391047,308,6;[95457.49, 1314, 1.0110277868295992, 0.9237065064668254, 86.05835334072907, 0.9894916578043099, 9999]
00023892,93166,391047,309,5;[98240.45, 1320, 1.0110499269454292, 0.9342055335468392, 83.12772060305193, 0.9881753350248276, 1.0001272041141445]
00023892,93166,391047,309,6;[95802.73000000001, 1258, 0.9954649007721109, 0.95088598087129, 51.35024929924335, 0.9913813996686319, 9999]
00023892,93166,391047,310,7;[92852.64, 1174, 1.0364615348407051, 0.9218120312042933, 113.10243558424547, 0.9879807126376885, 0.9966252555691494]
00023892,93166,391047,311,4;[94312, 1548, 1.0183315127580725, 0.8784015566832107, 87.01246476361891, 0.9910134523103105, 0.9924810447611981]
00023892,93166,391047,312,5;[97339.62, 1418, 1.0078214353836703, 0.9133770726019503, 80.56817309501915, 0.9900963734879676, 0.9897872752353525]
00023892,93166,391047,312,7;[90403.11, 1176, 1.0103433459216362, 0.9384740993298968, 65.00694614521767, 0.9876306688220488, 0.9922750096562379]
00023892,93166,391047,314,4;[94416, 1518, 1.0347146739199957, 0.8917116248877807, 112.8082196363341, 0.9873504709501475, 0.9903135636331216]
00023892,93166,391047,314,6;[93869.66, 1220, 0.9905679278510596, 0.9477478851446883, 37.3871021726515, 0.9935111789189628, 9999]
00023892,93166,391047,315,7;[90819.27, 1176, 1.004813273122673, 0.938296692969693, 58.33190132242037, 0.9882988391895713, 0.9961903802906723]
00023892,93166,391047,316,4;[91221, 1450, 0.9943388596203271, 0.9389536448875085, 42.51792120787346, 0.9927696618710962, 0.989279846436647]
00023892,93166,391047,316,5;[95551.05, 1380, 0.9950794567764044, 0.9521981225145483, 50.39466035948726, 0.9909775413690899, 9999]
00023892,93166,391047,316,6;[95547.91, 1242, 1.021758306850226, 0.9386996652158704, 103.50965344886869, 0.9872397165584255, 9999]
00023892,93265,391506,609,4;[91999, 1462, 1.028048929718139, 0.8979910050086684, 60.49414841799921, 0.9919458494124359, 0.9949387349000184]
00023892,93265,391506,609,5;[96956.44, 1412, 1.0077934810706421, 0.9235989152688951, 77.05094333947079, 0.9894107889801897, 0.9929135057733907]
00023892,93265,391506,609,6;[95946.58, 1270, 1.0044063503258838, 0.9366693963450596, 74.60965059876266, 0.9852408421841474, 0.9908602150537634]
00023892,93265,391506,609,7;[91344.06, 1172, 1.0147838907858038, 0.9450277097540786, 62.320860603145725, 0.9908167582567575, 0.9970024130992042]
00023892,93265,391506,612,4;[95513, 1428, 1.0275237814770013, 0.9016657179967023, 102.92813879812388, 0.986274785337804, 9999]
00023892,93265,391506,612,5;[95004.84, 1362, 0.9989822874056014, 0.9367027109244497, 61.232871275401926, 0.9905141888729317, 9999]
00023892,93265,391506,613,6;[96428.82, 1306, 1.0088462943925212, 0.9416517332407627, 80.98045716336975, 0.9850472693518587, 0.9933528091790508]
00023892,93265,391506,613,7;[92444.13, 1200, 1.0100144932988766, 0.949000364063337, 52.88544641718459, 0.9901442151916354, 0.99741653254096]
00023892,93329,391882,100,4;[89571, 1422, 1.0045582111703892, 0.9290272908080096, 60.71404661951753, 0.9907467227995309, 9999]
00023892,93329,391882,100,5;[95760.48999999999, 1314, 1.0014968410566154, 0.936113277778983, 56.5333923728097, 0.9907405139511056, 0.9980465964268218]
00023892,93329,391882,100,6;[94291.62000000001, 1210, 1.024545287603457, 0.9415175936224898, 59.86855743290816, 0.9896300416328353, 0.9955304838359731]
00023892,93329,391882,87,4;[93975, 1432, 1.0542621991475085, 0.937250671089021, 127.8290403740921, 0.9808000576079602, 0.9951605388004067]
00023892,93329,391882,87,7;[90520.92, 1216, 1.0177249937146682, 0.9035621449918402, 88.75576615342364, 0.9899445168075792, 0.9937266428721394]
00023892,93329,391882,88,5;[96428.08, 1404, 1.0335262988751228, 0.8978843140250746, 91.74747174569461, 0.9892755137217717, 0.9929601195983163]
00023892,93329,391882,88,6;[94128.59000000001, 1316, 1.0139176929802318, 0.9300961545383143, 74.13954408942635, 0.9913920528363622, 0.9894298757218358]
00023892,93329,391882,89,4;[90340, 1462, 0.9992471247785927, 0.923929209970205, 53.4210124926135, 0.9932997432187544, 9999]
00023892,93329,391882,89,6;[93747.73000000001, 1214, 0.9869406422525822, 0.950546662362923, 44.11838568046918, 0.9918175876924784, 9999]
00023892,93329,391882,89,7;[90146.07, 1198, 1.0126167312801755, 0.9488160400742294, 60.89317278153263, 0.988622837051628, 0.9931396015237839]
00023892,93329,391882,91,5;[95733.12, 1388, 1.0316382401039235, 0.9219545454312119, 111.19090413657985, 0.9847225156643902, 0.9941056533827618]
00023892,93329,391882,92,7;[89391.78, 1170, 1.0083598952507489, 0.9342592665815368, 51.915145162539226, 0.9904787665742328, 1.0000941450347052]
00023892,93329,391882,93,4;[91331, 1476, 1.0014136410916312, 0.9405193308432228, 46.83841102765158, 0.991499951610125, 0.9871753992487907]
00023892,93329,391882,93,5;[97333.67, 1416, 1.014740878442954, 0.9100369538380206, 74.98227703411273, 0.9912652801637288, 0.991766902706373]
00023892,93329,391882,93,6;[93605.25000000001, 1284, 0.9952295652710265, 0.9508319718051121, 50.92459886212178, 0.9906761857161073, 0.9918273139008246]
00023892,93329,391882,94,4;[92049, 1408, 1.0020414953763794, 0.9373424113668644, 53.1206588318205, 0.9917052245476408, 0.9953556772655265]
00023892,93329,391882,94,6;[91184.46, 1278, 0.9905011186332193, 0.9574260426265674, 40.4477583640621, 0.9938509010756, 9999]
00023892,93329,391882,94,7;[88614.54000000001, 1120, 1.0080886344489455, 0.9458098021265873, 56.90489988855238, 0.9897498296482681, 0.9920523449008256]
00023892,93329,391882,95,5;[96097.26, 1410, 1.0255900156079332, 0.9229424239876988, 78.84552100567834, 0.9883951510666669, 0.9949975357318877]
00023892,93329,391882,96,4;[90482, 1484, 1.0380860129272493, 0.925552849118763, 91.52271673997085, 0.9880054327532354, 0.9865131543082677]
00023892,93329,391882,96,7;[89244.90000000001, 1126, 0.9999886117592707, 0.947523726902524, 42.23684611748487, 0.9922659463300263, 0.9999142881631954]
00023892,93329,391882,97,6;[95323.23000000001, 1308, 1.0232360116328916, 0.9262526559365262, 114.31092452407493, 0.985070710337425, 0.9939573155052713]
00023892,93329,391882,98,5;[91312.26999999999, 1274, 0.9910956433572836, 0.9499125007788416, 40.481912020727336, 0.9931181500295134, 1.0025805018586147]
00023892,93329,391882,99,7;[91140.57, 1116, 1.040458220622072, 0.9168459149710392, 128.2515023403644, 0.9853835087709369, 0.9977889817590995]
00023892,93377,392048,10,6;[93998.44, 1270, 0.9919158486756011, 0.9298485050003288, 44.31097966349902, 0.9937217962071911, 3049.4222222222224]
00023892,93377,392048,3,5;[95604.59999999999, 1380, 0.9987641833365667, 0.9393509332390785, 64.83692702540026, 0.9879231311757988, 0.9854283191050928]
00023892,93377,392048,4,4;[94389, 1520, 1.0481839465197085, 0.8982303279844803, 146.38223343478478, 0.982646624664452, 0.9880923094638661]
00023892,93377,392048,4,6;[97017.92000000001, 1286, 1.0372960980095842, 0.9264170716955258, 123.47793040094903, 0.9807739478566936, 9999]
00023892,93377,392048,4,7;[92407.41, 1130, 1.0595645127019166, 0.9293841207882982, 170.5528109892539, 0.9818613008641736, 1.0012350283890754]
00023892,93377,392048,5,4;[93685, 1540, 1.0178861300818915, 0.9003955185041129, 93.95097312123575, 0.9899993008943256, 0.9824761944712446]
00023892,93377,392048,5,5;[95059.58, 1386, 0.9975705251686652, 0.9409213671685013, 54.60727821811455, 0.9905677231515972, 0.9902072590241967]
00023892,93377,392048,6,7;[93124.98, 1220, 1.0286517745050106, 0.8914510733339396, 118.29712978430149, 0.9879625097852601, 0.9942744194784086]
00023892,93377,392048,7,6;[96321.96, 1342, 1.0423455405613293, 0.9067963071804969, 124.40247179752821, 0.9854195786207434, 0.9907977621510408]
00023892,93377,392048,8,7;[92243.7, 1196, 1.022623329814651, 0.9085152390334844, 110.36142061975514, 0.988371274204613, 0.9908458921557349]
00023892,93377,392048,9,4;[90811, 1438, 1.0060688654956351, 0.9294232637887027, 47.099345259638056, 0.9922297516712043, 0.9900300352682733]
00023892,93377,392048,9,5;[96201.98, 1422, 1.0014563841948065, 0.9143044300938822, 83.43824513862316, 0.9901791203282161, 0.9884999847155566]
02011239,93051,390358,940,4;[94796, 1454, 1.323969800563148, 0.7294651714631554, 1168.3150942072584, 0.853665264616022, 0.9973067373648108]
02011239,93051,390358,940,5;[97315.81999999999, 1314, 1.2987727735286725, 0.7715948937308381, 1004.4012539960605, 0.8507049582244078, 0.9978281028844745]
02011239,93051,390358,940,7;[89001.63, 1112, 1.2320644515275994, 0.7491937477756812, 395.52088490943265, 0.9267615991990058, 0.9973510728583552]
02011239,93051,390358,941,6;[96108.24, 1286, 1.2815867327213883, 0.768880417517404, 748.4329552531527, 0.8551963980376089, 0.9923963247724202]
02011239,93067,390431,81,4;[94732, 1504, 1.264816562013982, 0.8014788562834997, 618.5153579092948, 0.8890828596745863, 0.9933467202843765]
02011239,93067,390431,81,5;[93982.62999999999, 1340, 1.2394551029109744, 0.8003465359005058, 438.0567504806234, 0.9222316254999298, 0.9923541348612499]
02011239,93067,390431,81,6;[93221.65000000001, 1280, 1.2385585314128518, 0.8023554423140759, 439.5880309006348, 0.930598018565264, 1.001000338349736]
02011239,93067,390431,81,7;[92514.51, 1202, 1.2970541460405578, 0.7429125030722363, 772.3730083299077, 0.8655658178973928, 0.9978876144896444]
02011239,93067,390431,83,4;[95494, 1544, 1.301692868186184, 0.7179744486346247, 977.8063781708018, 0.8777382189085592, 0.9930069202892899]
02011239,93067,390431,83,5;[95428.48, 1362, 1.2396357651243601, 0.808190897585929, 540.7915172034225, 0.9009639248835477, 0.9901652703778931]
02011239,93067,390431,83,7;[91166.58, 1146, 1.251240289774985, 0.7693419396871776, 517.7758480628493, 0.9131546576420606, 0.9953312007750708]
02011239,93067,390431,84,6;[96878.18000000001, 1312, 1.2627905718980663, 0.7621055358186364, 620.8669894953125, 0.876828760687267, 0.9905170119482848]
02011239,93096,390617,985,5;[95889.01, 1368, 1.2898642771914377, 0.7571994528957146, 941.0938027414094, 0.8566334521206928, 9999]
02011239,93096,390617,985,7;[91486.35, 1196, 1.293666593402221, 0.6980506332405532, 935.4280264349068, 0.8637924885505347, 0.9924728416475099]
02011239,93096,390617,986,4;[91876, 1416, 1.2525024290302949, 0.7919888607330645, 562.5907606522666, 0.8924592247407592, 0.9989399120398811]
02011239,93096,390617,986,6;[95456.12000000001, 1308, 1.2903968541932613, 0.7277904671148328, 932.0795851046192, 0.862323746817334, 0.9946325586707018]
02011239,93139,390919,102,4;[94480, 1488, 1.2671156237723777, 0.7545755726093802, 672.6509511775924, 0.8792399224591189, 0.993355202287829]
02011239,93139,390919,102,5;[96935.01999999999, 1400, 1.2549569540541992, 0.7647504427444616, 736.3710629292168, 0.8891875873659439, 0.9934084160076099]
02011239,93139,390919,102,7;[92242.17, 1218, 1.2653731995105058, 0.7591752160041955, 558.3168166996494, 0.8813948049010054, 0.994367521297037]
02011239,93139,390919,103,6;[96416.49, 1250, 1.291959512578327, 0.7129974715629368, 1132.8442769271346, 0.8514613364168938, 1.0008248126395427]
02011239,93148,390958,452,4;[100871, 1552, 1.2869274524231273, 0.7499430568463756, 888.4868735384903, 0.9032447868211388, 0.9547521805180239]
02011239,93148,390958,452,6;[96069.88, 1296, 1.2918371887829083, 0.7801824666882895, 951.5861762644125, 0.8500295932506349, 0.9898717559622537]
02011239,93148,390958,452,7;[92419.65000000001, 1134, 1.3232533984096724, 0.7237609321967552, 1124.6445882753746, 0.8573731027010043, 0.997185330703007]
02011239,93148,390958,453,5;[95731.93, 1334, 1.2326310899632433, 0.7859952335321468, 470.0970245946919, 0.9117300375420678, 0.9949047106691896]
02011239,93174,391097,944,4;[93217, 1482, 1.2787295189680452, 0.7775262849728005, 655.2286535043096, 0.8877596886454876, 0.9918179303300492]
02011239,93174,391097,944,6;[94292.99, 1252, 1.3132547283962026, 0.7466167644040556, 1122.9314131060212, 0.850265238403532, 0.9960275826139808]
02011239,93174,391097,944,7;[91523.07, 1170, 1.3299036837698657, 0.7162939955417931, 1174.9922404423596, 0.8674221524838089, 0.9943400460442656]
02011239,93174,391097,945,5;[96362.62999999999, 1406, 1.2759814881675724, 0.7547997182220432, 796.5616861911842, 0.8843368713929558, 0.988066621926667]
02011239,93260,391459,220,4;[94793, 1502, 1.3172001488687508, 0.7225724321349836, 1114.351784497574, 0.8614717874835628, 0.9952491193809682]
02011239,93260,391459,220,5;[95405.87, 1342, 1.2402356119710665, 0.8189273881122199, 479.90321484857, 0.9149150400984608, 0.9957523442836739]
02011239,93260,391459,221,6;[97120.67000000001, 1324, 1.2530029711207846, 0.7770912756591111, 633.0274825669329, 0.8781600827292848, 0.9911359664452989]
02011239,93260,391459,221,7;[93184.65000000001, 1180, 1.32821295104859, 0.688908755327769, 1232.5425848732064, 0.8568202190283712, 0.9950252820232154]
02011239,93331,391886,298,4;[103231, 1504, 1.3096763100653461, 0.7551387849722876, 1034.5681926959282, 0.8938633510211145, 0.9825721954655346]
02011239,93331,391886,298,5;[94027.84999999999, 1376, 1.2389240887018724, 0.8134745206847708, 487.71819173593354, 0.9005393661063751, 0.9895181085007263]
02011239,93331,391886,299,6;[94380.67000000001, 1324, 1.2505502975361114, 0.7406158655762485, 677.2437468159553, 0.8933487387859057, 0.9966941311786109]
02011239,93331,391886,299,7;[91270.62, 1150, 1.3183954000648628, 0.7002081514501648, 1180.523738940113, 0.8517576436606622, 0.9961925119401489]
02011239,93384,392075,333,4;[98007, 1566, 1.2680072945509386, 0.7454160937193673, 806.0041485108509, 0.8929529656186115, 0.9938799620730044]
02011239,93384,392075,333,6;[97919.38, 1302, 1.2941517133580474, 0.7470844793414964, 937.1109941949609, 0.8742286808449478, 0.9895608351331894]
02011239,93384,392075,333,7;[94197.51, 1140, 1.3280688597599728, 0.7154871624370626, 1175.408153736298, 0.8646154549499069, 0.9999269142379185]
02011239,93384,392075,335,5;[99275.75, 1424, 1.2645011624496503, 0.7762719892037732, 637.4707260418837, 0.8740976221296578, 0.9904310764445394]
02011239,93384,392075,337,4;[98033, 1530, 1.2864622542560626, 0.7760493695769187, 779.0175525942885, 0.8662715198980535, 0.9949104120891668]
02011239,93384,392075,337,6;[97024.77, 1264, 1.2257031109366745, 0.7901011824189496, 410.739486244743, 0.9306588775481496, 0.9920296960358593]
02011239,93384,392075,337,7;[95441.40000000001, 1164, 1.3170066146152248, 0.6817025878095045, 1205.4471710963194, 0.8507301424752652, 0.9980480624620012]
02011239,93384,392075,338,5;[97468.14, 1400, 1.2407094983110247, 0.7883332743891839, 585.5409323581168, 0.8900197933432791, 0.9885402900229918]
00236683,93026,390254,285,4;[52577, 1096, 0.8862211757298222, 1.142811977438725, 502.11518930978275, 0.942520480681904, 0.9907850601138205]
00236683,93026,390254,285,5;[53276.299999999996, 972, 0.8758447924779791, 1.1029847720315937, 508.07812785055285, 0.8969617439025638, 0.999207686556338]
00236683,93026,390254,285,6;[52834.05, 942, 0.8818427940834459, 1.1208881054748694, 568.5444708665053, 0.8783664189758349, 0.9953799297955812]
00236683,93026,390254,286,7;[48655.53, 922, 0.8835625619097367, 1.197994268897786, 707.3842538095182, 0.9246766263894225, 0.9956169186938417]
00236683,93027,390265,359,4;[55714, 1184, 0.8878782770248758, 1.2555487732632349, 391.8006134098783, 0.9635562642822302, 0.9459725618038577]
00236683,93027,390265,359,6;[52086.030000000006, 886, 0.8898584135666646, 1.1637660922020512, 669.6965407973415, 0.9075302850188324, 0.9999079492405812]
00236683,93027,390265,359,7;[48546.9, 888, 0.8814322133652133, 1.1784699135072954, 726.0298356369328, 0.9082421067596348, 0.9937985467301428]
00236683,93027,390265,360,5;[53558.329999999994, 984, 0.878247657197186, 1.078590357210907, 553.0768949716395, 0.8980300575316448, 0.9967665492879765]
00236683,93032,390303,79,4;[54816, 1196, 0.888904372575185, 1.2934701273616958, 378.65287972537624, 0.9660342743522854, 0.9493591963976447]
00236683,93032,390303,79,5;[53930.799999999996, 980, 0.8790632088107615, 1.0730474168056072, 587.4673493224348, 0.8953819539550469, 0.9981609347297015]
00236683,93032,390303,79,6;[52579.23, 934, 0.8732997317832936, 1.1516979154524813, 303.94904111450586, 0.8983970937919634, 0.9946353599751205]
00236683,93032,390303,80,7;[48606.57, 822, 0.8850859545199323, 1.05918387500515, 252.38180572968213, 0.9042999480579031, 1.0034745254114155]
00236683,93032,390303,81,4;[51138, 1030, 0.8701509551381353, 1.137200506893773, 247.55772691967408, 0.9127945715772987, 0.9981165035278963]
00236683,93032,390303,81,5;[53663.049999999996, 962, 0.8796153248595829, 1.0877844540512152, 593.6795663368949, 0.9066572911256823, 1.000077619950545]
00236683,93032,390303,81,6;[50802.340000000004, 898, 0.8817236210154215, 1.1335969358320634, 238.41582018685398, 0.9332738088203516, 0.9994474765851358]
00236683,93032,390303,81,7;[48525.48, 818, 0.8748864162762124, 1.0935561647465442, 298.15014867311663, 0.8918905826198557, 0.9987561209869157]
00236683,93032,390303,83,4;[50093, 1042, 0.8801598385112197, 1.2498116921691478, 238.8048669046948, 0.9253919183258541, 0.9939974799337242]
00236683,93032,390303,83,5;[53466.7, 1108, 0.8728988238067416, 1.2012863459406646, 515.0614612160756, 0.9197047972512877, 0.9913726528540853]
00236683,93032,390303,83,6;[51553.100000000006, 892, 0.8825073947021309, 1.184670106535934, 271.0661832487113, 0.9048220048958809, 0.9999468537414966]
00236683,93032,390303,83,7;[49385.340000000004, 864, 0.8908494900443562, 1.1542252328658154, 586.0665547587771, 0.8833588502031021, 0.9960962212038451]
00236683,93051,390358,937,4;[50056, 1130, 0.8845052986867727, 1.209182328456789, 291.4767786976812, 0.9349687600459935, 0.9887214332273293]
00236683,93051,390358,937,5;[53338.18, 980, 0.877365576109739, 1.090902446982913, 569.5160161206493, 0.8910486959705923, 0.9981405395775573]
00236683,93051,390358,937,6;[51747.64000000001, 928, 0.8772542639973726, 1.128240764091211, 279.23960958320947, 0.8994901646477651, 0.9964912280701754]
00236683,93051,390358,938,7;[48975.3, 872, 0.88618399388147, 1.1003372898417185, 465.39693323686254, 0.8911497583700823, 0.9932048775947129]
00236683,93078,390512,47,4;[56976, 1204, 0.884308089239834, 1.2299526282331041, 465.7959497996675, 0.9253646400655449, 0.9472082990449116]
00236683,93078,390512,47,5;[55313.579999999994, 1074, 0.866247929479097, 1.1573783919242993, 375.48428351214955, 0.895071386675741, 0.9883058343255656]
00236683,93078,390512,47,7;[50615.46, 866, 0.8892711702807803, 1.1246224726107188, 603.4403469673778, 0.9204933833263348, 0.9954113947855391]
00236683,93078,390512,48,6;[51732.57000000001, 924, 0.8870835487190667, 1.1727691486512413, 207.9023365769131, 0.9365714163255069, 0.9957281860612294]
00236683,93078,390512,49,4;[50734, 1034, 0.8993787141650365, 1.1114887902287192, 188.05861423977905, 0.9482086203982276, 1.0003549175802509]
00236683,93078,390512,49,5;[54125.96, 1068, 0.8797393213394995, 1.1547653142086882, 284.42710920835486, 0.9210444531642717, 0.9858358168518017]
00236683,93078,390512,49,6;[54731.50000000001, 984, 0.879834558009322, 1.147475499846527, 542.6954198804708, 0.8734858286737891, 0.9901603588866582]
00236683,93078,390512,49,7;[49322.61, 874, 0.8835265764892972, 1.1000756810605234, 233.6336359394449, 0.8995735315166424, 0.9950766286481565]
00236683,93078,390512,50,4;[50450, 1040, 0.8784162888965641, 1.146206915669922, 202.0031608183698, 0.92748962082882, 0.9897882108278317]
00236683,93078,390512,50,5;[55676.53, 1044, 0.8750726478175135, 1.1394294531009443, 533.1589217149117, 0.9052388275863833, 0.9957858891135469]
00236683,93078,390512,50,6;[52554.57000000001, 994, 0.8801390033814295, 1.1564541614522326, 308.8361007008464, 0.9228982914316806, 0.9938082901554404]
00236683,93078,390512,50,7;[50921.46, 834, 0.8956110727614838, 1.1510473556750707, 696.3709769331037, 0.8818265213361519, 1.0010075642510188]
00236683,93098,390636,1213,4;[56467, 1184, 0.8852904133911917, 1.233907998978291, 429.33486125877033, 0.9459542835807855, 0.9478304657994125]
00236683,93098,390636,1213,5;[54052.18, 1054, 0.8782312078943617, 1.1774382681583697, 499.08294242446783, 0.9146874510944828, 0.990125340599455]
00236683,93098,390636,1213,6;[52939.54, 902, 0.8868023540985288, 1.1936916707036078, 666.3344565402167, 0.8922121904448836, 0.9990175801447777]
00236683,93098,390636,1213,7;[49158.9, 818, 0.8968602090227412, 1.2224894291344504, 726.3206879082402, 0.8966149411102033, 1.00040477005947]
00236683,93098,390636,1214,4;[52395, 1074, 0.8830476926383564, 1.1013977748177695, 277.00856568610664, 0.9288022433383062, 0.9967090245015979]
00236683,93098,390636,1214,5;[54338.97, 1064, 0.8753592465124572, 1.1658948570413648, 438.73622697411906, 0.8941746706114226, 0.9925983892529916]
00236683,93098,390636,1214,6;[53567.00000000001, 970, 0.8909173181607123, 1.153854978194333, 572.9119745518187, 0.8869485279349782, 0.9975253208153685]
00236683,93098,390636,1214,7;[50122.8, 902, 0.880710020895345, 1.12581092799517, 474.29731353812963, 0.88444926329212, 0.9958203510905084]
00236683,93099,390639,1320,4;[53510, 1074, 0.886949393764135, 1.103472708990238, 582.2486327101362, 0.8872176621195892, 0.9980788241657806]
00236683,93099,390639,1320,5;[54300.89, 1066, 0.8737359876815745, 1.157886001599414, 427.27118793432754, 0.8941188344947442, 0.9946486763375585]
00236683,93099,390639,1320,6;[51259.920000000006, 894, 0.8772615400370747, 1.1286796939509243, 240.38157947816705, 0.9216837692799165, 1.0028679407113565]
00236683,93099,390639,1320,7;[50229.9, 888, 0.894896588653257, 1.1079024181044324, 567.15055877201, 0.8651763810749842, 0.9962976450594805]
00236683,93099,390639,1322,4;[51235, 1148, 0.880596753207647, 1.2177697161480874, 333.3501286508133, 0.9257533333002379, 0.9916099751299148]
00236683,93099,390639,1322,5;[53547.619999999995, 1046, 0.8639364224395616, 1.1457026144553932, 404.8452220454673, 0.8801401523846557, 0.9947387036873286]
00236683,93099,390639,1322,6;[50679.04, 898, 0.8824513559502067, 1.171441696285514, 246.70458777863863, 0.8988593894373392, 0.9948900005378947]
00236683,93099,390639,1322,7;[50350.770000000004, 894, 0.889129546709839, 1.131800783928898, 588.4938364327204, 0.8637839685404683, 0.9970460363867722]
00236683,93103,390670,1523,4;[53540, 1098, 0.8814483786883229, 1.091326195463164, 583.2890612595404, 0.8925003108166547, 0.9898683626682443]
00236683,93103,390670,1523,6;[52760.07000000001, 898, 0.8886685237149125, 1.1384671222739895, 664.3475694644986, 0.8956374636031632, 0.9992734632450245]
00236683,93103,390670,1523,7;[49559.76, 898, 0.8849739090194637, 1.1465584554131907, 429.77388085238783, 0.878833915701265, 0.9926148377409371]
00236683,93103,390670,1524,5;[53287.009999999995, 1084, 0.8749514601505815, 1.1927939090981903, 352.29274302067216, 0.9197836155426133, 0.9902367289171946]
00236683,93103,390670,1525,6;[52808.020000000004, 926, 0.8834557602430098, 1.1105067825564525, 596.9331309564569, 0.8789418949217416, 0.9970512157268494]
00236683,93103,390670,1525,7;[47474.37, 832, 0.8960694763767397, 1.120854058037875, 233.84109214020037, 0.9269261131544956, 0.995795892169448]
00236683,93103,390670,1526,4;[49607, 1040, 0.888368387064635, 1.1423263534690966, 221.29537854494612, 0.9377289374706437, 0.9927455748006284]
00236683,93103,390670,1526,5;[54116.439999999995, 1010, 0.877561512468865, 1.1633428413765627, 566.2569391555063, 0.8698488988721917, 0.9940543848911427]
00236683,93129,390840,509,4;[50220, 1082, 0.8782155057915386, 1.13930170671189, 217.12438090721648, 0.9377749195334129, 0.9839052535681749]
00236683,93129,390840,509,6;[52253.170000000006, 952, 0.8794503133701228, 1.1775017028719883, 243.20270184900593, 0.9218680025519781, 0.9937080700840226]
00236683,93129,390840,510,5;[53252.5, 1086, 0.8718151001278966, 1.1867040761069838, 366.10935331541, 0.9304138369024261, 0.9919645331116653]
00236683,93129,390840,510,7;[48311.28, 876, 0.886752157504339, 1.1438911860882877, 258.06722990743253, 0.9406191713010823, 0.9960411967887954]
00236683,93139,390919,100,4;[50648, 1062, 0.8724162912063601, 1.0918755754154672, 213.35479637612792, 0.9236650681294645, 0.9819500184183485]
00236683,93139,390919,100,5;[53560.71, 1082, 0.8718223140379071, 1.2719149037767723, 394.1707716759126, 0.9223600826856005, 0.9920432003526559]
00236683,93139,390919,100,6;[52605.26, 896, 0.883918021004128, 1.1755189257199565, 650.8226219659143, 0.8972444130713766, 0.9979208898591403]
00236683,93139,390919,101,7;[50340.06, 902, 0.8807445170450002, 1.0675197317102934, 451.4993284754688, 0.8837738406193314, 0.9952358626113522]
00236683,93140,390930,162,4;[50537, 1078, 0.890617338460394, 1.159368768130827, 198.41330463279277, 0.9438535009988425, 0.9901546841172033]
00236683,93140,390930,162,5;[52330.25, 1018, 0.8837771286957714, 1.1302814673936055, 224.9227576164802, 0.9350619067758252, 0.9904056214950113]
00236683,93140,390930,162,6;[52717.600000000006, 980, 0.8723198945956582, 1.1916407124998802, 345.97069054315045, 0.8945825872136896, 0.9916759013478339]
00236683,93140,390930,162,7;[49183.38, 904, 0.8856045382741418, 1.2412293187071277, 327.5082865258509, 0.9286376268543715, 0.9930646730819728]
00236683,93140,390930,163,4;[60891, 1166, 0.8798437417506862, 1.1471152895215986, 440.92075090667265, 0.9438720072640782, 0.9669766001540404]
00236683,93140,390930,163,5;[51817.36, 952, 0.868296999859913, 1.1346919043867796, 202.7265238161475, 0.9181484449599598, 0.9992541851686115]
00236683,93140,390930,163,6;[53092.98, 914, 0.8765991027312365, 1.0885326783148097, 536.8700950042356, 0.8890194124901043, 0.9953128812296945]
00236683,93140,390930,163,7;[47942.55, 806, 0.8861400469798484, 1.09588982736007, 188.73954945092174, 0.9364442849941348, 1.0022068700825177]
00236683,93140,390930,164,4;[52782, 1174, 0.892569068449326, 1.3012097101274098, 336.0366267791391, 0.9346678774173823, 0.9901606745894028]
00236683,93140,390930,164,6;[52673.76, 934, 0.876283072972613, 1.1540990492081529, 251.72477329648885, 0.9042599078863474, 0.9870736685365133]
00236683,93140,390930,165,5;[53959.36, 1094, 0.8733255020501959, 1.246403178783136, 391.401288011376, 0.9244857121186066, 0.9912556838055264]
00236683,93140,390930,165,7;[50047.83, 892, 0.8884578349786199, 1.0925579881202565, 420.37057123942856, 0.8952924978704627, 0.9934098639455783]
00236683,93174,391097,943,4;[52929, 1108, 0.8828460986870269, 1.0983063107026998, 510.43772215516213, 0.8934977417358362, 0.9919041996964075]
00236683,93174,391097,943,5;[53889.149999999994, 1092, 0.8773231810321965, 1.278693284797037, 449.2352388033804, 0.9147373443316961, 0.9932227924726937]
00236683,93174,391097,943,6;[51677.770000000004, 990, 0.8829695698739835, 1.2062878213296189, 312.05483063552145, 0.9324343993301389, 0.9933506260945133]
00236683,93174,391097,943,7;[48109.32, 854, 0.8797653401569392, 1.085043124738904, 265.4928540501923, 0.9219678792647472, 0.9915645743657664]
00236683,93203,391206,348,4;[54256, 1088, 0.8853528477109496, 1.074540508695602, 543.0232175486182, 0.8943895225076689, 0.996940603610639]
00236683,93203,391206,348,5;[55439.719999999994, 986, 0.8787954545685046, 1.0904494841415546, 435.6866649196918, 0.8895019258773622, 0.9990135952309473]
00236683,93203,391206,348,6;[53029.96000000001, 1004, 0.8752041450925833, 1.1549806897710804, 523.3755346154549, 0.9085616810026557, 0.9948724538970636]
00236683,93203,391206,348,7;[50116.68, 902, 0.8882899385754764, 1.1653995297789257, 503.6928382302954, 0.8873180628328166, 0.9956382315840666]
00236683,93203,391206,350,4;[51891, 1126, 0.8847759100080066, 1.1284918754883855, 239.26920912499105, 0.9310482161206578, 0.9874031929670999]
00236683,93203,391206,350,5;[53427.43, 1068, 0.8761904327473313, 1.2752535444268787, 415.81628433893343, 0.9106632034558059, 0.9898473240368186]
00236683,93203,391206,350,6;[53723.18000000001, 968, 0.8851972905436899, 1.1926498731572275, 540.618621432369, 0.8791854576013558, 0.9861931946784699]
00236683,93203,391206,350,7;[49749.48, 890, 0.8839521547037728, 1.1228375248515745, 296.5379727362551, 0.8912789826519816, 0.9939323541548855]
00236683,93203,391206,351,4;[53017, 1106, 0.8911445126943249, 1.23133518941443, 296.4491511493588, 0.9301325926923519, 0.9924095652580841]
00236683,93203,391206,351,5;[54875.659999999996, 1080, 0.8769006163309137, 1.179881152654122, 482.2721789455403, 0.9130123344963348, 0.9918375686923978]
00236683,93203,391206,351,6;[53831.41, 950, 0.8780273349075945, 1.125443336214476, 599.320406964407, 0.8756456183821748, 0.9946461795491652]
00236683,93203,391206,352,7;[47965.5, 828, 0.8819754633892878, 1.1073849397262625, 202.21514009657832, 0.9045959445803953, 0.995838759886916]
00236683,93220,391265,336,4;[53215, 1098, 0.8763063496047365, 1.1391994134856436, 349.144132807547, 0.9268970654083277, 0.9936328329225483]
00236683,93220,391265,336,5;[52300.5, 1040, 0.8883793453226698, 1.1588999681159402, 278.8441680444886, 0.9295274100544008, 0.9908579544814059]
00236683,93220,391265,336,6;[51311.98, 956, 0.8872275809985876, 1.1977528449938752, 226.56803874338215, 0.9286752514515635, 0.9864103239399526]
00236683,93220,391265,336,7;[49184.91, 880, 0.8823606478630748, 1.1066869112422093, 246.01899892276666, 0.9065194010286566, 0.9970380708691944]
00236683,93220,391265,337,4;[51284, 1112, 0.8792958679535733, 1.135395028513278, 208.51180884773677, 0.9312518226116953, 0.9783195505575109]
00236683,93220,391265,337,5;[51751.909999999996, 1018, 0.8795412029027372, 1.2159118679407275, 236.16293279109476, 0.9295342545904172, 0.9933871649325582]
00236683,93220,391265,337,6;[53231.350000000006, 912, 0.8896849003351999, 1.1858284079749826, 614.1763646798645, 0.8767342939139359, 0.9984581780804317]
00236683,93220,391265,337,7;[48049.65, 844, 0.8889535155850133, 1.0918587906435444, 209.1498399003557, 0.9311254380891433, 1.0008764241893076]
00236683,93222,391274,426,4;[57338, 1170, 0.886854668230566, 1.1854768770449802, 450.37473106748973, 0.9411922447477721, 0.9481508429312012]
00236683,93222,391274,426,5;[51654.329999999994, 968, 0.8822020112693015, 1.1571810862662657, 208.92261698253648, 0.9437407397240375, 0.9975410212805075]
00236683,93222,391274,426,6;[53103.94, 1016, 0.8748037616346733, 1.1684908908828457, 450.9741968531228, 0.9188361563374632, 0.9931462099181388]
00236683,93222,391274,426,7;[48758.04, 888, 0.8859395500693478, 1.2070252924367457, 319.6890925046437, 0.9233336288527946, 0.9914444824689668]
00236683,93222,391274,428,4;[58149, 1174, 0.8848685865961714, 1.2053997740224873, 420.89703266550043, 0.9410564679058678, 0.9572245771430923]
00236683,93222,391274,428,5;[52686.06, 1010, 0.8883825211121258, 1.203523552557576, 252.61544863457726, 0.9319205768143303, 0.9965449327556131]
00236683,93222,391274,428,6;[51548.990000000005, 936, 0.8764851434119169, 1.1642280535472393, 227.7871519363942, 0.919940861886701, 0.991279835607777]
00236683,93222,391274,428,7;[50306.4, 828, 0.8845258922856971, 1.0654625847062194, 433.07337225036747, 0.8832715233592696, 1.0014162364658048]
00236683,93260,391459,217,4;[53665, 1108, 0.8830165008314165, 1.1568747573753988, 560.9006706415589, 0.9049777943778147, 0.9922803124855545]
00236683,93260,391459,217,5;[51668.61, 1004, 0.8843871647426503, 1.2014108854212842, 232.24784617026646, 0.9403222821256002, 0.9937744615595889]
00236683,93260,391459,217,6;[50876.32000000001, 934, 0.8853029941465531, 1.1258004582934167, 227.35034790445613, 0.9344684887768305, 0.9943103471357618]
00236683,93260,391459,217,7;[50001.93, 856, 0.8983182431979138, 1.146780627596113, 658.4222844330483, 0.890841991832416, 0.9972688851253414]
00236683,93260,391459,218,4;[53342, 1128, 0.8819792317494807, 1.102433082344417, 478.9532602383751, 0.8868150826591494, 0.9829546501557116]
00236683,93260,391459,218,5;[53589.27, 1062, 0.8631423234894012, 1.1858923395628806, 387.827696471499, 0.8814800273743318, 0.9933165696135522]
00236683,93260,391459,218,6;[53253.270000000004, 906, 0.8834904157608308, 1.0996469823892665, 609.3968971852356, 0.8791265089134787, 1.001636281646589]
00236683,93260,391459,218,7;[47910.42, 854, 0.8853658361856086, 1.1426721731563114, 264.8643470650496, 0.9210327595876833, 0.9945214615787719]
00236683,93314,391804,1,4;[52647, 1060, 0.8948910356227433, 1.1324701972275442, 554.3223901414366, 0.8984986258899959, 0.9994969007185777]
00236683,93314,391804,1,5;[51775.71, 1044, 0.8764316272593112, 1.2391106086898693, 296.50920326848143, 0.9324303506693311, 0.9932654552095699]
00236683,93314,391804,1,6;[51740.79, 978, 0.8757387411673722, 1.1638873992941536, 570.2390600899009, 0.9173671892795292, 0.9911037631868997]
00236683,93314,391804,1,7;[48164.4, 840, 0.8895853416071748, 1.1947312662262433, 768.4728542441595, 0.8954328647149865, 0.9965178854067743]
00236683,93314,391804,2,4;[51977, 1184, 0.8866878884399527, 1.2572918075100872, 409.7512100340109, 0.9266140798727707, 0.9903116098732031]
00236683,93314,391804,2,6;[51187.310000000005, 904, 0.8757376093351815, 1.108246409180102, 281.47941665348213, 0.9007051103275707, 0.9996789297658862]
00236683,93314,391804,2,7;[48895.74, 918, 0.8806668559652951, 1.134164452544483, 495.0704192484552, 0.9198112615202162, 0.9985626796650419]
00236683,93314,391804,3,5;[53256.07, 1040, 0.876357870939685, 1.204689762393494, 540.2553489116442, 0.8998972922869244, 0.99148158404874]
00236683,93331,391886,297,4;[51876, 1178, 0.8844671025734807, 1.3046130879712536, 426.76966347584744, 0.9403120147329657, 0.9911348872755064]
00236683,93331,391886,297,5;[52404.03, 1020, 0.869901393624247, 1.1218932353030335, 426.13995333547257, 0.8825101242879042, 0.9975987132727726]
00236683,93331,391886,297,6;[51433.91, 956, 0.8834011774981179, 1.1505403638827827, 320.0936060864985, 0.9075473787259105, 0.99317478373588]
00236683,93331,391886,297,7;[48834.54, 916, 0.8759147574521244, 1.1330110090332117, 544.0025446573025, 0.920845549706956, 0.9945935839708334]
00236683,93341,391961,155,4;[52219, 1130, 0.8830840029174529, 1.0944282669068668, 305.9317127110463, 0.9104757759499544, 0.9901964502427184]
00236683,93341,391961,155,5;[53058.53, 986, 0.8776422228310168, 1.1126786903844337, 572.5503558877115, 0.8887730118947625, 0.9951122617506584]
00236683,93341,391961,155,6;[52317.560000000005, 944, 0.8880754911048747, 1.1325530189364938, 571.7169604046203, 0.8862491572080464, 0.9941296679552761]
00236683,93341,391961,155,7;[47579.94, 856, 0.8877516593283715, 1.1352454188535255, 247.54762138590198, 0.925214105531204, 0.9946903787103377]
00521701,93026,390258,236,4;[53955, 1072, 0.8245541952116149, 1.5121532370693138, 400.95734283302914, 0.9486510272421541, 0.9956817804351437]
00521701,93026,390258,236,5;[53792.759999999995, 1052, 0.8284257949363374, 1.4006956752105422, 834.8114875203339, 0.7771997101236968, 0.9881195693753757]
00521701,93026,390258,236,6;[53493.020000000004, 984, 0.8442290681692469, 1.3255574756918307, 613.227539255102, 0.7662717978676358, 0.9906129490562208]
00521701,93026,390258,237,7;[48728.97, 866, 0.8341922343136186, 1.6558367953227284, 877.3647725395533, 0.9318433099147863, 0.9878875292730966]
00521701,93122,390796,1603,5;[52546.829999999994, 1052, 0.8336818578413309, 1.342305653000687, 537.6418405923488, 0.7963770088988752, 0.9916792993094156]
00521701,93122,390796,1603,6;[52117.54, 962, 0.8461016427642302, 1.429058041392531, 554.279030859491, 0.7957384980584047, 0.9909093277070147]
00521701,93122,390796,1603,7;[48938.58, 860, 0.8233549671738932, 1.5620097199636283, 648.6992052021026, 0.9404778466055015, 0.9904012880852118]
00521701,93122,390796,1604,4;[53445, 1166, 0.8270060917211137, 1.3972242658053746, 769.8237268377036, 0.8693827530699217, 0.9872723242324601]
00521701,93139,390917,48,4;[52810, 1134, 0.860590400388816, 1.4257921408885696, 495.25119857953905, 0.7856375771337661, 0.984012819557278]
00521701,93139,390917,48,5;[53083.52, 1050, 0.842462410225307, 1.362439232035793, 501.7330486050698, 0.7863837518773227, 0.9852351661457931]
00521701,93139,390917,48,6;[52036.71000000001, 968, 0.8399141535144268, 1.4069994934564596, 372.7264260488348, 0.9452025229095787, 0.9719293756397134]
00521701,93139,390917,48,7;[50955.12, 836, 0.8345951871392052, 1.5517016068322378, 917.477751252295, 0.8296861610719414, 0.9970212702261739]
00521701,93141,390932,199,5;[53589.27, 1054, 0.834503911458803, 1.3280193341540056, 519.1073754661413, 0.7986531726288342, 0.9914358680815464]
00521701,93141,390932,199,6;[53123.12, 926, 0.7984896512432177, 1.3316125829662568, 312.60654366706933, 0.9494161858354992, 0.9894108341200786]
00521701,93141,390932,199,7;[49015.08, 862, 0.8180627478820595, 1.6892819994461168, 527.2594350646324, 0.9408950184031963, 0.993934505064921]
00521701,93141,390932,200,4;[52788, 1100, 0.8474049235878218, 1.4308887046858592, 287.4963400326995, 0.9561011477617625, 0.9766151113742322]
