02305003,93025,390245,130,1;[22070, 672, 0.9452274057297441, 0.978958014443961, 69.0318578529947, 0.9920338040164324, 0.9885778275475924]
02305003,93025,390245,130,2;[27855.52, 668, 0.9592677354566429, 0.9825794465192245, 91.43445252018316, 0.9853261486281966, 0.999124997332309]
02305003,93025,390245,130,3;[33933.530000000006, 680, 0.9773427456664597, 0.9999179775168928, 120.06014943263327, 0.9849784547504778, 9999]
02305003,93025,390247,132,1;[38669, 862, 0.9243501315571846, 1.0008968455040292, 57.957601550248, 0.984103313792525, 1841.3809523809523]
02305003,93025,390247,132,2;[37966.95, 786, 0.9454537729756558, 0.9782989195885687, 103.21622147045925, 0.9779635868493965, 9999]
02305003,93025,390247,132,3;[31101.74, 648, 0.9508469331173864, 0.9424309464881827, 119.03420616882161, 0.9855561521459878, 9999]
02305003,93026,390253,239,1;[28820, 726, 0.9270337085344724, 0.9657332963374181, 57.40622249604894, 0.9918148311292169, 1.003289759969365]
02305003,93026,390253,239,3;[18057.97, 520, 0.9868742246057423, 1.0004811187811862, 98.21629422961875, 0.9902282322670277, 9999]
02305003,93026,390253,240,2;[38063.34, 778, 0.9541999365535484, 0.9713597057294993, 106.3524566052815, 0.9752613735596738, 9999]
02305003,93026,390253,241,1;[31683, 768, 0.932540235731564, 0.9677033644943772, 51.69999033916326, 0.9926571050273905, 1.0050756590426038]
02305003,93026,390253,241,2;[28476.699999999997, 668, 0.9476910139321955, 0.980466739778547, 83.31498222068139, 0.9881992398853037, 1.003459482126009]
02305003,93026,390253,241,3;[17475.72, 532, 0.9202243736430314, 0.9027982495066935, 107.52157111674698, 0.9825050711908134, 9999]
02305003,93026,390257,243,1;[19221, 630, 0.9823034779830968, 1.0221622107706958, 112.59569386259446, 0.9918202192449759, 0.9809385286687591]
02305003,93026,390257,243,2;[24293.85, 608, 0.9648570957267846, 0.9758147457436268, 143.4363406431887, 0.9832606143318452, 5832.857142857143]
02305003,93026,390257,243,3;[17362.010000000002, 526, 0.9860759979461708, 1.0006351890282685, 99.8338233933446, 0.9903267246583352, 9999]
02305003,93028,390275,376,1;[36083, 814, 0.931196476275361, 0.9534763227097937, 66.36776083008797, 0.9880942067233908, 9999]
02305003,93028,390275,376,2;[29257.34, 684, 0.9654419691077569, 0.9836366138617558, 140.5113504598924, 0.9841124488040921, 1.001547987616099]
02305003,93028,390275,376,3;[33164.96, 668, 0.9590486378024864, 0.9441507504110588, 135.42727400194528, 0.9849982639097207, 9999]
02305003,93032,390301,27,1;[39594, 868, 0.9197705128440691, 0.9702318158417105, 75.32034113105009, 0.9827010503526735, 1.0042229408407837]
02305003,93032,390301,27,2;[18267.69, 554, 0.9780135104957286, 1.0109585217828465, 129.28632998022454, 0.9874189455857215, 1.001206587314528]
02305003,93032,390301,27,3;[15983.79, 512, 0.9331079227324766, 0.9230099882142668, 153.9900413681917, 0.9773856833797823, 1.0121014964216004]
02305003,93032,390301,28,1;[17531, 612, 0.9479522775020971, 1.0157307040515535, 81.92336893776881, 0.9929937809087144, 0.960313330229246]
02305003,93032,390301,28,2;[38166.869999999995, 774, 0.9768167289134363, 1.0228983851325644, 127.37951803644735, 0.9859374524192464, 1.0067012978860308]
02305003,93032,390301,28,3;[37818.850000000006, 726, 0.9469921483759758, 0.9611863322071326, 82.99654155053122, 0.9824968988730147, 9999]
02305003,93032,390302,29,1;[27067, 698, 0.9442743825270037, 0.96267322264235, 55.07021598367617, 0.9931432388815614, 1.0066759646675965]
02305003,93032,390302,29,2;[27637.75, 658, 0.9458096914471672, 0.9754701983497365, 117.48538107451395, 0.9853272458531107, 1720.3703703703704]
02305003,93032,390302,29,3;[34039.020000000004, 684, 0.9164135176089406, 0.9070172060605332, 125.4987968371888, 0.9855927734452485, 9999]
02305003,93032,390307,25,1;[39280, 864, 0.9313875283888889, 0.9628305395859923, 71.9889699075949, 0.9849308017140632, 1785.4545454545455]
02305003,93032,390307,25,2;[32946.34, 722, 0.9697914719532069, 1.0010891002922733, 101.31107517564107, 0.989905667087635, 1.0014106412992367]
02305003,93032,390307,25,3;[38140.8, 726, 0.9449092387648766, 0.9508546552928039, 145.5473948577401, 0.9693765461435788, 55680.0]
02305003,93032,390307,26,1;[33415, 800, 0.9337683313881238, 0.9641419174912503, 51.043624626956415, 0.9918728168237886, 1.002881238932741]
02305003,93032,390307,26,2;[20676.25, 582, 0.9517465818606623, 0.9776308261690759, 105.68203857653474, 0.9895098939620209, 1.0008352294000749]
02305003,93032,390307,26,3;[18029.2, 518, 0.9806351645276156, 0.8282353030413576, 126.58073218409709, 0.9882794682839464, 0.9958003859104839]
02305003,93049,390354,807,1;[20617, 638, 0.9695411726437604, 0.9877086376176714, 94.64836173849052, 0.991609000951907, 0.971881113441912]
02305003,93049,390354,807,2;[28918.19, 666, 0.9614641303084777, 0.972442983238013, 163.85612891515183, 0.9801084658719419, 1.0031165507419868]
02305003,93049,390354,807,3;[18384.030000000002, 510, 0.9782784799142691, 0.9935324272393897, 141.10687743718205, 0.9862919480868934, 0.9901859504132231]
02305003,93052,390372,966,1;[39402, 860, 0.9225442261432889, 0.9652088579309459, 65.88540007350262, 0.9840421832440531, 1.0075434065512567]
02305003,93052,390372,966,2;[23723.84, 606, 0.9590651260604499, 0.973203013648912, 107.69856326725572, 0.9871559818616181, 1.0025647472969574]
02305003,93052,390372,967,3;[15709.79, 510, 0.972602275449927, 0.9422150881229816, 163.74101846764387, 0.9701150325268628, 1.0132543960413538]
02305003,93052,390372,968,1;[22799, 652, 0.9327529818239946, 0.9795625091476062, 67.11018065247333, 0.9917132971975758, 1.0034550295988205]
02305003,93052,390372,968,2;[28470.75, 660, 0.9711253557977659, 0.8996016162046856, 182.8183583465888, 0.9791528202512724, 1.0034181223394216]
02305003,93052,390372,968,3;[28654.920000000002, 634, 0.9812425940678415, 1.0030319905301162, 105.52815349319393, 0.9878763311296814, 9999]
02305003,93056,390386,537,1;[29042, 734, 0.9493447375683612, 0.9892261090581018, 108.42060807821882, 0.9889506398819197, 1.002381527629172]
02305003,93056,390386,537,2;[37175.6, 766, 0.94457862630498, 0.9954045017972598, 116.00013142260863, 0.9853037213367202, 9999]
02305003,93056,390386,537,3;[30775.680000000004, 648, 0.9813013337320726, 1.0014572060695033, 112.04661966882557, 0.9862288251159819, 9999]
02305003,93063,390412,1142,1;[29600, 736, 0.9512293085053702, 0.9737263636554959, 103.67575275393241, 0.9892550386764941, 1.0056055715984373]
02305003,93063,390412,1142,2;[29923.739999999998, 684, 0.974200062528637, 0.978815280640321, 115.44398980497068, 0.9858714353518996, 9999]
02305003,93063,390412,1142,3;[33285.520000000004, 674, 0.9173090178018559, 0.9094550824522643, 102.34430520096436, 0.9892302670165746, 9999]
02305003,93064,390415,1217,1;[34685, 800, 0.9458673725904012, 0.9594137551204789, 62.59254525193369, 0.9899004330523324, 856.4197530864197]
02305003,93064,390415,1217,2;[26492.969999999998, 630, 0.9669793332550972, 0.9806019403515437, 128.7939395660847, 0.9843117223098338, 1.001507006455386]
02305003,93064,390415,1217,3;[34935.0, 690, 0.95488498562353, 0.9526523380089613, 112.42200634900043, 0.9857334640468849, 9999]
02305003,93064,390416,1220,1;[38699, 848, 0.92979387076807, 0.9666014933576329, 85.17895675494789, 0.9866003035151216, 9999]
02305003,93064,390416,1220,2;[22900.36, 594, 0.9626238745893219, 0.978565909003187, 105.81329610080978, 0.9878634453639965, 0.998106895568061]
02305003,93064,390416,1220,3;[38636.740000000005, 734, 0.9422890901930521, 0.9509260070181644, 92.46698830878252, 0.9837560908145773, 1.0061542303644375]
02305003,93064,390416,1221,1;[28671, 726, 0.9527553246032462, 0.9860116542744286, 102.43421597497291, 0.989724516611393, 1.0032015955492573]
02305003,93064,390416,1221,2;[36616.299999999996, 764, 0.952686124650717, 0.9915971986029711, 92.57403192424862, 0.9856231503933001, 9999]
02305003,93064,390416,1221,3;[37250.3, 722, 0.9577742421263394, 0.9480824636067441, 126.90773166770535, 0.9736568239126875, 9999]
02305003,93064,390416,1222,1;[39422, 864, 0.9111758367637087, 0.9714332786391758, 68.2598004717769, 0.9844234087692828, 1.004612522616651]
02305003,93064,390416,1222,2;[38297.77, 784, 0.9551156323578558, 0.9771995376123006, 118.90647626931683, 0.9780772070595708, 1.0034296760515076]
02305003,93064,390416,1222,3;[31523.7, 650, 0.9668393747473142, 0.9229074880991969, 114.52645265485202, 0.9849760335614111, 1.0025488530161428]
02305003,93064,390418,1216,1;[39068, 856, 0.9303454617388233, 0.959766409093766, 69.96535539787212, 0.9848955759824621, 1.0071927608342572]
02305003,93064,390418,1216,2;[37655.17, 778, 0.9378897343112499, 0.9745223534611512, 106.87802921665954, 0.9777516742257325, 1.006072745771334]
02305003,93064,390418,1216,3;[18373.07, 516, 0.9872162081800829, 0.9974130575402675, 137.23162458916602, 0.985860116699415, 9999]
02305003,93064,390421,1218,1;[37797, 836, 0.9359923522105077, 0.9766113260308902, 88.51256180082213, 0.9841238022846326, 1.0064170838214932]
02305003,93064,390421,1218,3;[38246.29, 732, 0.946353387950551, 0.9511496458794872, 106.62286472335437, 0.9665913626329254, 9999]
02305003,93064,390421,1219,2;[37298.17, 774, 0.9430460274947744, 0.9747161801447622, 122.42804882731119, 0.977061460248848, 9999]
02305003,93076,390501,536,1;[33889, 798, 0.9351689496272405, 0.9662231276554055, 54.41808183181989, 0.99236194665083, 9999]
02305003,93076,390501,536,2;[36200.99, 758, 0.9614151936372362, 0.9740746949542789, 145.61872202278204, 0.9799730624097152, 9999]
02305003,93076,390501,536,3;[29616.660000000003, 642, 0.9698490012645142, 0.9574903347536854, 106.3855345753125, 0.9855781226312471, 3603.0]
02305003,93076,390501,537,1;[38565, 850, 0.9268031507315616, 0.9642574510939558, 61.1681761262635, 0.9877945269178741, 0.9952771755961598]
02305003,93076,390501,537,2;[27398.559999999998, 658, 0.9461295585863753, 0.9865325697810418, 98.56345042175008, 0.9888714328828402, 9999]
02305003,93076,390501,538,3;[39114.87, 738, 0.9447306852914629, 0.9563874842763662, 105.64268400047287, 0.9843330361660834, 9999]
02305003,93078,390512,19,1;[39568, 870, 0.920410701895683, 0.9873230165702344, 65.03806826662492, 0.9828161646219835, 1.0046847029847525]
02305003,93078,390512,19,2;[22824.2, 604, 0.960062500624491, 0.9781188737310408, 115.23498017910426, 0.9868414193225659, 0.9961825122704963]
02305003,93078,390512,19,3;[23784.570000000003, 566, 0.9684404025968534, 0.8288318439868912, 134.67550758417676, 0.9855183378104295, 8680.5]
02305003,93096,390621,916,1;[39551, 866, 0.9318674048919143, 0.9676647204403079, 72.54359552831191, 0.9845160849809679, 9999]
02305003,93096,390621,916,2;[31135.16, 698, 0.9648735823182483, 0.9770171401300527, 174.722611156528, 0.977063320488187, 1.0042798195950484]
02305003,93096,390621,917,3;[39324.48, 740, 0.9415743230021547, 0.9462804765303833, 114.87694701284296, 0.9804421012293315, 7176.0]
02305003,93097,390625,1058,1;[27973, 730, 0.934115090936647, 0.9689776348039288, 58.03505118694358, 0.9917053745523234, 0.9898618163803323]
02305003,93097,390625,1058,2;[37538.549999999996, 774, 0.940521731391244, 0.9641019192747429, 87.4756455541278, 0.9830962326374366, 9999]
02305003,93097,390625,1058,3;[38716.200000000004, 730, 0.9470216785182041, 0.9602632916773974, 137.90040449329086, 0.9795645813621954, 9999]
02305003,93097,390625,1059,1;[24253, 694, 0.9446103121583102, 0.9711861980065472, 114.63149656193058, 0.9895539294692379, 0.9680483764743449]
02305003,93097,390625,1059,2;[37569.49, 774, 0.9456982214638102, 0.9751896388415667, 130.49841871847227, 0.9830890473593613, 9999]
02305003,93097,390625,1059,3;[32453.930000000004, 662, 0.9494866246427609, 0.9569275720603378, 101.27135471088914, 0.9849398962054797, 9999]
02305003,93099,390644,1256,1;[39148, 868, 0.9331971429330119, 0.9700385893938548, 64.30387017529384, 0.9815914620653111, 9999]
02305003,93099,390644,1256,2;[37022.09, 764, 0.9552996583121657, 0.9737786911701817, 136.5647934249341, 0.9766477157592295, 9999]
02305003,93099,390644,1256,3;[38864.16, 738, 0.9749425673235452, 1.010145613373957, 129.4383833644652, 0.9813081185762825, 1.0034843205574913]
02305003,93099,390645,1257,1;[38283, 846, 0.9341903401821317, 0.9606635399743532, 67.94094274786832, 0.987863768864947, 1.00571383536273]
02305003,93099,390645,1257,2;[38642.869999999995, 790, 0.9417941868411063, 0.9803392388256167, 84.48438984150735, 0.9825988033716194, 1.0022994891738815]
02305003,93099,390645,1257,3;[38847.72, 730, 0.9040002262513602, 0.9018108391785087, 125.75587810160036, 0.9780428401875757, 2700.5714285714284]
02305003,93099,390645,1258,1;[24311, 694, 0.9308525164131682, 0.9675103182233874, 64.6166147612506, 0.9930032308480674, 9999]
02305003,93099,390645,1258,2;[33964.979999999996, 724, 0.9597875048480855, 0.98059042740688, 122.63241130460709, 0.9803743450398781, 1.0025641926305806]
02305003,93099,390645,1258,3;[17664.780000000002, 518, 0.9825048440400752, 1.0001924563725335, 128.72623656852682, 0.9885421674144131, 9999]
02305003,93101,390661,1365,1;[39468, 862, 0.9298159126294478, 0.9646281427532516, 67.16223422605103, 0.9847689944974378, 1.002654743607657]
02305003,93101,390661,1365,2;[18461.66, 550, 0.9614285959926379, 0.9742665359809753, 211.32733404887483, 0.9808180067686909, 0.9984232712295267]
02305003,93101,390661,1365,3;[30009.850000000002, 648, 0.9716573392386809, 0.9501411753649153, 118.73217777173889, 0.9841613654000553, 9999]
02305003,93113,390732,1944,1;[38275, 848, 0.9157590331172634, 1.0127584061216008, 67.34719435749066, 0.9812044655814913, 1.0043163957439551]
02305003,93113,390732,1944,2;[34819.4, 748, 0.9486646456897224, 0.9833058065463207, 81.52670791254958, 0.9862674215710465, 1.0036702912221727]
02305003,93113,390732,1944,3;[39171.04, 742, 0.9398795116123057, 0.9452191205412085, 139.16589139515742, 0.9598724465563558, 1.0017518043584892]
02305003,93113,390732,1946,1;[16841, 662, 0.9198413521828265, 0.9930858136367497, 85.62444270581513, 0.9877267318020334, 0.8966325036603221]
02305003,93113,390732,1946,2;[36487.78, 762, 0.9511439001923359, 0.9709264866238166, 128.24284962653675, 0.9786921762920837, 9999]
02305003,93113,390732,1946,3;[38465.490000000005, 736, 0.9444540455645526, 0.9475364079909323, 107.86933294315496, 0.973776930742077, 9999]
02305003,93114,390740,1998,1;[34712, 796, 0.9300953843835363, 0.9693841123005836, 63.33854127555547, 0.9887956873571724, 1.0013269485951652]
02305003,93114,390740,1998,2;[38500.07, 784, 0.971095788413453, 1.0063589876616328, 144.1409347749757, 0.9824385596770041, 9999]
02305003,93114,390740,1998,3;[18020.980000000003, 512, 0.9744119599042029, 0.994772810260455, 117.63025413188967, 0.9889970390477937, 0.9742260405865798]
02305003,93114,390741,2000,1;[38691, 860, 0.9257021863612727, 0.9718836909988402, 56.58012079409246, 0.9785945842449583, 9999]
02305003,93114,390741,2000,2;[38979.64, 788, 0.9525586591380845, 0.976683194203772, 144.83482716055403, 0.9735398558464669, 9999]
02305003,93114,390741,2000,3;[38040.79, 726, 0.9402764218694293, 0.9524080445332936, 76.75784637193475, 0.9851305042045109, 1.0027264684108843]
02305003,93118,390770,194,1;[33287, 784, 0.9370467066063778, 0.9644019642301854, 58.64662351943691, 0.9911593072979757, 0.9897860572991778]
02305003,93118,390770,194,2;[38647.63, 786, 0.9328339783991486, 0.9838876038149187, 107.38479982932064, 0.9807208575440168, 9999]
02305003,93118,390770,194,3;[33723.920000000006, 668, 0.9493242296781916, 0.9482789877842625, 119.70561780939532, 0.9828379168905248, 3516.5714285714284]
02305003,93119,390778,277,1;[39337, 870, 0.9306303122100171, 0.9694378458441094, 70.32345382100941, 0.9817697865675736, 9999]
02305003,93119,390778,277,2;[30367.609999999997, 674, 0.9443502688482114, 0.9983526338749322, 109.44133683987717, 0.9883633579135017, 1.0040920716112531]
02305003,93119,390778,277,3;[39368.32, 742, 0.9363125118471195, 0.943021000794674, 104.25015474134172, 0.9806711965566348, 9999]
02305003,93122,390795,1612,2;[18466.42, 550, 0.9880986252968708, 1.012548566189796, 163.88115415533, 0.9832285831125213, 1.0033946526138826]
02305003,93122,390795,1612,3;[29744.070000000003, 644, 0.916209190258843, 0.9078763110065328, 116.70564049543374, 0.9848027247260075, 9999]
02305003,93122,390795,1613,1;[39099, 860, 0.9237276505075936, 0.9698277357166252, 65.66697598326918, 0.9783598416673123, 9999]
02305003,93124,390810,1793,1;[37607, 826, 0.9417061162613922, 0.9737739352459601, 93.54843294274335, 0.9833863240874557, 1.0056826538662103]
02305003,93124,390810,1793,2;[22352.96, 600, 0.9558651477509844, 0.9649642362312116, 187.96051512660273, 0.9774729482557872, 0.9968953164389014]
02305003,93124,390810,1793,3;[38702.5, 734, 0.9566083844610228, 0.9578795382891271, 106.21685546582015, 0.9771697755809641, 9999]
02305003,93125,390819,1863,1;[28699, 730, 0.9443002960987509, 1.0053137737523616, 118.23868642474608, 0.9897099783989751, 0.9991470398802375]
02305003,93125,390819,1863,2;[27045.129999999997, 654, 0.9530605548366459, 0.9695668123038343, 151.17498713905215, 0.9799120010663429, 1.0022932745314224]
02305003,93125,390819,1863,3;[30868.840000000004, 646, 0.9631286865096277, 0.95177148842937, 126.48851007360832, 0.9855846981189258, 1.0031833663542664]
02305003,93125,390819,1865,1;[37085, 832, 0.9343337637809098, 0.9843599974474643, 93.5112882902895, 0.9850066155571112, 9999]
02305003,93125,390819,1865,2;[23478.7, 606, 0.8911813527272274, 0.9005597743189575, 213.90909029445828, 0.9776407442317522, 1.0044034922493446]
02305003,93125,390819,1865,3;[38284.65, 720, 0.9489371256433393, 0.9555186388499618, 150.16156898483302, 0.975205871461648, 1.0041683136296669]
02305003,93126,390822,1908,1;[33184, 778, 0.9523118363774989, 0.980451105969466, 103.1185353783027, 0.9864803125067638, 1.0053929588559656]
02305003,93126,390822,1908,2;[38477.46, 786, 0.9454670549733429, 0.9734312479692464, 152.30180326322488, 0.9644984667132414, 1.0054417114960041]
02305003,93126,390822,1908,3;[35141.87, 684, 0.9466261947099199, 0.9560207326123726, 138.93349850181477, 0.9770140660798989, 1.0030697037833611]
02305003,93133,390878,735,1;[37935, 840, 0.9365665811296474, 0.9768919766655535, 95.22197707645991, 0.9868236616344213, 1.0018619023095512]
02305003,93133,390878,735,3;[38825.8, 730, 0.9487963322193932, 0.9579023136432527, 92.48222916082702, 0.9822772860366767, 9999]
02305003,93133,390878,736,2;[38621.45, 790, 0.8704208263506187, 0.8989302807260939, 123.80720863248561, 0.9854438890623686, 1.0034628822310856]
02305003,93136,390893,914,1;[29979, 756, 0.9387367386549031, 0.9558344474613909, 59.81617294036115, 0.991818348541332, 9999]
02305003,93136,390893,914,2;[37959.81, 772, 0.9528715045505272, 0.9756225202910588, 163.44328077180973, 0.970412259124185, 1.0086321381142098]
02305003,93136,390893,914,3;[38846.350000000006, 732, 0.9423426757499346, 0.9488050540491123, 139.99968291186227, 0.9775290185747126, 9999]
02305003,93136,390893,915,1;[18985, 718, 0.9475237473058328, 0.9935535732057693, 122.406633343155, 0.9904776771657419, 0.7947338677606379]
02305003,93136,390893,915,2;[38239.46, 780, 0.9510371763269335, 0.9859386212654571, 142.92092038213147, 0.9809695045335384, 9999]
02305003,93136,390893,915,3;[17648.34, 530, 0.9387851292235941, 0.9541070188676952, 158.04624890964382, 0.9767015898010027, 1.0080995421997887]
02305003,93136,390893,916,1;[32196, 778, 0.9461062787551341, 0.994925010744027, 118.19528195116642, 0.9888534619740992, 0.991057824019208]
02305003,93136,390893,916,2;[29213.309999999998, 666, 0.9735810040611933, 1.017285679584151, 158.60562435791815, 0.981733094545794, 9999]
02305003,93136,390893,916,3;[39535.46000000001, 746, 0.9434708976648792, 0.9565474470565051, 125.86599100994997, 0.9669533992230553, 9999]
02305003,93136,390893,917,1;[27609, 734, 0.9464777161357848, 0.9687014414240946, 60.12236819170437, 0.9917796262448133, 9999]
02305003,93136,390893,917,2;[16117.359999999999, 554, 0.9547831405567091, 0.9707992039843727, 167.3523697173556, 0.976074954321347, 0.9672558471701482]
02305003,93136,390893,917,3;[35666.58, 706, 0.9767223047073667, 1.0061750809580228, 120.42021972372238, 0.985277627256223, 9999]
02305003,93136,390897,913,1;[39776, 874, 0.9168812381058609, 1.0041116276127138, 67.50426815463274, 0.9812742897775847, 1.0033422881430751]
02305003,93136,390897,913,2;[39247.39, 796, 0.9438961596782989, 0.9698959242310872, 140.1054325595017, 0.9677974142786017, 9999]
02305003,93136,390897,913,3;[17947.0, 512, 0.9795328412410989, 0.9979155933659555, 168.13065178423585, 0.9817648998720754, 0.9753555208100663]
02305003,93138,390912,1150,1;[24876, 728, 0.9386802851181272, 0.9695551640343699, 69.35034332775302, 0.9916787467625814, 0.9057675502475968]
02305003,93138,390912,1150,2;[37239.86, 768, 0.9398968459818935, 0.9642652794476309, 106.6190333718853, 0.9815424686267777, 1.0074202842564424]
02305003,93138,390912,1150,3;[35950.170000000006, 694, 0.951747432717361, 0.955200219815359, 122.85110085203601, 0.9821221299679836, 9999]
02305003,93140,390928,135,1;[39982, 872, 0.9287256003575469, 0.9700193314738756, 56.07269483873741, 0.9828172846422405, 1.0048253329982408]
02305003,93140,390928,135,2;[34430.27, 730, 0.9460413895485164, 0.9830199381808011, 119.24863134344855, 0.9862560916358547, 9999]
02305003,93140,390928,135,3;[28108.29, 620, 0.9529942484948374, 0.9479153627161954, 127.6545210102172, 0.9852515452121737, 9999]
02305003,93140,390930,136,1;[34634, 800, 0.9359390203036642, 1.010220943428338, 89.84368316462943, 0.9885952607288099, 1.004845214262918]
02305003,93140,390930,136,2;[30444.96, 684, 0.9558191526320096, 0.9699956297425626, 98.84061569021772, 0.9872018779389851, 1.0009389671361502]
02305003,93140,390930,136,3;[38716.200000000004, 736, 0.9401470356875302, 0.9489869395028393, 124.31525354556342, 0.9731289952137521, 9999]
02305003,93141,390935,215,1;[29261, 734, 0.9709437994403377, 0.9940034582033095, 106.02498331093209, 0.9901471831464311, 0.9995388478026952]
02305003,93141,390935,215,2;[30049.879999999997, 680, 0.9622812296780312, 0.9659387075812995, 169.1287286158104, 0.9797874377278946, 9999]
02305003,93141,390935,215,3;[26354.690000000002, 596, 0.9680542463643851, 0.9338547343523181, 132.2021902453913, 0.984335921775974, 9999]
02305003,93147,390950,293,1;[37511, 840, 0.9281275433236884, 0.9917822542121943, 63.85792236961153, 0.9877442388767356, 1.0039745734359318]
02305003,93147,390950,293,2;[34000.68, 730, 0.948866813147847, 0.9688997809312975, 97.52248907588863, 0.9817056349920494, 1.0010861567569462]
02305003,93147,390950,293,3;[38375.07, 732, 0.9445905874120922, 0.9581816390017338, 118.60856612406425, 0.9808560483035063, 9999]
02305003,93147,390950,294,1;[21079, 668, 0.9729404096074555, 0.9929054972084027, 119.03777552279479, 0.9911327917344883, 0.9677034316538505]
02305003,93147,390950,294,2;[38715.46, 790, 0.9384905594948779, 0.9857107434824095, 111.09634736236671, 0.98636285844273, 9999]
02305003,93147,390950,294,3;[37213.310000000005, 712, 0.9341222006210413, 0.9551195099949853, 85.13397982856426, 0.9874062278235609, 9999]
02305003,93163,391033,99,1;[16869, 670, 0.9595690575164895, 1.0107989407670417, 84.69761539898188, 0.9919667952693962, 0.7946954350591228]
02305003,93163,391033,99,2;[18342.66, 644, 0.9648743462443962, 0.985691207121763, 194.86378911269472, 0.9733902957291167, 9999]
02305003,93163,391033,99,3;[21926.850000000002, 554, 0.954712152277916, 0.9514606592821134, 122.59948556626809, 0.9844283451801166, 9999]
02305003,93166,391045,361,1;[26936, 718, 0.9456114991882556, 0.9623452728742231, 56.09221921587239, 0.993003955237356, 0.9750411757253262]
02305003,93166,391045,361,2;[19579.07, 570, 0.9666901381348971, 0.981981024091263, 110.84812196042384, 0.9891445528640521, 10968.666666666666]
02305003,93166,391045,361,3;[38555.91, 738, 0.9292733944065845, 0.9086448647523283, 139.86847600795042, 0.9807094109186161, 9999]
02305003,93171,391076,534,1;[29642, 738, 0.9312731130352296, 0.951592557621566, 61.31731400593093, 0.9921974932981174, 812.1095890410959]
02305003,93171,391076,534,2;[36820.979999999996, 762, 0.950776606246211, 0.9791042946164377, 118.92532041449327, 0.9860417559966711, 9999]
02305003,93171,391076,534,3;[28849.460000000003, 626, 0.9702441895548203, 0.9363482476266257, 131.97788956026346, 0.9844089647400077, 1169.888888888889]
02305003,93172,391079,609,2;[36951.88, 764, 0.9631579356381694, 0.9757250673166087, 118.35267356984195, 0.9831786595081596, 9999]
02305003,93172,391079,609,3;[33697.89, 672, 0.9463485815006831, 0.9516836175372559, 107.63474567622946, 0.9858001092177813, 1.0026087310968899]
02305003,93172,391079,610,1;[39529, 866, 0.9272110858707208, 0.9631982816705702, 68.07940213556346, 0.9841532152775904, 9999]
02305003,93172,391079,611,2;[18105.85, 576, 0.9324162522948756, 0.9469447195357991, 140.57216995642855, 0.9849752579335456, 1.0104263514410945]
02305003,93172,391079,612,1;[19994, 690, 0.9739169830493888, 1.0134234964094082, 124.90133240058906, 0.991115595826572, 0.9329693660903852]
02305003,93172,391079,612,3;[22169.34, 558, 0.8525505876760506, 0.8444978533190005, 88.24907241835794, 0.9910573641079437, 9999]
02305003,93172,391079,613,1;[31567, 768, 0.9353544878211215, 0.9676640663955525, 53.48501253633257, 0.9930584480409382, 0.9987344575568703]
02305003,93172,391079,613,2;[26269.25, 640, 0.9603981309276002, 0.9781710954763506, 105.5331498330508, 0.9891502101052926, 9999]
02305003,93172,391079,613,3;[18268.95, 512, 0.9795746390333764, 0.9994086332831114, 94.2674542757857, 0.9915573549435232, 9999]
02305003,93172,391082,606,1;[38165, 842, 0.9307826492247443, 1.0140321066750777, 87.47396007935619, 0.9861202350240812, 1.0056388500961766]
02305003,93172,391082,606,2;[27381.899999999998, 654, 0.967398737714085, 0.98016831237637, 115.48549078764154, 0.9854200100374622, 0.9990664958860691]
02305003,93172,391082,606,3;[35936.47, 698, 0.948290444589948, 0.9509701979846101, 124.23698687183267, 0.9766210438586824, 1.0028674109191007]
02305003,93172,391085,608,1;[20374, 666, 0.9510247859682445, 0.9899508890416074, 74.64021339295451, 0.9924201388540534, 0.9232163490948637]
02305003,93172,391085,608,2;[38448.9, 784, 0.9410678372265553, 0.9864564614871258, 112.04246013194431, 0.9837583161603951, 9999]
02305003,93172,391085,608,3;[34285.62, 686, 0.9119894823687944, 0.9034912156870081, 125.3634639246844, 0.9848066832354614, 1001.04]
02305003,93172,391086,607,1;[27144, 710, 0.9329386205564095, 0.9581969952766537, 59.78004308020765, 0.9928272223809567, 9999]
02305003,93172,391086,607,2;[38566.71, 786, 0.9378120879285043, 0.9666063902116924, 90.38112684551194, 0.9798140993723218, 1.0039029829941455]
02305003,93172,391086,607,3;[31205.860000000004, 646, 0.9634611727481406, 0.9566442057219118, 97.28049260873294, 0.9860705395744488, 9999]
02305003,93173,391089,775,2;[23221.66, 602, 0.9705477973702248, 0.9730801311964227, 174.1892625304951, 0.9813467569749823, 9999]
02305003,93173,391089,775,3;[35825.5, 692, 0.9570995156815467, 0.9621325445716477, 97.90305475774511, 0.9835099106391273, 9999]
02305003,93173,391089,776,1;[44466, 926, 0.9220620918684679, 0.9898578219689415, 65.80882140998307, 0.9858206026241672, 1.0056540618780532]
02305003,93173,391089,777,2;[26143.11, 640, 0.9496634996603649, 0.9752971232399372, 101.95695025689582, 0.9886125137171139, 1.0019611420231689]
02305003,93173,391089,777,3;[32581.340000000004, 658, 0.9528306889338168, 0.9476482265552765, 90.113010352289, 0.9876719882145552, 9999]
02305003,93173,391089,778,1;[19541, 670, 0.9623670456306117, 0.9963009421930105, 76.95818883832348, 0.9928320336235209, 0.8692615658362989]
02305003,93173,391089,779,2;[37145.85, 766, 0.9532343586950146, 0.9742120258974662, 121.14903200391288, 0.9809996571374289, 1.0025855562157735]
02305003,93173,391089,779,3;[29533.090000000004, 640, 0.9722045318221687, 0.8529877322587424, 147.62299155694922, 0.9840167892740473, 9999]
02305003,93173,391089,780,1;[39190, 868, 0.9370908291057047, 0.9770137091897821, 62.321972243825456, 0.9832369064915346, 9999]
02305003,93175,391103,970,1;[31719, 780, 0.9456711428027352, 0.9601728088477554, 67.83429842368658, 0.9902736265798234, 0.9883617667679364]
02305003,93175,391103,970,2;[38394.159999999996, 780, 0.9473556719606296, 0.9742338810543251, 123.02475142675621, 0.9759469091385757, 9999]
02305003,93175,391103,970,3;[29348.140000000003, 628, 0.9694313251688813, 0.9539124287293045, 112.65234975600251, 0.9836455802368378, 415.9611650485437]
02305003,93175,391103,971,1;[35999, 810, 0.9266559563613371, 0.9774459720016234, 68.90548340200674, 0.9868686236038329, 9999]
02305003,93175,391103,971,2;[38100.229999999996, 782, 0.9427192729542913, 0.9645139608293253, 133.02351958820594, 0.9695523016067977, 1.0057801652373324]
02305003,93175,391103,971,3;[37620.200000000004, 730, 0.9769922243816663, 1.0144980303440059, 96.91227156622897, 0.9881117146164118, 9999]
02305003,93190,391188,269,1;[30571, 754, 0.9395891396241219, 0.9612319709983241, 63.67622443114477, 0.9915644730626265, 0.989624977744687]
02305003,93190,391188,269,2;[38965.36, 786, 0.9512076833004434, 0.9701499846237542, 131.95206097445555, 0.978602152931819, 9999]
02305003,93190,391188,269,3;[36931.090000000004, 712, 0.946258813478121, 0.9471283881888681, 122.19454509922012, 0.9853583182303791, 1.003107150166521]
02305003,93190,391188,271,1;[39187, 864, 0.9200603989518237, 1.0035835849464714, 61.708315772906026, 0.9820601602542023, 1.0038425083894766]
02305003,93190,391188,271,2;[33797.189999999995, 720, 0.9546215218662348, 0.9884694811856475, 149.13678215069064, 0.9843625895325765, 1.0026123486426377]
02305003,93190,391188,271,3;[18962.170000000002, 522, 0.9829550247354609, 0.8262019885742262, 143.0922170787901, 0.9873821264144612, 1.0028983406999492]
02305003,93203,391206,316,1;[36989, 828, 0.9305048124914967, 0.9838632026704399, 62.596539096193844, 0.9872476952941404, 1.0026157077996882]
02305003,93203,391206,316,2;[37226.77, 766, 0.9421606350189813, 0.9654842220360693, 130.38021695313066, 0.9758117998412966, 1.0031264529989898]
02305003,93203,391206,317,3;[36350.21000000001, 704, 0.9437870784279133, 0.9569684504007705, 123.693803511749, 0.9818737335620283, 9999]
02305003,93220,391260,293,1;[18788, 686, 0.9435043609391055, 0.9890106029843247, 88.18940598878777, 0.9918447363981175, 0.8395933415260864]
02305003,93220,391260,293,2;[27773.41, 652, 0.9571316136333318, 0.9693315056372876, 129.1605651631149, 0.9845848872103604, 9999]
02305003,93220,391260,293,3;[29407.050000000003, 620, 0.9661055724364163, 0.9532623816072918, 124.25349493454506, 0.9826645338905814, 9999]
02305003,93220,391263,294,1;[23484, 704, 0.9365630752432113, 0.9633294317112284, 71.02807549665967, 0.9922144301075058, 0.9152879275065771]
02305003,93220,391263,294,2;[35678.58, 746, 0.957613558715344, 0.964414703541343, 156.8416034346689, 0.9779986953098164, 1.0080693968125882]
02305003,93220,391263,294,3;[31957.99, 662, 0.9044096319510844, 0.8875976722321862, 147.6118320227298, 0.9842240117201343, 1.002212627011235]
02305003,93220,391265,296,1;[22720, 704, 0.9481756838496838, 0.9743107997540346, 70.97992304768478, 0.9924293192457573, 0.9309567711534522]
02305003,93220,391265,296,2;[15060.64, 536, 0.9460856592429928, 1.0043632594865861, 120.8704795696523, 0.9828182464721029, 1.0108222515075276]
02305003,93220,391265,296,3;[36513.240000000005, 718, 0.9720111628208397, 0.9366131642342572, 167.05564882755027, 0.9680145877331283, 1.0004128974137607]
02305003,93221,391267,434,1;[27479, 722, 0.9376244338098086, 0.9739793858973447, 58.225044373753605, 0.9919951248577747, 9999]
02305003,93221,391267,434,2;[29138.34, 674, 0.9480850172908355, 0.9830842929077465, 91.93113034187958, 0.9879684589282541, 9999]
02305003,93221,391267,434,3;[16352.320000000002, 512, 0.9286326037682939, 0.9134607442828502, 166.4172591651263, 0.9731130206296548, 1.016392046664112]
02305003,93222,391269,374,1;[17770, 622, 0.9414327612544151, 1.0050852273393507, 87.80371237270437, 0.9844835480095372, 1.0085989159122513]
02305003,93222,391269,374,2;[38195.43, 784, 0.9377270211189346, 0.9831577158366472, 101.78063547048875, 0.9793412905816278, 9999]
02305003,93222,391269,374,3;[38621.670000000006, 736, 0.9462399474319928, 0.9321376754718407, 134.8366276546953, 0.9733017717017106, 1658.2941176470588]
02305003,93222,391272,375,1;[17575, 620, 0.9357150567952361, 0.9478071574524152, 88.18166084665566, 0.9860415534601964, 0.9627499315256094]
02305003,93222,391272,375,2;[15970.99, 548, 0.962582488337663, 0.97054384461283, 129.84026438109314, 0.9795765187527139, 1.009857035364936]
02305003,93222,391272,375,3;[36747.51, 710, 0.9513067387988591, 0.9492289892995364, 156.08860871850965, 0.9799458050952677, 1.002728971962617]
02305003,93222,391274,377,1;[20084, 682, 0.9485606296647607, 0.9803001200598819, 72.79970856927255, 0.9930999510177421, 9999]
02305003,93222,391274,377,2;[30521.12, 688, 0.9587336280102464, 0.9777720197299504, 109.3065828318908, 0.9858659038813228, 1.0017184814872677]
02305003,93222,391274,377,3;[38736.75, 740, 0.9352489114997793, 0.9494353387881512, 90.33211836649599, 0.9803424235785284, 9999]
02305003,93223,391276,444,1;[29823, 732, 0.9265238269240387, 0.9460881931752115, 63.11075477126539, 0.9907343432364507, 0.9810842818606488]
02305003,93223,391276,444,2;[28602.84, 666, 0.9612589003815325, 0.978217506883966, 116.62497461726146, 0.9839518018452349, 1.003402283495794]
02305003,93223,391276,444,3;[29616.660000000003, 636, 0.9544141127397422, 0.9469750577513866, 127.42323292564521, 0.9842931025765483, 9999]
02305003,93263,391487,462,1;[23816, 706, 0.9429168675706914, 0.9666053842533859, 60.35054235350804, 0.9936534926346412, 0.9584481960681731]
02305003,93263,391487,462,2;[36105.79, 748, 0.9370376450352466, 0.9957205005647778, 122.67107834274962, 0.9833041860970244, 9999]
02305003,93263,391487,462,3;[18299.09, 510, 0.982197660586497, 0.8157253188901298, 97.56422274306634, 0.9913247899332247, 9999]
02305003,93263,391487,463,1;[20883, 698, 0.9620346406761862, 0.994562451692566, 65.29787901131785, 0.9940734372415142, 9999]
02305003,93263,391487,463,3;[30766.090000000004, 646, 0.9530596450814192, 0.947199485418333, 113.73136992576562, 0.9876160065444802, 9999]
02305003,93263,391487,464,2;[26782.14, 642, 0.966099693287273, 0.9796678320618439, 109.94567343737842, 0.9864251928278001, 9999]
02305003,93329,391879,138,1;[20126, 614, 0.8576019982391391, 1.0052383665952964, 115.99440747184298, 0.9912831243673478, 1.0008205077202317]
02305003,93329,391879,138,2;[36529.43, 752, 0.9416633042382035, 0.9626460888767747, 94.54926013040495, 0.9807761616838182, 9999]
02305003,93329,391879,138,3;[37910.64, 718, 0.9477321242631297, 0.9510743227161373, 103.99203207550616, 0.9778075049720601, 9999]
02305003,93332,391900,323,1;[38519, 862, 0.9336666240320818, 0.9685659107269298, 68.43425741614102, 0.9834296592217668, 9999]
02305003,93332,391900,323,2;[20848.8, 572, 0.9446078785040516, 0.9563796045023208, 121.52876926142132, 0.9873814363325876, 0.9957657222427463]
02305003,93332,391900,323,3;[37095.490000000005, 716, 0.8889858829419334, 0.8799742409329037, 103.51797769358906, 0.9867151463117557, 9999]
02305003,93332,391900,324,1;[30015, 770, 0.9247181164421849, 0.9825039243221222, 53.510059204809735, 0.9918901531627434, 1.0037622272385252]
02305003,93332,391900,324,2;[31141.109999999997, 696, 0.9615909095637587, 0.9771448736854392, 128.18339790310466, 0.9843247635483926, 9999]
02305003,93332,391900,324,3;[37866.8, 724, 0.9456931467442069, 0.9534320407908691, 102.95648404233253, 0.9777720779710398, 906.2295081967213]
02305003,93377,392046,42,1;[40318, 870, 0.9251128031108995, 1.0178055962966428, 84.15912302068719, 0.9856146878169488, 0.9977603721989186]
02305003,93377,392046,42,2;[17567.969999999998, 608, 0.9808948644498927, 1.003843473011327, 236.379703954539, 0.9801667127313755, 0.853549953746531]
02305003,93377,392046,42,3;[34810.33, 688, 0.9774385973874143, 0.9062316010554486, 118.40486365467311, 0.9868218232491783, 9999]
02305003,93378,392054,1,1;[18711, 636, 0.9205621005726573, 0.9907390712438824, 127.37141749332767, 0.986164823759286, 0.9590220650419005]
02305003,93378,392054,1,2;[39599.63, 802, 0.9407908743613763, 0.9802612259546198, 110.94847041720222, 0.9788266553606277, 9999]
02305003,93378,392054,1,3;[39832.75, 754, 0.9301661582152712, 0.9604593387401398, 104.1185690706367, 0.9776582920580849, 9999]
02305003,93378,392060,2,1;[40052, 876, 0.915849023856327, 1.0037685279558004, 59.08005306279649, 0.9785735968816325, 0.9918157617779979]
02305003,93378,392060,2,2;[39518.71, 798, 0.9334176473188717, 0.978480473668541, 84.89926217577704, 0.9850067876032232, 9999]
02305003,93378,392060,2,3;[34229.450000000004, 684, 0.9644274319370957, 0.9557383377586621, 115.86153889638815, 0.9817721405186263, 9999]
02305003,93378,392060,3,1;[35090, 810, 0.9375765371612623, 0.9717428614459069, 56.77666898658169, 0.9909414567620993, 0.9862282181000562]
02305003,93378,392060,3,2;[33183.15, 718, 0.9732907915379359, 1.023549543294052, 159.21918559615, 0.9835074692645077, 9999]
02305003,93378,392060,3,3;[39593.0, 746, 0.94453523013442, 0.9554538290790345, 91.36053105854124, 0.9740802310162445, 9999]
02305003,93378,392060,4,1;[31946, 776, 0.9315585378555663, 0.9633120160881976, 59.03193972962499, 0.9904813275141874, 9999]
02305003,93378,392060,4,2;[39763.85, 800, 0.9536366457266687, 0.9741510312472378, 152.31744842229165, 0.965003429453338, 1.003785034095347]
02305003,93378,392060,4,3;[32432.010000000002, 658, 0.9474133192390857, 0.9540797546546916, 117.93665555130687, 0.9854282188413973, 9999]
02305003,93379,392067,164,1;[27403, 752, 0.9320345215534277, 0.9814564740033682, 62.21500025027236, 0.9915259365607222, 0.9479710796692843]
02305003,93379,392067,164,2;[26954.69, 660, 0.9476244663541965, 1.0020468081790344, 114.74868572426976, 0.984352780414835, 9999]
02305003,93379,392067,164,3;[39620.4, 746, 0.977168264454722, 1.0047649570958594, 127.49569578109521, 0.9836297858035714, 9999]
02305003,93379,392067,165,1;[27754, 756, 0.9390029705265738, 0.9824051690939456, 63.26961595944666, 0.9913396839747519, 0.9329859652071603]
02305003,93379,392067,165,2;[40074.439999999995, 802, 0.9526013707665599, 0.9834669577789019, 156.37206729168787, 0.9722601495030669, 1.0022022498660794]
02305003,93379,392067,165,3;[31088.04, 658, 0.9678563676474286, 0.9362920292516757, 139.06134641436586, 0.9820570867815301, 22692.0]
02305003,93379,392067,166,1;[40469, 884, 0.9392838193072797, 0.9758346059624028, 76.00680038350767, 0.9840542027628912, 2129.9473684210525]
02305003,93379,392067,166,2;[39147.43, 786, 0.9610247975241595, 0.9761507512564261, 131.14649373265746, 0.9770099831301354, 9999]
02305003,93379,392067,166,3;[35926.880000000005, 700, 0.9455246870546709, 0.9547613823379909, 102.69361834849552, 0.9869210158394444, 9999]
02305003,93393,392144,796,1;[40317, 874, 0.9234713618564152, 0.9900362671776382, 78.06168484094569, 0.9854238766805067, 9999]
02305003,93393,392144,796,2;[39674.6, 798, 0.9509721163714799, 0.9739143265705551, 147.42691819185455, 0.9638305729162009, 1.0056860172239568]
02305003,93393,392144,796,3;[28048.010000000002, 628, 0.9345336059393701, 0.9380634014641864, 109.61304265254536, 0.9878550979868028, 9999]
02305003,93393,392144,798,1;[24200, 744, 0.9713653921741581, 1.0052471530280958, 127.15317827959299, 0.9899042201246367, 0.8669795435818436]
02305003,93393,392144,798,2;[16059.05, 602, 0.9811042461862975, 1.0126174996369286, 197.62422509294936, 0.9844573767684474, 0.7871558562762483]
00023892,93026,390259,210,1;[115384, 1676, 0.9705763288702812, 0.9705763288702812, 27.44450635858385, 0.9967809945790217, 0.9971869206936336]
00023892,93026,390259,211,2;[117053.15999999999, 1570, 1.0149650236071255, 0.9746772383627069, 32.01824097753799, 0.9959190027831599, 0.996711876257112]
00023892,93026,390259,211,3;[116700.71, 1438, 1.0186254340279237, 0.9437976061425024, 56.93241554978748, 0.9908537816795847, 9999]
00023892,93026,390259,212,1;[115337, 1664, 0.9804131521278897, 0.9889032468085639, 29.32303153461915, 0.9964262448288627, 0.9924920079683675]
00023892,93026,390259,212,2;[117691.0, 1554, 1.014747909288223, 0.9808503008994244, 33.38817836122004, 0.9959185983378324, 9999]
00023892,93026,390259,212,3;[114356.64000000001, 1394, 1.0039062202291396, 0.9507977939312924, 37.10296143051946, 0.9936297065684685, 9999]
00023892,93026,390259,214,1;[120043, 1634, 1.0032661182443197, 0.9887838124952426, 22.927187669422857, 0.9969424029558446, 0.9982495311986761]
00023892,93026,390259,215,3;[114305.95000000001, 1398, 1.010278510246198, 0.9543713578041263, 39.13504025500448, 0.9933049493998183, 9999]
00023892,93026,390259,216,2;[116758.04, 1568, 1.0123332269148082, 0.98091887278259, 29.98789604125521, 0.996023856518871, 0.9963240520725442]
00023892,93049,390350,751,2;[112488.31999999999, 1480, 0.9848740726439702, 0.9929826624223882, 26.49613653842162, 0.9961483784872827, 9999]
00023892,93049,390350,752,3;[118309.09000000001, 1532, 1.0130833231157215, 0.9721992345752148, 59.29260583943325, 0.9911236827270111, 9999]
00023892,93049,390350,753,1;[115862, 1658, 0.9829469492684024, 0.9978529551266063, 24.60371064380052, 0.9960469422803894, 0.9909383646292598]
00023892,93049,390350,756,2;[116076.17, 1538, 1.0085478725212538, 0.9927081192712227, 43.37188848757056, 0.9943862237694245, 9999]
00023892,93049,390350,756,3;[117833.70000000001, 1382, 1.047327962051423, 0.9430491915437306, 103.28006889242694, 0.9876476852572468, 0.9989779088945155]
00023892,93049,390350,757,1;[119330, 1636, 1.0075125795868425, 0.9942916148693116, 29.0029681718026, 0.9953227996444487, 9999]
00023892,93049,390350,758,3;[117121.3, 1400, 1.030931342867741, 0.9719735434960686, 74.73251000866165, 0.9910807744684849, 9999]
00023892,93049,390350,760,1;[119412, 1684, 1.0004737661313214, 0.9880028410604836, 28.934950571560975, 0.9954903479060804, 0.999870214146658]
00023892,93049,390350,760,2;[117228.09, 1564, 1.0405712513178689, 0.9825036010815462, 94.58212834702178, 0.9879751501300211, 0.9954779023530066]
00023892,93049,390350,761,1;[115473, 1576, 0.991677529821298, 0.9926776955103828, 36.86362273631874, 0.9942467519164607, 1.0014917476864902]
00023892,93049,390350,763,2;[118247.92, 1546, 1.0345050869305332, 0.994516715150005, 59.95186314319832, 0.9908730469999921, 9999]
00023892,93049,390350,763,3;[118310.46, 1494, 1.0361395917367435, 0.9712337522244107, 108.28824339469637, 0.9843328979744623, 0.9939059128182995]
00023892,93049,390350,766,1;[116227, 1652, 0.9751026370807013, 0.9892795240401203, 27.456611617824382, 0.9965442441576506, 0.9924685549359998]
00023892,93049,390350,767,3;[117711.77, 1466, 1.0214023858039325, 0.9691685127209577, 43.76655418360943, 0.9929606828812833, 10740.125]
00023892,93049,390350,769,2;[117706.47, 1490, 1.0202549609913965, 0.9997484379105231, 29.963769686372082, 0.995278891855519, 9999]
00023892,93049,390350,770,1;[117114, 1588, 1.0024585818836231, 0.9928265580916606, 32.869004539460455, 0.9955113006843905, 9999]
00023892,93049,390350,770,3;[118395.40000000001, 1410, 1.0424963099943128, 0.9275135170288007, 78.28360049762023, 0.9922517167138535, 9999]
00023892,93049,390350,773,2;[114238.81, 1522, 1.0044227657496143, 0.986742260703326, 36.17136856988099, 0.9948063335800724, 9999]
00023892,93099,390646,1221,2;[114072.20999999999, 1486, 1.0090858747803573, 0.9867088647928606, 38.53013999163804, 0.9934468550222741, 9999]
00023892,93099,390646,1222,1;[115757, 1704, 0.9986716907804245, 0.9931340390066832, 35.39650912607604, 0.9961712619634862, 0.989105543782897]
00023892,93099,390646,1222,3;[117585.73000000001, 1392, 1.1323117391248805, 0.9651113997953958, 50.31573890807299, 0.9940088735414381, 9999]
00023892,93103,390673,1487,1;[118131, 1640, 0.9941992381714719, 0.9832364950716539, 24.18140079113889, 0.9967673469878491, 0.9975637458357788]
00023892,93103,390673,1488,3;[117951.52, 1364, 1.034720293021279, 0.9614925636421753, 96.22023479779668, 0.98528403584093, 0.9961010262284081]
00023892,93103,390673,1489,2;[116541.45999999999, 1546, 1.014966414714585, 0.992022459678374, 40.09946663942671, 0.9947342202306876, 0.9929282227280332]
00023892,93103,390673,1491,2;[120403.01, 1514, 1.0503891899546012, 0.9843946252209498, 113.66690920960296, 0.984839104179109, 9999]
00023892,93103,390673,1492,1;[114627, 1678, 0.9987680845865211, 0.9924709850319351, 45.564953524898826, 0.9946129103177113, 0.9927122981592382]
00023892,93103,390673,1492,3;[112581.12000000001, 1362, 1.004285977747245, 0.9649001229124898, 31.23126453415144, 0.9956981357234577, 9999]
00023892,93103,390673,1495,2;[114817.15, 1510, 0.9930315460441014, 0.9870770259924616, 31.546042712339776, 0.9947702350629656, 9999]
00023892,93103,390673,1497,3;[113548.34000000001, 1404, 1.0054351093309934, 0.960491452600365, 28.91913419738997, 0.9948299282430487, 9999]
00023892,93103,390673,1498,1;[116314, 1654, 0.989772517025471, 0.9913499174139772, 25.89202116124958, 0.9956881817830718, 0.9948765321221763]
00023892,93103,390673,1499,1;[115761, 1706, 0.9962542217613665, 0.9812057965453727, 38.26655464467754, 0.9959036968410945, 0.9896936302274583]
00023892,93103,390673,1499,3;[117251.45000000001, 1500, 1.0242496834682837, 0.9748615169204323, 53.78139989410666, 0.9908513476631625, 34234.0]
00023892,93103,390673,1500,2;[113904.42, 1520, 1.0033341804562999, 0.9866325509813356, 31.931454020851525, 0.9944117262205622, 0.9918501209788144]
00023892,93122,390798,1587,3;[117843.29000000001, 1442, 1.0406381091708652, 0.97290517790024, 111.87571133625764, 0.982512094931687, 0.9956477955389904]
00023892,93122,390798,1589,1;[115972, 1698, 0.9778822539189395, 0.9908134710763481, 20.37117655163161, 0.9968449509462828, 0.9941706957446079]
00023892,93122,390798,1589,2;[117505.36, 1504, 1.0292453359150497, 0.9978651105229204, 41.27597117489877, 0.9945531923571351, 9999]
00023892,93122,390798,1590,1;[114476, 1708, 0.9714008354292216, 0.9792266459744134, 31.895664856885332, 0.9963746613606888, 0.9873600048300221]
00023892,93122,390798,1590,2;[115546.62, 1446, 1.0044099548766843, 0.9937778684089924, 34.96544073137213, 0.9941037791054449, 9999]
00023892,93122,390798,1592,3;[117977.55, 1424, 1.0384956777881869, 0.9582881772027657, 51.69301507743181, 0.993571167624946, 172230.0]
00023892,93139,390920,17,2;[116130.90999999999, 1510, 0.9981631323817355, 0.9808162066148503, 32.268889709424414, 0.993887002655094, 0.9946034641785189]
00023892,93139,390920,17,3;[117082.94, 1368, 1.01704474354301, 0.9629625559037094, 53.25214145749839, 0.9925764721536028, 9999]
00023892,93139,390920,18,1;[114291, 1656, 0.9814575364939319, 0.9959018721886728, 30.733984173391054, 0.9957475714305857, 0.9944271152817112]
00023892,93139,390920,19,1;[117141, 1708, 1.0011284673044343, 0.9784178992053928, 59.47460187917027, 0.9921109682880714, 0.9933264364697103]
00023892,93139,390920,20,3;[118051.53000000001, 1470, 1.0213625513322462, 0.9716452290970454, 85.44257796364806, 0.9849400431888099, 9999]
00023892,93139,390920,21,2;[115941.7, 1478, 1.0067750976010585, 0.9966286729292532, 25.270836994108723, 0.9955051948918705, 1.001742742428838]
00023892,93166,391047,301,1;[119197, 1602, 0.9934559797032223, 0.9948353663934025, 20.712104405988043, 0.9968702647084702, 0.9987055043296481]
00023892,93166,391047,301,2;[116151.14, 1540, 1.0002683910551358, 0.9928704150270152, 33.4848806094114, 0.9948215854848882, 9999]
00023892,93166,391047,303,3;[118637.89000000001, 1398, 1.0223579081250327, 0.9703534494557088, 42.23273852076505, 0.9934911546531924, 9999]
00023892,93166,391047,304,1;[117753, 1622, 0.9772164352433422, 0.9958620833402838, 25.766315361363983, 0.9967860458868003, 0.9972686967237064]
00023892,93166,391047,305,2;[117093.62, 1536, 1.002178459818774, 0.997850638667676, 24.4138911119299, 0.9964615269265222, 1.000127051242307]
00023892,93166,391047,305,3;[119032.45000000001, 1370, 1.0183846266174685, 0.9748323649170428, 37.875699129217296, 0.9947455224370897, 2199.6202531645567]
00023892,93166,391047,307,2;[115370.5, 1528, 1.0058060097422366, 0.9895282762600829, 39.93207841576104, 0.9944151817445519, 9999]
00023892,93166,391047,308,1;[115460, 1682, 0.9960968642594321, 0.9954651582763876, 40.582903883813906, 0.9951983391381567, 0.9932470213772635]
00023892,93166,391047,308,3;[118877.64000000001, 1454, 1.017150500848034, 0.9733966928934351, 36.44529966828555, 0.9937569319287601, 1324.7633587786258]
00023892,93166,391047,309,1;[119716, 1620, 1.0322619672169577, 0.9876387315526259, 46.38197855060344, 0.9944067144527013, 0.999419796219075]
00023892,93166,391047,309,2;[115416.90999999999, 1496, 1.0140101989435855, 0.9782871975660953, 49.76970517264166, 0.9923215994050387, 9999]
00023892,93166,391047,310,3;[117396.67000000001, 1446, 1.0322636927019022, 0.9549682020607355, 42.6314536599798, 0.9954496600959517, 9999]
00023892,93166,391047,312,2;[119097.58, 1476, 1.0286965797742729, 0.9766518066581236, 64.13464440773701, 0.9901136968339167, 100082.0]
00023892,93166,391047,313,1;[120302, 1688, 1.021004314514589, 0.9866737636844082, 42.55555215394716, 0.9931729686905908, 0.9957002685780263]
00023892,93166,391047,313,3;[119017.38, 1408, 1.0256435421473993, 0.9687818342517958, 44.27779058241403, 0.9929874755115312, 24821.14285714286]
00023892,93166,391047,315,1;[117580, 1706, 0.9911475015587408, 0.9998940038735258, 31.46718806602632, 0.9964770636421072, 0.9924037812288994]
00023892,93166,391047,315,2;[119473.62, 1562, 1.0290292751963206, 0.976969826578464, 59.39391504055549, 0.9910613417632356, 9999]
00023892,93166,391047,315,3;[120414.78000000001, 1524, 1.0420803432332637, 0.9716719340706381, 114.80932319891738, 0.9838297153742086, 0.9968696835658387]
00023892,93265,391506,609,1;[120450, 1668, 1.0130823848066772, 0.9934285035407959, 28.081715577593773, 0.9950777124707098, 9999]
00023892,93265,391506,609,3;[119976.38, 1438, 1.0627480642574758, 0.9590433977019611, 126.38952663022229, 0.9846962103710577, 0.99012968218255]
00023892,93265,391506,610,2;[119833.0, 1508, 1.0279624297293433, 0.9939602657133225, 34.05485042585448, 0.9943307197997148, 0.9989534301203803]
00023892,93265,391506,611,3;[119896.92000000001, 1368, 1.0267371543472592, 0.9680652141772095, 60.138477372720004, 0.9910185054986551, 175032.0]
00023892,93265,391506,612,2;[116885.37, 1548, 1.0145783774572443, 0.9803564738122116, 29.62078944142632, 0.9948200399301197, 9999]
00023892,93265,391506,613,1;[114481, 1610, 0.9955593575803238, 0.9902087238335712, 36.759064237107594, 0.9944111491071127, 0.9902515396858349]
00023892,93329,391882,87,1;[118271, 1616, 1.0194271800477344, 0.9951980347867928, 37.73351695185407, 0.9949972892828642, 0.9989948475377988]
00023892,93329,391882,87,2;[111247.15, 1430, 0.9892958805203751, 0.987969527216751, 25.62743346510477, 0.9960790202361292, 9999]
00023892,93329,391882,87,3;[115923.92000000001, 1414, 1.0215942370198658, 0.9563196493174627, 47.010858776237484, 0.9953242287886229, 9999]
00023892,93329,391882,89,1;[114628, 1672, 0.9914825066265023, 0.992449732020601, 46.0862142629913, 0.9941192467786226, 0.9939475920434248]
00023892,93329,391882,89,3;[114667.63, 1414, 1.0167941706478845, 0.9529070402788227, 69.36194070195396, 0.9896615259912896, 0.9922821576763485]
00023892,93329,391882,90,2;[116098.78, 1540, 1.024478526931865, 0.9929498654533664, 58.7047229351499, 0.9922725834272821, 9999]
00023892,93329,391882,92,2;[114627.93999999999, 1522, 1.0073552101636527, 0.9847883422105579, 36.85985021329225, 0.9940911230252352, 0.9904477918873066]
00023892,93329,391882,92,3;[114493.64000000001, 1356, 1.0098884038015559, 0.9575393429604518, 53.70771228318953, 0.9928164272628103, 9999]
00023892,93329,391882,93,1;[115389, 1646, 0.9791536811644996, 0.9912072497007227, 30.555962129969355, 0.9961549890584726, 0.995354855405318]
00023892,93329,391882,94,1;[116973, 1592, 0.994606233216065, 0.9965614043713638, 34.71012332712566, 0.9946580766084038, 0.9999615310636661]
00023892,93329,391882,94,2;[112866.73999999999, 1496, 1.003006582190011, 0.9923183925625743, 26.138494257660792, 0.99570058885804, 9999]
00023892,93329,391882,94,3;[114433.36000000002, 1410, 1.0214616209838423, 0.9517095185099957, 73.57692311392724, 0.9894936176987641, 0.990536726513768]
00023892,93329,391882,96,1;[115407, 1632, 0.9872182726007631, 0.9927104473525977, 23.989429741072772, 0.9960868400620199, 0.996795591563164]
00023892,93329,391882,96,2;[113005.97, 1516, 0.9882006017804126, 0.9825266807640969, 27.477798069064683, 0.9957344812378607, 0.9942780561096016]
00023892,93329,391882,96,3;[117169.25000000001, 1434, 1.0569068397282255, 0.9348208440309685, 110.45560734956277, 0.9883416942725053, 9999]
00023892,93329,391882,99,1;[118266, 1608, 1.0340711010663866, 0.9901960891665134, 40.350390802242764, 0.9941750124012475, 0.995743928467688]
00023892,93329,391882,99,2;[114010.33, 1524, 1.0088953795511193, 0.9873587254334197, 27.375748128469997, 0.9954495918170748, 9999]
00023892,93329,391882,99,3;[113752.47000000002, 1336, 1.0058340005280906, 0.9771892906538502, 25.640739364499375, 0.99607581804577, 9999]
00023892,93377,392048,3,3;[118466.64000000001, 1406, 1.047556527781869, 0.9626297559970822, 107.28162349534367, 0.988306503325163, 9999]
00023892,93377,392048,4,1;[118492, 1724, 0.9863208326474601, 0.9986424630954116, 19.764201178268063, 0.9967779664001932, 0.982353745839223]
00023892,93377,392048,4,2;[116322.5, 1540, 1.0024661578187861, 0.9812524545754474, 28.71243987076844, 0.9953319054134065, 9999]
00023892,93377,392048,5,1;[112681, 1604, 0.9750116024793062, 0.9728192778387952, 30.87669786078407, 0.9962903174522396, 0.9869450782375636]
00023892,93377,392048,5,2;[117476.79999999999, 1468, 1.0128946844061226, 0.9826118107683158, 31.69563920609115, 0.9953051589361018, 9999]
00023892,93377,392048,5,3;[119291.38, 1442, 1.0494193382007337, 0.9224995551443748, 90.97954973781846, 0.9914184377585706, 9999]
00023892,93377,392048,8,2;[114999.22, 1520, 1.0070723933409482, 0.9772014446917673, 55.95936210100426, 0.9911467610708359, 1.0000983146794165]
00023892,93377,392048,8,3;[115359.48000000001, 1394, 1.0261842013140077, 0.9530082855170431, 74.80732270330151, 0.9887307322964278, 9999]
00023892,93377,392048,9,1;[115825, 1638, 0.9752674514762388, 0.977930434245964, 26.59457846165895, 0.9966290836236483, 0.9829547624402228]
00023698,93080,390528,134,1;[36900, 898, 0.9978155479327312, 1.0259673944738459, 89.73238912855744, 0.9929930238391793, 0.9837638966648005]
00023698,93080,390528,134,2;[39364.009999999995, 820, 1.0504391901326098, 1.022399976459444, 131.86334323534342, 0.9822628171354302, 1.0140555785472325]
00023698,93080,390528,134,3;[55474.04, 910, 1.2348669144335471, 0.954528904486548, 84.48481776732575, 0.9923977465338607, 26994.666666666668]
00023698,93244,391403,53,2;[43991.92, 860, 1.0139415938895173, 1.0212939734954087, 88.72411398565121, 0.9915332214735743, 9999]
00023698,93244,391403,54,1;[45368, 944, 1.0138822074695624, 0.9740646097252217, 57.91967425793741, 0.993886083647604, 1.000099198694986]
00023698,93244,391403,55,3;[38692.91, 766, 1.0128055678324268, 1.0020142613457823, 123.04365198080062, 0.9864740144323954, 0.9985680697226298]
00232831,93048,390346,740,1;[60347, 1074, 1.0041203919890753, 0.9799737843213558, 68.8031668473261, 0.9893269121354705, 1.0045276737411568]
00232831,93048,390346,740,2;[26282.34, 714, 1.0320528336306802, 1.014372897938292, 140.43680277580415, 0.9847081607347733, 9999]
00232831,93048,390346,740,3;[48303.46000000001, 810, 1.1451752258466206, 0.9524738607388366, 111.29907984614162, 0.9886044851043795, 1.0053033759124088]
00232831,93048,390346,741,1;[58549, 1054, 1.0054455670794802, 0.9721401613657598, 71.84338526471858, 0.9899833681219329, 1.006091640962634]
00232831,93048,390346,741,2;[26754.77, 714, 1.0341519316231074, 1.0048081338552852, 159.3327943069655, 0.9804418482813829, 1.0053435285174503]
00232831,93048,390346,741,3;[59377.170000000006, 910, 1.009236585552549, 0.9801747544230137, 119.60868056295885, 0.9820228240271109, 1.0022546741128724]
00232831,93048,390346,742,1;[60220, 1068, 1.0074655194483435, 0.9772295374079115, 65.41557014703079, 0.9913233628504808, 1.006005629755849]
00232831,93048,390346,742,2;[36023.68, 754, 1.1820072772154882, 0.975194568199687, 145.89823339616314, 0.9858882366313425, 1.007957912962408]
00232831,93048,390346,742,3;[30371.530000000002, 664, 1.0089733402220478, 0.9955065153366602, 110.20559259267367, 0.9896436106369197, 1.003848940409346]
00232831,93147,390953,359,1;[28614, 804, 1.0032679635817676, 0.9797642027110547, 76.11960080236409, 0.9935266967839056, 1.0029442691903259]
00232831,93147,390953,359,2;[32495.329999999998, 730, 1.0010910926167107, 1.0181539503852286, 138.38844875947652, 0.9872961394964037, 1.0066911209009972]
00232831,93147,390953,359,3;[44651.04, 780, 1.1265940771710539, 0.9490983104198878, 135.99181647196534, 0.9850378115291741, 1.0061277725469615]
00232831,93165,391039,287,1;[39866, 864, 1.0298398293658304, 0.9959000629021967, 86.7554628668432, 0.992586344484783, 0.9994735126733021]
00232831,93165,391039,287,2;[58477.79, 974, 1.0269415973797502, 0.9712203717647845, 110.17502078317794, 0.9861528678999373, 1.0036866453569715]
00232831,93165,391039,287,3;[47685.590000000004, 804, 1.0360607644632402, 0.94115180619928, 106.98442230112188, 0.9887037694940279, 9999]
00232831,93165,391039,289,1;[28699, 810, 1.00818441333912, 0.9786705332760606, 77.15163995602295, 0.9933617731220881, 0.9997039101280153]
00232831,93165,391039,289,2;[29376.34, 706, 1.0029025862775742, 1.0184988224387705, 115.10771404046059, 0.9898791421656763, 1.0058060178866095]
00232831,93165,391039,289,3;[29242.65, 658, 1.0054347153086407, 1.016919426240819, 136.91117619523283, 0.9875221844265234, 1.0027482207032625]
00232831,93165,391039,290,1;[29374, 836, 1.0333035036256313, 0.9688302861139513, 84.38927192001452, 0.9925713888783438, 1.00454840805718]
00232831,93165,391039,290,2;[48306.86, 868, 1.1486846561401474, 0.9733066559966124, 138.39645165229948, 0.9857525522417887, 1.0036095727848102]
00232831,93165,391039,290,3;[28849.460000000003, 652, 1.0052699092288533, 1.0203944978101065, 115.91342784668967, 0.98962519814608, 1.003669987131214]
00232831,93328,391868,72,1;[53913, 1002, 1.0197885864858176, 0.9823802569413564, 73.40299224254385, 0.9925419384832258, 1.0061398925052254]
00232831,93328,391868,72,2;[30416.399999999998, 710, 1.0438726826922544, 0.9772929921499058, 127.79972348039183, 0.989214036519754, 9999]
00232831,93328,391868,72,3;[54501.340000000004, 870, 1.009712309967718, 1.0058363780854904, 98.19940865914353, 0.988407161462243, 9999]
00232831,93328,391868,73,1;[53548, 998, 1.0189524065939604, 0.9797690597906243, 70.54455465725476, 0.9923345736926806, 1.0058606957697798]
00232831,93328,391868,73,2;[32314.449999999997, 730, 1.0032959324346369, 1.0173005886922057, 119.24168662801405, 0.9887060503406242, 1.0007739367583106]
00232831,93328,391868,73,3;[56224.8, 882, 1.0097929346542687, 1.0019868142286004, 108.93376190051036, 0.985441320762081, 9999]
00232831,93328,391868,74,1;[58872, 1058, 1.0073440151434425, 0.9871881459772484, 66.68563326524257, 0.9914655171775439, 1.0050875815208113]
00232831,93328,391868,74,2;[56247.729999999996, 944, 1.126253123694444, 0.9646773931279856, 122.14461848641795, 0.984343955618227, 1.0040039508480516]
00232831,93328,391868,74,3;[54302.69, 864, 1.013030303116915, 1.0093036032740614, 115.46933163720168, 0.98485697905831, 9999]
00236683,93026,390254,285,1;[64897, 1162, 0.8963368703322728, 1.2183853081758376, 597.4072147536523, 0.8989622045180786, 0.997670968584979]
00236683,93026,390254,285,2;[63899.43, 1088, 0.88279605279225, 1.1669173179368035, 687.6252383263844, 0.8561036678773236, 0.9979278366800785]
00236683,93026,390254,285,3;[62998.08, 1026, 0.8724861808634222, 1.1462304604636613, 477.53626792143336, 0.8912045056441245, 0.9973322922766608]
00236683,93027,390265,359,1;[65010, 1234, 0.8963836176640538, 1.168149733389122, 588.7646334944752, 0.876576323213372, 0.9996079064510921]
00236683,93027,390265,359,2;[63329.42, 1172, 0.8722834267262409, 1.3744132304889976, 811.2780416461782, 0.8789933373649661, 0.9967690881336567]
00236683,93027,390265,359,3;[64039.280000000006, 1110, 0.8752503306714794, 1.2607893360585687, 730.6566746111167, 0.906247409796963, 0.9980783191698339]
00236683,93032,390303,79,1;[64084, 1312, 0.883011742050798, 1.2912871714364584, 268.94763745587096, 0.9133944969761918, 0.9972688863125296]
00236683,93032,390303,79,2;[62079.92, 1082, 0.8815052374057251, 1.2447192829726832, 397.38154880436065, 0.9006467679184194, 1.0009209516500384]
00236683,93032,390303,80,3;[63635.130000000005, 1136, 0.8704188168610484, 1.2765842202638427, 618.6186577698837, 0.9267038002201853, 0.9954032595068951]
00236683,93032,390303,81,1;[65182, 1222, 0.8845825357301805, 1.253814231694861, 436.65751315797803, 0.9024325561089953, 0.9954869993509221]
00236683,93032,390303,81,2;[60467.469999999994, 1070, 0.8658963652934529, 1.3236490956893558, 415.1546219052248, 0.8831104988944727, 0.9955720135582594]
00236683,93032,390303,82,3;[60681.41, 1002, 0.8646670726583039, 1.236890745793808, 413.0430619188642, 0.895977356431816, 0.9920933566276934]
00236683,93032,390303,83,1;[65190, 1240, 0.8856361340584233, 1.336348925504289, 421.8157871130205, 0.9179699132432548, 0.9945383535729542]
00236683,93032,390303,83,2;[63473.409999999996, 1108, 0.880705724041829, 1.1517486320231045, 936.4060692327542, 0.8892920877813058, 0.9974381030742763]
00236683,93032,390303,83,3;[63620.060000000005, 1086, 0.8776824258320373, 1.2010975539393451, 632.373901310016, 0.932411605387967, 0.9935599820278568]
00236683,93051,390358,937,1;[61910, 1138, 0.8881777418456696, 1.3158803350304593, 191.94476886811364, 0.9332287887186778, 1.0035906206181056]
00236683,93051,390358,937,2;[61018.439999999995, 1108, 0.8744115177055395, 1.2886368708134575, 416.8174297521665, 0.8915586599846775, 9999]
00236683,93051,390358,937,3;[61560.950000000004, 966, 0.877243343342936, 1.162882267156796, 350.0519987317953, 0.9193836774930555, 0.9962310165170158]
00236683,93078,390512,47,1;[62003, 1166, 0.8984033152613793, 1.421216003534498, 222.0834782523327, 0.932324088329441, 0.9965764433586216]
00236683,93078,390512,47,2;[64851.43, 1158, 0.8730279854116749, 1.169443966109788, 818.8359163722441, 0.8605912354463219, 0.9972094895653209]
00236683,93078,390512,47,3;[63713.22000000001, 1070, 0.8713599068622755, 1.156260139954396, 363.6832766722085, 0.9245821144862727, 0.997929295638646]
00236683,93078,390512,49,1;[62757, 1248, 0.8806822073163417, 1.3655628375229387, 291.7005471112284, 0.9308936894344648, 0.9898424315073895]
00236683,93078,390512,49,2;[62070.399999999994, 1146, 0.8777771267882485, 1.3229664281527502, 421.0606639502385, 0.9063259873638182, 0.9963420341346475]
00236683,93078,390512,49,3;[65910.70000000001, 1050, 0.8768575047476552, 1.2247830161026592, 788.4647293313469, 0.8942845465139775, 0.9974602187321826]
00236683,93078,390512,50,1;[61924, 1150, 0.8810465426974625, 1.3914188745424354, 213.8200019221468, 0.9351294831793443, 0.9981302385557704]
00236683,93078,390512,50,2;[65937.9, 1150, 0.879228667524834, 1.179293606603073, 824.4007872140987, 0.8489372623533138, 0.9963318588844535]
00236683,93078,390512,50,3;[66360.06000000001, 1022, 0.8702875750297601, 1.1372706087217193, 861.5471674866211, 0.8701131027160595, 1.0023072227452847]
00236683,93098,390636,1213,1;[66424, 1244, 0.8823566767419234, 1.2142968859041916, 308.83078904861543, 0.8957330070359494, 0.9993380273214179]
00236683,93098,390636,1213,2;[65266.74, 1126, 0.8933927484060082, 1.2840118591047747, 875.6931159719495, 0.8581356473660497, 1.0014607603257495]
00236683,93098,390636,1213,3;[65509.29000000001, 1070, 0.873847573315857, 1.18952807666033, 761.6841148447202, 0.9046977956138212, 0.9943334823610144]
00236683,93098,390636,1214,1;[64254, 1292, 0.8798340578149664, 1.4185855049254117, 354.04704705750584, 0.9389706014256528, 0.9968196838300315]
00236683,93098,390636,1214,2;[64413.509999999995, 1112, 0.8841799100241723, 1.185020667030353, 814.5381436463231, 0.8548762815733646, 0.9979719390106749]
00236683,93098,390636,1214,3;[63554.3, 1080, 0.8725345513198169, 1.3418491871000942, 573.436488312685, 0.915630657414964, 0.9923631462981581]
00236683,93099,390639,1320,1;[65733, 1174, 0.8986561124046707, 1.1888863137764243, 524.71293379162, 0.8909896119273859, 1.000334799348663]
00236683,93099,390639,1320,2;[64945.439999999995, 1110, 0.8799012392870388, 1.211244114648881, 500.3592752505392, 0.8843490229777067, 0.9975689557476832]
00236683,93099,390639,1320,3;[64221.490000000005, 1086, 0.8771087575357576, 1.1782370262963473, 420.12826866959915, 0.914358419458132, 0.9936620315414617]
00236683,93099,390639,1321,1;[65480, 1300, 0.8724248348033831, 1.2238853834367018, 405.04023958956503, 0.9273045058082094, 0.9972965769333283]
00236683,93099,390639,1321,2;[62571.39, 1128, 0.8732663509695608, 1.2989479846148317, 506.449168846685, 0.8607900347818224, 0.995871133922991]
00236683,93099,390639,1322,3;[60664.97, 960, 0.8918258292316278, 1.1659305552185804, 304.4898032449558, 0.9395602745783597, 0.9997403623638313]
00236683,93103,390670,1523,1;[66007, 1202, 0.8862135690644956, 1.1227076770295574, 539.0951049981684, 0.8570147705480499, 0.9933781811067467]
00236683,93103,390670,1523,2;[62395.27, 1128, 0.8744661556219134, 1.3175950505831138, 451.64267112748917, 0.8726407365729938, 0.9936702863532132]
00236683,93103,390670,1523,3;[64702.36000000001, 1090, 0.8682338163167673, 1.2139867077421442, 760.4879409415294, 0.8519364279323118, 0.9934162091668244]
00236683,93103,390670,1525,2;[63179.479999999996, 1148, 0.8755774904728971, 1.3231910436666334, 440.6480455143491, 0.8949090950326803, 0.9963966669168981]
00236683,93103,390670,1525,3;[64450.280000000006, 1072, 0.8786524256469906, 1.2380248607050208, 794.7149607156023, 0.9022725765178526, 0.9949768937110709]
00236683,93103,390670,1526,1;[64594, 1280, 0.8692302139795223, 1.3064345589587993, 387.3175180665426, 0.9216866545350719, 0.9963366573347833]
00236683,93129,390840,509,1;[63851, 1282, 0.8863538304611583, 1.2824864508734586, 310.17420054510205, 0.9399106307757903, 0.9891788472412645]
00236683,93129,390840,509,2;[62792.729999999996, 1156, 0.8655992666530318, 1.2966369654810306, 598.0539074640125, 0.8907444545283135, 0.9932237845163476]
00236683,93129,390840,509,3;[65155.83, 1070, 0.8798077353627585, 1.207208180569444, 693.4138006979172, 0.9218608231747977, 0.9943860749568763]
00236683,93139,390919,100,1;[65548, 1228, 0.8895657063217315, 1.2174121974362748, 494.76634957258426, 0.901591666436485, 0.9952249003605997]
00236683,93139,390919,100,2;[64462.299999999996, 1176, 0.8687574373580252, 1.3160805760010135, 749.5912923506529, 0.8728901235789747, 0.9998523385876186]
00236683,93139,390919,100,3;[62899.44, 1048, 0.8704034933278246, 1.1903627541986614, 354.52133648183104, 0.9138656498268735, 0.9938737958653534]
00236683,93140,390930,162,1;[64174, 1274, 0.873669116798967, 1.2219762812449149, 318.14095600560046, 0.9407832771655248, 0.9941057556018558]
00236683,93140,390930,162,2;[62256.03999999999, 1108, 0.8758086297832357, 1.284617442261192, 345.67866423307373, 0.9220027450821668, 0.9939582779192158]
00236683,93140,390930,162,3;[64168.060000000005, 1070, 0.8653375047802901, 1.175778012518249, 544.2792229979488, 0.8837986711791864, 0.9959280876896416]
00236683,93140,390930,163,1;[64757, 1294, 0.8689080832153993, 1.3437099942523156, 321.5276598014192, 0.9430963941414967, 0.994830513031255]
00236683,93140,390930,163,2;[64700.299999999996, 1190, 0.8678894662354549, 1.2921604955880843, 715.6913109359365, 0.8801013288764067, 0.9996414749170336]
00236683,93140,390930,163,3;[64600.98, 1086, 0.8652007934289446, 1.1908760180148013, 721.4497155138856, 0.9086264422759408, 0.9967868769289308]
00236683,93140,390930,164,1;[66120, 1190, 0.8928024080834541, 1.1879672972458664, 349.6492563200557, 0.8948358029776258, 0.9994029580030079]
00236683,93140,390930,165,2;[62164.409999999996, 1120, 0.8752461396656094, 1.298778050862342, 346.29783056866313, 0.9093205097922705, 0.9977652991061197]
00236683,93140,390930,165,3;[62617.22000000001, 1048, 0.8756071525749004, 1.1433205584440507, 348.4088358753567, 0.9269208623011866, 0.9946249428764172]
00236683,93174,391097,943,1;[62928, 1236, 0.8851371504840055, 1.4349269202301336, 299.8036945734148, 0.9301702078122605, 0.9953969534475395]
00236683,93174,391097,943,2;[64325.45, 1168, 0.8802286326493914, 1.2679251780083614, 607.869629047859, 0.8870972782303799, 0.9962677970787449]
00236683,93174,391097,943,3;[64610.57000000001, 1052, 0.8809168323652462, 1.192026993741771, 915.8897240293949, 0.8497624850878942, 0.9998092007631969]
00236683,93203,391206,348,1;[66259, 1190, 0.8894026810814899, 1.1508446047025152, 594.0886112205731, 0.8912596097118567, 0.9980268112667571]
00236683,93203,391206,348,3;[64683.18000000001, 1094, 0.8774361244422536, 1.1828319494737503, 463.56244202686634, 0.9045813327238634, 0.9901953587869509]
00236683,93203,391206,349,2;[65912.91, 1094, 0.8899903614837441, 1.2170274147339144, 883.2863549263491, 0.8237073210150379, 1.001093469007835]
00236683,93203,391206,350,1;[62393, 1240, 0.8787493015584305, 1.3128339148304562, 295.70120819668693, 0.9335410441337777, 0.9891953166493591]
00236683,93203,391206,350,2;[64784.78999999999, 1186, 0.8806837105180522, 1.3963042186163492, 714.3957716221242, 0.8977856171105484, 0.9971061741057529]
00236683,93203,391206,350,3;[66107.98000000001, 1110, 0.8779627186987592, 1.2067523980043482, 629.3045444407546, 0.8784160439673843, 0.9945279732890899]
00236683,93203,391206,351,1;[63854, 1268, 0.871032185835836, 1.479426503068035, 318.9796186826759, 0.9362372556116996, 0.9921610976017153]
00236683,93203,391206,352,2;[60755.45, 1072, 0.8829527874848939, 1.2554864592775605, 342.8331537019416, 0.9050124376649543, 0.9934812220276318]
00236683,93203,391206,352,3;[64896.9, 1114, 0.8569397877711894, 1.2417527424010701, 692.591624038142, 0.8946675282111177, 0.9943116223421002]
00236683,93220,391265,336,1;[65533, 1310, 0.8757480096155889, 1.367463148321185, 361.0624601301009, 0.9290297774806068, 0.9930972821021845]
00236683,93220,391265,336,2;[60632.88, 1050, 0.8682370583990296, 1.2168716618617368, 346.1947867002257, 0.8994860601241726, 0.9980021154072158]
00236683,93220,391265,336,3;[64026.950000000004, 1090, 0.8629840702248537, 1.2222749057270437, 655.7167830778669, 0.908215481352808, 0.9938013673141739]
00236683,93220,391265,337,1;[61118, 1124, 0.8808351635338167, 1.2224316677897844, 151.10157403778504, 0.9337813620401505, 0.9949534414273621]
00236683,93220,391265,337,2;[64254.049999999996, 1166, 0.8722362436156592, 1.2337152288179494, 564.8185975037665, 0.8790782291139434, 0.9932763679509938]
00236683,93220,391265,337,3;[64409.18000000001, 1080, 0.8726724947670236, 1.265388216239573, 693.2371551550842, 0.9054723116006371, 0.9945737828032283]
00236683,93222,391274,426,2;[62796.299999999996, 1136, 0.8830140146854797, 1.2618411779405492, 351.3399176267912, 0.9240262330636166, 0.9985146219854868]
00236683,93222,391274,426,3;[64573.58, 1060, 0.8698739445591321, 1.2390712166734024, 806.0081702436511, 0.9022446887703707, 0.9947974377644812]
00236683,93222,391274,427,1;[65596, 1204, 0.8814352650098592, 1.1250380127803834, 426.6307949767584, 0.9036493789843961, 0.999078537540076]
00236683,93222,391274,428,3;[65283.240000000005, 1108, 0.8695688977103744, 1.2047253991752296, 663.4549987691171, 0.9024267478443797, 0.9949367881489524]
00236683,93222,391274,429,1;[65683, 1302, 0.8898643963502091, 1.2157433048057757, 263.5146465566555, 0.9138523580591842, 0.9900666244611257]
00236683,93222,391274,429,2;[65128.7, 1114, 0.8920105206580566, 1.2152927457141203, 901.9103499453104, 0.8625949441156302, 1.0004935743926293]
00236683,93260,391459,217,1;[61886, 1206, 0.88409827167143, 1.4305143674075829, 243.25219511796246, 0.9397923110539514, 0.9929323802876786]
00236683,93260,391459,217,2;[63468.649999999994, 1168, 0.8773761500382609, 1.303462920522043, 423.0964271691172, 0.9175794943361034, 0.9939989190599549]
00236683,93260,391459,217,3;[61080.08, 1002, 0.8684022285641108, 1.183091136102187, 330.8801757872058, 0.916625577751276, 0.9937478407203914]
00236683,93260,391459,218,1;[61371, 1146, 0.8861261793421696, 1.3227932692907638, 233.6975189654019, 0.9138117041258418, 0.9979592334523103]
00236683,93260,391459,218,2;[65415.49, 1146, 0.8806046328095137, 1.2456073480301915, 888.1625960645373, 0.8361238909296961, 0.9979485876116476]
00236683,93260,391459,219,3;[65165.420000000006, 1002, 0.8855295886816785, 1.201654730491485, 874.0681197302487, 0.8664653855605965, 1.0001682156524665]
00236683,93314,391804,1,1;[61200, 1184, 0.8911802629893917, 1.382171928150076, 230.7785941011806, 0.9282939375778478, 0.9964830011723329]
00236683,93314,391804,1,2;[63119.979999999996, 1172, 0.8732368986285801, 1.2855284088582624, 778.1732000879881, 0.8841258201664252, 0.9969738548578088]
00236683,93314,391804,1,3;[62554.200000000004, 1048, 0.8706816695963225, 1.2236399679595413, 396.73644698103055, 0.9037575184900603, 0.9935482467115642]
00236683,93314,391804,2,1;[60876, 1180, 0.8846231316147987, 1.3470361909588835, 237.77139752352406, 0.9341344635075844, 0.9983027082872112]
00236683,93314,391804,2,2;[63148.53999999999, 1058, 0.8865645945619125, 1.2173674482590253, 625.6957682754448, 0.8446343329217425, 1.0054568191291826]
00236683,93314,391804,2,3;[61967.840000000004, 1040, 0.8630861857690876, 1.2021879598329055, 462.1138465086889, 0.8699951446873627, 0.9957841205543386]
00236683,93331,391886,297,1;[64499, 1258, 0.8861004128455874, 1.1767130557255576, 486.22112839956037, 0.882567298345443, 0.9920557405541756]
00236683,93331,391886,297,2;[63365.119999999995, 1142, 0.8718246979181136, 1.2238753766468728, 720.7594945839151, 0.8495607612385334, 0.9981722919458998]
00236683,93331,391886,297,3;[60114.23, 962, 0.8786204077621724, 1.2399047265569842, 333.37371361298034, 0.9318307664323562, 1.000205151584226]
00236683,93341,391961,155,1;[64154, 1280, 0.8792525968196029, 1.2928483788835097, 374.536365774355, 0.935168653948244, 0.9960873210570443]
00236683,93341,391961,155,2;[62858.18, 1052, 0.8910501307441899, 1.1703169142364331, 1016.6524047850945, 0.8434156386230575, 0.9998391080909702]
00236683,93341,391961,156,3;[63548.82000000001, 1042, 0.8926078558902395, 1.1802893869861124, 792.7012788894507, 0.8845421833110562, 0.9976556618991289]
