02314894,93025,390245,128,1;[89999, 1448, 1.1981698544409995, 0.9826765842014754, 85.26419572145754, 0.9919753803991983, 0.9939039878079756]
02314894,93025,390245,128,2;[97580.0, 1390, 1.0132388845679348, 1.0211278992591952, 124.90615128963486, 0.9867499075963715, 1.0039853320191736]
02314894,93025,390245,128,3;[91694.1, 1258, 1.015836586926882, 1.0070527009642305, 146.01885276028682, 0.9810913538047299, 1.0015937507014747]
02314894,93052,390371,958,1;[92992, 1408, 1.0804412444809859, 0.9853814913867166, 104.71883115229981, 0.9893956865680903, 0.9956583420327096]
02314894,93052,390371,958,2;[94476.48, 1296, 1.0329242036300972, 0.9865790970690822, 90.87941693626232, 0.9880910391249972, 1.0082676115365565]
02314894,93052,390371,960,3;[79227.1, 1270, 1.0396375597436849, 0.8809422971009025, 103.44936151269852, 0.9896833628922358, 1.006325424377681]
02314894,93052,390371,961,1;[89992, 1428, 1.1643529089653348, 0.9997276983255192, 104.07832721621207, 0.9900245728422055, 9999]
02314894,93052,390371,961,2;[86673.65, 1382, 1.0065148816179912, 1.0206119245450678, 112.43931266448558, 0.9894040023199309, 1.001877617832555]
02314894,93052,390371,961,3;[97379.6, 1220, 1.0522840445507529, 0.9602194896270276, 96.56068248114526, 0.9847599296188583, 28432.0]
02314894,93052,390371,963,1;[86278, 1522, 1.038751457741448, 0.9859085224058353, 69.5225715760089, 0.9942152484785305, 0.9899033938364808]
02314894,93052,390371,963,2;[96256.72, 1322, 1.0194215131962527, 1.0165584553807387, 137.801527021652, 0.9835507173148632, 1.00764252658067]
02314894,93052,390371,963,3;[96959.01000000001, 1218, 1.0162245740082114, 1.0067957312696656, 126.82422542600021, 0.9842270389856945, 9999]
02314894,93064,390415,1204,1;[95960, 1446, 1.1562014482143395, 0.9984848064099107, 110.48113739591848, 0.9896160354618124, 1.0053220466831496]
02314894,93064,390415,1204,2;[92695.05, 1332, 1.0191229049633672, 1.0167945897288722, 126.68654617052425, 0.9865114104530969, 1.00586902202336]
02314894,93064,390415,1204,3;[96704.19, 1208, 1.0165814751223623, 1.0076193195412106, 118.91850641050156, 0.9859229538330015, 1.0052121160336651]
02314894,93064,390415,1207,1;[85984, 1518, 1.266544568754496, 0.9589402164643724, 73.00755621159361, 0.9944382787584224, 0.9933227051130982]
02314894,93064,390415,1207,2;[96265.05, 1282, 1.018876135430569, 1.0135091519565118, 123.47988407731889, 0.9864741395197212, 1.0068141510314572]
02314894,93064,390415,1207,3;[97002.85, 1190, 1.060492051154045, 0.973329306122849, 110.24525633703495, 0.9858334986287051, 9999]
02314894,93064,390415,1209,1;[97211, 1528, 1.024764135158814, 0.9785898818944477, 56.898330187494125, 0.9924670885282515, 0.9900547422024188]
02314894,93064,390415,1209,2;[93939.79, 1330, 1.061849952256935, 0.9966329944325679, 166.46766853863943, 0.9779458872516869, 1.0059894738183532]
02314894,93064,390415,1209,3;[88612.97, 1272, 1.015082094736506, 1.0031813446147715, 79.66211160845643, 0.9921453851729434, 9999]
02314894,93064,390421,1212,1;[89195, 1484, 1.008479198262913, 0.9965095134374863, 89.30705209241059, 0.9922764160567877, 0.9935781400555855]
02314894,93064,390421,1212,2;[89434.45, 1308, 1.0459432851583441, 0.9879529187381425, 116.06904786866289, 0.9808705100659358, 1.0054853167435949]
02314894,93064,390421,1212,3;[91917.41, 1208, 1.028980688171137, 0.9310902357895505, 162.4483589962965, 0.9767175848923273, 9999]
02314894,93064,390421,1214,1;[89697, 1432, 1.0213424754180624, 0.9796774970791389, 57.068841912524405, 0.9931182185585026, 0.9958698331279352]
02314894,93064,390421,1214,2;[84883.89, 1368, 1.0170072967298345, 1.015619269650156, 105.68092343332094, 0.9885548308890445, 0.9983903927441704]
02314894,93064,390421,1214,3;[88025.24, 1244, 1.1036844167357998, 0.9575907098649552, 132.752555124489, 0.9820483245541836, 25700.8]
02314894,93067,390436,46,1;[97006, 1414, 1.0891318697767636, 0.9840784705986165, 118.6880376102554, 0.9884402638371695, 1.0042288879111778]
02314894,93067,390436,46,2;[92953.28, 1372, 1.015095157074483, 1.027963318699158, 147.9443276876485, 0.9858682094313059, 0.9996224797322806]
02314894,93067,390436,47,3;[95546.54000000001, 1196, 1.0385474841107014, 0.963793080463771, 89.36755438869417, 0.9873187184504365, 1.0040671182487637]
02314894,93067,390436,49,1;[98533, 1418, 1.1734420350904353, 0.9932290235821111, 111.27259859351338, 0.9892571662045957, 0.9998985214576378]
02314894,93067,390436,49,2;[85299.2, 1332, 1.0566189040646912, 0.9745928408051219, 132.38843526479022, 0.9840291097110769, 9999]
02314894,93067,390436,49,3;[97834.44, 1240, 1.0567354917736311, 0.9655241140832986, 124.6568325206607, 0.9821740601681561, 1.0015146415348368]
02314894,93070,390459,224,1;[93854, 1538, 1.0186924209383181, 0.9901986403925006, 42.99880598042174, 0.9939198102611984, 0.9881240656124318]
02314894,93070,390459,224,2;[85728.79, 1396, 1.0110006026966827, 1.0244494469487266, 133.9629628232756, 0.9852927277309185, 0.9953989001575151]
02314894,93070,390459,227,1;[84091, 1532, 1.0259120768205396, 0.9688657912825821, 66.51204437502805, 0.9945121483490321, 0.957739901937894]
02314894,93070,390459,227,2;[85031.45, 1392, 1.0526131853150797, 0.9738081612536829, 126.62320760838284, 0.9857329571707361, 0.9965412883700822]
02314894,93070,390459,228,3;[88351.3, 1260, 1.0373908914150016, 0.937431839540583, 60.1468735875876, 0.9930277169868228, 9999]
02314894,93070,390459,230,1;[93272, 1402, 1.1419387186504513, 0.9891683609196187, 107.19713008008078, 0.9902535108332132, 0.9839181826333251]
02314894,93070,390459,230,2;[98294.0, 1408, 1.0107908676326058, 0.9954266781947654, 146.83279054329222, 0.9846228588219093, 1.0019468822591113]
02314894,93070,390459,230,3;[88422.54000000001, 1212, 1.0572654096800387, 0.9512197058696148, 120.62259662151267, 0.9815802610434817, 0.9993883697343666]
02314894,93071,390464,286,1;[89511, 1510, 1.0785497942716546, 0.9769803751627912, 96.63498303115317, 0.990549088647568, 0.9739513628203036]
02314894,93071,390464,286,2;[92765.26, 1358, 1.016094776562351, 1.0280624905327558, 148.5535637778213, 0.9857700818206396, 1.0060462925321512]
02314894,93071,390464,286,3;[85783.92000000001, 1240, 1.0658141204654163, 0.9498732942817047, 113.29807354594406, 0.9851805737188365, 9999]
02314894,93071,390464,288,2;[85543.15, 1378, 1.042931755825638, 0.9720322415686591, 113.63171300938976, 0.987977913744339, 0.9989994024208902]
02314894,93071,390464,288,3;[95164.31000000001, 1186, 1.0149051815553245, 1.0055169266598625, 141.7220640321629, 0.982386072163062, 1.0073525146470212]
02314894,93071,390464,290,1;[86342, 1536, 1.2477459014073067, 0.9749869795004893, 69.1813050476719, 0.9947042239675189, 9999]
02314894,93071,390464,291,1;[90749, 1542, 1.0580802086838526, 0.9829475117544171, 84.53193798984017, 0.9905555259970844, 0.9854809634472124]
02314894,93071,390464,291,2;[85744.26, 1374, 1.0415730605548312, 0.9840792570964989, 110.75119613324695, 0.9873659162651605, 1.0070158765652952]
02314894,93071,390464,291,3;[98302.98000000001, 1250, 1.0647257521234355, 0.9583038718937489, 114.93919287962231, 0.9839019051961698, 9999]
02314894,93076,390497,531,1;[87076, 1540, 1.0439431936787376, 0.980181111964178, 67.87066152586182, 0.9916198425817169, 0.9534999589367352]
02314894,93076,390497,531,2;[89392.8, 1366, 1.0230835062803587, 1.0276466639156148, 147.48605043328988, 0.982241709321873, 9999]
02314894,93076,390497,534,1;[85132, 1520, 1.0293648495428704, 0.9894326595696589, 69.65540302182384, 0.9939267605760581, 0.962743069102588]
02314894,93076,390497,534,3;[84652.3, 1144, 1.042138662287588, 0.953061641099912, 85.72098343921016, 0.9879784166358028, 1.0061551488308473]
02314894,93076,390497,535,2;[99248.37999999999, 1410, 1.0168926152888265, 1.0238907083605313, 151.71381002683367, 0.981809827861409, 1.0068449326975313]
02314894,93079,390520,65,1;[85064, 1460, 1.0283207171485265, 0.979838062531924, 58.02933704369624, 0.9946968893628555, 0.9814869300841713]
02314894,93079,390520,65,2;[85301.58, 1386, 1.0122996189673288, 1.0231408658975796, 119.48219013929302, 0.9890352418555737, 1.000076733657475]
02314894,93079,390520,66,3;[94224.49, 1194, 1.029400328023117, 0.9650619983172626, 60.12495303887885, 0.9921389324750349, 1.0062472567666423]
02314894,93079,390520,67,1;[96432, 1568, 1.0569251703558307, 0.9789734881425821, 79.82313933038651, 0.9907673492308612, 9999]
02314894,93079,390520,67,3;[90640.57, 1188, 1.040081625544377, 0.9576452674300701, 95.64920090472975, 0.9864691410252389, 1.0023938305834583]
02314894,93079,390520,68,2;[90113.94, 1388, 1.0103963312424669, 1.0236273447846604, 119.04839309325331, 0.9892078433156952, 1.0070951225188682]
02314894,93079,390520,69,1;[88046, 1518, 1.0700149808696158, 0.9737452908936645, 86.46328165897064, 0.9913204445534143, 0.9724595342364383]
02314894,93079,390520,69,2;[97213.48, 1294, 1.0495028688151389, 0.9752868117397592, 154.04144792185366, 0.9797930785886403, 9999]
02314894,93079,390520,69,3;[86292.19, 1296, 1.0019167913007714, 1.0128206591643318, 76.30485673394035, 0.9927652853400623, 9999]
02314894,93084,390558,450,1;[85101, 1456, 1.0250913857841821, 0.9696038084895515, 58.79755165136693, 0.9942080497253064, 0.9834400351307001]
02314894,93084,390558,450,2;[91447.93, 1418, 1.0042186911562925, 1.0256838234908754, 122.41573582979355, 0.9890111611210776, 1.0078295081967212]
02314894,93084,390558,450,3;[85827.76000000001, 1286, 1.0580313959943402, 0.9492875140331579, 132.40422055217397, 0.9826357231575239, 0.9976511055728515]
02314894,93084,390558,453,2;[95511.78, 1422, 1.0116244560994374, 1.0273482726790095, 135.13350436638012, 0.9859349294414848, 1.0059092247823989]
02314894,93084,390558,454,1;[86575, 1424, 1.034340905825964, 0.9779288778950098, 62.12986103270344, 0.9930688916275567, 0.9906796583113532]
02314894,93084,390558,454,3;[90772.09000000001, 1176, 1.0312439818586407, 0.9705324666019045, 78.50795110898403, 0.9883415758637931, 1.0038939393939394]
02314894,93092,390592,722,1;[97833, 1418, 1.0326989263660928, 0.9911574044057547, 62.84047177326267, 0.992709791816654, 0.9930116776541161]
02314894,93092,390592,722,2;[97725.18, 1400, 1.0177395543390733, 1.020002433983801, 140.3809790118287, 0.9837091950042011, 1.0068906326630702]
02314894,93092,390592,722,3;[83922.09000000001, 1272, 1.0136306524264245, 1.0132105154839277, 84.13333264119132, 0.991791613205995, 9999]
02314894,93092,390592,724,1;[89299, 1438, 1.028980236860468, 0.9883296122444784, 58.926018430598965, 0.9931735771065218, 9999]
02314894,93092,390592,724,3;[94909.49, 1316, 1.0129157910225601, 1.0132606086614682, 81.65036439855663, 0.9918709051419464, 9999]
02314894,93092,390592,725,2;[93495.92, 1322, 1.05545885244932, 0.9907097692313659, 170.29500967098963, 0.9752292508428924, 1.0064691339046667]
02314894,93097,390626,1050,3;[96319.22, 1318, 1.0105034191854427, 1.0137362920937525, 90.74286804458019, 0.9909984326948545, 0.99882793354028]
02314894,93097,390626,1051,1;[92485, 1524, 1.0657620607908094, 0.9808392070124801, 97.30172032632316, 0.988430707753124, 0.9980305932500607]
02314894,93097,390626,1051,2;[85205.19, 1366, 1.014287717338286, 1.0220546172696432, 122.74830347375966, 0.9869841860780699, 0.9968535508931182]
02314894,93097,390626,1053,1;[90497, 1506, 1.0686085222586785, 0.9868384389146113, 84.83487346884807, 0.9895441377374776, 0.9975143983025159]
02314894,93097,390626,1053,2;[85371.79, 1316, 1.0481235191260334, 0.9839859129552336, 159.44779422697633, 0.9789515368032701, 1.003812868606449]
02314894,93097,390626,1053,3;[97600.17000000001, 1234, 1.0604649547577505, 0.9604424802022262, 105.51671374733611, 0.9840103179436249, 28496.4]
02314894,93097,390626,1055,1;[98833, 1510, 1.057058103513136, 1.0018124425714774, 70.48415600082083, 0.9904595572059223, 0.9860964914468728]
02314894,93097,390626,1055,2;[85649.06, 1388, 1.1784194933728034, 0.9750378426790561, 128.79858198956396, 0.9853006190129511, 0.9962350856794839]
02314894,93115,390752,59,1;[98755, 1422, 1.0508060874416718, 0.9860329200579958, 65.50820449336285, 0.9920038674682583, 0.9944915510261626]
02314894,93115,390752,59,2;[98623.62999999999, 1290, 1.0283569718574757, 1.0082334239087087, 183.8340048776692, 0.9773120238785918, 1.0085857018552662]
02314894,93115,390752,59,3;[93058.62000000001, 1170, 1.0119423992799814, 1.0038956997756032, 136.20900915571676, 0.9833466675068918, 1.0067510986282895]
02314894,93115,390752,63,1;[86119, 1518, 1.0195565531958657, 0.9834667433088317, 64.1443881788383, 0.9937981201428123, 0.9779804219945945]
02314894,93115,390752,63,2;[98646.23999999999, 1402, 1.0557047141531413, 0.990977527354589, 130.63216641864136, 0.9844469084157239, 1.0056959836945643]
02314894,93115,390752,63,3;[96226.06000000001, 1282, 1.0616769566461122, 0.9637520245102332, 138.83455324916312, 0.9792870439412814, 9999]
02314894,93115,390752,65,2;[96188.89, 1332, 1.0191866837176875, 0.9168378593779148, 163.96397367273627, 0.981375141325961, 1.0051794141603816]
02314894,93115,390752,65,3;[94408.07, 1258, 1.0537120511549631, 0.9561435166834986, 84.62901002948624, 0.9904632945988355, 9999]
02314894,93115,390752,66,1;[82571, 1322, 0.9997071728629128, 0.9753274779312614, 52.0398656887536, 0.9936757352901411, 0.9937657210942483]
02314894,93117,390762,120,2;[97436.01, 1374, 1.0202709133489654, 1.0265406614728114, 163.57376890818134, 0.9824906598807672, 1.007307621332349]
02314894,93117,390762,120,3;[92240.73000000001, 1278, 1.0198449064425525, 1.0159089575787528, 152.75151244939113, 0.9817383752735173, 1.0041386098744995]
02314894,93117,390762,121,1;[85589, 1512, 1.0055691376450748, 0.9708364041678127, 63.530846573652944, 0.9938329396717728, 0.9834707420068369]
02314894,93117,390762,123,2;[94261.09, 1344, 1.0428515832687786, 0.9863364083782729, 131.8789914408671, 0.9838731612118875, 1.000088379374779]
02314894,93117,390762,123,3;[86148.34000000001, 1282, 1.0177100261668757, 0.8945664035958456, 140.8411298341484, 0.9828185705724102, 0.9949211271616853]
02314894,93117,390762,124,1;[86965, 1522, 1.0196686503135868, 0.9884872829038021, 67.8620567755787, 0.9930673759384359, 0.9817124795394254]
02314894,93117,390762,126,1;[84318, 1542, 1.0052272466369374, 1.0151490458952355, 66.49957206032946, 0.9954287476037369, 1.0003499884325857]
02314894,93117,390762,126,2;[99606.56999999999, 1316, 1.1421101489121535, 0.9915331906143401, 173.27241607595272, 0.979887047969538, 1.0018312387791741]
02314894,93117,390762,127,3;[89314.41, 1250, 1.0391521608512182, 0.9454544343990653, 62.762934019265806, 0.9933147399343175, 9999]
02314894,93118,390772,189,2;[97669.25, 1372, 1.030217979338191, 0.9853877687824416, 140.17347662221124, 0.9838625354096302, 1.0086827212004645]
02314894,93118,390772,189,3;[88141.69, 1290, 1.020389594583405, 0.9078921855805475, 150.99090365917584, 0.9812170285387455, 1.0029463116542994]
02314894,93118,390772,190,1;[85557, 1532, 1.0349326341015241, 0.9749581029552319, 67.63478152947964, 0.9943029946772093, 0.967680640618903]
02314894,93118,390772,191,1;[89971, 1396, 0.9956133659395576, 0.9864792104639706, 33.26202903018444, 0.995379439102662, 0.996180078834315]
02314894,93118,390772,192,2;[97234.9, 1346, 1.0181783507247029, 1.0225647110369978, 145.55048196572895, 0.9837193965072429, 1.0078011778853566]
02314894,93118,390772,193,3;[88392.40000000001, 1294, 1.0178082033783253, 0.8814371485155388, 129.616913637256, 0.9844006890215552, 9999]
02314894,93121,390784,1542,1;[85357, 1514, 1.296461308802585, 0.9838392332566425, 71.03167043165861, 0.9943606753460786, 0.9839083374638341]
02314894,93121,390784,1542,2;[84542.36, 1384, 1.1847488270368773, 0.9688123900963178, 124.11195174632803, 0.9857968063162617, 9999]
02314894,93121,390784,1543,3;[83738.51000000001, 1278, 1.009039208906845, 0.8179588006448348, 91.8297665175911, 0.9910709003492726, 0.993716417789122]
02314894,93121,390784,1544,2;[84999.31999999999, 1380, 1.1862846362576989, 0.975633412673809, 127.44824668734708, 0.984649818944515, 0.9978416512415744]
02314894,93121,390784,1545,1;[87587, 1506, 1.0179204918091118, 0.9732632344322497, 71.77866319063868, 0.9918981981394002, 0.9968133656549103]
02314894,93121,390784,1545,3;[94901.27, 1256, 1.0484666773225921, 0.9546909837194416, 67.17056686801087, 0.9912338578579423, 1.0062828213862882]
02314894,93123,390801,1742,1;[85982, 1414, 1.0784683100286212, 0.9890519372165297, 80.20492289811897, 0.9924862895801877, 0.993816244206341]
02314894,93123,390801,1742,2;[96923.12, 1304, 1.018493776466081, 1.0179695679274758, 179.3977536910756, 0.9787539323856114, 1.0113304070875577]
02314894,93123,390801,1742,3;[97246.71, 1274, 1.0143111525506674, 1.012756646403879, 109.51459539521935, 0.9884862325876962, 1.0021742506600404]
02314894,93123,390801,1744,1;[91529, 1498, 1.0801917221548698, 0.9861395502084295, 101.12595489079192, 0.9887964346237026, 0.9992685270099131]
02314894,93123,390801,1744,2;[97835.84999999999, 1310, 1.0182536028117848, 1.0147722039814948, 164.67470182348555, 0.9809313089092796, 1.0080679769976826]
02314894,93123,390801,1744,3;[97301.51000000001, 1248, 1.0189066349942797, 1.0098740509352504, 135.04141670625347, 0.9826627289911193, 1.0033481196846834]
02314894,93124,390810,1787,2;[86061.98999999999, 1386, 1.016224304620318, 0.8794960089839289, 131.2510959605055, 0.985472741816936, 9999]
02314894,93124,390810,1787,3;[91906.45000000001, 1286, 1.0536872449475019, 0.9742666877062564, 103.66612135920612, 0.9843970374590599, 9999]
02314894,93124,390810,1788,1;[86633, 1508, 1.043907594826083, 0.9948832324641297, 68.7834519996538, 0.991197626184593, 0.9750423464133573]
02314894,93124,390810,1790,1;[84532, 1516, 1.0239241940621464, 0.9871249545932302, 70.09888376684566, 0.9935580426185933, 0.9874080130825839]
02314894,93124,390810,1790,2;[87341.23999999999, 1352, 1.0366362967211324, 0.9902543490483381, 173.2157765459157, 0.9746131760280543, 1.007156138292544]
02314894,93124,390810,1790,3;[86468.92000000001, 1184, 1.0408602720268383, 0.9517910159708755, 61.43693692227133, 0.9924321007440156, 1.0047438632239167]
02314894,93129,390846,491,1;[88039, 1520, 1.2022438747848267, 0.9612791495608732, 78.08476940791184, 0.9935029736065104, 0.9857190041930481]
02314894,93129,390846,491,2;[91626.43, 1328, 1.0437478764168342, 0.9887052562985745, 108.97141870188867, 0.9855459928281451, 1.001489285598153]
02314894,93129,390846,491,3;[87388.19, 1264, 1.02557759160354, 1.0221156984097577, 147.25353453389758, 0.9802154431524978, 9999]
02314894,93129,390846,493,2;[92946.14, 1290, 1.0345310598107076, 0.9863283225926889, 96.97784595107439, 0.986887023295191, 1.0045464776052218]
02314894,93129,390846,493,3;[85012.61, 1266, 1.0557558271038647, 0.9567658660840288, 123.66310965735164, 0.9813350071551695, 0.9986963659188206]
02314894,93129,390846,494,1;[96068, 1496, 1.0248562352774062, 0.9846600103698135, 65.54617504643367, 0.9933783384475093, 0.9836079001525561]
02314894,93130,390852,549,1;[95916, 1480, 1.083088883730711, 0.9917345701851518, 102.37136689110353, 0.9888023050882621, 1.0007303382509443]
02314894,93130,390852,549,2;[91336.06999999999, 1362, 1.0131622174773152, 1.0199884055764463, 124.85546391933515, 0.987099536646824, 1.0096289183251996]
02314894,93130,390852,549,3;[91228.3, 1256, 1.0241642951397727, 1.0232198079272896, 158.91242925477994, 0.9793856247106886, 1.0052003532315403]
02314894,93130,390852,551,1;[87292, 1506, 1.0293405098437134, 0.9813464980903885, 50.941388314572315, 0.9929169413730653, 0.9818846489131352]
02314894,93130,390852,551,2;[97445.53, 1330, 1.0185700832105482, 1.0182281487331042, 147.3849792081283, 0.9816095745874921, 1.0069600718141685]
02314894,93130,390852,551,3;[87093.64000000001, 1272, 1.0478621786840467, 0.9635223263702722, 113.11362909741193, 0.9837971164673935, 1.004677918958215]
02314894,93133,390872,731,1;[84646, 1522, 1.0206396494339594, 0.9875385963185652, 69.64304790357481, 0.9937434915793882, 0.9792343910875626]
02314894,93133,390872,731,3;[89143.16, 1300, 1.114709937552426, 0.9542035779715767, 140.63247340287097, 0.9807029923276959, 1.0032223746897115]
02314894,93133,390872,732,2;[92565.34, 1264, 1.0308539363143288, 0.9841799332037146, 88.03733814258291, 0.9880660772104739, 1.0063783266272495]
02314894,93133,390872,733,1;[91702, 1492, 1.0744151163411844, 0.9870248220195977, 94.63358690395923, 0.9890017301029376, 0.9958299850140087]
02314894,93133,390872,733,2;[87780.34999999999, 1380, 1.0103675451064162, 1.020307891977558, 120.36148492467615, 0.9874715146799615, 1.0104586892050162]
02314894,93133,390872,733,3;[98390.66, 1276, 1.0144972771605316, 1.0163672093016203, 110.63807665006064, 0.9882379504999789, 1.0068696724988784]
02314894,93136,390899,907,1;[97454, 1490, 1.0837096172150502, 0.9883475980224304, 112.06948858546801, 0.9881677996359498, 1.000605780584219]
02314894,93136,390899,907,2;[81206.79, 1222, 1.029501617487898, 0.9870449047435316, 102.71975297368985, 0.9869201552902782, 0.9998315080033698]
02314894,93136,390899,908,3;[86770.32, 1262, 1.053560118527614, 0.9359051026323496, 64.54814954319744, 0.9935340680922913, 9999]
02314894,93136,390899,909,1;[96067, 1480, 1.0332008002689985, 0.9923900178164744, 57.10000291249705, 0.992069840287004, 0.9832906002589573]
02314894,93136,390899,909,2;[98505.81999999999, 1342, 1.0188267828676856, 1.0183010225458766, 150.96232179642377, 0.9835142973494104, 1.0061258720859567]
02314894,93136,390899,909,3;[88337.6, 1282, 1.0546363470140134, 0.9655457382564139, 120.3153815645528, 0.9836205290912569, 9999]
02314894,93136,390899,911,1;[83035, 1574, 1.0117669996804624, 0.9651264572443959, 64.68137186493954, 0.9944901484859148, 4884.411764705882]
02314894,93136,390899,911,2;[97402.69, 1304, 1.0154013049150536, 1.0152308292310313, 143.53339726671766, 0.9846731799430147, 1.0057135133806798]
02314894,93136,390899,911,3;[84424.88, 1286, 1.0084103739865087, 0.8330548952497766, 82.81168287071617, 0.9923572895119578, 9999]
02314894,93137,390900,1072,1;[97291, 1498, 1.075023968137174, 0.9955453321505765, 94.5773964359229, 0.9888293780008788, 1.000107935300497]
02314894,93137,390900,1072,2;[85060.01, 1382, 1.0492360924282866, 0.9824241104914145, 106.74354602952073, 0.988287011510242, 1.0031647568189632]
02314894,93137,390900,1072,3;[92366.77, 1200, 1.044015725053895, 0.9672864718460729, 80.7069593299776, 0.9894771597775045, 1.0021776453188058]
02314894,93137,390900,1074,1;[94252, 1492, 1.0879740756101535, 0.9913664214953254, 107.7615432562774, 0.9884624870738014, 0.9856830612522354]
02314894,93137,390900,1074,2;[85863.26, 1378, 1.0428016778487748, 0.9874189046772731, 146.35400897442935, 0.9830623849132629, 1.0073786570425338]
02314894,93138,390911,1144,1;[97581, 1476, 1.086569645513286, 1.001616913075372, 104.78788425637862, 0.9884883011826435, 0.9997387469072244]
02314894,93138,390911,1144,2;[94109.95999999999, 1364, 1.0209691026008745, 1.0216651097995795, 160.45254377630698, 0.9805178114644828, 1.005173049302846]
02314894,93138,390911,1144,3;[91579.02, 1242, 1.046718102464017, 0.9606290555869114, 102.16631102711472, 0.9845807010888022, 1.0019410490658234]
02314894,93138,390911,1146,1;[90955, 1468, 1.080174531190183, 0.9875769454544719, 98.86571424346985, 0.9891195165710926, 0.9962867220189717]
02314894,93138,390911,1146,2;[85102.84999999999, 1364, 1.0393280642359346, 0.9814922826320637, 113.81050524708122, 0.9863912024798964, 1.0048757868705036]
02314894,93138,390911,1146,3;[95858.90000000001, 1272, 1.02104542742522, 1.016659285962289, 145.38881445851618, 0.981295800753805, 9999]
02314894,93138,390911,1148,1;[95766, 1396, 1.1572214927809352, 0.9912094557046067, 118.05933802973813, 0.988204324049544, 1.0048792772373847]
02314894,93138,390911,1148,3;[90059.69, 1200, 1.0208440892409205, 1.022091497112086, 141.27952688049362, 0.9837187072586295, 1.0026692291266281]
02314894,93138,390911,1149,2;[93643.48, 1290, 1.03068673366358, 0.9860053472291731, 108.08006383347606, 0.9859459655804389, 1.00511549785098]
02314894,93139,390923,59,1;[84807, 1480, 1.016398784803291, 0.979519433234359, 45.465343356132585, 0.9938976599144346, 0.9810628846420805]
02314894,93139,390923,59,2;[88359.87999999999, 1386, 1.020573293593555, 1.0227334423693777, 158.56690629256536, 0.9828204946079714, 1.0040295318711632]
02314894,93139,390923,60,3;[85019.46, 1272, 1.1928631425393081, 0.9203234353542862, 78.81296975732174, 0.9926858804193366, 9999]
02314894,93139,390923,62,1;[84407, 1530, 1.016560880201762, 0.9823165056859431, 67.34400259002744, 0.9945004393253664, 0.9832889686224029]
02314894,93139,390923,62,3;[87918.38, 1182, 1.0695441529034324, 0.9641824861133002, 134.34108084997473, 0.9824652012479784, 0.9994471223105615]
02314894,93139,390923,64,2;[87908.87, 1398, 1.0132658513896837, 0.8723057685232007, 154.18894019022818, 0.9837511454974346, 1.001029852162012]
02314894,93139,390923,65,1;[85609, 1502, 1.0423607908992059, 0.9774962776995361, 59.05269756866141, 0.9927291062110702, 0.9904551449661013]
02314894,93139,390923,65,2;[85324.19, 1362, 1.0283178408550593, 0.9788810582734007, 118.01769753490568, 0.9870221007364554, 1.001585472324079]
02314894,93139,390923,65,3;[95647.92000000001, 1264, 1.0481736154542864, 0.9605949886139722, 108.41402421809433, 0.9852557805342953, 9999]
02314894,93141,390939,210,1;[94843, 1404, 1.1635353519886344, 0.9753620680402386, 116.51760933738319, 0.9882312112314852, 0.9844255191061151]
02314894,93141,390939,210,2;[85298.01, 1380, 1.1711390523920964, 0.9651181223490666, 123.5213462160093, 0.9853081891985002, 0.9981479418481591]
02314894,93141,390939,210,3;[98015.28000000001, 1216, 1.0146065569528537, 1.002798906488426, 138.89545817350628, 0.9795674403414011, 1.0040699469503467]
02314894,93141,390939,212,1;[87425, 1526, 1.257690420119663, 0.9652365463019704, 71.94393131692462, 0.994325765990133, 0.989468680500931]
02314894,93141,390939,212,2;[92681.95999999999, 1266, 1.017514454736947, 1.0152979966464493, 138.54453819266558, 0.984017523622016, 1.0080701005041386]
02314894,93141,390939,212,3;[97882.39000000001, 1294, 1.0512453282519973, 0.9650774773419175, 121.89969354600076, 0.9822859863963672, 1.0039555683582635]
02314894,93147,390953,288,1;[84705, 1524, 1.0326428960731793, 0.9946669930800959, 66.1671385535012, 0.9946135223571198, 0.9859163126345807]
02314894,93147,390953,288,3;[94494.38, 1184, 1.0155902540458244, 1.0048541509613766, 133.40459127165812, 0.9831928895278896, 1.006456884790206]
02314894,93147,390953,290,2;[97112.33, 1292, 1.0193973874893991, 1.017853613647604, 120.79356897606284, 0.9864384501854679, 0.9987455559023125]
02314894,93147,390953,291,1;[84908, 1472, 1.0018471217653508, 0.986874925568769, 61.23512973674258, 0.9934798602276272, 0.9983010493518709]
02314894,93147,390953,291,3;[85012.61, 1274, 1.0424591681944755, 0.9503349547918573, 120.80082953830917, 0.9845639734102316, 9999]
02314894,93147,390953,292,2;[92384.45999999999, 1276, 1.0275940289493535, 0.9864512244164847, 77.51654188095068, 0.9899648106475663, 1.005849771645127]
02314894,93172,391085,602,1;[97648, 1434, 1.1487573970189273, 0.9835480853216967, 114.57400120435683, 0.9881049819149987, 1.0040460852711186]
02314894,93172,391085,602,2;[85301.58, 1326, 1.0587780474723256, 0.9734338864029035, 126.22390717604024, 0.9833879947079525, 9999]
02314894,93172,391085,602,3;[92995.6, 1276, 1.0144395206384367, 1.007638957560028, 99.24095193592741, 0.989097899115753, 9999]
02314894,93172,391085,604,1;[88643, 1550, 1.0392092536609858, 0.9832559091942196, 65.31126762459711, 0.9923219963069354, 0.9771969375437514]
02314894,93172,391085,604,2;[86479.68, 1284, 1.0497717488263294, 0.9790043415604656, 118.70279380303806, 0.9832992555317118, 1.0046033260067184]
02314894,93172,391085,604,3;[98307.09000000001, 1310, 1.008677198697611, 1.0083649836754591, 94.9030388985523, 0.9904097848789204, 9999]
02314894,93172,391086,592,1;[99643, 1492, 1.0547444712042402, 0.9944031748598836, 77.41179625495774, 0.9903886509677331, 0.9921143027828944]
02314894,93172,391086,592,2;[94314.64, 1280, 1.0193699291390301, 1.0177689530321123, 128.97702847614664, 0.9856958883608121, 1.0074424339491932]
02314894,93172,391086,592,3;[97361.79000000001, 1228, 1.0184202432263822, 1.0116923942902298, 124.56836307622667, 0.985487363914555, 1.005610544711018]
02314894,93172,391086,595,1;[96894, 1454, 1.159700747171879, 0.9842538864673288, 99.19057248156523, 0.9916367335509175, 0.9809219617629342]
02314894,93172,391086,595,2;[84806.54, 1362, 1.0429105518783475, 0.9788209836586116, 131.61947724902612, 0.9852538452391646, 0.9982211141148292]
02314894,93172,391086,595,3;[92791.47, 1276, 1.0684310751224557, 0.968213783381599, 146.839078113593, 0.9794885618493604, 9999]
02314894,93172,391086,599,1;[93660, 1384, 1.13192700397952, 0.9736833971837946, 116.80683992867625, 0.9895370909293053, 1.0061068948292808]
02314894,93172,391086,599,3;[92480.48000000001, 1272, 1.0132595429497275, 1.0143681632691293, 98.5058162101211, 0.990633427655437, 1.002807695164525]
02314894,93172,391086,601,2;[90428.09999999999, 1358, 1.0133603903648198, 1.0222757060040755, 139.38998011250305, 0.9866029457608546, 1.0051587301587301]
02314894,93173,391088,770,1;[91012, 1482, 1.0127403823919838, 0.9622796961412281, 56.30505107549505, 0.9945978669193101, 1.0034786347874505]
02314894,93173,391088,770,3;[96776.8, 1208, 1.0499751342971357, 0.9684057412066346, 84.0272592286709, 0.9870817219042878, 9999]
02314894,93173,391088,772,2;[98855.68, 1280, 1.080605885785191, 0.9903421352595432, 160.67192315695814, 0.9766710003418407, 1.0063295356119661]
02314894,93173,391088,773,2;[85007.65, 1272, 1.0252831059432619, 1.027517174023687, 154.7589994198877, 0.9818675208248444, 0.9997900629811056]
02314894,93173,391088,773,3;[91305.02, 1228, 1.0302909115328125, 0.9215367021377417, 163.5351653724777, 0.9774851900955622, 9999]
02314894,93173,391088,774,1;[91625, 1476, 1.0338702271455062, 0.9872190453622866, 41.343378325874475, 0.9938428584139367, 0.9974091854174151]
02314894,93173,391092,763,1;[91705, 1424, 1.0342317138041284, 0.9835884083755134, 56.71181216849326, 0.9931920595332008, 0.9920703606741816]
02314894,93173,391092,763,3;[89033.56000000001, 1196, 1.0604848267329237, 0.9630798867574281, 127.55054246837318, 0.9821956080322193, 9999]
02314894,93173,391092,764,2;[76951.34999999999, 1358, 0.9952015125015674, 0.9217430656920219, 103.5174121302474, 0.9910887999401807, 1.0042006693118202]
02314894,93173,391092,765,2;[86418.98999999999, 1324, 1.0767031993201628, 0.976207828986153, 150.14960305766496, 0.9821396077301964, 1.000902757199661]
02314894,93173,391092,765,3;[91165.28000000001, 1170, 1.021784278729744, 1.0175734858491758, 148.53208362878644, 0.9832591193978414, 1.010631188870664]
02314894,93173,391092,766,1;[85799, 1396, 1.0215023665607195, 0.9929939065571932, 63.963086533357746, 0.9934556492854623, 0.9909050487085169]
02314894,93173,391092,767,1;[88690, 1482, 1.080691599000619, 0.987110547033872, 92.16666539430902, 0.9905665411330907, 0.9954096005566841]
02314894,93173,391092,767,2;[89205.97, 1300, 1.047362132195016, 0.9906195982767222, 127.3776560283519, 0.9822992911902173, 1.0048794219761659]
02314894,93173,391092,767,3;[85537.32, 1254, 1.0199630802762851, 1.0168131382594627, 110.73074120092869, 0.9883970917499251, 0.9954640029974251]
02314894,93175,391108,962,2;[93287.67, 1264, 1.0208301056620155, 1.0217224027225749, 155.1728670543662, 0.9824722238991833, 1.008231193651692]
02314894,93175,391108,962,3;[87307.36, 1230, 1.0554177412879828, 0.9519867633412817, 108.68250463234307, 0.9843807236939667, 9999]
02314894,93175,391108,963,1;[92721, 1402, 1.0200854406261337, 0.986402757918612, 65.73915474436811, 0.9925514586229282, 0.9935865494350056]
02314894,93175,391108,965,2;[96360.25, 1396, 1.0105453449517316, 1.0251005597708471, 122.51563005982842, 0.9874031517223643, 161950.0]
02314894,93175,391108,965,3;[97898.83, 1202, 1.0251867322689159, 1.0229562651489894, 145.175085375142, 0.981319300072962, 1.0058414503687856]
02314894,93175,391108,966,1;[87855, 1466, 1.2163861516068646, 0.989222107448275, 77.34789467258449, 0.9931541647024724, 0.9908924291555055]
02314894,93175,391108,968,1;[86255, 1532, 1.0034036221442195, 1.0034036221442195, 79.5334433256554, 0.9936167157916013, 0.9842921780410012]
02314894,93175,391108,968,2;[86385.67, 1332, 1.0179205271159326, 1.009054159960624, 115.51587112814514, 0.9870684912095933, 1.0039414725894784]
02314894,93175,391108,968,3;[89859.67000000001, 1282, 1.0232494969577033, 1.0250496897515473, 144.63429474225558, 0.9818878472917472, 1.0043794502718015]
02314894,93180,391141,12,1;[89639, 1552, 1.0276540787292094, 0.9799802629971057, 56.83519359307825, 0.9930428818506492, 0.9822537078737871]
02314894,93180,391141,12,2;[88556.23, 1232, 1.0226032084436996, 0.9841650119820964, 69.54391102941237, 0.9898550552332155, 1.007438995498697]
02314894,93180,391141,12,3;[93928.57, 1224, 1.0441766974160134, 0.9648122931364876, 84.27170437724196, 0.9864536067917793, 9999]
02314894,93180,391141,14,1;[86656, 1532, 1.050555270906504, 0.9759574531176896, 72.4663132496339, 0.9917559086806146, 0.9670403249655449]
02314894,93180,391141,14,2;[99655.36, 1414, 1.1568610784685758, 0.9726467824596682, 164.7273678614633, 0.9832137816073228, 1.0049501089023958]
02314894,93180,391141,14,3;[92618.85, 1268, 1.0408534229564057, 0.9748112286817642, 89.07487351574476, 0.9861814917726585, 1.0041216442018492]
02314894,93180,391141,17,1;[84276, 1356, 1.01184658071099, 0.9759519529665726, 54.10953098959794, 0.9937095756010048, 0.9885515882325341]
02314894,93180,391141,17,2;[84762.51, 1228, 1.0385056811378017, 0.988784763744922, 127.0152946258312, 0.9824717076956625, 1.0106271282633372]
02314894,93180,391141,17,3;[87555.33, 1232, 1.061199118721962, 0.949961708011519, 124.25979798547853, 0.9818341923842163, 9999]
02314894,93190,391184,264,2;[95822.37, 1316, 1.0401548358082702, 0.9852053775642174, 125.97808191097003, 0.9825055853166362, 1.004754061540765]
02314894,93190,391184,265,1;[87888, 1486, 1.0234247993249432, 0.9862710580572659, 43.60865610975736, 0.9935777162489312, 0.986967775987243]
02314894,93190,391184,267,1;[87999, 1486, 1.0111336060663403, 1.0267966022566013, 77.0458548300219, 0.993450935370451, 0.9888028046361895]
02314894,93190,391184,267,2;[85436.05, 1322, 1.0623927525629002, 0.9783068678310399, 152.88878491399748, 0.9795570735881635, 0.9981301135139269]
02314894,93190,391184,267,3;[90913.20000000001, 1248, 1.0423330847533478, 0.9673329562341317, 73.67439245136634, 0.9879554691432735, 9999]
02314894,93204,391209,374,1;[96268, 1458, 1.017516206656783, 0.9878400379061714, 64.0817720342726, 0.9936181127122142, 0.9883778234086242]
02314894,93204,391209,374,2;[85471.75, 1306, 1.0705076640612328, 0.982349922951704, 185.13739316432606, 0.9778986200663632, 0.995847458214615]
02314894,93204,391209,374,3;[92957.24, 1192, 1.0314456853337108, 0.9758898230111672, 64.02891563199726, 0.9909476852691241, 1.0028303071954834]
02314894,93204,391209,376,1;[92042, 1426, 1.0132962333109372, 0.9831164446360013, 46.27294900155948, 0.9947671768814276, 0.9879567214804001]
02314894,93204,391209,376,2;[84921.97, 1324, 1.0599959197267943, 0.9832082519995572, 168.99008521794045, 0.9792780930226983, 0.998460957284569]
02314894,93204,391209,376,3;[87855.36, 1170, 1.0234077040231613, 1.0188302567760124, 138.09021873049733, 0.9838410646420837, 1.0022662269665379]
02314894,93204,391209,379,1;[59486, 1190, 0.9764145519414704, 1.051307665255068, 95.81889598761713, 0.9943659729902715, 9999]
02314894,93204,391209,379,2;[96783.89, 1292, 1.0186778775543217, 1.0188119265137063, 152.31774716237823, 0.9840422764152315, 1.005557513151957]
02314894,93204,391209,379,3;[87088.16, 1252, 1.0200133541114211, 1.0118402065421244, 105.33839683296718, 0.988604744034968, 1.0028475645829225]
02314894,93218,391243,161,1;[91855, 1460, 1.0380487865820245, 0.9869199992955753, 62.59047124500744, 0.9926757516621513, 0.9842275011518639]
02314894,93218,391243,161,2;[85204.0, 1324, 1.0673436343295315, 0.9741671541887769, 156.2579557487333, 0.9794270939967643, 9999]
02314894,93218,391243,161,3;[94021.73000000001, 1216, 1.0242247981026196, 0.9135769382795647, 146.85970046046828, 0.9806977406469091, 1.002088017989078]
02314894,93218,391243,163,1;[85832, 1406, 1.0694686632639339, 0.9753535501379285, 75.65840640504877, 0.9926227589042342, 0.9830267769200816]
02314894,93218,391243,163,2;[92094.09999999999, 1410, 1.0088473820174415, 1.0193756088569619, 130.36849226342014, 0.987132941973045, 1.0108741795382556]
02314894,93218,391243,163,3;[96293.19, 1194, 1.0172156506559553, 1.0070518080932565, 125.06753221946475, 0.9843761152054434, 785.3296089385475]
02314894,93219,391251,220,1;[96350, 1446, 1.0440528346724192, 0.9807771073121382, 59.958367657369685, 0.9934469327522605, 0.9947295337108522]
02314894,93219,391251,220,3;[95719.16, 1266, 1.010748518221713, 1.0113593876322922, 116.78603939921348, 0.9877309586513776, 9999]
02314894,93219,391251,221,2;[95523.68, 1396, 1.062165935454269, 0.9575273169786028, 115.61720059385829, 0.987020013316279, 9999]
02314894,93219,391251,223,1;[95688, 1466, 1.0198546439342218, 0.9741336848304153, 57.50431494827444, 0.993691197424785, 0.9902156084587643]
02314894,93219,391251,223,3;[90933.75, 1164, 1.0303189510038218, 0.959589212102052, 81.18921357113264, 0.9879749031981334, 9999]
02314894,93219,391251,224,2;[87167.5, 1326, 1.046275817505798, 0.9866097576609525, 132.97165560643745, 0.9814908369793043, 1.004635725257845]
02314894,93228,391299,585,3;[97452.21, 1338, 1.011326784957379, 1.0184373277554315, 102.09743077497991, 0.9905329211024129, 1.0002742095382733]
02314894,93228,391299,586,1;[84549, 1588, 1.3236588809686565, 0.9483386948633188, 97.62706307452096, 0.9931881751312017, 0.9894963515182015]
02314894,93228,391299,587,2;[94508.61, 1372, 1.1445060058245202, 0.995160162145995, 126.3339388963943, 0.9848854087112411, 0.9967932023420292]
02314894,93228,391299,588,1;[89867, 1574, 0.9948322050747557, 1.0285149788410684, 76.25421863362675, 0.9952173621219337, 0.9993216795658749]
02314894,93228,391299,588,2;[88212.31999999999, 1376, 1.0142020918255026, 1.0133347935998451, 113.4689256398031, 0.989419364437722, 1.0088873766587274]
02314894,93228,391299,588,3;[87230.64000000001, 1208, 1.051455590520322, 0.9588413453985354, 99.61646608073218, 0.9860452037983938, 0.9995133667174231]
02314894,93228,391302,580,1;[86332, 1456, 1.0223770574797446, 0.9814010302089169, 60.55020621193038, 0.9931709809569883, 0.9908412716630323]
02314894,93228,391302,581,2;[84601.86, 1268, 1.0429354653701814, 0.9804859270807693, 103.38591525573017, 0.9843680514209942, 1.0006756186132928]
02314894,93228,391302,581,3;[92427.05, 1236, 1.0461007254198162, 0.9523026521513331, 62.68073114096608, 0.9919938123077888, 9999]
02314894,93228,391302,583,1;[93866, 1562, 1.0621793646827489, 0.9764894659838511, 90.41241300747099, 0.9896451299063409, 0.9988241741286386]
02314894,93228,391302,583,2;[82913.25, 1204, 1.037674884316473, 0.9803060428135784, 84.24887367444265, 0.9878417300660155, 1.0065805156061514]
02314894,93228,391302,583,3;[98013.91, 1238, 1.0577841832139252, 0.9565819445730298, 119.91444626134444, 0.9816503955692906, 1.0026417394838447]
02314894,93230,391308,688,1;[90337, 1378, 0.9966658985662042, 0.9840447872754512, 50.34265264755463, 0.9934836409578326, 1.002624846698964]
02314894,93230,391308,688,2;[86752.19, 1362, 1.0537870600473442, 0.9636737850289668, 115.03670979555108, 0.9883282402106383, 1.0057876837537854]
02314894,93230,391308,688,3;[86129.16, 1294, 1.0196399198978088, 0.996010297679597, 128.6163618802288, 0.9845990299487654, 9999]
02314894,93230,391308,691,1;[95218, 1528, 1.0297390364961232, 0.9701458985287092, 68.43188605408666, 0.9937371134548634, 0.9879333063570621]
02314894,93230,391308,691,2;[88978.68, 1368, 1.0215050892441933, 1.0257980787690866, 152.8237117548376, 0.983111653943512, 0.9993117135659252]
02314894,93230,391308,692,3;[90166.55, 1286, 1.0116610251975824, 1.0065050334187045, 91.30640474357882, 0.9911327290497259, 9999]
02314894,93230,391311,680,1;[92874, 1552, 1.05075751739546, 0.9723640554358302, 79.83749452510489, 0.9896096907230807, 1.0010455177468554]
02314894,93230,391311,680,2;[94038.56, 1414, 1.0126706868547481, 1.032347876973147, 96.58048838705142, 0.9901986976579604, 9999]
02314894,93230,391311,680,3;[92509.25, 1196, 1.0470488619170553, 0.96758065618695, 90.26596831422951, 0.9858012602971028, 9999]
02314894,93230,391311,684,1;[98228, 1530, 1.058666355668535, 0.9947879347189463, 80.61081819101857, 0.9898332466100862, 0.9958736756729356]
02314894,93230,391311,684,2;[87084.2, 1384, 1.055285011209783, 0.9615284271768985, 122.88942258869176, 0.987910820748263, 1.0067894313249366]
02314894,93230,391311,684,3;[93547.71, 1232, 1.0381516890609432, 0.9736930528886653, 75.68421446797687, 0.9878712789219308, 45522.0]
02314894,93232,391321,799,1;[93080, 1374, 1.0027002741515645, 0.985263647436199, 39.70297184753717, 0.9950732611969427, 1.0002471603425858]
02314894,93232,391321,799,2;[82691.91, 1210, 1.0382058987984688, 0.9828281131008321, 103.4347368826045, 0.98598896714038, 0.9992306862709853]
02314894,93232,391321,799,3;[91457.09000000001, 1308, 1.0221026908146047, 0.9066085113825925, 157.45230533816996, 0.9808756366734003, 1.0063237233842095]
02314894,93232,391321,801,1;[92236, 1436, 1.0724363914995971, 0.9908612346358431, 95.77154447151499, 0.989762786207599, 0.9886330141002074]
02314894,93232,391321,801,2;[86258.34, 1386, 1.0643027409104817, 0.9821480011188152, 151.5163364890567, 0.9838565302686157, 1.0048728417054253]
02314894,93232,391321,801,3;[86584.0, 1280, 1.0153626952303219, 1.0217027557422105, 108.38079978972294, 0.9890222306909148, 9999]
02314894,93233,391328,856,1;[88561, 1534, 1.2422645704379358, 0.9719886912167937, 77.92096366092794, 0.9939639916052447, 0.9932260416082543]
02314894,93233,391328,856,2;[84749.42, 1226, 1.0247557851256763, 1.0254568523238752, 177.38178270865635, 0.9808084181442767, 1.0047686230248307]
02314894,93233,391328,856,3;[96009.6, 1228, 1.0155501611165756, 1.0083977198533298, 123.65288097872757, 0.9858101678329975, 1.0034220586761358]
02314894,93233,391328,859,1;[83502, 1502, 1.0244897939013042, 0.9598551318556624, 73.91650555396915, 0.9940562196104273, 0.9826250169160434]
02314894,93233,391328,859,2;[93329.31999999999, 1364, 1.0165173530584406, 1.0199787341552338, 134.7517822860118, 0.9862480779930133, 1.006939496068047]
02314894,93233,391328,859,3;[86652.5, 1270, 1.2114905292998186, 0.9232740241203076, 84.47216093042904, 0.9923740549439155, 9999]
02314894,93244,391397,86,1;[95053, 1480, 1.0808116779899832, 0.9866836118995874, 102.59683022202535, 0.988856740436555, 0.9980155813611642]
02314894,93244,391397,86,3;[86967.6, 1278, 1.0439725212883195, 0.9627390096465428, 115.22458416929288, 0.9827502211656908, 1.002471436354592]
02314894,93244,391397,88,2;[87669.68, 1360, 1.0187986148710735, 1.0240412807539325, 135.3773353558924, 0.9839446311137006, 9999]
02314894,93244,391397,90,3;[90572.07, 1302, 1.0458072141552741, 0.9716845688539825, 115.73221817905576, 0.9828328340529199, 1.0013859541499102]
02314894,93244,391397,91,1;[85626, 1518, 1.013916312822243, 0.9718675383220075, 62.80098916763416, 0.9935800649948594, 0.9924430329863928]
02314894,93244,391397,92,2;[86806.93, 1382, 1.0178671813330011, 1.0228601497844074, 100.94174692724405, 0.9880868106184522, 0.9804177194774475]
02314894,93247,391427,315,1;[98060, 1476, 1.0514881929848503, 0.9874296610454, 75.19080723875973, 0.9904260851888554, 0.9900450295822143]
02314894,93247,391427,315,2;[90453.09, 1242, 1.0236709161252227, 0.986630522529882, 64.04900821792589, 0.9906591643235664, 1.008083393566441]
02314894,93247,391427,315,3;[92835.31000000001, 1264, 1.014121725938981, 1.0053293617832086, 90.88380958491017, 0.990360174505179, 9999]
02314894,93247,391427,317,1;[97158, 1536, 1.0275098753347252, 0.9678408717690453, 71.74428738519566, 0.9939212201715601, 0.9916661988578661]
02314894,93247,391427,317,2;[86328.55, 1372, 1.0384283286449953, 0.9852929939580972, 104.3705824369558, 0.9871502678247988, 1.0061022120518688]
02314894,93247,391427,317,3;[88781.48000000001, 1294, 1.0212476844315896, 0.9977121947691989, 149.8329407629622, 0.9818852844858568, 9999]
02314894,93260,391460,196,1;[86963, 1500, 1.032317141699515, 0.990661766637068, 57.35139378396419, 0.9922643980055557, 0.9880474919047889]
02314894,93260,391460,196,2;[79634.8, 1328, 1.0104650659063557, 1.0076775776222413, 104.51828541080508, 0.9902255780843323, 9999]
02314894,93260,391460,196,3;[71142.73000000001, 1110, 1.0351322673974446, 0.8475158100470123, 75.9804341365688, 0.9914757355040303, 9999]
02314894,93260,391460,198,1;[91438, 1504, 1.0657616423541096, 0.9802698615656757, 82.96785101634461, 0.9894957854687446, 0.9924296281020888]
02314894,93260,391460,199,2;[85181.39, 1376, 1.0399608270431422, 0.9751758028845048, 113.16539012183725, 0.9870357227129206, 1.0034203849334846]
02314894,93260,391460,200,3;[87799.19, 1324, 1.0191557435611525, 0.8817141861557914, 132.66083828945938, 0.9843840998868126, 0.9984731635117239]
02314894,93261,391474,230,1;[88007, 1438, 1.0740466178401513, 0.9890890368289462, 90.65081576986374, 0.9906861382877215, 0.9982362115411881]
02314894,93261,391474,230,2;[96660.12999999999, 1282, 1.0189116385669128, 1.0155121459001284, 122.40238946005618, 0.9861257383244053, 1.0060379368215062]
02314894,93261,391474,230,3;[85586.64, 1286, 1.0128541724882412, 1.020164458951904, 84.26145640486203, 0.9916970331633042, 9999]
02314894,93261,391474,232,3;[86352.47, 1288, 1.1590225106609653, 0.9239848738675311, 102.09490354682468, 0.9911078878988112, 0.9950351642973849]
02314894,93261,391474,233,1;[89667, 1472, 1.0683550815773093, 0.9814509051712016, 87.91327284362418, 0.990108256204564, 0.9977245289107225]
02314894,93261,391474,233,2;[92915.2, 1286, 1.0161122404612903, 0.9886591947943075, 100.72214304734315, 0.9879818588959126, 1.0071459897324768]
02314894,93261,391474,234,1;[94350, 1522, 1.175010325869312, 0.9834486190752904, 91.00953465080968, 0.9925797248594868, 0.9890818364319672]
02314894,93261,391474,234,3;[85097.55, 1278, 1.0519436708548557, 0.9387670994071887, 125.13261632388874, 0.9839115442471076, 0.996566606234658]
02314894,93261,391474,235,2;[88615.73, 1362, 1.0085859135437167, 1.0235530004939593, 150.6083641529542, 0.9858592073094944, 1.0084093925195678]
02314894,93262,391478,356,1;[92812, 1524, 1.0337925518117705, 0.9788316573401917, 75.85884547388947, 0.9922330794314607, 0.9854903189156761]
02314894,93262,391478,356,2;[84544.73999999999, 1328, 1.0526562439222429, 0.9913229668408996, 132.4974585548656, 0.9826872890710648, 1.0024834203471145]
02314894,93262,391478,356,3;[72520.95000000001, 1086, 1.0077178324619787, 0.9995905226865461, 136.90492124907917, 0.9847582060727456, 1.0046212387197175]
02314894,93262,391478,358,1;[97973, 1418, 1.1512150044247045, 0.9866442807181679, 119.98691500837997, 0.9878995126184204, 1.0052327549942028]
02314894,93262,391478,358,2;[86802.17, 1358, 1.0570945686975812, 0.9657354428342684, 98.4170943842747, 0.9891461829338815, 1.0107528371693433]
02314894,93262,391478,360,1;[87701, 1504, 1.0339868083398007, 0.9717800438708587, 71.84456873675117, 0.9920814789287212, 0.9956744851388479]
02314894,93262,391478,360,2;[86701.01999999999, 1366, 1.0611112680074894, 0.9637505828544969, 111.91825700299142, 0.9880855963343174, 1.0038025956848806]
02314894,93262,391478,360,3;[96043.85, 1270, 1.0575109512728398, 0.9664581050864548, 119.81499921563938, 0.9823168138679681, 1.0030977914821466]
02314894,93263,391485,454,1;[98438, 1450, 1.159873901991417, 0.9978160461511573, 113.26723416007917, 0.9885796503236891, 1.0026431448840631]
02314894,93263,391485,454,3;[98150.91, 1274, 1.0170897536707166, 1.0166511598913146, 105.1951920613852, 0.9875711993576969, 1.0020070070420073]
02314894,93263,391485,455,2;[98343.98, 1400, 1.0436672625314454, 0.9849963263508776, 139.64756598459314, 0.9835676906063215, 1.0098983282823346]
02314894,93263,391485,457,2;[95844.98, 1356, 1.1498929287538944, 0.9700771719880404, 126.79815568426959, 0.9845169009675067, 1.0053674855202717]
02314894,93263,391485,458,1;[84769, 1492, 1.0269062368928392, 0.9859574275494775, 52.979010011360096, 0.9924665591391003, 0.9868162954081128]
02314894,93263,391485,459,3;[86473.03000000001, 1284, 1.0133174112930559, 1.0117379964188282, 83.97240878659817, 0.9907621562902518, 9999]
02314894,93263,391485,460,2;[84321.01999999999, 1240, 1.0275937118495444, 1.03022286944663, 142.05562657845684, 0.9832990323473783, 0.9986540480737385]
02314894,93263,391485,460,3;[98085.15000000001, 1298, 1.0602259025917788, 0.9608687355009793, 115.7012363702912, 0.9831060407424757, 28638.0]
02314894,93263,391485,461,1;[84643, 1488, 1.0367056274703128, 0.988432337177573, 53.04079398637354, 0.992344469026449, 0.9888605258392574]
02314894,93264,391496,559,1;[98366, 1456, 1.1576664318528052, 1.001319303517434, 113.79267467886567, 0.9881933600121655, 1.0032791232552565]
02314894,93264,391496,559,2;[93008.01999999999, 1272, 1.0172157262167836, 1.0140539962518444, 157.73180324673555, 0.9810751167849865, 1.00817811258449]
02314894,93264,391496,560,3;[94380.67000000001, 1202, 1.0129033208800902, 1.0048217675864644, 126.25806597295319, 0.982876266666955, 1.0054584993505262]
02314894,93264,391496,561,1;[93408, 1496, 1.0794535426326228, 0.9958163964640775, 100.88746134832765, 0.9889622290604745, 0.9982153352925461]
02314894,93264,391496,561,2;[97084.95999999999, 1362, 1.1492600120818826, 0.9949405197808002, 175.57440340250707, 0.9799556148800466, 1.0042838150573636]
02314894,93264,391496,562,3;[90751.54000000001, 1254, 1.0448406993456056, 0.9600218809580667, 63.125984067905705, 0.9926677099218181, 9999]
02314894,93266,391507,697,1;[88485, 1530, 1.0012535598243977, 0.8157503368977445, 81.70474202221004, 0.9933055910120209, 0.9868784260803132]
02314894,93266,391507,697,2;[88511.01, 1380, 1.0139883538059968, 1.012767382253289, 118.47573337709622, 0.9876485088442611, 1.0068359639385982]
02314894,93266,391507,700,2;[96414.98999999999, 1372, 1.038487734346305, 0.9887871670092007, 124.70737219175378, 0.984796008047963, 1.008137668446004]
02314894,93266,391507,701,1;[93307, 1424, 1.007413077884632, 0.9777735744754041, 34.3723921619529, 0.9950558215868003, 0.9978077679869963]
02314894,93266,391507,702,3;[89698.01000000001, 1302, 1.0194110703894441, 1.0201296731078848, 154.00019351331093, 0.9801890363985761, 1.0071839522505615]
02314894,93267,391508,894,2;[84248.43, 1366, 1.0357575084943669, 0.9762440776695375, 94.57547319133482, 0.9888011242901703, 1.002690951322107]
02314894,93267,391508,894,3;[97963.22, 1308, 1.024638570369538, 0.9096578855319888, 153.6403265015116, 0.9773123220142453, 9999]
02314894,93267,391508,895,1;[89292, 1460, 1.0124147763298779, 0.9775467786935376, 41.913059702888475, 0.9937958582654726, 0.9936956437064941]
02314894,93267,391508,896,1;[96388, 1526, 1.0460967353433004, 0.9802204466609065, 76.0985392128434, 0.992519989129544, 0.9880577737230019]
02314894,93267,391508,896,2;[88845.4, 1336, 1.0205052723679415, 1.0206508951190014, 140.17343794585187, 0.9832209444173122, 1.0053932493485682]
02314894,93267,391508,896,3;[87438.88, 1284, 1.0475023652019766, 0.9600203792517906, 113.38153655274982, 0.9838476740129369, 1.0043352714855582]
02314894,93273,391527,788,1;[95173, 1500, 1.0179654753611325, 0.9796454914135004, 68.01236857618596, 0.9939276876770129, 0.9899520485963033]
02314894,93273,391527,788,2;[94148.04, 1360, 1.0164900050153443, 1.020355977514506, 121.90677183100141, 0.9872816284775863, 1.0057267798463112]
02314894,93273,391527,788,3;[89119.87000000001, 1278, 1.011026857736534, 1.012119746915057, 94.16081462877302, 0.991058004359108, 1.0037960033947997]
02314894,93273,391527,790,1;[97916, 1444, 1.1688003501692676, 0.9913753799857167, 113.6541018456987, 0.9889173131646296, 1.0010683815297792]
02314894,93273,391527,790,2;[96617.29, 1394, 1.0533733547264352, 0.9862108236843857, 137.93124369511062, 0.9840276150145082, 1.0040127865061552]
02314894,93273,391527,790,3;[88175.94, 1260, 1.0480760557872237, 0.9677604776733962, 87.44615923835262, 0.9874668596181377, 1.001049856519609]
02314894,93332,391899,317,2;[96456.64, 1400, 1.0158818165772958, 1.0229668576098836, 110.67001483655996, 0.9874919656373922, 1.0068005241682556]
02314894,93332,391899,317,3;[96865.85, 1220, 1.0186946386599198, 1.0099219651904248, 129.14690816064686, 0.984123472571479, 9999]
02314894,93332,391899,318,1;[90990, 1524, 1.0620622799389399, 0.9791045837619182, 80.31092875921507, 0.9905750246296944, 1.004448761963637]
02314894,93332,391899,319,1;[84767, 1434, 1.0237139699247688, 0.9709011730087439, 58.56808924814079, 0.9941017673221737, 0.9927970766672133]
02314894,93332,391899,319,2;[84557.83, 1306, 1.0658804970088396, 0.9789331515028954, 124.14962426503325, 0.9837175764974754, 9999]
02314894,93332,391899,319,3;[84416.66, 1224, 1.023904529215573, 0.8926305945990993, 148.66564238031884, 0.9797085871709569, 9999]
02314894,93332,391899,321,1;[86551, 1412, 1.0112970575512392, 0.9812363309013115, 57.662183050275225, 0.9926630802859412, 0.9991630446703261]
02314894,93332,391899,321,3;[96395.94, 1300, 1.016695201109485, 1.0084759518091428, 92.96024814154443, 0.9893483875896524, 9999]
02314894,93332,391899,322,2;[94149.23, 1262, 1.043030716267491, 0.99108996475718, 87.86979270221751, 0.9854142279330549, 1.0077379170673613]
02314894,93341,391966,133,1;[84247, 1430, 1.069264407084765, 0.9728465087998828, 73.97155837322364, 0.9932756126725593, 0.9894416649049868]
02314894,93341,391966,133,2;[90387.64, 1306, 1.0266875496017898, 1.0296545108490516, 152.41372924094534, 0.9805548708761069, 1.0070134036883345]
02314894,93341,391966,134,3;[83533.01000000001, 1280, 1.014617576655159, 0.8467494967287775, 81.3932052438584, 0.9909983611589394, 9999]
02314894,93341,391966,136,1;[88633, 1424, 1.0642608605996462, 0.9911067730044545, 70.20287323408975, 0.9925506080239171, 1.0019217073804867]
02314894,93341,391966,136,3;[84629.01000000001, 1284, 1.1283449170968693, 0.9504889848294966, 131.72603363641463, 0.9817656228683037, 9999]
02314894,93341,391966,137,2;[90099.65999999999, 1344, 1.0639516119257701, 0.9689221706707464, 123.1166774887844, 0.9849105928080087, 1.0085652249204087]
02314894,93342,391971,196,1;[96973, 1414, 1.1494219108557626, 0.9942460928256146, 110.30527522654705, 0.9892285917915005, 1.0043811496633868]
02314894,93342,391971,196,2;[83534.43, 1200, 1.0252312176099074, 1.025260345923663, 136.83735616540955, 0.9844755101317625, 1.0027569853151248]
02314894,93342,391971,196,3;[85955.17000000001, 1210, 1.0552237740063786, 0.9529273847841302, 99.45036728427816, 0.9848725214883198, 9999]
02314894,93342,391971,199,1;[85973, 1402, 1.0481472418363404, 0.9887850146603201, 67.49606552668635, 0.9931957940866367, 0.9921755086496405]
02314894,93342,391971,199,2;[85020.73999999999, 1246, 1.045269223410246, 0.9772237101815037, 99.29575898253431, 0.9861970681459764, 1.0103444130977381]
02314894,93342,391971,199,3;[95553.39000000001, 1190, 1.04811177239925, 0.9653080464963238, 75.19726294324369, 0.9876117451354265, 9999]
02314894,93342,391974,201,1;[92370, 1560, 1.029923120635712, 0.9841956161080526, 83.36013794525928, 0.9926232698829696, 0.9950339864915815]
02314894,93342,391974,201,2;[88960.83, 1324, 1.020156357404192, 1.0199898988994915, 129.13246591874938, 0.984994246083268, 1.0042719542175473]
02314894,93342,391974,201,3;[95002.65000000001, 1304, 1.0090919467543462, 1.0169307329915025, 89.71395892099807, 0.990170438946257, 9999]
02314894,93342,391974,203,1;[95525, 1424, 1.0310274795487837, 0.9868775199309717, 56.444797086473606, 0.9933293699224528, 0.9974157508679422]
02314894,93342,391974,203,2;[97513.36, 1278, 1.0565170995710784, 0.9901942443861916, 121.92164490591088, 0.982423115496699, 1.0070665732650026]
02314894,93342,391974,203,3;[84644.08, 1160, 1.0579702447650783, 0.9517194983554819, 89.82686552603379, 0.9880501369361391, 1.0012965123816933]
02314894,93379,392062,158,1;[89082, 1438, 1.0689380244385973, 0.9875216245931574, 85.7982144031354, 0.9900731585525537, 9999]
02314894,93379,392062,158,2;[98115.5, 1308, 1.0166836814131577, 1.0154520708660995, 147.8834850008918, 0.9822782154977687, 1.0057944495272948]
02314894,93379,392062,161,1;[97107, 1420, 1.01526743903196, 0.8817084529422251, 104.84841848282034, 0.9906548574223072, 1.0046140635830376]
02314894,93379,392062,161,3;[67203.98000000001, 978, 1.0248988816009796, 0.9649577773553932, 70.94363450108197, 0.9923295525060217, 1.003128770372794]
02314894,93379,392062,162,2;[89002.48, 1372, 1.012302902474856, 1.0200050324850647, 132.5012760945678, 0.9857271395411747, 1.0062561384153808]
02314894,93379,392063,147,1;[94072, 1572, 1.0618170223232413, 0.9762806731707617, 90.83052793584679, 0.9894523666639365, 9999]
02314894,93379,392063,147,2;[89078.64, 1316, 1.0496186535445091, 0.9881844660016837, 133.6637133924377, 0.9801099060260132, 1.0032635282291842]
02314894,93379,392063,147,3;[92916.14000000001, 1240, 1.0637274222846518, 0.9568059432733007, 104.8177858614184, 0.9843250275494465, 9999]
02314894,93379,392063,150,2;[95985.4, 1330, 1.0637653867536925, 0.9830250798263444, 162.70156589445125, 0.9775466440682709, 0.9949487785171982]
02314894,93379,392063,151,1;[97913, 1532, 1.07610292820662, 1.00919022139768, 99.17845440740274, 0.9888329896726826, 0.9871505986137367]
02314894,93379,392063,153,3;[86677.16, 1306, 1.0048798332411277, 0.7900912415667999, 71.83236185496992, 0.9928976568874902, 9999]
02314894,93379,392063,154,1;[95518, 1428, 1.0199383684624503, 0.9836994350706529, 49.69406667166082, 0.9942403261474309, 0.9796265813372717]
02314894,93379,392063,154,2;[70964.45999999999, 1280, 1.027045120310486, 0.9383187990003784, 112.20391725950009, 0.988463470357754, 1.0027492622392615]
02314894,93379,392063,156,3;[86611.40000000001, 1342, 1.0516027056697126, 0.8729586993568497, 126.42466807522746, 0.9878601915718317, 0.9983182395995357]
02314894,93384,392080,302,1;[85244, 1384, 1.0585826047058138, 0.9835716875972222, 67.64976063520764, 0.9922082034299144, 9999]
02314894,93384,392080,302,2;[96601.81999999999, 1370, 1.0211650464145514, 0.8887133336838893, 170.7790083927384, 0.9825233692088282, 0.9969665336198956]
02314894,93384,392080,302,3;[96143.86, 1206, 1.0162332376694048, 1.006840655984785, 137.62895536790228, 0.9833373899435116, 1.0070674674071363]
02314894,93384,392080,305,1;[87951, 1510, 1.206092160116606, 0.9709146868966484, 78.34018973524718, 0.9938461223763599, 0.9815193009474706]
02314894,93384,392080,305,2;[88601.45, 1352, 1.0363592756016744, 0.9910628040743151, 110.76779023904345, 0.9847719557716134, 1.0018838727040302]
02314894,93384,392080,306,3;[94291.62000000001, 1206, 1.0367681118074648, 0.9638856758412996, 57.15328194944433, 0.9928216264835622, 1.0027901419839877]
02314894,93387,392103,488,1;[96114, 1530, 1.0226186714915506, 0.9841683483970646, 69.45117600231912, 0.9933804309474328, 0.9778564561173256]
02314894,93387,392103,488,2;[89933.06, 1336, 1.0626477781024781, 0.9771295675278371, 174.32018821093172, 0.9752959779192452, 9999]
02314894,93387,392103,488,3;[97765.94, 1220, 1.015412565614715, 1.0062007950579597, 108.43379580821468, 0.984938107029698, 1.0007221937863289]
02314894,93387,392103,491,1;[98373, 1426, 1.1601807470673144, 0.9973785140790593, 119.11622256035164, 0.9880561375466267, 9999]
02314894,93387,392103,491,2;[88200.42, 1352, 1.0435719583069982, 0.9855982545726988, 110.3817415439752, 0.9853628687938758, 1.006245078606533]
02314894,93387,392103,493,1;[95871, 1412, 1.1457255275812248, 0.9769948804483606, 107.16745813784543, 0.9901348016482561, 1.005437717941323]
02314894,93387,392103,493,2;[90028.26, 1384, 1.009861601894456, 1.017968045007414, 113.245713013725, 0.9884645739104283, 1.0047879299009874]
02314894,93387,392103,493,3;[90957.04000000001, 1302, 1.0212183186778117, 0.9089241070000552, 134.88807867898177, 0.9819183299857391, 0.9971763292279964]
02314894,93388,392108,543,1;[93499, 1506, 1.0839102510177239, 0.9894149361733565, 104.55002925098573, 0.9894118814544103, 3666.627450980392]
02314894,93388,392108,543,2;[86674.84, 1408, 1.0085487894418386, 0.8356932662325034, 116.35554216541358, 0.9888390117544332, 0.9976235969291668]
02314894,93388,392108,544,3;[85455.12000000001, 1192, 1.0460263241538463, 0.9492606707242287, 77.56833368004065, 0.9907381067831482, 9999]
02314894,93388,392108,545,1;[96635, 1414, 1.1522760082714898, 0.9770327980001323, 110.92415937017952, 0.9903569324679264, 1.004]
02314894,93388,392108,545,2;[88699.03, 1394, 1.008607375314512, 1.0221363453671903, 132.4666680542752, 0.9877441323636261, 1.0070934443063286]
02314894,93388,392108,545,3;[87367.64000000001, 1290, 1.0498594839280313, 0.962742485541094, 108.81989753757395, 0.98616882496297, 9999]
02314894,93388,392108,548,1;[97435, 1432, 1.153074688640097, 0.9738559717832813, 106.36874707670822, 0.9908480776501617, 1.0014337764850378]
02314894,93388,392108,548,3;[87845.77, 1306, 1.017811824033725, 0.8883132301758055, 121.1365740803718, 0.9861649493106831, 9999]
02314894,93388,392108,549,2;[93400.72, 1336, 1.1619508898065452, 0.9916077948292201, 163.93026520400616, 0.9825075088565446, 1.0005226458628118]
02314894,93393,392140,791,1;[85600, 1396, 1.2049721228948742, 0.9863751158414851, 92.27594211782956, 0.9913503565942587, 0.9839815618408272]
02314894,93393,392140,791,2;[90426.90999999999, 1394, 1.1378252331526424, 0.990475860760847, 162.49021987051162, 0.9793037349868091, 0.9996974161974425]
02314894,93393,392140,794,1;[87919, 1508, 1.0276457236455419, 0.9767447387075309, 48.646408138955444, 0.9933492143004622, 0.9893101081366956]
02314894,93393,392140,794,2;[91759.70999999999, 1260, 1.0303724764413833, 0.9874732833516013, 87.65245000785843, 0.9880020334981388, 1.0083100681935573]
00023698,93080,390528,134,1;[36900, 898, 0.9978155479327312, 1.0259673944738459, 89.73238912855744, 0.9929930238391793, 0.9837638966648005]
00023698,93080,390528,134,2;[39364.009999999995, 820, 1.0504391901326098, 1.022399976459444, 131.86334323534342, 0.9822628171354302, 1.0140555785472325]
00023698,93080,390528,134,3;[55474.04, 910, 1.2348669144335471, 0.954528904486548, 84.48481776732575, 0.9923977465338607, 26994.666666666668]
00023698,93244,391403,53,2;[43991.92, 860, 1.0139415938895173, 1.0212939734954087, 88.72411398565121, 0.9915332214735743, 9999]
00023698,93244,391403,54,1;[45368, 944, 1.0138822074695624, 0.9740646097252217, 57.91967425793741, 0.993886083647604, 1.000099198694986]
00023698,93244,391403,55,3;[38692.91, 766, 1.0128055678324268, 1.0020142613457823, 123.04365198080062, 0.9864740144323954, 0.9985680697226298]
00023892,93026,390259,210,1;[115384, 1676, 0.9705763288702812, 0.9705763288702812, 27.44450635858385, 0.9967809945790217, 0.9971869206936336]
00023892,93026,390259,211,2;[117053.15999999999, 1570, 1.0149650236071255, 0.9746772383627069, 32.01824097753799, 0.9959190027831599, 0.996711876257112]
00023892,93026,390259,211,3;[116700.71, 1438, 1.0186254340279237, 0.9437976061425024, 56.93241554978748, 0.9908537816795847, 9999]
00023892,93026,390259,212,1;[115337, 1664, 0.9804131521278897, 0.9889032468085639, 29.32303153461915, 0.9964262448288627, 0.9924920079683675]
00023892,93026,390259,212,2;[117691.0, 1554, 1.014747909288223, 0.9808503008994244, 33.38817836122004, 0.9959185983378324, 9999]
00023892,93026,390259,212,3;[114356.64000000001, 1394, 1.0039062202291396, 0.9507977939312924, 37.10296143051946, 0.9936297065684685, 9999]
00023892,93026,390259,214,1;[120043, 1634, 1.0032661182443197, 0.9887838124952426, 22.927187669422857, 0.9969424029558446, 0.9982495311986761]
00023892,93026,390259,215,3;[114305.95000000001, 1398, 1.010278510246198, 0.9543713578041263, 39.13504025500448, 0.9933049493998183, 9999]
00023892,93026,390259,216,2;[116758.04, 1568, 1.0123332269148082, 0.98091887278259, 29.98789604125521, 0.996023856518871, 0.9963240520725442]
00023892,93049,390350,751,2;[112488.31999999999, 1480, 0.9848740726439702, 0.9929826624223882, 26.49613653842162, 0.9961483784872827, 9999]
00023892,93049,390350,752,3;[118309.09000000001, 1532, 1.0130833231157215, 0.9721992345752148, 59.29260583943325, 0.9911236827270111, 9999]
00023892,93049,390350,753,1;[115862, 1658, 0.9829469492684024, 0.9978529551266063, 24.60371064380052, 0.9960469422803894, 0.9909383646292598]
00023892,93049,390350,756,2;[116076.17, 1538, 1.0085478725212538, 0.9927081192712227, 43.37188848757056, 0.9943862237694245, 9999]
00023892,93049,390350,756,3;[117833.70000000001, 1382, 1.047327962051423, 0.9430491915437306, 103.28006889242694, 0.9876476852572468, 0.9989779088945155]
00023892,93049,390350,757,1;[119330, 1636, 1.0075125795868425, 0.9942916148693116, 29.0029681718026, 0.9953227996444487, 9999]
00023892,93049,390350,758,3;[117121.3, 1400, 1.030931342867741, 0.9719735434960686, 74.73251000866165, 0.9910807744684849, 9999]
00023892,93049,390350,760,1;[119412, 1684, 1.0004737661313214, 0.9880028410604836, 28.934950571560975, 0.9954903479060804, 0.999870214146658]
00023892,93049,390350,760,2;[117228.09, 1564, 1.0405712513178689, 0.9825036010815462, 94.58212834702178, 0.9879751501300211, 0.9954779023530066]
00023892,93049,390350,761,1;[115473, 1576, 0.991677529821298, 0.9926776955103828, 36.86362273631874, 0.9942467519164607, 1.0014917476864902]
00023892,93049,390350,763,2;[118247.92, 1546, 1.0345050869305332, 0.994516715150005, 59.95186314319832, 0.9908730469999921, 9999]
00023892,93049,390350,763,3;[118310.46, 1494, 1.0361395917367435, 0.9712337522244107, 108.28824339469637, 0.9843328979744623, 0.9939059128182995]
00023892,93049,390350,766,1;[116227, 1652, 0.9751026370807013, 0.9892795240401203, 27.456611617824382, 0.9965442441576506, 0.9924685549359998]
00023892,93049,390350,767,3;[117711.77, 1466, 1.0214023858039325, 0.9691685127209577, 43.76655418360943, 0.9929606828812833, 10740.125]
00023892,93049,390350,769,2;[117706.47, 1490, 1.0202549609913965, 0.9997484379105231, 29.963769686372082, 0.995278891855519, 9999]
00023892,93049,390350,770,1;[117114, 1588, 1.0024585818836231, 0.9928265580916606, 32.869004539460455, 0.9955113006843905, 9999]
00023892,93049,390350,770,3;[118395.40000000001, 1410, 1.0424963099943128, 0.9275135170288007, 78.28360049762023, 0.9922517167138535, 9999]
00023892,93049,390350,773,2;[114238.81, 1522, 1.0044227657496143, 0.986742260703326, 36.17136856988099, 0.9948063335800724, 9999]
00023892,93099,390646,1221,2;[114072.20999999999, 1486, 1.0090858747803573, 0.9867088647928606, 38.53013999163804, 0.9934468550222741, 9999]
00023892,93099,390646,1222,1;[115757, 1704, 0.9986716907804245, 0.9931340390066832, 35.39650912607604, 0.9961712619634862, 0.989105543782897]
00023892,93099,390646,1222,3;[117585.73000000001, 1392, 1.1323117391248805, 0.9651113997953958, 50.31573890807299, 0.9940088735414381, 9999]
00023892,93103,390673,1487,1;[118131, 1640, 0.9941992381714719, 0.9832364950716539, 24.18140079113889, 0.9967673469878491, 0.9975637458357788]
00023892,93103,390673,1488,3;[117951.52, 1364, 1.034720293021279, 0.9614925636421753, 96.22023479779668, 0.98528403584093, 0.9961010262284081]
00023892,93103,390673,1489,2;[116541.45999999999, 1546, 1.014966414714585, 0.992022459678374, 40.09946663942671, 0.9947342202306876, 0.9929282227280332]
00023892,93103,390673,1491,2;[120403.01, 1514, 1.0503891899546012, 0.9843946252209498, 113.66690920960296, 0.984839104179109, 9999]
00023892,93103,390673,1492,1;[114627, 1678, 0.9987680845865211, 0.9924709850319351, 45.564953524898826, 0.9946129103177113, 0.9927122981592382]
00023892,93103,390673,1492,3;[112581.12000000001, 1362, 1.004285977747245, 0.9649001229124898, 31.23126453415144, 0.9956981357234577, 9999]
00023892,93103,390673,1495,2;[114817.15, 1510, 0.9930315460441014, 0.9870770259924616, 31.546042712339776, 0.9947702350629656, 9999]
00023892,93103,390673,1497,3;[113548.34000000001, 1404, 1.0054351093309934, 0.960491452600365, 28.91913419738997, 0.9948299282430487, 9999]
00023892,93103,390673,1498,1;[116314, 1654, 0.989772517025471, 0.9913499174139772, 25.89202116124958, 0.9956881817830718, 0.9948765321221763]
00023892,93103,390673,1499,1;[115761, 1706, 0.9962542217613665, 0.9812057965453727, 38.26655464467754, 0.9959036968410945, 0.9896936302274583]
00023892,93103,390673,1499,3;[117251.45000000001, 1500, 1.0242496834682837, 0.9748615169204323, 53.78139989410666, 0.9908513476631625, 34234.0]
00023892,93103,390673,1500,2;[113904.42, 1520, 1.0033341804562999, 0.9866325509813356, 31.931454020851525, 0.9944117262205622, 0.9918501209788144]
00023892,93122,390798,1587,3;[117843.29000000001, 1442, 1.0406381091708652, 0.97290517790024, 111.87571133625764, 0.982512094931687, 0.9956477955389904]
00023892,93122,390798,1589,1;[115972, 1698, 0.9778822539189395, 0.9908134710763481, 20.37117655163161, 0.9968449509462828, 0.9941706957446079]
00023892,93122,390798,1589,2;[117505.36, 1504, 1.0292453359150497, 0.9978651105229204, 41.27597117489877, 0.9945531923571351, 9999]
00023892,93122,390798,1590,1;[114476, 1708, 0.9714008354292216, 0.9792266459744134, 31.895664856885332, 0.9963746613606888, 0.9873600048300221]
00023892,93122,390798,1590,2;[115546.62, 1446, 1.0044099548766843, 0.9937778684089924, 34.96544073137213, 0.9941037791054449, 9999]
00023892,93122,390798,1592,3;[117977.55, 1424, 1.0384956777881869, 0.9582881772027657, 51.69301507743181, 0.993571167624946, 172230.0]
00023892,93139,390920,17,2;[116130.90999999999, 1510, 0.9981631323817355, 0.9808162066148503, 32.268889709424414, 0.993887002655094, 0.9946034641785189]
00023892,93139,390920,17,3;[117082.94, 1368, 1.01704474354301, 0.9629625559037094, 53.25214145749839, 0.9925764721536028, 9999]
00023892,93139,390920,18,1;[114291, 1656, 0.9814575364939319, 0.9959018721886728, 30.733984173391054, 0.9957475714305857, 0.9944271152817112]
00023892,93139,390920,19,1;[117141, 1708, 1.0011284673044343, 0.9784178992053928, 59.47460187917027, 0.9921109682880714, 0.9933264364697103]
00023892,93139,390920,20,3;[118051.53000000001, 1470, 1.0213625513322462, 0.9716452290970454, 85.44257796364806, 0.9849400431888099, 9999]
00023892,93139,390920,21,2;[115941.7, 1478, 1.0067750976010585, 0.9966286729292532, 25.270836994108723, 0.9955051948918705, 1.001742742428838]
00023892,93166,391047,301,1;[119197, 1602, 0.9934559797032223, 0.9948353663934025, 20.712104405988043, 0.9968702647084702, 0.9987055043296481]
00023892,93166,391047,301,2;[116151.14, 1540, 1.0002683910551358, 0.9928704150270152, 33.4848806094114, 0.9948215854848882, 9999]
00023892,93166,391047,303,3;[118637.89000000001, 1398, 1.0223579081250327, 0.9703534494557088, 42.23273852076505, 0.9934911546531924, 9999]
00023892,93166,391047,304,1;[117753, 1622, 0.9772164352433422, 0.9958620833402838, 25.766315361363983, 0.9967860458868003, 0.9972686967237064]
00023892,93166,391047,305,2;[117093.62, 1536, 1.002178459818774, 0.997850638667676, 24.4138911119299, 0.9964615269265222, 1.000127051242307]
00023892,93166,391047,305,3;[119032.45000000001, 1370, 1.0183846266174685, 0.9748323649170428, 37.875699129217296, 0.9947455224370897, 2199.6202531645567]
00023892,93166,391047,307,2;[115370.5, 1528, 1.0058060097422366, 0.9895282762600829, 39.93207841576104, 0.9944151817445519, 9999]
00023892,93166,391047,308,1;[115460, 1682, 0.9960968642594321, 0.9954651582763876, 40.582903883813906, 0.9951983391381567, 0.9932470213772635]
00023892,93166,391047,308,3;[118877.64000000001, 1454, 1.017150500848034, 0.9733966928934351, 36.44529966828555, 0.9937569319287601, 1324.7633587786258]
00023892,93166,391047,309,1;[119716, 1620, 1.0322619672169577, 0.9876387315526259, 46.38197855060344, 0.9944067144527013, 0.999419796219075]
00023892,93166,391047,309,2;[115416.90999999999, 1496, 1.0140101989435855, 0.9782871975660953, 49.76970517264166, 0.9923215994050387, 9999]
00023892,93166,391047,310,3;[117396.67000000001, 1446, 1.0322636927019022, 0.9549682020607355, 42.6314536599798, 0.9954496600959517, 9999]
00023892,93166,391047,312,2;[119097.58, 1476, 1.0286965797742729, 0.9766518066581236, 64.13464440773701, 0.9901136968339167, 100082.0]
00023892,93166,391047,313,1;[120302, 1688, 1.021004314514589, 0.9866737636844082, 42.55555215394716, 0.9931729686905908, 0.9957002685780263]
00023892,93166,391047,313,3;[119017.38, 1408, 1.0256435421473993, 0.9687818342517958, 44.27779058241403, 0.9929874755115312, 24821.14285714286]
00023892,93166,391047,315,1;[117580, 1706, 0.9911475015587408, 0.9998940038735258, 31.46718806602632, 0.9964770636421072, 0.9924037812288994]
00023892,93166,391047,315,2;[119473.62, 1562, 1.0290292751963206, 0.976969826578464, 59.39391504055549, 0.9910613417632356, 9999]
00023892,93166,391047,315,3;[120414.78000000001, 1524, 1.0420803432332637, 0.9716719340706381, 114.80932319891738, 0.9838297153742086, 0.9968696835658387]
00023892,93265,391506,609,1;[120450, 1668, 1.0130823848066772, 0.9934285035407959, 28.081715577593773, 0.9950777124707098, 9999]
00023892,93265,391506,609,3;[119976.38, 1438, 1.0627480642574758, 0.9590433977019611, 126.38952663022229, 0.9846962103710577, 0.99012968218255]
00023892,93265,391506,610,2;[119833.0, 1508, 1.0279624297293433, 0.9939602657133225, 34.05485042585448, 0.9943307197997148, 0.9989534301203803]
00023892,93265,391506,611,3;[119896.92000000001, 1368, 1.0267371543472592, 0.9680652141772095, 60.138477372720004, 0.9910185054986551, 175032.0]
00023892,93265,391506,612,2;[116885.37, 1548, 1.0145783774572443, 0.9803564738122116, 29.62078944142632, 0.9948200399301197, 9999]
00023892,93265,391506,613,1;[114481, 1610, 0.9955593575803238, 0.9902087238335712, 36.759064237107594, 0.9944111491071127, 0.9902515396858349]
00023892,93329,391882,87,1;[118271, 1616, 1.0194271800477344, 0.9951980347867928, 37.73351695185407, 0.9949972892828642, 0.9989948475377988]
00023892,93329,391882,87,2;[111247.15, 1430, 0.9892958805203751, 0.987969527216751, 25.62743346510477, 0.9960790202361292, 9999]
00023892,93329,391882,87,3;[115923.92000000001, 1414, 1.0215942370198658, 0.9563196493174627, 47.010858776237484, 0.9953242287886229, 9999]
00023892,93329,391882,89,1;[114628, 1672, 0.9914825066265023, 0.992449732020601, 46.0862142629913, 0.9941192467786226, 0.9939475920434248]
00023892,93329,391882,89,3;[114667.63, 1414, 1.0167941706478845, 0.9529070402788227, 69.36194070195396, 0.9896615259912896, 0.9922821576763485]
00023892,93329,391882,90,2;[116098.78, 1540, 1.024478526931865, 0.9929498654533664, 58.7047229351499, 0.9922725834272821, 9999]
00023892,93329,391882,92,2;[114627.93999999999, 1522, 1.0073552101636527, 0.9847883422105579, 36.85985021329225, 0.9940911230252352, 0.9904477918873066]
00023892,93329,391882,92,3;[114493.64000000001, 1356, 1.0098884038015559, 0.9575393429604518, 53.70771228318953, 0.9928164272628103, 9999]
00023892,93329,391882,93,1;[115389, 1646, 0.9791536811644996, 0.9912072497007227, 30.555962129969355, 0.9961549890584726, 0.995354855405318]
00023892,93329,391882,94,1;[116973, 1592, 0.994606233216065, 0.9965614043713638, 34.71012332712566, 0.9946580766084038, 0.9999615310636661]
00023892,93329,391882,94,2;[112866.73999999999, 1496, 1.003006582190011, 0.9923183925625743, 26.138494257660792, 0.99570058885804, 9999]
00023892,93329,391882,94,3;[114433.36000000002, 1410, 1.0214616209838423, 0.9517095185099957, 73.57692311392724, 0.9894936176987641, 0.990536726513768]
00023892,93329,391882,96,1;[115407, 1632, 0.9872182726007631, 0.9927104473525977, 23.989429741072772, 0.9960868400620199, 0.996795591563164]
00023892,93329,391882,96,2;[113005.97, 1516, 0.9882006017804126, 0.9825266807640969, 27.477798069064683, 0.9957344812378607, 0.9942780561096016]
00023892,93329,391882,96,3;[117169.25000000001, 1434, 1.0569068397282255, 0.9348208440309685, 110.45560734956277, 0.9883416942725053, 9999]
00023892,93329,391882,99,1;[118266, 1608, 1.0340711010663866, 0.9901960891665134, 40.350390802242764, 0.9941750124012475, 0.995743928467688]
00023892,93329,391882,99,2;[114010.33, 1524, 1.0088953795511193, 0.9873587254334197, 27.375748128469997, 0.9954495918170748, 9999]
00023892,93329,391882,99,3;[113752.47000000002, 1336, 1.0058340005280906, 0.9771892906538502, 25.640739364499375, 0.99607581804577, 9999]
00023892,93377,392048,3,3;[118466.64000000001, 1406, 1.047556527781869, 0.9626297559970822, 107.28162349534367, 0.988306503325163, 9999]
00023892,93377,392048,4,1;[118492, 1724, 0.9863208326474601, 0.9986424630954116, 19.764201178268063, 0.9967779664001932, 0.982353745839223]
00023892,93377,392048,4,2;[116322.5, 1540, 1.0024661578187861, 0.9812524545754474, 28.71243987076844, 0.9953319054134065, 9999]
00023892,93377,392048,5,1;[112681, 1604, 0.9750116024793062, 0.9728192778387952, 30.87669786078407, 0.9962903174522396, 0.9869450782375636]
00023892,93377,392048,5,2;[117476.79999999999, 1468, 1.0128946844061226, 0.9826118107683158, 31.69563920609115, 0.9953051589361018, 9999]
00023892,93377,392048,5,3;[119291.38, 1442, 1.0494193382007337, 0.9224995551443748, 90.97954973781846, 0.9914184377585706, 9999]
00023892,93377,392048,8,2;[114999.22, 1520, 1.0070723933409482, 0.9772014446917673, 55.95936210100426, 0.9911467610708359, 1.0000983146794165]
00023892,93377,392048,8,3;[115359.48000000001, 1394, 1.0261842013140077, 0.9530082855170431, 74.80732270330151, 0.9887307322964278, 9999]
00023892,93377,392048,9,1;[115825, 1638, 0.9752674514762388, 0.977930434245964, 26.59457846165895, 0.9966290836236483, 0.9829547624402228]
00236683,93026,390254,285,1;[64897, 1162, 0.8963368703322728, 1.2183853081758376, 597.4072147536523, 0.8989622045180786, 0.997670968584979]
00236683,93026,390254,285,2;[63899.43, 1088, 0.88279605279225, 1.1669173179368035, 687.6252383263844, 0.8561036678773236, 0.9979278366800785]
00236683,93026,390254,285,3;[62998.08, 1026, 0.8724861808634222, 1.1462304604636613, 477.53626792143336, 0.8912045056441245, 0.9973322922766608]
00236683,93027,390265,359,1;[65010, 1234, 0.8963836176640538, 1.168149733389122, 588.7646334944752, 0.876576323213372, 0.9996079064510921]
00236683,93027,390265,359,2;[63329.42, 1172, 0.8722834267262409, 1.3744132304889976, 811.2780416461782, 0.8789933373649661, 0.9967690881336567]
00236683,93027,390265,359,3;[64039.280000000006, 1110, 0.8752503306714794, 1.2607893360585687, 730.6566746111167, 0.906247409796963, 0.9980783191698339]
00236683,93032,390303,79,1;[64084, 1312, 0.883011742050798, 1.2912871714364584, 268.94763745587096, 0.9133944969761918, 0.9972688863125296]
00236683,93032,390303,79,2;[62079.92, 1082, 0.8815052374057251, 1.2447192829726832, 397.38154880436065, 0.9006467679184194, 1.0009209516500384]
00236683,93032,390303,80,3;[63635.130000000005, 1136, 0.8704188168610484, 1.2765842202638427, 618.6186577698837, 0.9267038002201853, 0.9954032595068951]
00236683,93032,390303,81,1;[65182, 1222, 0.8845825357301805, 1.253814231694861, 436.65751315797803, 0.9024325561089953, 0.9954869993509221]
00236683,93032,390303,81,2;[60467.469999999994, 1070, 0.8658963652934529, 1.3236490956893558, 415.1546219052248, 0.8831104988944727, 0.9955720135582594]
00236683,93032,390303,82,3;[60681.41, 1002, 0.8646670726583039, 1.236890745793808, 413.0430619188642, 0.895977356431816, 0.9920933566276934]
00236683,93032,390303,83,1;[65190, 1240, 0.8856361340584233, 1.336348925504289, 421.8157871130205, 0.9179699132432548, 0.9945383535729542]
00236683,93032,390303,83,2;[63473.409999999996, 1108, 0.880705724041829, 1.1517486320231045, 936.4060692327542, 0.8892920877813058, 0.9974381030742763]
00236683,93032,390303,83,3;[63620.060000000005, 1086, 0.8776824258320373, 1.2010975539393451, 632.373901310016, 0.932411605387967, 0.9935599820278568]
00236683,93051,390358,937,1;[61910, 1138, 0.8881777418456696, 1.3158803350304593, 191.94476886811364, 0.9332287887186778, 1.0035906206181056]
00236683,93051,390358,937,2;[61018.439999999995, 1108, 0.8744115177055395, 1.2886368708134575, 416.8174297521665, 0.8915586599846775, 9999]
00236683,93051,390358,937,3;[61560.950000000004, 966, 0.877243343342936, 1.162882267156796, 350.0519987317953, 0.9193836774930555, 0.9962310165170158]
00236683,93078,390512,47,1;[62003, 1166, 0.8984033152613793, 1.421216003534498, 222.0834782523327, 0.932324088329441, 0.9965764433586216]
00236683,93078,390512,47,2;[64851.43, 1158, 0.8730279854116749, 1.169443966109788, 818.8359163722441, 0.8605912354463219, 0.9972094895653209]
00236683,93078,390512,47,3;[63713.22000000001, 1070, 0.8713599068622755, 1.156260139954396, 363.6832766722085, 0.9245821144862727, 0.997929295638646]
00236683,93078,390512,49,1;[62757, 1248, 0.8806822073163417, 1.3655628375229387, 291.7005471112284, 0.9308936894344648, 0.9898424315073895]
00236683,93078,390512,49,2;[62070.399999999994, 1146, 0.8777771267882485, 1.3229664281527502, 421.0606639502385, 0.9063259873638182, 0.9963420341346475]
00236683,93078,390512,49,3;[65910.70000000001, 1050, 0.8768575047476552, 1.2247830161026592, 788.4647293313469, 0.8942845465139775, 0.9974602187321826]
00236683,93078,390512,50,1;[61924, 1150, 0.8810465426974625, 1.3914188745424354, 213.8200019221468, 0.9351294831793443, 0.9981302385557704]
00236683,93078,390512,50,2;[65937.9, 1150, 0.879228667524834, 1.179293606603073, 824.4007872140987, 0.8489372623533138, 0.9963318588844535]
00236683,93078,390512,50,3;[66360.06000000001, 1022, 0.8702875750297601, 1.1372706087217193, 861.5471674866211, 0.8701131027160595, 1.0023072227452847]
00236683,93098,390636,1213,1;[66424, 1244, 0.8823566767419234, 1.2142968859041916, 308.83078904861543, 0.8957330070359494, 0.9993380273214179]
00236683,93098,390636,1213,2;[65266.74, 1126, 0.8933927484060082, 1.2840118591047747, 875.6931159719495, 0.8581356473660497, 1.0014607603257495]
00236683,93098,390636,1213,3;[65509.29000000001, 1070, 0.873847573315857, 1.18952807666033, 761.6841148447202, 0.9046977956138212, 0.9943334823610144]
00236683,93098,390636,1214,1;[64254, 1292, 0.8798340578149664, 1.4185855049254117, 354.04704705750584, 0.9389706014256528, 0.9968196838300315]
00236683,93098,390636,1214,2;[64413.509999999995, 1112, 0.8841799100241723, 1.185020667030353, 814.5381436463231, 0.8548762815733646, 0.9979719390106749]
00236683,93098,390636,1214,3;[63554.3, 1080, 0.8725345513198169, 1.3418491871000942, 573.436488312685, 0.915630657414964, 0.9923631462981581]
00236683,93099,390639,1320,1;[65733, 1174, 0.8986561124046707, 1.1888863137764243, 524.71293379162, 0.8909896119273859, 1.000334799348663]
00236683,93099,390639,1320,2;[64945.439999999995, 1110, 0.8799012392870388, 1.211244114648881, 500.3592752505392, 0.8843490229777067, 0.9975689557476832]
00236683,93099,390639,1320,3;[64221.490000000005, 1086, 0.8771087575357576, 1.1782370262963473, 420.12826866959915, 0.914358419458132, 0.9936620315414617]
00236683,93099,390639,1321,1;[65480, 1300, 0.8724248348033831, 1.2238853834367018, 405.04023958956503, 0.9273045058082094, 0.9972965769333283]
00236683,93099,390639,1321,2;[62571.39, 1128, 0.8732663509695608, 1.2989479846148317, 506.449168846685, 0.8607900347818224, 0.995871133922991]
00236683,93099,390639,1322,3;[60664.97, 960, 0.8918258292316278, 1.1659305552185804, 304.4898032449558, 0.9395602745783597, 0.9997403623638313]
00236683,93103,390670,1523,1;[66007, 1202, 0.8862135690644956, 1.1227076770295574, 539.0951049981684, 0.8570147705480499, 0.9933781811067467]
00236683,93103,390670,1523,2;[62395.27, 1128, 0.8744661556219134, 1.3175950505831138, 451.64267112748917, 0.8726407365729938, 0.9936702863532132]
00236683,93103,390670,1523,3;[64702.36000000001, 1090, 0.8682338163167673, 1.2139867077421442, 760.4879409415294, 0.8519364279323118, 0.9934162091668244]
00236683,93103,390670,1525,2;[63179.479999999996, 1148, 0.8755774904728971, 1.3231910436666334, 440.6480455143491, 0.8949090950326803, 0.9963966669168981]
00236683,93103,390670,1525,3;[64450.280000000006, 1072, 0.8786524256469906, 1.2380248607050208, 794.7149607156023, 0.9022725765178526, 0.9949768937110709]
00236683,93103,390670,1526,1;[64594, 1280, 0.8692302139795223, 1.3064345589587993, 387.3175180665426, 0.9216866545350719, 0.9963366573347833]
00236683,93129,390840,509,1;[63851, 1282, 0.8863538304611583, 1.2824864508734586, 310.17420054510205, 0.9399106307757903, 0.9891788472412645]
00236683,93129,390840,509,2;[62792.729999999996, 1156, 0.8655992666530318, 1.2966369654810306, 598.0539074640125, 0.8907444545283135, 0.9932237845163476]
00236683,93129,390840,509,3;[65155.83, 1070, 0.8798077353627585, 1.207208180569444, 693.4138006979172, 0.9218608231747977, 0.9943860749568763]
00236683,93139,390919,100,1;[65548, 1228, 0.8895657063217315, 1.2174121974362748, 494.76634957258426, 0.901591666436485, 0.9952249003605997]
00236683,93139,390919,100,2;[64462.299999999996, 1176, 0.8687574373580252, 1.3160805760010135, 749.5912923506529, 0.8728901235789747, 0.9998523385876186]
00236683,93139,390919,100,3;[62899.44, 1048, 0.8704034933278246, 1.1903627541986614, 354.52133648183104, 0.9138656498268735, 0.9938737958653534]
00236683,93140,390930,162,1;[64174, 1274, 0.873669116798967, 1.2219762812449149, 318.14095600560046, 0.9407832771655248, 0.9941057556018558]
00236683,93140,390930,162,2;[62256.03999999999, 1108, 0.8758086297832357, 1.284617442261192, 345.67866423307373, 0.9220027450821668, 0.9939582779192158]
00236683,93140,390930,162,3;[64168.060000000005, 1070, 0.8653375047802901, 1.175778012518249, 544.2792229979488, 0.8837986711791864, 0.9959280876896416]
00236683,93140,390930,163,1;[64757, 1294, 0.8689080832153993, 1.3437099942523156, 321.5276598014192, 0.9430963941414967, 0.994830513031255]
00236683,93140,390930,163,2;[64700.299999999996, 1190, 0.8678894662354549, 1.2921604955880843, 715.6913109359365, 0.8801013288764067, 0.9996414749170336]
00236683,93140,390930,163,3;[64600.98, 1086, 0.8652007934289446, 1.1908760180148013, 721.4497155138856, 0.9086264422759408, 0.9967868769289308]
00236683,93140,390930,164,1;[66120, 1190, 0.8928024080834541, 1.1879672972458664, 349.6492563200557, 0.8948358029776258, 0.9994029580030079]
00236683,93140,390930,165,2;[62164.409999999996, 1120, 0.8752461396656094, 1.298778050862342, 346.29783056866313, 0.9093205097922705, 0.9977652991061197]
00236683,93140,390930,165,3;[62617.22000000001, 1048, 0.8756071525749004, 1.1433205584440507, 348.4088358753567, 0.9269208623011866, 0.9946249428764172]
00236683,93174,391097,943,1;[62928, 1236, 0.8851371504840055, 1.4349269202301336, 299.8036945734148, 0.9301702078122605, 0.9953969534475395]
00236683,93174,391097,943,2;[64325.45, 1168, 0.8802286326493914, 1.2679251780083614, 607.869629047859, 0.8870972782303799, 0.9962677970787449]
00236683,93174,391097,943,3;[64610.57000000001, 1052, 0.8809168323652462, 1.192026993741771, 915.8897240293949, 0.8497624850878942, 0.9998092007631969]
00236683,93203,391206,348,1;[66259, 1190, 0.8894026810814899, 1.1508446047025152, 594.0886112205731, 0.8912596097118567, 0.9980268112667571]
00236683,93203,391206,348,3;[64683.18000000001, 1094, 0.8774361244422536, 1.1828319494737503, 463.56244202686634, 0.9045813327238634, 0.9901953587869509]
00236683,93203,391206,349,2;[65912.91, 1094, 0.8899903614837441, 1.2170274147339144, 883.2863549263491, 0.8237073210150379, 1.001093469007835]
00236683,93203,391206,350,1;[62393, 1240, 0.8787493015584305, 1.3128339148304562, 295.70120819668693, 0.9335410441337777, 0.9891953166493591]
00236683,93203,391206,350,2;[64784.78999999999, 1186, 0.8806837105180522, 1.3963042186163492, 714.3957716221242, 0.8977856171105484, 0.9971061741057529]
00236683,93203,391206,350,3;[66107.98000000001, 1110, 0.8779627186987592, 1.2067523980043482, 629.3045444407546, 0.8784160439673843, 0.9945279732890899]
00236683,93203,391206,351,1;[63854, 1268, 0.871032185835836, 1.479426503068035, 318.9796186826759, 0.9362372556116996, 0.9921610976017153]
00236683,93203,391206,352,2;[60755.45, 1072, 0.8829527874848939, 1.2554864592775605, 342.8331537019416, 0.9050124376649543, 0.9934812220276318]
00236683,93203,391206,352,3;[64896.9, 1114, 0.8569397877711894, 1.2417527424010701, 692.591624038142, 0.8946675282111177, 0.9943116223421002]
00236683,93220,391265,336,1;[65533, 1310, 0.8757480096155889, 1.367463148321185, 361.0624601301009, 0.9290297774806068, 0.9930972821021845]
00236683,93220,391265,336,2;[60632.88, 1050, 0.8682370583990296, 1.2168716618617368, 346.1947867002257, 0.8994860601241726, 0.9980021154072158]
00236683,93220,391265,336,3;[64026.950000000004, 1090, 0.8629840702248537, 1.2222749057270437, 655.7167830778669, 0.908215481352808, 0.9938013673141739]
00236683,93220,391265,337,1;[61118, 1124, 0.8808351635338167, 1.2224316677897844, 151.10157403778504, 0.9337813620401505, 0.9949534414273621]
00236683,93220,391265,337,2;[64254.049999999996, 1166, 0.8722362436156592, 1.2337152288179494, 564.8185975037665, 0.8790782291139434, 0.9932763679509938]
00236683,93220,391265,337,3;[64409.18000000001, 1080, 0.8726724947670236, 1.265388216239573, 693.2371551550842, 0.9054723116006371, 0.9945737828032283]
00236683,93222,391274,426,2;[62796.299999999996, 1136, 0.8830140146854797, 1.2618411779405492, 351.3399176267912, 0.9240262330636166, 0.9985146219854868]
00236683,93222,391274,426,3;[64573.58, 1060, 0.8698739445591321, 1.2390712166734024, 806.0081702436511, 0.9022446887703707, 0.9947974377644812]
00236683,93222,391274,427,1;[65596, 1204, 0.8814352650098592, 1.1250380127803834, 426.6307949767584, 0.9036493789843961, 0.999078537540076]
00236683,93222,391274,428,3;[65283.240000000005, 1108, 0.8695688977103744, 1.2047253991752296, 663.4549987691171, 0.9024267478443797, 0.9949367881489524]
00236683,93222,391274,429,1;[65683, 1302, 0.8898643963502091, 1.2157433048057757, 263.5146465566555, 0.9138523580591842, 0.9900666244611257]
00236683,93222,391274,429,2;[65128.7, 1114, 0.8920105206580566, 1.2152927457141203, 901.9103499453104, 0.8625949441156302, 1.0004935743926293]
00236683,93260,391459,217,1;[61886, 1206, 0.88409827167143, 1.4305143674075829, 243.25219511796246, 0.9397923110539514, 0.9929323802876786]
00236683,93260,391459,217,2;[63468.649999999994, 1168, 0.8773761500382609, 1.303462920522043, 423.0964271691172, 0.9175794943361034, 0.9939989190599549]
00236683,93260,391459,217,3;[61080.08, 1002, 0.8684022285641108, 1.183091136102187, 330.8801757872058, 0.916625577751276, 0.9937478407203914]
00236683,93260,391459,218,1;[61371, 1146, 0.8861261793421696, 1.3227932692907638, 233.6975189654019, 0.9138117041258418, 0.9979592334523103]
00236683,93260,391459,218,2;[65415.49, 1146, 0.8806046328095137, 1.2456073480301915, 888.1625960645373, 0.8361238909296961, 0.9979485876116476]
00236683,93260,391459,219,3;[65165.420000000006, 1002, 0.8855295886816785, 1.201654730491485, 874.0681197302487, 0.8664653855605965, 1.0001682156524665]
00236683,93314,391804,1,1;[61200, 1184, 0.8911802629893917, 1.382171928150076, 230.7785941011806, 0.9282939375778478, 0.9964830011723329]
00236683,93314,391804,1,2;[63119.979999999996, 1172, 0.8732368986285801, 1.2855284088582624, 778.1732000879881, 0.8841258201664252, 0.9969738548578088]
00236683,93314,391804,1,3;[62554.200000000004, 1048, 0.8706816695963225, 1.2236399679595413, 396.73644698103055, 0.9037575184900603, 0.9935482467115642]
00236683,93314,391804,2,1;[60876, 1180, 0.8846231316147987, 1.3470361909588835, 237.77139752352406, 0.9341344635075844, 0.9983027082872112]
00236683,93314,391804,2,2;[63148.53999999999, 1058, 0.8865645945619125, 1.2173674482590253, 625.6957682754448, 0.8446343329217425, 1.0054568191291826]
00236683,93314,391804,2,3;[61967.840000000004, 1040, 0.8630861857690876, 1.2021879598329055, 462.1138465086889, 0.8699951446873627, 0.9957841205543386]
00236683,93331,391886,297,1;[64499, 1258, 0.8861004128455874, 1.1767130557255576, 486.22112839956037, 0.882567298345443, 0.9920557405541756]
00236683,93331,391886,297,2;[63365.119999999995, 1142, 0.8718246979181136, 1.2238753766468728, 720.7594945839151, 0.8495607612385334, 0.9981722919458998]
00236683,93331,391886,297,3;[60114.23, 962, 0.8786204077621724, 1.2399047265569842, 333.37371361298034, 0.9318307664323562, 1.000205151584226]
00236683,93341,391961,155,1;[64154, 1280, 0.8792525968196029, 1.2928483788835097, 374.536365774355, 0.935168653948244, 0.9960873210570443]
00236683,93341,391961,155,2;[62858.18, 1052, 0.8910501307441899, 1.1703169142364331, 1016.6524047850945, 0.8434156386230575, 0.9998391080909702]
00236683,93341,391961,156,3;[63548.82000000001, 1042, 0.8926078558902395, 1.1802893869861124, 792.7012788894507, 0.8845421833110562, 0.9976556618991289]
00521701,93026,390258,236,1;[65015, 1268, 0.8381775642546434, 1.2907349359759162, 250.17272954094338, 0.8658941841502674, 0.9906670222086777]
00521701,93026,390258,236,2;[63711.409999999996, 1160, 0.8328008538305073, 1.244832771554797, 383.41423372086234, 0.8778173893145765, 0.991986511399535]
00521701,93026,390258,236,3;[64650.3, 1088, 0.7961479669495897, 1.7462056904974999, 589.4067175037352, 0.9620048103930134, 9999]
00521701,93122,390796,1603,2;[62828.43, 1126, 0.819885475612702, 1.256333279056509, 299.49397662419483, 0.8638672780054223, 0.9927420416298441]
00521701,93122,390796,1604,3;[62922.73, 1048, 0.8185142145814573, 1.450235556326929, 320.0687700976941, 0.8812622518672641, 0.997166708279508]
00521701,93122,390796,1605,1;[62224, 1146, 0.8566837480585704, 1.2049831781894702, 156.220883867245, 0.9003790357456036, 0.9972993548904115]
00521701,93139,390917,48,1;[65905, 1250, 0.8177142451097035, 1.363160319113161, 272.79423457219696, 0.8735352990091628, 0.9921342817357269]
00521701,93139,390917,48,2;[63280.63, 1130, 0.8069446185618948, 1.4570263221994737, 273.2561554452453, 0.9667913955202088, 9999]
00521701,93139,390917,48,3;[62114.43000000001, 1014, 0.8202161911979294, 1.608353300801054, 300.4638342307913, 0.9710721126599146, 0.9903020771902235]
00521701,93141,390932,199,2;[64893.079999999994, 1162, 0.8456843959906979, 1.2595769526941694, 346.6162792194861, 0.8648392540420272, 0.9924382364984758]
00521701,93141,390932,199,3;[62017.16, 1054, 0.7860292950526333, 1.5138959370819465, 276.9085808237027, 0.9731655031711313, 0.9876726376191827]
00521701,93141,390932,200,1;[64754, 1262, 0.8692715981718601, 1.325863861317932, 226.1344441489002, 0.9672597308634594, 0.9923832584941227]
