02392976,93067,390432,38,4;[62260, 1280, 1.001193934969114, 0.7590146032424694, 145.03168501307175, 0.9879907536378626, 0.966515050374901]
02392976,93067,390432,38,6;[59279.9, 1120, 1.0539190649828056, 0.8816214086201531, 151.0245338986393, 0.9841168801166387, 0.9916010679133295]
02392976,93067,390432,38,7;[73404.81, 1020, 1.0189725191730123, 1.0078331564579581, 180.42312209133843, 0.9827352331632149, 1.0044594255087513]
02392976,93067,390432,39,5;[63543.619999999995, 1226, 1.0403074855341268, 0.8847769057721202, 108.15487237285086, 0.9903477985953588, 0.995358547542267]
02392976,93071,390469,279,4;[82025, 1342, 1.0169452907907437, 0.9908085762315163, 155.49645348536725, 0.986432580121847, 0.9729841938258059]
02392976,93071,390469,279,7;[73493.55, 990, 1.0242226829909715, 1.0185204354021105, 196.9493747290445, 0.9753824995759501, 1.0059896542335964]
02392976,93071,390469,280,6;[75522.62000000001, 1082, 1.0252197516543728, 0.9318557356216746, 85.39036022870158, 0.9838703246835864, 1.0012714327230456]
02392976,93071,390469,281,5;[79217.11, 1172, 1.044703632036148, 0.922820155215569, 140.8099728176129, 0.9787232905455047, 9999]
02392976,93075,390491,485,4;[62621, 1162, 1.04964622223112, 0.8818207753082911, 135.38652619658893, 0.9840991090824507, 0.9893358190091001]
02392976,93075,390491,485,5;[59702.299999999996, 1178, 1.0131629201161272, 0.8148828018840252, 132.05695523664568, 0.9859324356409659, 9999]
02392976,93075,390491,485,6;[79827.16, 1100, 1.0421305022416507, 0.9291579042389576, 138.89213193087528, 0.976391304263691, 9999]
02392976,93075,390491,485,7;[75456.54000000001, 1006, 1.0272060157935188, 0.8637313728919189, 200.6648408525096, 0.9769759007129909, 1.0075693344910364]
02392976,93081,390531,227,4;[58720, 1298, 1.014138308333044, 0.8043497047405046, 136.43875362455424, 0.98572276630099, 0.9457848790387527]
02392976,93081,390531,227,5;[80134.59999999999, 1174, 1.094407061619215, 0.904986897497643, 183.48191809453, 0.977099634150514, 1.0027473550193209]
02392976,93081,390531,227,6;[66412.12000000001, 1052, 1.0564587395285097, 0.8905106220785172, 157.98449904617104, 0.983042075894012, 2851.529411764706]
02392976,93081,390531,227,7;[69383.97, 980, 1.0168863493638067, 1.0027367380537813, 183.0254162773393, 0.9770547319647177, 0.9993719354305548]
02392976,93085,390565,516,4;[62378, 1284, 1.0457405162940128, 0.9448922403976034, 104.41371608273018, 0.9864051173242552, 0.9779031941994905]
02392976,93085,390565,516,5;[63544.81, 1074, 1.0436287860837432, 0.9015739588924633, 131.00340645932263, 0.9838660104377029, 1.0001030087932052]
02392976,93085,390565,516,6;[58192.12, 1116, 1.0134736708196317, 0.8194530475119896, 139.47602253313818, 0.9866507658831973, 0.9951036663933466]
02392976,93085,390565,516,7;[75194.91, 1020, 1.0212646293414014, 1.0152189039584898, 172.135099640462, 0.9839694305137713, 1.0071416129594148]
02392976,93091,390587,663,6;[64684.55, 1072, 1.013387864868452, 0.8531650339080625, 150.1344256466958, 0.9855531819709932, 1.0041685276164956]
02392976,93091,390587,664,4;[72310, 1234, 1.0302366836588148, 0.9347000865727655, 81.58411083660282, 0.9854382128190795, 9999]
02392976,93091,390587,664,5;[66254.44, 1138, 1.135236959756722, 0.9123111956507055, 147.4483984175561, 0.9823062979988619, 0.9974470829563675]
02392976,93091,390587,664,7;[71317.89, 1010, 1.1571431398385326, 0.9042108535466609, 177.04170334350735, 0.9831671023457728, 1.0070430142372588]
02392976,93100,390650,1340,4;[61836, 1310, 1.0111337158797105, 0.748368322995639, 109.18185909750329, 0.991000331620832, 0.9941239359179441]
02392976,93100,390650,1340,5;[75250.84, 1138, 1.0485679551277525, 0.9227332817835135, 131.57880330132016, 0.9851425482786209, 0.9996522179012931]
02392976,93100,390650,1340,6;[78884.6, 1118, 1.0202327636350794, 1.0250924129367078, 179.57279385160865, 0.9801987927871605, 1.0051584634587016]
02392976,93100,390650,1340,7;[73678.68000000001, 1058, 1.0149090484517156, 1.0175208858676263, 144.9817833331281, 0.9890173614325817, 1.002226893379675]
02392976,93128,390831,385,4;[57855, 1288, 1.0136702895751952, 0.7930576559332465, 127.03531973377115, 0.9866136234311136, 0.9387245158725651]
02392976,93128,390831,385,6;[77166.62000000001, 1070, 1.044051952452188, 0.9269646395016548, 155.0894915025221, 0.9800657509698395, 1.0042970491218686]
02392976,93128,390831,386,7;[72393.48, 998, 1.014118502597368, 1.008145983220783, 147.91484690238303, 0.9862580952244968, 1.0044260468078332]
02392976,93128,390831,387,5;[58752.68, 1194, 1.0387016742356603, 0.9058553938950523, 125.26969459567022, 0.9852230026067551, 9999]
02392976,93128,390833,388,5;[81256.76999999999, 1180, 1.049733756162912, 0.9227306309419364, 123.42751179413821, 0.9811523291446576, 1.0003296196189597]
02392976,93128,390833,388,7;[72567.9, 1040, 1.0125643347430866, 1.0125254954591705, 137.35726644792263, 0.9884997350199914, 1.0042133344625352]
02392976,93128,390833,389,6;[73658.05, 1054, 1.026446924489259, 0.9438130421197477, 75.81973628358213, 0.9836925329698262, 1.0025920262559207]
02392976,93128,390833,390,4;[89634, 1392, 1.0080587771583904, 1.0407780001207005, 125.86424673377647, 0.9916628494395389, 0.9859424498416051]
02392976,93130,390850,545,5;[79578.87, 1198, 1.0458494519090769, 0.9289534195015422, 141.7314418040013, 0.9822175890158096, 9999]
02392976,93130,390850,545,7;[73290.06, 1026, 1.0143926664144347, 1.0125144587561732, 151.68439732487474, 0.9875143419185276, 1.0034879701689519]
02392976,93130,390850,546,4;[58457, 1184, 1.0152911567754592, 0.7896091689096745, 138.9635631694369, 0.9862828573016189, 0.9935836966405766]
02392976,93130,390850,546,6;[60385.490000000005, 1132, 1.007873106302709, 0.7904743762997072, 126.67204169778981, 0.988901126131355, 0.9999205998117081]
02392976,93131,390860,593,4;[74856, 1258, 1.0464336837268953, 0.918418026060526, 128.3828320713365, 0.978511213139564, 1.0001803787954704]
02392976,93131,390860,593,5;[58681.28, 1188, 1.0460065430509904, 0.9081312922216735, 124.18872989405999, 0.986482794254668, 0.9883550798709237]
02392976,93131,390860,594,7;[72899.91, 1050, 1.0127207645036533, 1.0160908435257225, 143.40128679765073, 0.9884464633428813, 1.0040882557477926]
02392976,93131,390860,595,6;[78021.5, 1086, 1.0408066188718377, 0.9357171786260791, 139.1571766320362, 0.9780243970436542, 1.002076295045045]
02392976,93141,390935,201,4;[66478, 1308, 0.9988689661348186, 0.725338328722792, 132.87655783622066, 0.9902149810925811, 0.9533698076137073]
02392976,93141,390935,201,6;[79455.89, 1166, 1.0155566013498496, 0.8809479611521162, 172.2590763083443, 0.9824130452182535, 1.0028357512147044]
02392976,93141,390935,201,7;[75320.37, 1054, 1.0159179494546056, 1.027101130025806, 172.12037933163776, 0.9860060028595109, 1.0046119625329062]
02392976,93141,390935,202,5;[74817.68, 1228, 1.0277690978606564, 0.9084143177294802, 77.5967146211803, 0.9910576433841315, 1.0049791801536112]
02392976,93189,391179,211,5;[57691.2, 1086, 1.0444150279780064, 0.9005819254108115, 124.50299382797738, 0.9820197127309557, 0.987272171876591]
02392976,93189,391179,211,6;[77011.81000000001, 1122, 1.0163654830619395, 1.0313513128262481, 163.11763472848767, 0.9844294392224652, 1.0042698395683711]
02392976,93189,391179,212,4;[80759, 1310, 1.0569523701986936, 0.9202272081106456, 163.219457451296, 0.9797945676378568, 0.9772800154895234]
02392976,93189,391179,212,7;[72598.5, 1064, 1.0368231938765597, 0.9288669634513125, 90.13290587479263, 0.9904319089585082, 1.0050623795301943]
02392976,93244,391398,73,6;[77041.95000000001, 1136, 1.0504461999344747, 0.9308225642990839, 163.3543968645713, 0.9812313550228388, 1.0035960630694138]
02392976,93244,391398,74,4;[77055, 1292, 1.0435360657675907, 0.9219900194102059, 125.43227445707095, 0.980872871320716, 0.987568087151554]
02392976,93244,391398,74,5;[78793.47, 1176, 1.0413875169297309, 0.9204619809400733, 132.85945518214433, 0.9788294909027194, 0.9998414460123672]
02392976,93244,391398,74,7;[58683.15, 928, 1.0644652434713342, 0.8843867566284203, 169.4649656163205, 0.9815163452323252, 1.0034534180990504]
02392976,93249,391439,102,5;[57676.92, 1164, 1.0394560837864653, 0.9154444611004081, 120.79225847637878, 0.9853338866176535, 0.9899105428699808]
02392976,93249,391439,102,6;[79386.02, 1094, 1.041691958849162, 0.9317464172651926, 130.80694445011676, 0.9792674287028864, 1.0038198023403868]
02392976,93249,391439,102,7;[76732.56, 1012, 1.077955538948943, 0.9108522971874798, 177.08689032492163, 0.9806682353223404, 1.0048789284390434]
02392976,93249,391439,103,4;[75978, 1250, 1.0619603678347402, 0.9195660534344073, 159.8597611181726, 0.9809175137973034, 0.9994212201731077]
02392976,93261,391474,227,6;[58883.97, 982, 1.174378364263226, 0.9136184747950655, 132.99249681872763, 0.985130429720514, 0.9983856168917898]
02392976,93261,391474,228,4;[77139, 1262, 1.0511747471051542, 0.9265396748229393, 139.66954016817382, 0.978175239074839, 0.9928118665336723]
02392976,93261,391474,229,5;[63572.18, 1214, 1.036664215894488, 0.9005714054797627, 101.34306144045833, 0.9903658490694587, 0.9945730589144256]
02392976,93261,391474,229,7;[56235.15, 1040, 1.010143569241378, 0.7690945328259456, 145.81170589463292, 0.988653313841376, 0.9986957584979486]
02392976,93272,391517,724,4;[63502, 1318, 1.004751558265992, 0.7171402043849645, 100.79784123922673, 0.9914313939776082, 0.9961410554056598]
02392976,93272,391517,724,6;[59971.75000000001, 1072, 1.0381005176216718, 0.9250056765723915, 129.65544861314345, 0.9855865244070827, 0.9994520422840704]
02392976,93272,391517,724,7;[72659.7, 1014, 1.0175587521091132, 1.0152400891651396, 150.30775474339995, 0.9873511861211332, 1.004324793012657]
02392976,93272,391517,725,5;[45932.81, 894, 1.0580390429049278, 0.7811196337431757, 139.94894306346546, 0.9885553246009192, 1.0038490546409715]
02392976,93340,391953,23,5;[58098.18, 1178, 1.1395317033702947, 0.9018685132272063, 125.56790697121315, 0.9868217427415977, 9999]
02392976,93340,391953,23,6;[79391.5, 1092, 1.0481923749523372, 0.9277656763491753, 138.15775889703917, 0.9800572659665077, 1.0037499891743962]
02392976,93340,391953,24,4;[61762, 1148, 1.0616537622318765, 0.926604325268794, 133.51487376612096, 0.9840131781436546, 1.0005508035251425]
02392976,93340,391953,24,7;[68626.62, 1058, 1.0102852368201312, 1.0214417190186453, 148.269069675173, 0.9874932977707872, 89708.0]
02392976,93340,391956,25,4;[62189, 1150, 1.056582740203147, 0.9282824482100405, 126.23256405806258, 0.9850089583232512, 1.0026845096537547]
02392976,93340,391956,25,5;[71720.11, 1224, 1.0246192496270858, 0.907324929910202, 78.12236437492284, 0.9916315125828394, 1.003504916040194]
02392976,93340,391956,25,6;[77670.78, 1156, 1.0170285055452026, 0.8740563701004361, 161.76282244611951, 0.9842450031755039, 1.0033803514857618]
02392976,93340,391956,25,7;[74538.54000000001, 1034, 1.0168021329676171, 1.0124678827840734, 151.0384269565463, 0.9870796615078368, 1.0055522301801896]
02392976,93342,391969,185,4;[73427, 1272, 1.0545119629776099, 0.9158825637129457, 151.03624712945276, 0.9766505648964408, 1.0030120276204981]
02392976,93342,391969,185,5;[74874.8, 1246, 1.0092711582291973, 0.8247398962900091, 137.57689062595946, 0.9881761494462601, 1.0009863501861338]
02392976,93342,391969,185,6;[73847.11, 1044, 1.0482295181552592, 0.9216002920875577, 130.74996189613123, 0.982814314046291, 1.0043600588794277]
02392976,93342,391969,186,7;[74751.21, 1000, 1.0581483062039108, 0.9144696430078264, 168.7951955257904, 0.9762652743505982, 1.0055570420071211]
02392976,93343,391979,269,4;[80910, 1288, 1.1238416229559285, 0.9037424244852743, 171.69547019336025, 0.9833663297649541, 0.9887934300414288]
02392976,93343,391979,269,5;[75806.56999999999, 1236, 1.0091747733307197, 0.8418013545032538, 134.38784081246757, 0.9892804626274011, 0.999419516786947]
02392976,93343,391979,269,7;[66727.89, 982, 1.07192457038144, 0.8833265362048776, 178.51683077588157, 0.9831940122838092, 1.0026783764210914]
02392976,93343,391979,271,6;[72856.6, 1052, 1.051379672372809, 0.9258047491874988, 151.66701635167902, 0.9823703174066705, 1.0028474985385356]
02392976,93384,392076,295,5;[64874.03999999999, 1184, 1.004479642170676, 0.7958831225762968, 131.75130977735432, 0.9885452011386223, 0.9911098991000818]
02392976,93384,392076,295,6;[78003.69, 1076, 1.0474931248834083, 0.9314660028383078, 140.54768767898543, 0.98113350168454, 1.0032951541850221]
02392976,93384,392076,296,4;[77557, 1268, 1.048762538027747, 0.9281139346017806, 133.07069260846768, 0.9768665207060268, 0.9910171224124712]
02392976,93384,392076,296,7;[60936.840000000004, 938, 1.227901500854221, 0.9348977748610768, 133.97213635637854, 0.9878041385255225, 1.0034769463340891]
02392976,93387,392098,484,6;[76192.55, 1076, 1.0452656971781538, 0.9358760928645962, 140.01494898958703, 0.9817333022401473, 1.0059690693678214]
02392976,93387,392098,485,4;[75842, 1272, 1.0567726298313085, 0.9211411767649091, 131.0462275892342, 0.9855820112793343, 0.9820086363724646]
02392976,93387,392098,486,5;[78891.05, 1176, 1.0319035692860652, 0.9285622382614288, 115.64634433498311, 0.9809345613518788, 9999]
02392976,93387,392098,487,7;[57032.28, 1042, 1.0123233377915857, 0.8204251631621506, 161.40383536650668, 0.9856473455758079, 0.9961517904863709]
02392976,93392,392135,729,6;[73556.67000000001, 1086, 1.0245889766300351, 0.9455757990156358, 90.36472218415972, 0.9841609793602308, 0.996899253592781]
02392976,93392,392135,729,7;[74970.0, 1032, 1.0154654190670296, 1.0125569848772111, 150.31524652379713, 0.9872774592647813, 24500.0]
02392976,93392,392135,730,5;[76414.66, 1214, 1.0542899501418812, 0.908990521006041, 156.49516406520812, 0.97814897156446, 0.9932329489648345]
02392976,93392,392135,731,4;[78579, 1328, 1.060170568698773, 0.9169921839659875, 155.59516598729357, 0.9815845863928465, 0.9796658770726842]
00405361,93027,390264,296,4;[12839, 542, 1.0371755858225515, 0.8192541817955343, 133.9439713613636, 0.9866994722179003, 1.0054820267836166]
00405361,93027,390264,296,6;[15541.28, 466, 1.0264148717629604, 0.9162148475045279, 143.79289850071245, 0.9828454399048672, 1.0048274945746047]
00405361,93027,390264,296,7;[9938.880000000001, 412, 1.045948660085347, 0.6994546512578137, 195.51401685934454, 0.9801123542123628, 1.0040961434423061]
00405361,93027,390264,297,4;[12717, 538, 1.029695502433568, 0.8254185325048149, 124.96584145472652, 0.9873482115763039, 1.008925383791503]
00405361,93027,390264,297,6;[9739.33, 444, 1.0061753083849632, 0.9908517774573833, 203.71431003740256, 0.944313150763446, 0.9874982636477289]
00405361,93027,390264,297,7;[21579.12, 508, 1.0317608218183394, 0.9087691490008606, 255.17339805694309, 0.9572466361088711, 1.0080405960761891]
00405361,93027,390264,298,4;[12790, 540, 1.020223152623917, 0.7938414751574868, 139.75534340172658, 0.9879258944941127, 1.006809147085449]
00405361,93027,390264,298,5;[23590.559999999998, 606, 1.0158065754265095, 0.901831953766564, 132.75393684786437, 0.980788912417062, 1.007010057909174]
00405361,93027,390264,298,6;[12090.250000000002, 456, 1.0366749594071807, 0.6294036834107355, 205.80764787891334, 0.9814809841001928, 1.0111715840733315]
00405361,93027,390264,298,7;[10050.57, 412, 1.0328458033930803, 0.9214090244183114, 191.23394568293477, 0.9761225507783741, 1.0015246226558927]
00405361,93027,390264,299,4;[14475, 546, 1.0288284380297619, 0.907865184634809, 137.17033523613762, 0.985271106280948, 0.95784806776072]
00405361,93027,390264,299,5;[13963.46, 482, 1.0168138422884765, 0.8909228982114338, 134.32405742081423, 0.9838123316119957, 0.9979164009014755]
00405361,93027,390264,299,6;[9168.04, 412, 0.9349625341129458, 0.8983507479930622, 166.9486733034858, 0.9546728543580579, 1.0230851551750497]
00405361,93027,390264,299,7;[11915.64, 390, 1.035181936001088, 0.9157000238737186, 137.93764282508354, 0.9854308547060142, 1.0038669760247487]
00405361,93048,390345,677,4;[12401, 540, 1.0318801823023749, 0.8911671430880206, 141.25766747965474, 0.988013974333707, 0.998872331856625]
00405361,93048,390345,677,6;[26973.93, 610, 1.0155834897102165, 0.9068462531316985, 130.91805769374827, 0.979892562841841, 1.0074707056234968]
00405361,93048,390345,677,7;[9911.34, 414, 1.034758177453304, 0.8886566728645581, 199.65445519560095, 0.9769313816988477, 9999]
00405361,93048,390345,678,4;[12450, 538, 1.0348735692804991, 0.7493018983811571, 146.90461704647845, 0.9871340987618922, 1.0075260985676135]
00405361,93048,390345,678,6;[9535.2, 438, 1.0071427007786617, 0.9943872582860807, 187.3288435302469, 0.9520163429984299, 0.9785588752196837]
00405361,93048,390345,678,7;[9684.9, 408, 1.0417243978825468, 0.8804186249827082, 211.33049751171936, 0.9751418070322939, 1.0019786307874952]
00405361,93048,390345,679,4;[12333, 540, 1.0347767620783364, 0.9885552352041799, 140.69587157057927, 0.9876260432407916, 0.9989874853185371]
00405361,93048,390345,679,5;[15788.92, 496, 1.0166666909632907, 0.9185959631667351, 139.87033817620494, 0.9836891705175967, 1.0077089583412449]
00405361,93048,390345,679,6;[8888.560000000001, 410, 0.9253168762829784, 0.8832713783868038, 150.05070547520876, 0.9609923150504753, 1.0219736945735214]
00405361,93048,390345,679,7;[13046.31, 404, 1.0303814511235168, 0.912571582573755, 155.69241291002766, 0.9840234214306676, 1.0081579569638213]
00405361,93048,390345,680,4;[12706, 540, 1.0617434073526475, 0.6942914019682981, 155.1328559192041, 0.9869584022028678, 1.0106184132034202]
00405361,93048,390345,680,6;[26639.65, 608, 1.0162602369409526, 0.9093629974321836, 153.795344577445, 0.9736092711349132, 1.008505782895078]
00405361,93048,390345,680,7;[9926.64, 414, 1.0395795312219196, 0.8696982287874542, 230.60035486784656, 0.9739146128768502, 0.9993068925683481]
00405361,93048,390345,681,4;[24559, 684, 1.0185716347612255, 0.9157480811414772, 118.5070041841712, 0.985184099047128, 1.005136390611251]
00405361,93048,390345,681,6;[9174.890000000001, 410, 1.014441548935335, 0.9713877972726783, 150.099802888068, 0.9582286572674179, 1.022442748091603]
00405361,93048,390345,681,7;[9886.86, 412, 1.042172778015882, 0.8407511916132234, 245.98012679672627, 0.9761838873676798, 1.006150253016738]
00405361,93048,390345,682,4;[12291, 536, 1.0358257734970924, 0.845643781686201, 128.26536711921983, 0.9888347487037353, 0.9997559785261103]
00405361,93048,390345,682,5;[11914.279999999999, 492, 1.0185203675580334, 0.8284337952118688, 137.75506657727803, 0.9871844722956294, 1.0061300371821928]
00405361,93048,390345,682,6;[9631.1, 446, 1.0071512178593152, 0.9878729870136401, 159.3379622311807, 0.9629958147465367, 1757.5]
00405361,93048,390345,682,7;[9810.36, 416, 1.0605090389620107, 0.6700903936588657, 211.00709367779115, 0.9822189785250853, 0.980203317281969]
00405361,93048,390345,683,4;[12301, 542, 1.1172297172067132, 0.9980379804224224, 138.9687427726168, 0.9879813258367419, 0.9963147450694528]
00405361,93048,390345,683,6;[12358.77, 450, 1.0039692907862905, 0.9752064537570121, 144.72633928771023, 0.9771421817769969, 1.0105864560578055]
00405361,93048,390345,683,7;[9658.89, 412, 1.0439223476885846, 0.6926297269120267, 190.11582749641724, 0.9824788846041539, 1.0023021354290704]
00405361,93048,390345,684,4;[15225, 542, 1.0158263980666455, 0.9102344707064484, 103.08052778155272, 0.9865455587075882, 1.004453240969817]
00405361,93048,390345,684,5;[24706.78, 620, 1.0092203842312948, 0.9182819858526524, 119.67954842861099, 0.9841599380053977, 1.0073261850468196]
00405361,93048,390345,684,6;[8833.76, 410, 1.0173296000415504, 0.97087765294686, 170.21740380696343, 0.949250627869791, 1.0172753806105546]
00405361,93048,390345,684,7;[10078.11, 434, 1.0068373034968614, 0.999242925250667, 221.9394440004162, 0.9644572280935771, 0.9992415048543689]
00405361,93051,390360,877,4;[12509, 538, 1.0538986146076639, 0.6740040194495502, 168.2970353610904, 0.9855654876674265, 1.0090751421772275]
00405361,93051,390360,877,6;[10506.53, 436, 1.0083945534157184, 0.9651834948577694, 146.38210627087193, 0.9683679470489189, 1533.8]
00405361,93051,390360,877,7;[13829.67, 410, 1.0312635840692241, 0.9129769382511744, 160.02806099033063, 0.9829585310456739, 1.0071309192200557]
00405361,93051,390360,878,4;[12516, 540, 1.0474815414860672, 0.6636272472356172, 168.42266719033427, 0.986411963284634, 1.0086227737932145]
00405361,93051,390360,878,6;[11599.79, 452, 1.0293624958131722, 0.8750189714112285, 124.01602911258996, 0.9869538764600333, 0.9896557769855648]
00405361,93051,390360,878,7;[24180.12, 548, 1.0305477608671356, 0.9077884035535159, 168.7070256277931, 0.9734742303515413, 1.0083904929015792]
00405361,93051,390360,879,4;[12345, 544, 1.1210271712547581, 0.9924597335093241, 142.6786134045375, 0.9862562967619072, 0.9956448100653279]
00405361,93051,390360,879,6;[11825.84, 454, 1.0231808373537157, 0.8490475425623387, 134.7330606788992, 0.9858460459800858, 0.9951579432787642]
00405361,93051,390360,879,7;[9580.86, 406, 1.048850648867014, 0.6751371088958672, 170.88241867477598, 0.9827449283422974, 1.0149108589951377]
00405361,93051,390360,880,4;[12410, 536, 1.0342903213756345, 0.9682350013691629, 137.47000079320253, 0.9856037348014401, 0.9945902624724504]
00405361,93051,390360,880,6;[9232.43, 412, 1.003551213737175, 0.9666247704802431, 155.89174347630401, 0.9633049404642673, 1.020983258844027]
00405361,93051,390360,880,7;[9515.07, 408, 1.0539879005536672, 0.6848664112883673, 179.4729575299451, 0.9815727593176752, 1.0159274687576574]
00405361,93062,390398,1044,4;[26910, 710, 1.017033406208593, 0.9006965046122081, 148.06143706984645, 0.9753288696340496, 1.0058309037900874]
00405361,93062,390398,1044,6;[10562.7, 438, 1.0019050830338418, 0.9642251078670283, 153.74442557812264, 0.9658889154026341, 0.9979936573684551]
00405361,93062,390398,1044,7;[10007.73, 410, 1.0379148090834527, 0.8901882095141846, 202.4645738044937, 0.9756345846225122, 1.0000764467548353]
00405361,93062,390398,1045,4;[12266, 540, 1.1155669668854247, 0.9901893786582795, 124.6881876273823, 0.9864567033043519, 0.9941643702382882]
00405361,93062,390398,1045,6;[12210.810000000001, 454, 1.016280075338382, 0.9375262467544859, 139.07054003966925, 0.9836650765693029, 1.011404255319149]
00405361,93062,390398,1045,7;[10056.69, 412, 1.0318900565890607, 0.9501651286338416, 185.67103388820397, 0.9768431317227767, 1.0058918050348151]
00405361,93062,390398,1046,4;[15171, 546, 1.02028997355763, 0.8865683692151901, 110.4527766702868, 0.9864024868464802, 1.001650600818698]
00405361,93062,390398,1046,6;[8648.810000000001, 410, 1.0183115776468503, 0.9695673912376537, 172.82549796686013, 0.9428838641432105, 1.0087887503994886]
00405361,93062,390398,1046,7;[13554.27, 408, 1.0343535657369163, 0.9112300927658711, 170.0008915545451, 0.9825355355117391, 1.0085382513661203]
00405361,93079,390520,56,4;[13489, 550, 1.0415756823112876, 0.7085067715033103, 152.17330925572315, 0.9881318222661293, 1.0060036543983295]
00405361,93079,390520,56,5;[11645.34, 482, 1.0037766415140637, 0.9758177440905178, 138.24907929782165, 0.9782462104216536, 1.004104247896573]
00405361,93079,390520,56,6;[12775.250000000002, 452, 0.9990521939530005, 0.9747380783794982, 140.53784069622964, 0.9790606304225906, 1.008271611612694]
00405361,93079,390520,56,7;[10555.47, 414, 1.024200448080227, 0.6788096637370564, 182.87583170607667, 0.983200030875006, 1.0114352734203196]
00405361,93079,390520,57,4;[13651, 606, 1.0281416004688844, 0.7668437275807534, 129.25627135668555, 0.9885830355035664, 0.9788820766555519]
00405361,93079,390520,57,5;[12894.84, 498, 1.0324741739880676, 0.8261869601997941, 137.7310644455458, 0.9873913829738779, 1.0065954482117976]
00405361,93079,390520,57,6;[13486.28, 482, 1.0292770217870673, 0.9070224453851147, 149.20317136681336, 0.9838446982655255, 0.9131725417439703]
00405361,93079,390520,57,7;[24574.86, 548, 1.0307063012939173, 0.9041273939846092, 195.61025935370805, 0.971319002823514, 1.00907805874038]
00405361,93100,390650,1332,4;[13033, 548, 1.0282751894466673, 0.8460659022517317, 121.4762998539824, 0.9895075154532644, 1.0067202224625367]
00405361,93100,390650,1332,5;[12583.06, 496, 1.0167605810007425, 0.8628393597917582, 129.99665258575257, 0.9880123918326696, 1.005276417740172]
00405361,93100,390650,1332,6;[12242.320000000002, 456, 1.01946256828573, 0.9801086982933518, 122.71777718181154, 0.9881602897828193, 1.000111919418019]
00405361,93100,390650,1332,7;[10185.210000000001, 412, 1.044725695197524, 0.6881819788862059, 195.7155590939655, 0.9828460632216609, 1.0153283001601465]
00405361,93100,390650,1333,4;[12670, 536, 1.0267094593043662, 0.6800987730992347, 140.71221539154834, 0.9889233377469628, 1.0030876415169028]
00405361,93100,390650,1333,6;[12312.19, 454, 1.055651125762911, 0.6164111604834162, 180.79724024416961, 0.9856030673059185, 4493.5]
00405361,93100,390650,1333,7;[20352.06, 494, 1.0266721305249427, 0.9317508820381202, 173.40633925507694, 0.9726633908049416, 1.0060505218575102]
00405361,93100,390650,1334,4;[12871, 550, 1.010889446810495, 1.0120134147608788, 129.27805486840762, 0.9872057912703516, 0.9932093525735011]
00405361,93100,390650,1334,6;[19232.06, 508, 1.0253169916294764, 0.9286924941350744, 200.56826402676327, 0.9687441506607997, 1.0036462429398727]
00405361,93100,390650,1334,7;[9897.57, 408, 1.0360932438363688, 0.9170619896571873, 173.37938551768232, 0.9815336915561155, 1.001160721194769]
00405361,93114,390743,1982,4;[12844, 538, 1.0319721121509526, 0.809660307927601, 150.14903811809876, 0.9871889485505382, 1.00433983657192]
00405361,93114,390743,1982,6;[9384.5, 414, 1.0176365461653014, 0.9774705873118028, 184.87008675064166, 0.9487289773112697, 1.0272945410917818]
00405361,93114,390743,1982,7;[10368.81, 410, 1.031629186226044, 0.9885513875757996, 168.27815362596215, 0.9764788016478103, 1.00147775971627]
00405361,93114,390743,1983,4;[16092, 572, 1.0057876887274042, 0.9235387544104465, 100.12298289642212, 0.9895513860261083, 0.9998757300857463]
00405361,93114,390743,1983,5;[12366.48, 492, 1.0068671133053297, 0.8077222143121524, 140.2265305131024, 0.9867553730217331, 1.0081490104772992]
00405361,93114,390743,1983,6;[8895.41, 410, 1.0110998303709804, 0.9050596792492596, 184.17838524113648, 0.941373663309904, 1.0162779777742996]
00405361,93114,390743,1983,7;[9997.02, 410, 1.0329302235713003, 0.7165805821524617, 183.45475946641096, 0.9823992612024111, 1.0167276122306077]
00405361,93114,390743,1984,4;[12611, 544, 1.1010771762469944, 0.9876951658594176, 151.9001218199045, 0.9861727299763146, 0.9960115310192316]
00405361,93114,390743,1984,6;[24753.160000000003, 578, 1.00909647235729, 0.9098752852181039, 137.04136746435586, 0.9800835948066019, 1.0073033394659086]
00405361,93114,390743,1984,7;[10188.27, 414, 1.043322508968279, 0.8724864761298392, 212.55917564066874, 0.9759803866962162, 1.0049803803199517]
00405361,93114,390743,1985,4;[13005, 546, 1.0819624783459714, 0.6647764079607433, 175.57896830301294, 0.9861933059395026, 1.0042471042471042]
00405361,93114,390743,1985,5;[12530.699999999999, 494, 1.0217681145478013, 0.8356407120502811, 131.74661193793222, 0.9868007327139139, 1.0062111801242235]
00405361,93114,390743,1985,6;[9673.570000000002, 418, 1.0055022437708037, 0.9756680664763492, 153.15693889653164, 0.9609031535195691, 1.0137832017229003]
00405361,93114,390743,1985,7;[11816.19, 392, 1.0397788318999732, 0.9165321730576639, 138.12277368429923, 0.9858375815885618, 1.0055989583333333]
00405361,93114,390743,1986,4;[13004, 548, 1.1015070601014003, 0.9969519540388744, 142.75170588578905, 0.985716642053177, 0.998541042770483]
00405361,93114,390743,1986,5;[12440.26, 494, 1.0172509391752207, 0.8280165403410673, 135.43115763172463, 0.986068506811673, 1.0078573150156664]
00405361,93114,390743,1986,6;[12475.220000000001, 466, 1.0082133250570553, 0.9981584050700596, 168.112636156886, 0.9815819888073533, 0.9978084593469209]
00405361,93114,390743,1986,7;[10889.01, 424, 1.034299294437582, 0.8093863780939509, 192.42936146013088, 0.9841136061457252, 1.010435152977923]
00405361,93122,390796,1583,4;[12968, 544, 1.0441323808869658, 0.7011859821956559, 153.44592844336964, 0.9880150426251212, 1.007458048477315]
00405361,93122,390796,1583,5;[12396.23, 494, 1.0345884572487516, 0.8137037930822747, 136.51287130047692, 0.9878031648624265, 1.0057931833542533]
00405361,93122,390796,1583,6;[11014.800000000001, 438, 1.0025556204443196, 0.9619483952642602, 166.9178835994708, 0.9665561875017603, 0.9998756373585375]
00405361,93122,390796,1583,7;[21888.18, 512, 1.0302087667230888, 0.899033285977717, 183.38274695038535, 0.9756994315103207, 1.0088501815873911]
00405361,93122,390796,1584,4;[12633, 548, 1.1110705374621848, 0.9967491661961689, 139.61823336152344, 0.9872281275911445, 0.9931213395699855]
00405361,93122,390796,1584,6;[8925.550000000001, 410, 1.006959244037708, 0.8935925373405027, 172.26089026194308, 0.9483199884764484, 210.16129032258064]
00405361,93122,390796,1584,7;[10287.72, 416, 1.0593214172496666, 0.6674227962766471, 210.90611328071893, 0.9818071230253462, 1.005157336123776]
00405361,93122,390796,1585,4;[13192, 548, 1.0496808374944313, 0.7074125371394299, 170.67609747189334, 0.9871819604303815, 1.005641103826803]
00405361,93122,390796,1585,5;[12514.039999999999, 496, 1.030398270884302, 0.8044427375233646, 141.56291335025227, 0.9873006030966983, 1.0082454458293384]
00405361,93122,390796,1585,6;[8515.92, 408, 1.0200599219414652, 0.9758234178862256, 151.1895789319619, 0.9494424836920017, 1.0058252427184466]
00405361,93122,390796,1585,7;[10347.39, 414, 1.0352323029583215, 0.9627093132466951, 185.80975357244412, 0.9773103066397248, 1.0017033251869956]
00405361,93122,390796,1586,4;[14222, 594, 1.1512612336200758, 0.9014547388290213, 126.21777843050015, 0.9882288046440284, 0.885443904868634]
00405361,93122,390796,1586,5;[23381.12, 598, 1.013528962339595, 0.9205151092955645, 149.07686519844572, 0.9735244489329596, 1.0060935019714272]
00405361,93122,390796,1586,6;[19451.260000000002, 510, 1.0207952318420823, 0.9230970210566777, 133.54909320834003, 0.9828043108990161, 1.0072003688858937]
00405361,93122,390796,1586,7;[10039.86, 412, 1.0345794706591054, 0.6575801527352768, 197.41392185387548, 0.9823657651418684, 1.0142194744976816]
00405361,93135,390891,791,4;[14724, 608, 1.0154051760020846, 0.8975049401564639, 116.35599173945626, 0.9865702950793961, 0.8878437047756874]
00405361,93135,390891,791,5;[12727.05, 496, 1.0186126397625168, 0.9910836369312491, 144.9328471362383, 0.9848628817398569, 1.0054526652251574]
00405361,93135,390891,791,6;[10369.53, 452, 1.0059858625684697, 0.993812685503072, 179.94113475491346, 0.9517096695738729, 0.9764561697735922]
00405361,93135,390891,791,7;[10742.130000000001, 420, 1.028912314788239, 0.9922589809707337, 177.08180823824978, 0.979097015538204, 0.9960278053624627]
00405361,93135,390891,792,4;[13007, 550, 1.0964702713514103, 0.9950986677804293, 145.19352561748616, 0.9858315299408543, 0.9966286108344188]
00405361,93135,390891,792,5;[13869.449999999999, 536, 1.0004843746774503, 0.9687215184141185, 121.63888567967021, 0.9839693740155877, 0.9905660377358491]
00405361,93135,390891,792,6;[12906.77, 462, 1.012265458910573, 1.0004798903935095, 160.95020705746677, 0.9821900303518122, 1.0116510067114095]
00405361,93135,390891,792,7;[10289.25, 414, 1.0199676918350125, 0.6883974510036815, 186.28540734611073, 0.9841551266357038, 1.0063598952487842]
00405361,93138,390911,1124,4;[13037, 544, 1.011806262819433, 1.007836642817406, 120.4074144756565, 0.9875162753546592, 0.9972462326933375]
00405361,93138,390911,1124,5;[12685.4, 496, 1.017574911445995, 0.8971217057673798, 128.90866910765618, 0.9872759572915849, 1.0079425113464449]
00405361,93138,390911,1124,6;[9727.0, 418, 1.002708077929369, 0.9640271858651533, 172.26661956995082, 0.9587886056388929, 1.0182861240588024]
00405361,93138,390911,1124,7;[10298.43, 414, 1.0379622499106655, 0.6697717475461756, 200.5878863869683, 0.9825681270922391, 1.0135521758771269]
00405361,93138,390914,1125,4;[12679, 546, 1.1073646212620611, 0.9965956176200705, 138.90025185918995, 0.9879038089369581, 0.9931461246230369]
00405361,93138,390914,1125,5;[12518.8, 496, 1.032595223481745, 0.8249395681935439, 134.5013540128265, 0.9878632566165886, 1.0087256688081312]
00405361,93138,390914,1125,6;[10007.85, 450, 1.011075020784445, 0.9942157952592212, 176.37098156124463, 0.9588189598204508, 9999]
00405361,93138,390914,1125,7;[10936.44, 430, 1.0873311951042404, 0.9049807525143727, 212.94034269045596, 0.9828371406225133, 1.0055567278610114]
00405361,93138,390914,1126,4;[27407, 726, 1.0139379423311923, 0.9152207220751079, 115.38184004855825, 0.9824415924689011, 1.0019009321878998]
00405361,93138,390914,1126,6;[12753.330000000002, 458, 1.0345228187177917, 0.6132928241424132, 201.7930401274666, 0.98363400064218, 1.0093245147999566]
00405361,93138,390914,1126,7;[18174.87, 466, 1.0385659568739969, 0.9164975871953849, 249.7950154006855, 0.9687591806630906, 1.0078479616510414]
00405361,93138,390914,1127,4;[13076, 548, 1.0167558378311696, 0.7330498489560157, 149.52658308806988, 0.9880819899685656, 1.0050730207532668]
00405361,93138,390914,1127,5;[14230.019999999999, 536, 1.0056467205038329, 0.9716266444986777, 119.00552396300364, 0.9860286967722237, 0.9894911046752172]
00405361,93138,390914,1127,6;[10431.18, 450, 1.00874401115719, 0.9925071453224641, 172.4593414021695, 0.9612748703232901, 9999]
00405361,93138,390914,1127,7;[11825.37, 434, 1.0038877653931662, 0.9919383351119809, 128.20159818938853, 0.9860803215018424, 0.9954920144255538]
00405361,93138,390914,1128,4;[12874, 550, 1.1160400386527274, 0.994173236525642, 138.4816345887104, 0.9869801791812927, 0.9958230198019802]
00405361,93138,390914,1128,5;[11244.31, 476, 1.0045619588952288, 0.976938468502971, 132.80312899887664, 0.9766645152175737, 1.0047317773406348]
00405361,93138,390914,1128,6;[24453.13, 574, 1.0195281791585182, 0.9103390437459266, 146.39280821189965, 0.9773492803378203, 1.0065698576060904]
00405361,93138,390914,1128,7;[24868.62, 556, 1.0263219125953738, 0.9135932084318842, 165.24714744902582, 0.9744162083897675, 1.0079374922485427]
00405361,93139,390917,12,4;[12897, 540, 1.1217477293706062, 0.83762160707292, 156.19130819063804, 0.9866246200716198, 1.0061239614619495]
00405361,93139,390917,12,5;[12893.65, 500, 1.0023763141054527, 0.9939447059059545, 132.3388568131827, 0.9845423144815226, 0.998939750149818]
00405361,93139,390917,12,6;[12808.130000000001, 460, 1.008151353294496, 0.9840307231685136, 165.25147063501166, 0.9816316564667361, 1.0116323107720608]
00405361,93139,390917,12,7;[11386.26, 432, 1.0052440719675169, 1.0030431786721519, 203.1286850116799, 0.9740521994092084, 1.0107293222871112]
00405361,93139,390917,13,4;[12918, 544, 1.0216202932556557, 0.7983280561539711, 134.90137711865293, 0.987890631620532, 1.0079194787968635]
00405361,93139,390917,13,5;[11609.64, 484, 1.0034086448469532, 0.976680028524339, 145.41765323665095, 0.9740036938058214, 1.0]
00405361,93139,390917,13,6;[10365.42, 448, 1.0044706099862852, 0.9861568922072227, 190.30046719645017, 0.9528197939806019, 0.9908328968046097]
00405361,93139,390917,13,7;[16363.35, 442, 1.0213423532158767, 0.9373414972437402, 179.34434762651307, 0.975036085251574, 1.0084390174909246]
00405361,93139,390917,14,4;[27045, 718, 1.0104102103243722, 0.9227111301319612, 121.25041468862817, 0.981336025253053, 1.0043449197860963]
00405361,93139,390917,14,5;[26135.969999999998, 640, 1.0061608858019233, 0.9135554375532823, 161.67846618571548, 0.9648699116286612, 1.004665843282558]
00405361,93139,390917,14,6;[18338.82, 498, 1.0198927198410819, 0.9126092166668236, 145.33464676898868, 0.9818021958840771, 1.0055588942307692]
00405361,93139,390917,15,7;[10341.27, 414, 1.0215516919477812, 0.8698427834999032, 175.39196793795452, 0.9802350303421659, 1.015932661957012]
00405361,93147,390951,262,4;[13025, 542, 1.0369038545547589, 0.9186563108209076, 150.00985243744955, 0.9868855505638463, 1.0051317667939963]
00405361,93147,390951,262,5;[27135.57, 658, 1.004800806760603, 0.9092024872717797, 138.4600751158443, 0.9756602216267635, 1.0057336920566313]
00405361,93147,390951,262,6;[9310.52, 414, 1.0033188811398441, 0.9708922822714783, 173.92016192813543, 0.9565287146540974, 1.0232628171346834]
00405361,93147,390951,262,7;[11409.210000000001, 428, 1.0037518337587044, 0.9679988872012314, 165.08043900438764, 0.9730001229448809, 1.0048510982347392]
00405361,93147,390951,263,4;[13734, 584, 1.0237287607187773, 0.9098505697430317, 124.75856519370421, 0.9876481239419802, 0.8772075495800467]
00405361,93147,390951,263,5;[12587.82, 496, 1.0169631853253251, 0.8259724541806219, 139.11935851205376, 0.9874632320904605, 1.0075245261453472]
00405361,93147,390951,263,6;[10520.230000000001, 450, 1.0055051475483188, 0.9839959947949516, 164.80469664882472, 0.9642255433815323, 9999]
00405361,93147,390951,263,7;[11582.1, 422, 1.0045562464821023, 0.9569510578104018, 145.05647075710903, 0.9796848735832422, 1.0119644408796205]
00405361,93147,390951,264,4;[12960, 542, 1.0182007608431558, 0.9271241651829222, 113.5743863201472, 0.9899908717277406, 1.0054305663304888]
00405361,93147,390951,264,5;[12585.439999999999, 496, 1.0142316865375032, 0.8272640002575518, 139.62498208790197, 0.9877802405605386, 1.007094224634576]
00405361,93147,390951,264,6;[10166.77, 448, 1.006047282208041, 0.9853725783705679, 179.7013465910952, 0.9622159339228554, 0.9909200160235011]
00405361,93147,390951,264,7;[24073.02, 548, 1.021861536584849, 0.9175168075485927, 197.36619470574612, 0.9484435400186079, 1.0054316569748867]
00405361,93165,391037,226,4;[12670, 550, 1.0085640977742847, 0.8902211482631708, 121.68792781634185, 0.9884159332480823, 0.9959517352513462]
00405361,93165,391037,226,6;[12561.53, 460, 1.007785109003518, 0.9979286376722608, 133.9719467693544, 0.9861707112174579, 305.6333333333333]
00405361,93165,391037,226,7;[11071.08, 420, 1.0047931127296754, 0.963240691296954, 146.23635508309258, 0.9777408558750514, 1.00843146819037]
00405361,93165,391037,227,4;[12835, 546, 1.0379901201713937, 0.7710642464551267, 138.8450947518507, 0.9878002868936538, 1.0037145650048875]
00405361,93165,391037,227,6;[9287.230000000001, 412, 0.9241966033515461, 0.8886884268721368, 161.67531666744657, 0.9550633025863379, 147.3695652173913]
00405361,93165,391037,228,7;[10553.94, 410, 1.02545289719073, 0.9171950650010443, 174.3331163161594, 0.97668983787996, 1.0115111078524819]
00405361,93165,391037,229,4;[12762, 550, 1.0315805135390013, 0.9898311169654981, 134.41777375835207, 0.9871984418277417, 0.9939252336448599]
00405361,93165,391037,229,5;[12405.75, 490, 1.0243729934851455, 0.946919646651469, 141.61387186539815, 0.9854520667492689, 1.0021629416005768]
00405361,93165,391037,229,6;[10461.320000000002, 472, 1.0049993944919717, 0.9923249658036163, 141.30488548638732, 0.9755331565072668, 9999]
00405361,93165,391037,230,7;[10094.94, 412, 1.0283634936303603, 0.6930000044189417, 179.7231960638595, 0.9816387305212004, 1.0171111453676585]
00405361,93165,391037,231,4;[13141, 546, 1.0927328178525355, 0.6405564842305461, 194.89397778090895, 0.9857637529321904, 1.0038577594438716]
00405361,93165,391037,231,5;[12757.99, 496, 1.0066200567817334, 0.993183260971374, 129.61409587691062, 0.9859543984432585, 1.003369209171736]
00405361,93165,391037,231,6;[11516.220000000001, 476, 1.002135763817501, 0.977558662508854, 155.18152112946004, 0.9743674965627871, 0.9850588855686412]
00405361,93165,391037,232,7;[9945.0, 410, 1.0205609400681017, 0.6803066028249894, 183.99947650017887, 0.9814499584770913, 1.0119881675229643]
00405361,93165,391037,233,4;[12897, 546, 1.0223855697421584, 0.7761442500329605, 140.29269793634404, 0.9888883434464326, 1.0067129810319257]
00405361,93165,391037,233,5;[12575.92, 496, 1.014120078541665, 0.8499901360859559, 136.42677846792978, 0.9877053698720601, 1.0052794292508918]
00405361,93165,391037,233,6;[9709.19, 444, 1.0077816703847318, 0.9952723737663741, 170.8974894215395, 0.9588564188985723, 9999]
00405361,93165,391037,234,7;[10625.85, 418, 1.0330961453305956, 0.9815883793278842, 176.24982837609465, 0.9788033978350088, 1.001081081081081]
00405361,93165,391037,235,4;[12480, 538, 1.0415143711975785, 0.832924747462019, 159.2094863047925, 0.9871710391458244, 1.0035381151495657]
00405361,93165,391037,235,5;[13732.599999999999, 480, 1.021605995895131, 0.9080637940282967, 128.2308555930417, 0.9865966255222574, 0.9943561242514325]
00405361,93165,391037,235,6;[11873.79, 482, 1.0036738822089313, 0.9841408942464632, 174.69783808560837, 0.9740872505633599, 0.9918178177032672]
00405361,93165,391037,236,7;[10068.93, 408, 1.0487787163041384, 0.7508446919829403, 241.11509462281296, 0.9793923370804757, 1.009201042784849]
00405361,93165,391037,237,4;[12656, 542, 1.034466789765613, 0.9794918707830147, 135.46583848427173, 0.9881879504472135, 0.9961432506887052]
00405361,93165,391037,237,5;[12408.13, 494, 1.0335101641505697, 0.8435039994112735, 134.2539721620535, 0.9883656100891436, 1.0062243667068758]
00405361,93165,391037,237,6;[13139.670000000002, 458, 0.997155230062066, 0.9728298321394223, 135.50413836044905, 0.9801536556195974, 1.0036101083032491]
00405361,93165,391037,237,7;[22847.49, 524, 1.0230605903092256, 0.9368031391640563, 168.1521176547843, 0.9709569450106602, 1.007624831309042]
00405361,93165,391037,238,4;[12560, 546, 1.108991937722979, 0.9839879824547952, 146.69470430327448, 0.9876367317050824, 0.9910834056655883]
00405361,93165,391037,238,5;[14932.119999999999, 490, 1.0136913308136957, 0.9183392541928692, 125.7030639013519, 0.9832053463490232, 1.000518279312682]
00405361,93165,391037,238,6;[27056.13, 614, 1.0098411142448165, 0.9155524283203818, 131.99414024064527, 0.9764986948352263, 1.00721662629096]
00405361,93165,391037,239,7;[10229.58, 412, 1.041007039350762, 0.8323038631422935, 225.00637652094954, 0.9768910855888712, 1.0092075471698114]
00405361,93170,391068,432,4;[12696, 542, 1.1091914741629738, 0.9898987908902189, 137.89445435472334, 0.9868222281119127, 1.0006305170239596]
00405361,93170,391068,432,6;[9583.150000000001, 418, 1.0039959917650072, 0.9743344325034026, 146.1958777000844, 0.962789807386979, 1.0159029845327137]
00405361,93170,391068,432,7;[24103.62, 544, 1.0302297061247194, 0.9077855613226263, 248.52048417589458, 0.928949737581601, 1.0061631805843845]
00405361,93170,391068,433,4;[12918, 544, 1.0418157146456626, 0.7598918572899203, 162.14002727510476, 0.9854343337927028, 0.9976059927407522]
00405361,93170,391068,433,6;[23669.49, 562, 1.0191201564332704, 0.9081789728041724, 148.31313244341666, 0.9754010671779473, 1.0079635949943118]
00405361,93170,391068,433,7;[23967.45, 538, 1.0293436990608598, 0.9104030701191943, 222.83291322400436, 0.9509499996429865, 1.0076547021741926]
00405361,93170,391068,434,4;[26434, 710, 1.018049731318787, 0.9178049393901608, 162.9505576911102, 0.9561748156101846, 1.0039498670717812]
00405361,93170,391068,434,6;[13272.560000000001, 474, 1.0039881304326823, 0.8371205160159536, 102.35954303714715, 0.9910380157253343, 9999]
00405361,93170,391068,435,7;[10768.14, 416, 1.0319126378101282, 0.9628963481496781, 181.0339810293788, 0.9755294888160392, 1.0097560975609756]
00405361,93174,391096,876,4;[12460, 540, 1.0408237433876564, 0.9503401089027904, 150.44322740450266, 0.9863266802630388, 0.9994786026551157]
00405361,93174,391096,876,6;[25379.250000000004, 586, 1.0179165397381977, 0.9029288207999309, 160.43483556195895, 0.9726873454366415, 1.00805354519236]
00405361,93174,391096,876,7;[22388.49, 520, 1.0299856672469472, 0.9075769371935652, 257.8121857791255, 0.9585824223785325, 1.0080600716450814]
00405361,93174,391096,877,4;[12578, 536, 1.0450465940256584, 0.7413972516183207, 136.73275333499026, 0.9882490542641716, 1.0071665932658045]
00405361,93174,391096,877,5;[12429.55, 494, 1.0309462293381129, 0.9383715650826654, 148.02342876541036, 0.9839628330048865, 1.0023992322456814]
00405361,93174,391096,877,6;[14608.310000000001, 452, 1.024114502954725, 0.9122689765034309, 151.87940726854112, 0.9817812791370323, 1.0033403904963538]
00405361,93174,391096,878,7;[10569.24, 422, 1.1055649286624458, 0.9430971401690219, 225.6682207821173, 0.9757360253987056, 1.0086880338760313]
00405361,93174,391096,879,4;[12877, 544, 1.0444783947754332, 0.758741818430227, 136.21331401737802, 0.9881684118379991, 1.0063694267515924]
00405361,93174,391096,879,5;[12291.51, 490, 1.0142303120622636, 0.8097199961203962, 133.4455391237711, 0.9867577424318034, 1.0059407869107908]
00405361,93174,391096,879,7;[24559.56, 554, 1.0355668556559663, 0.8963214577976794, 268.7454319781533, 0.9393537601711659, 1.0074687754973954]
00405361,93174,391096,880,6;[10607.910000000002, 454, 1.0088046974832243, 0.9923547052382302, 156.99478291848556, 0.9656936857328658, 1106.142857142857]
00405361,93174,391096,881,4;[12788, 544, 1.0377149806709596, 0.9799995726930063, 136.35599227638954, 0.9870952862670911, 1.0029803921568627]
00405361,93174,391096,881,5;[12534.269999999999, 494, 1.0241922150106635, 0.8669987555836315, 124.39130073290598, 0.9872021164593149, 1.007653305271214]
00405361,93174,391096,882,6;[12642.36, 460, 1.0147115741212216, 1.0011841473703533, 150.19852792812654, 0.9835674247563457, 1.0111214594861118]
00405361,93174,391096,882,7;[10619.73, 422, 1.1084006575396443, 0.7942499263885744, 192.66393846797553, 0.9862075043906832, 1.0096]
00405361,93204,391209,362,4;[15617, 566, 0.9881219369710308, 0.8720449610300524, 113.21865721431735, 0.9895958280170988, 1.0007369196757554]
00405361,93204,391209,362,5;[12584.25, 496, 1.0278966466360766, 0.8540797017757898, 137.71050252841255, 0.9878879742266629, 1.0084394221141468]
00405361,93204,391209,362,6;[10562.7, 430, 1.00598188172645, 0.970615990271479, 161.0079595887545, 0.963156990272817, 1.0022098011178995]
00405361,93204,391209,362,7;[10645.74, 420, 1.0399278820609894, 0.9226867764889264, 193.85101020584764, 0.9783857586501112, 0.9979919678714859]
00405361,93204,391209,363,4;[13054, 546, 1.038715384173785, 0.8020011128722687, 135.30724903069458, 0.9882961877056654, 1.0061274037535166]
00405361,93204,391209,363,5;[12742.519999999999, 496, 1.03156662414386, 0.7782357336650764, 141.33178206429915, 0.9875330035595016, 1.0064382724752103]
00405361,93204,391209,363,6;[10077.720000000001, 448, 1.007123780020131, 0.9934224930498131, 173.18799746605006, 0.9563364593883394, 9999]
00405361,93204,391209,363,7;[10249.47, 412, 1.05367862641517, 0.689958566417744, 263.2332184247274, 0.980316827603752, 1.0101786926034835]
00405361,93220,391259,254,4;[12969, 546, 1.021141679478034, 0.7887868666277595, 140.16745522772692, 0.9866438315086654, 1.0037148827490132]
00405361,93220,391259,254,5;[13306.58, 488, 1.0200024694512748, 0.9020107790096026, 128.63616914904878, 0.984510836080005, 0.9620993762099376]
00405361,93220,391259,254,6;[27265.74, 614, 1.016699721106188, 0.9110027780101589, 162.6325286634208, 0.9680795784318929, 1.0069059725278895]
00405361,93220,391259,254,7;[9909.81, 414, 1.0400453007933903, 0.7039818769811996, 182.46007612487972, 0.9834622127248769, 0.9837484811664642]
00405361,93222,391268,338,4;[13113, 546, 1.0192462842251475, 0.735751547870993, 151.3588816540349, 0.9860336718106387, 1.0040966346337914]
00405361,93222,391268,338,5;[14871.429999999998, 518, 1.0169704448071162, 0.8828077019126581, 114.5925615801457, 0.9889411720786838, 1.0048647127407229]
00405361,93222,391268,338,6;[10201.02, 450, 1.0094547610706286, 0.991588271335596, 173.68050074531746, 0.9550268925880819, 9999]
00405361,93222,391268,338,7;[11360.25, 432, 1.0256545521745033, 0.8680203440865888, 202.99131879663292, 0.9794712154841311, 1.0084204807822899]
00405361,93328,391872,11,4;[12294, 538, 1.032129365884379, 0.6633381493978188, 181.97233396927084, 0.9863628536210295, 1.0064674580433892]
00405361,93328,391872,11,6;[11809.400000000001, 440, 1.0026877585362048, 0.9849724845195537, 151.85731158904193, 0.9763823307193848, 1.0120934601385465]
00405361,93328,391872,11,7;[23737.95, 546, 1.028875008164068, 0.896035589536289, 186.37839136840452, 0.968949704185779, 1.0079911642411643]
00405361,93328,391872,12,4;[14904, 556, 1.0033002878186839, 0.8929362887908848, 104.04389381020141, 0.9904384750329439, 1.0103036876355749]
00405361,93328,391872,12,6;[8795.400000000001, 434, 1.016992577728214, 0.923894328725297, 208.79567221128124, 0.9374189001358414, 9999]
00405361,93328,391872,13,7;[9645.12, 408, 1.030073652434697, 0.9333636052979405, 185.1142566900662, 0.9743205723802278, 1.005743458838545]
00405361,93328,391872,14,4;[12184, 532, 1.0421603062961737, 0.6782135677828487, 180.56934054637745, 0.9859355018958875, 1.0038311019567456]
00405361,93328,391872,14,6;[12384.800000000001, 470, 1.0062040685421063, 0.8559891916336012, 140.31977483220655, 0.9877570403739916, 9040.0]
00405361,93328,391872,14,7;[23110.65, 540, 1.0315951113286626, 0.8989969917220033, 181.71838312546984, 0.9707731650989435, 1.0026884397092501]
00405361,93328,391872,15,4;[12064, 546, 1.0265740335609725, 0.8181602790330537, 156.94829127372915, 0.9872693067524831, 0.9891767792718924]
00405361,93328,391872,15,5;[13461.279999999999, 472, 1.0184827535862278, 0.9005579679350133, 127.98665614372256, 0.9854720217088864, 0.999867415035135]
00405361,93328,391872,15,6;[13476.69, 438, 1.0266082814306108, 0.9092926145004294, 138.50908941374027, 0.9854810770079385, 1.0051601696214172]
00405361,93328,391872,15,7;[12558.24, 392, 1.0306086443661693, 0.9209077945507054, 141.0005563970764, 0.9836428865557987, 1.0099667774086378]
00405361,93328,391872,16,4;[12532, 548, 1.028774569880621, 0.7830106515195341, 134.39431526868745, 0.9890011028175861, 0.9981680605336519]
00405361,93328,391872,16,6;[11825.84, 452, 1.0235330408641787, 0.9387090111516, 140.0361926536242, 0.9856137895392554, 1.0118391747743523]
00405361,93328,391872,16,7;[21692.34, 512, 1.0237546747936739, 0.9289672106131912, 175.18339355430618, 0.9710313174896542, 1.0072463768115942]
00405361,93328,391872,17,4;[12043, 534, 1.0459103096062452, 0.7370519261448156, 169.42492017814595, 0.9870534682804194, 1.0006647278770253]
00405361,93328,391872,17,6;[12524.54, 430, 1.0322334079065254, 0.9219355539007268, 134.1382130429966, 0.9863559556908894, 1.0006567425569177]
00405361,93328,391872,17,7;[23188.68, 536, 1.0312411359050275, 0.9002489672860092, 252.76323378702088, 0.9338532719648699, 1.0067756078118772]
00405361,93328,391872,18,4;[12126, 534, 1.043122380452169, 0.6691513829702896, 183.43896384643784, 0.9869155775168263, 1.0002887193235719]
00405361,93328,391872,18,6;[12212.18, 472, 0.9934143218712007, 0.8109139832296604, 122.95131502350418, 0.9909192618303286, 2971.3333333333335]
00405361,93328,391872,18,7;[10223.460000000001, 424, 1.0217065744366054, 0.8198625850039124, 211.10826214186608, 0.9830569207398514, 0.9804842259721204]
00405361,93328,391872,19,4;[14255, 560, 0.989519326992291, 0.8745751176626415, 92.49303297124494, 0.992034632212357, 1.007954746331978]
00405361,93328,391872,19,6;[12239.580000000002, 454, 1.204812643747953, 0.6983688011806299, 231.1398949086345, 0.9846460260817473, 1.0079539685225927]
00405361,93328,391872,19,7;[23485.5, 538, 1.0280766609861927, 0.9135641458821755, 141.2173347951922, 0.9801275843737677, 1.010433466083007]
00405361,93331,391888,230,4;[11998, 532, 1.0617357917233348, 0.6770516087664596, 179.54394550389694, 0.985827847000211, 0.9999166597216435]
00405361,93331,391888,230,6;[11462.79, 448, 1.0185424514721273, 0.8572091866072263, 138.2298945007216, 0.9838570066078474, 1.0113011422010032]
00405361,93331,391888,230,7;[19242.81, 476, 1.0326025430304664, 0.9178664098261795, 241.51468771118823, 0.9640704733427307, 1.0091065912464396]
00405361,93331,391888,231,4;[12014, 530, 1.0406421713029947, 0.6746473040029001, 178.34681246433684, 0.9856824513295095, 1.0076745648983014]
00405361,93331,391888,231,6;[9139.27, 444, 1.0095394902498154, 0.9048830054890901, 179.4882598257511, 0.9549853725088795, 9999]
00405361,93331,391888,231,7;[10419.3, 426, 1.0061114920749106, 0.8716237529293308, 214.11001835151833, 0.9764747155444431, 1.0096367679762788]
00405361,93331,391888,232,4;[13099, 514, 1.0297590566649228, 0.9336500852409103, 113.91683538055902, 0.9868827057925886, 0.9984374404512367]
00405361,93331,391888,232,6;[12335.480000000001, 474, 1.1404023783833939, 0.9540657484808766, 130.84766315400933, 0.9869826492843774, 9999]
00405361,93331,391888,233,7;[9400.32, 418, 1.0399261378920583, 0.678807736685326, 182.626359745183, 0.9800158136915237, 0.9470520231213873]
00405361,93331,391888,234,4;[11936, 532, 1.0426817517885527, 0.6710098228855201, 150.2712266505447, 0.9863374509020425, 1.0023092748876852]
00405361,93331,391888,234,6;[9380.390000000001, 442, 1.0070787209860756, 0.9968792322783007, 176.25120615220197, 0.955623681914825, 0.9712745584793248]
00405361,93331,391888,234,7;[23124.420000000002, 534, 1.0273571753536221, 0.9238256334315738, 177.7848349168927, 0.9647018809306288, 1.008272181454303]
00405361,93376,392041,23,4;[13371, 554, 1.1018860735084377, 0.8187209386035231, 163.415377943337, 0.9867268190171345, 0.9872997120283541]
00405361,93376,392041,23,5;[13337.519999999999, 506, 1.0285777063928443, 0.837946311626383, 143.49884653055068, 0.9860609530993998, 1.002728696041154]
00405361,93376,392041,23,6;[11003.84, 440, 1.0002109367126282, 0.9715067409916992, 191.18571245265773, 0.9445648664123154, 401.6]
00405361,93376,392041,23,7;[11536.2, 436, 0.9982691220269618, 0.8545480222030734, 216.874470406968, 0.9816929040887137, 1.0049983338887039]
00405361,93376,392041,24,4;[13939, 558, 1.0224510822760253, 0.8076925295001047, 134.19110398313254, 0.9873419095425702, 1.0016527737855705]
00405361,93376,392041,24,5;[13173.3, 504, 1.0255671855494424, 0.7407127757129456, 157.91375654839717, 0.9856272142838609, 1.0026265736799203]
00405361,93376,392041,24,6;[13427.37, 512, 1.0036085257193479, 1.0085046542961824, 195.20327625686943, 0.9780625402598334, 0.9836411079887596]
00405361,93376,392041,25,7;[12111.48, 440, 1.0139292191468259, 0.8218115106017077, 192.8304016300811, 0.9851824890488773, 1.0071246819338422]
00023698,93080,390528,134,4;[50730, 1068, 1.0195976013283141, 0.9416815472712002, 106.73840478038007, 0.9824062191657561, 0.9948424293530485]
00023698,93080,390528,134,5;[32137.14, 722, 1.0078854189891433, 1.013414209980644, 116.63098906489452, 0.9895434332199322, 0.9812513625463266]
00023698,93080,390528,134,6;[38668.25, 748, 1.0119806230852137, 0.8016064169445177, 114.47467328846068, 0.9890644631038052, 9999]
00023698,93080,390528,135,7;[38513.16, 688, 1.0083897586046573, 1.0117389089138091, 162.42444615493253, 0.9858130161766707, 9999]
00023698,93244,391403,53,4;[51195, 1022, 1.0156213303600359, 0.8120712758459384, 144.89464082346188, 0.9865749572742271, 0.9854762798486992]
00023698,93244,391403,53,5;[39153.38, 806, 1.0102162086185273, 0.8219264752022125, 107.96273207170495, 0.9890131537606472, 0.9936278802887084]
00023698,93244,391403,54,7;[40517.46, 702, 1.0207061917706963, 1.0193027392126506, 179.45160421442154, 0.9815379085237981, 1.0024605367755612]
00023698,93244,391403,55,6;[32312.820000000003, 714, 1.0456990845119167, 0.9394046339370987, 200.55027481560595, 0.9796784384215971, 0.999639746551103]
00236683,93026,390254,285,4;[52577, 1096, 0.8862211757298222, 1.142811977438725, 502.11518930978275, 0.942520480681904, 0.9907850601138205]
00236683,93026,390254,285,5;[53276.299999999996, 972, 0.8758447924779791, 1.1029847720315937, 508.07812785055285, 0.8969617439025638, 0.999207686556338]
00236683,93026,390254,285,6;[52834.05, 942, 0.8818427940834459, 1.1208881054748694, 568.5444708665053, 0.8783664189758349, 0.9953799297955812]
00236683,93026,390254,286,7;[48655.53, 922, 0.8835625619097367, 1.197994268897786, 707.3842538095182, 0.9246766263894225, 0.9956169186938417]
00236683,93027,390265,359,4;[55714, 1184, 0.8878782770248758, 1.2555487732632349, 391.8006134098783, 0.9635562642822302, 0.9459725618038577]
00236683,93027,390265,359,6;[52086.030000000006, 886, 0.8898584135666646, 1.1637660922020512, 669.6965407973415, 0.9075302850188324, 0.9999079492405812]
00236683,93027,390265,359,7;[48546.9, 888, 0.8814322133652133, 1.1784699135072954, 726.0298356369328, 0.9082421067596348, 0.9937985467301428]
00236683,93027,390265,360,5;[53558.329999999994, 984, 0.878247657197186, 1.078590357210907, 553.0768949716395, 0.8980300575316448, 0.9967665492879765]
00236683,93032,390303,79,4;[54816, 1196, 0.888904372575185, 1.2934701273616958, 378.65287972537624, 0.9660342743522854, 0.9493591963976447]
00236683,93032,390303,79,5;[53930.799999999996, 980, 0.8790632088107615, 1.0730474168056072, 587.4673493224348, 0.8953819539550469, 0.9981609347297015]
00236683,93032,390303,79,6;[52579.23, 934, 0.8732997317832936, 1.1516979154524813, 303.94904111450586, 0.8983970937919634, 0.9946353599751205]
00236683,93032,390303,80,7;[48606.57, 822, 0.8850859545199323, 1.05918387500515, 252.38180572968213, 0.9042999480579031, 1.0034745254114155]
00236683,93032,390303,81,4;[51138, 1030, 0.8701509551381353, 1.137200506893773, 247.55772691967408, 0.9127945715772987, 0.9981165035278963]
00236683,93032,390303,81,5;[53663.049999999996, 962, 0.8796153248595829, 1.0877844540512152, 593.6795663368949, 0.9066572911256823, 1.000077619950545]
00236683,93032,390303,81,6;[50802.340000000004, 898, 0.8817236210154215, 1.1335969358320634, 238.41582018685398, 0.9332738088203516, 0.9994474765851358]
00236683,93032,390303,81,7;[48525.48, 818, 0.8748864162762124, 1.0935561647465442, 298.15014867311663, 0.8918905826198557, 0.9987561209869157]
00236683,93032,390303,83,4;[50093, 1042, 0.8801598385112197, 1.2498116921691478, 238.8048669046948, 0.9253919183258541, 0.9939974799337242]
00236683,93032,390303,83,5;[53466.7, 1108, 0.8728988238067416, 1.2012863459406646, 515.0614612160756, 0.9197047972512877, 0.9913726528540853]
00236683,93032,390303,83,6;[51553.100000000006, 892, 0.8825073947021309, 1.184670106535934, 271.0661832487113, 0.9048220048958809, 0.9999468537414966]
00236683,93032,390303,83,7;[49385.340000000004, 864, 0.8908494900443562, 1.1542252328658154, 586.0665547587771, 0.8833588502031021, 0.9960962212038451]
00236683,93051,390358,937,4;[50056, 1130, 0.8845052986867727, 1.209182328456789, 291.4767786976812, 0.9349687600459935, 0.9887214332273293]
00236683,93051,390358,937,5;[53338.18, 980, 0.877365576109739, 1.090902446982913, 569.5160161206493, 0.8910486959705923, 0.9981405395775573]
00236683,93051,390358,937,6;[51747.64000000001, 928, 0.8772542639973726, 1.128240764091211, 279.23960958320947, 0.8994901646477651, 0.9964912280701754]
00236683,93051,390358,938,7;[48975.3, 872, 0.88618399388147, 1.1003372898417185, 465.39693323686254, 0.8911497583700823, 0.9932048775947129]
00236683,93078,390512,47,4;[56976, 1204, 0.884308089239834, 1.2299526282331041, 465.7959497996675, 0.9253646400655449, 0.9472082990449116]
00236683,93078,390512,47,5;[55313.579999999994, 1074, 0.866247929479097, 1.1573783919242993, 375.48428351214955, 0.895071386675741, 0.9883058343255656]
00236683,93078,390512,47,7;[50615.46, 866, 0.8892711702807803, 1.1246224726107188, 603.4403469673778, 0.9204933833263348, 0.9954113947855391]
00236683,93078,390512,48,6;[51732.57000000001, 924, 0.8870835487190667, 1.1727691486512413, 207.9023365769131, 0.9365714163255069, 0.9957281860612294]
00236683,93078,390512,49,4;[50734, 1034, 0.8993787141650365, 1.1114887902287192, 188.05861423977905, 0.9482086203982276, 1.0003549175802509]
00236683,93078,390512,49,5;[54125.96, 1068, 0.8797393213394995, 1.1547653142086882, 284.42710920835486, 0.9210444531642717, 0.9858358168518017]
00236683,93078,390512,49,6;[54731.50000000001, 984, 0.879834558009322, 1.147475499846527, 542.6954198804708, 0.8734858286737891, 0.9901603588866582]
00236683,93078,390512,49,7;[49322.61, 874, 0.8835265764892972, 1.1000756810605234, 233.6336359394449, 0.8995735315166424, 0.9950766286481565]
00236683,93078,390512,50,4;[50450, 1040, 0.8784162888965641, 1.146206915669922, 202.0031608183698, 0.92748962082882, 0.9897882108278317]
00236683,93078,390512,50,5;[55676.53, 1044, 0.8750726478175135, 1.1394294531009443, 533.1589217149117, 0.9052388275863833, 0.9957858891135469]
00236683,93078,390512,50,6;[52554.57000000001, 994, 0.8801390033814295, 1.1564541614522326, 308.8361007008464, 0.9228982914316806, 0.9938082901554404]
00236683,93078,390512,50,7;[50921.46, 834, 0.8956110727614838, 1.1510473556750707, 696.3709769331037, 0.8818265213361519, 1.0010075642510188]
00236683,93098,390636,1213,4;[56467, 1184, 0.8852904133911917, 1.233907998978291, 429.33486125877033, 0.9459542835807855, 0.9478304657994125]
00236683,93098,390636,1213,5;[54052.18, 1054, 0.8782312078943617, 1.1774382681583697, 499.08294242446783, 0.9146874510944828, 0.990125340599455]
00236683,93098,390636,1213,6;[52939.54, 902, 0.8868023540985288, 1.1936916707036078, 666.3344565402167, 0.8922121904448836, 0.9990175801447777]
00236683,93098,390636,1213,7;[49158.9, 818, 0.8968602090227412, 1.2224894291344504, 726.3206879082402, 0.8966149411102033, 1.00040477005947]
00236683,93098,390636,1214,4;[52395, 1074, 0.8830476926383564, 1.1013977748177695, 277.00856568610664, 0.9288022433383062, 0.9967090245015979]
00236683,93098,390636,1214,5;[54338.97, 1064, 0.8753592465124572, 1.1658948570413648, 438.73622697411906, 0.8941746706114226, 0.9925983892529916]
00236683,93098,390636,1214,6;[53567.00000000001, 970, 0.8909173181607123, 1.153854978194333, 572.9119745518187, 0.8869485279349782, 0.9975253208153685]
00236683,93098,390636,1214,7;[50122.8, 902, 0.880710020895345, 1.12581092799517, 474.29731353812963, 0.88444926329212, 0.9958203510905084]
00236683,93099,390639,1320,4;[53510, 1074, 0.886949393764135, 1.103472708990238, 582.2486327101362, 0.8872176621195892, 0.9980788241657806]
00236683,93099,390639,1320,5;[54300.89, 1066, 0.8737359876815745, 1.157886001599414, 427.27118793432754, 0.8941188344947442, 0.9946486763375585]
00236683,93099,390639,1320,6;[51259.920000000006, 894, 0.8772615400370747, 1.1286796939509243, 240.38157947816705, 0.9216837692799165, 1.0028679407113565]
00236683,93099,390639,1320,7;[50229.9, 888, 0.894896588653257, 1.1079024181044324, 567.15055877201, 0.8651763810749842, 0.9962976450594805]
00236683,93099,390639,1322,4;[51235, 1148, 0.880596753207647, 1.2177697161480874, 333.3501286508133, 0.9257533333002379, 0.9916099751299148]
00236683,93099,390639,1322,5;[53547.619999999995, 1046, 0.8639364224395616, 1.1457026144553932, 404.8452220454673, 0.8801401523846557, 0.9947387036873286]
00236683,93099,390639,1322,6;[50679.04, 898, 0.8824513559502067, 1.171441696285514, 246.70458777863863, 0.8988593894373392, 0.9948900005378947]
00236683,93099,390639,1322,7;[50350.770000000004, 894, 0.889129546709839, 1.131800783928898, 588.4938364327204, 0.8637839685404683, 0.9970460363867722]
00236683,93103,390670,1523,4;[53540, 1098, 0.8814483786883229, 1.091326195463164, 583.2890612595404, 0.8925003108166547, 0.9898683626682443]
00236683,93103,390670,1523,6;[52760.07000000001, 898, 0.8886685237149125, 1.1384671222739895, 664.3475694644986, 0.8956374636031632, 0.9992734632450245]
00236683,93103,390670,1523,7;[49559.76, 898, 0.8849739090194637, 1.1465584554131907, 429.77388085238783, 0.878833915701265, 0.9926148377409371]
00236683,93103,390670,1524,5;[53287.009999999995, 1084, 0.8749514601505815, 1.1927939090981903, 352.29274302067216, 0.9197836155426133, 0.9902367289171946]
00236683,93103,390670,1525,6;[52808.020000000004, 926, 0.8834557602430098, 1.1105067825564525, 596.9331309564569, 0.8789418949217416, 0.9970512157268494]
00236683,93103,390670,1525,7;[47474.37, 832, 0.8960694763767397, 1.120854058037875, 233.84109214020037, 0.9269261131544956, 0.995795892169448]
00236683,93103,390670,1526,4;[49607, 1040, 0.888368387064635, 1.1423263534690966, 221.29537854494612, 0.9377289374706437, 0.9927455748006284]
00236683,93103,390670,1526,5;[54116.439999999995, 1010, 0.877561512468865, 1.1633428413765627, 566.2569391555063, 0.8698488988721917, 0.9940543848911427]
00236683,93129,390840,509,4;[50220, 1082, 0.8782155057915386, 1.13930170671189, 217.12438090721648, 0.9377749195334129, 0.9839052535681749]
00236683,93129,390840,509,6;[52253.170000000006, 952, 0.8794503133701228, 1.1775017028719883, 243.20270184900593, 0.9218680025519781, 0.9937080700840226]
00236683,93129,390840,510,5;[53252.5, 1086, 0.8718151001278966, 1.1867040761069838, 366.10935331541, 0.9304138369024261, 0.9919645331116653]
00236683,93129,390840,510,7;[48311.28, 876, 0.886752157504339, 1.1438911860882877, 258.06722990743253, 0.9406191713010823, 0.9960411967887954]
00236683,93139,390919,100,4;[50648, 1062, 0.8724162912063601, 1.0918755754154672, 213.35479637612792, 0.9236650681294645, 0.9819500184183485]
00236683,93139,390919,100,5;[53560.71, 1082, 0.8718223140379071, 1.2719149037767723, 394.1707716759126, 0.9223600826856005, 0.9920432003526559]
00236683,93139,390919,100,6;[52605.26, 896, 0.883918021004128, 1.1755189257199565, 650.8226219659143, 0.8972444130713766, 0.9979208898591403]
00236683,93139,390919,101,7;[50340.06, 902, 0.8807445170450002, 1.0675197317102934, 451.4993284754688, 0.8837738406193314, 0.9952358626113522]
00236683,93140,390930,162,4;[50537, 1078, 0.890617338460394, 1.159368768130827, 198.41330463279277, 0.9438535009988425, 0.9901546841172033]
00236683,93140,390930,162,5;[52330.25, 1018, 0.8837771286957714, 1.1302814673936055, 224.9227576164802, 0.9350619067758252, 0.9904056214950113]
00236683,93140,390930,162,6;[52717.600000000006, 980, 0.8723198945956582, 1.1916407124998802, 345.97069054315045, 0.8945825872136896, 0.9916759013478339]
00236683,93140,390930,162,7;[49183.38, 904, 0.8856045382741418, 1.2412293187071277, 327.5082865258509, 0.9286376268543715, 0.9930646730819728]
00236683,93140,390930,163,4;[60891, 1166, 0.8798437417506862, 1.1471152895215986, 440.92075090667265, 0.9438720072640782, 0.9669766001540404]
00236683,93140,390930,163,5;[51817.36, 952, 0.868296999859913, 1.1346919043867796, 202.7265238161475, 0.9181484449599598, 0.9992541851686115]
00236683,93140,390930,163,6;[53092.98, 914, 0.8765991027312365, 1.0885326783148097, 536.8700950042356, 0.8890194124901043, 0.9953128812296945]
00236683,93140,390930,163,7;[47942.55, 806, 0.8861400469798484, 1.09588982736007, 188.73954945092174, 0.9364442849941348, 1.0022068700825177]
00236683,93140,390930,164,4;[52782, 1174, 0.892569068449326, 1.3012097101274098, 336.0366267791391, 0.9346678774173823, 0.9901606745894028]
00236683,93140,390930,164,6;[52673.76, 934, 0.876283072972613, 1.1540990492081529, 251.72477329648885, 0.9042599078863474, 0.9870736685365133]
00236683,93140,390930,165,5;[53959.36, 1094, 0.8733255020501959, 1.246403178783136, 391.401288011376, 0.9244857121186066, 0.9912556838055264]
00236683,93140,390930,165,7;[50047.83, 892, 0.8884578349786199, 1.0925579881202565, 420.37057123942856, 0.8952924978704627, 0.9934098639455783]
00236683,93174,391097,943,4;[52929, 1108, 0.8828460986870269, 1.0983063107026998, 510.43772215516213, 0.8934977417358362, 0.9919041996964075]
00236683,93174,391097,943,5;[53889.149999999994, 1092, 0.8773231810321965, 1.278693284797037, 449.2352388033804, 0.9147373443316961, 0.9932227924726937]
00236683,93174,391097,943,6;[51677.770000000004, 990, 0.8829695698739835, 1.2062878213296189, 312.05483063552145, 0.9324343993301389, 0.9933506260945133]
00236683,93174,391097,943,7;[48109.32, 854, 0.8797653401569392, 1.085043124738904, 265.4928540501923, 0.9219678792647472, 0.9915645743657664]
00236683,93203,391206,348,4;[54256, 1088, 0.8853528477109496, 1.074540508695602, 543.0232175486182, 0.8943895225076689, 0.996940603610639]
00236683,93203,391206,348,5;[55439.719999999994, 986, 0.8787954545685046, 1.0904494841415546, 435.6866649196918, 0.8895019258773622, 0.9990135952309473]
00236683,93203,391206,348,6;[53029.96000000001, 1004, 0.8752041450925833, 1.1549806897710804, 523.3755346154549, 0.9085616810026557, 0.9948724538970636]
00236683,93203,391206,348,7;[50116.68, 902, 0.8882899385754764, 1.1653995297789257, 503.6928382302954, 0.8873180628328166, 0.9956382315840666]
00236683,93203,391206,350,4;[51891, 1126, 0.8847759100080066, 1.1284918754883855, 239.26920912499105, 0.9310482161206578, 0.9874031929670999]
00236683,93203,391206,350,5;[53427.43, 1068, 0.8761904327473313, 1.2752535444268787, 415.81628433893343, 0.9106632034558059, 0.9898473240368186]
00236683,93203,391206,350,6;[53723.18000000001, 968, 0.8851972905436899, 1.1926498731572275, 540.618621432369, 0.8791854576013558, 0.9861931946784699]
00236683,93203,391206,350,7;[49749.48, 890, 0.8839521547037728, 1.1228375248515745, 296.5379727362551, 0.8912789826519816, 0.9939323541548855]
00236683,93203,391206,351,4;[53017, 1106, 0.8911445126943249, 1.23133518941443, 296.4491511493588, 0.9301325926923519, 0.9924095652580841]
00236683,93203,391206,351,5;[54875.659999999996, 1080, 0.8769006163309137, 1.179881152654122, 482.2721789455403, 0.9130123344963348, 0.9918375686923978]
00236683,93203,391206,351,6;[53831.41, 950, 0.8780273349075945, 1.125443336214476, 599.320406964407, 0.8756456183821748, 0.9946461795491652]
00236683,93203,391206,352,7;[47965.5, 828, 0.8819754633892878, 1.1073849397262625, 202.21514009657832, 0.9045959445803953, 0.995838759886916]
00236683,93220,391265,336,4;[53215, 1098, 0.8763063496047365, 1.1391994134856436, 349.144132807547, 0.9268970654083277, 0.9936328329225483]
00236683,93220,391265,336,5;[52300.5, 1040, 0.8883793453226698, 1.1588999681159402, 278.8441680444886, 0.9295274100544008, 0.9908579544814059]
00236683,93220,391265,336,6;[51311.98, 956, 0.8872275809985876, 1.1977528449938752, 226.56803874338215, 0.9286752514515635, 0.9864103239399526]
00236683,93220,391265,336,7;[49184.91, 880, 0.8823606478630748, 1.1066869112422093, 246.01899892276666, 0.9065194010286566, 0.9970380708691944]
00236683,93220,391265,337,4;[51284, 1112, 0.8792958679535733, 1.135395028513278, 208.51180884773677, 0.9312518226116953, 0.9783195505575109]
00236683,93220,391265,337,5;[51751.909999999996, 1018, 0.8795412029027372, 1.2159118679407275, 236.16293279109476, 0.9295342545904172, 0.9933871649325582]
00236683,93220,391265,337,6;[53231.350000000006, 912, 0.8896849003351999, 1.1858284079749826, 614.1763646798645, 0.8767342939139359, 0.9984581780804317]
00236683,93220,391265,337,7;[48049.65, 844, 0.8889535155850133, 1.0918587906435444, 209.1498399003557, 0.9311254380891433, 1.0008764241893076]
00236683,93222,391274,426,4;[57338, 1170, 0.886854668230566, 1.1854768770449802, 450.37473106748973, 0.9411922447477721, 0.9481508429312012]
00236683,93222,391274,426,5;[51654.329999999994, 968, 0.8822020112693015, 1.1571810862662657, 208.92261698253648, 0.9437407397240375, 0.9975410212805075]
00236683,93222,391274,426,6;[53103.94, 1016, 0.8748037616346733, 1.1684908908828457, 450.9741968531228, 0.9188361563374632, 0.9931462099181388]
00236683,93222,391274,426,7;[48758.04, 888, 0.8859395500693478, 1.2070252924367457, 319.6890925046437, 0.9233336288527946, 0.9914444824689668]
00236683,93222,391274,428,4;[58149, 1174, 0.8848685865961714, 1.2053997740224873, 420.89703266550043, 0.9410564679058678, 0.9572245771430923]
00236683,93222,391274,428,5;[52686.06, 1010, 0.8883825211121258, 1.203523552557576, 252.61544863457726, 0.9319205768143303, 0.9965449327556131]
00236683,93222,391274,428,6;[51548.990000000005, 936, 0.8764851434119169, 1.1642280535472393, 227.7871519363942, 0.919940861886701, 0.991279835607777]
00236683,93222,391274,428,7;[50306.4, 828, 0.8845258922856971, 1.0654625847062194, 433.07337225036747, 0.8832715233592696, 1.0014162364658048]
00236683,93260,391459,217,4;[53665, 1108, 0.8830165008314165, 1.1568747573753988, 560.9006706415589, 0.9049777943778147, 0.9922803124855545]
00236683,93260,391459,217,5;[51668.61, 1004, 0.8843871647426503, 1.2014108854212842, 232.24784617026646, 0.9403222821256002, 0.9937744615595889]
00236683,93260,391459,217,6;[50876.32000000001, 934, 0.8853029941465531, 1.1258004582934167, 227.35034790445613, 0.9344684887768305, 0.9943103471357618]
00236683,93260,391459,217,7;[50001.93, 856, 0.8983182431979138, 1.146780627596113, 658.4222844330483, 0.890841991832416, 0.9972688851253414]
00236683,93260,391459,218,4;[53342, 1128, 0.8819792317494807, 1.102433082344417, 478.9532602383751, 0.8868150826591494, 0.9829546501557116]
00236683,93260,391459,218,5;[53589.27, 1062, 0.8631423234894012, 1.1858923395628806, 387.827696471499, 0.8814800273743318, 0.9933165696135522]
00236683,93260,391459,218,6;[53253.270000000004, 906, 0.8834904157608308, 1.0996469823892665, 609.3968971852356, 0.8791265089134787, 1.001636281646589]
00236683,93260,391459,218,7;[47910.42, 854, 0.8853658361856086, 1.1426721731563114, 264.8643470650496, 0.9210327595876833, 0.9945214615787719]
00236683,93314,391804,1,4;[52647, 1060, 0.8948910356227433, 1.1324701972275442, 554.3223901414366, 0.8984986258899959, 0.9994969007185777]
00236683,93314,391804,1,5;[51775.71, 1044, 0.8764316272593112, 1.2391106086898693, 296.50920326848143, 0.9324303506693311, 0.9932654552095699]
00236683,93314,391804,1,6;[51740.79, 978, 0.8757387411673722, 1.1638873992941536, 570.2390600899009, 0.9173671892795292, 0.9911037631868997]
00236683,93314,391804,1,7;[48164.4, 840, 0.8895853416071748, 1.1947312662262433, 768.4728542441595, 0.8954328647149865, 0.9965178854067743]
00236683,93314,391804,2,4;[51977, 1184, 0.8866878884399527, 1.2572918075100872, 409.7512100340109, 0.9266140798727707, 0.9903116098732031]
00236683,93314,391804,2,6;[51187.310000000005, 904, 0.8757376093351815, 1.108246409180102, 281.47941665348213, 0.9007051103275707, 0.9996789297658862]
00236683,93314,391804,2,7;[48895.74, 918, 0.8806668559652951, 1.134164452544483, 495.0704192484552, 0.9198112615202162, 0.9985626796650419]
00236683,93314,391804,3,5;[53256.07, 1040, 0.876357870939685, 1.204689762393494, 540.2553489116442, 0.8998972922869244, 0.99148158404874]
00236683,93331,391886,297,4;[51876, 1178, 0.8844671025734807, 1.3046130879712536, 426.76966347584744, 0.9403120147329657, 0.9911348872755064]
00236683,93331,391886,297,5;[52404.03, 1020, 0.869901393624247, 1.1218932353030335, 426.13995333547257, 0.8825101242879042, 0.9975987132727726]
00236683,93331,391886,297,6;[51433.91, 956, 0.8834011774981179, 1.1505403638827827, 320.0936060864985, 0.9075473787259105, 0.99317478373588]
00236683,93331,391886,297,7;[48834.54, 916, 0.8759147574521244, 1.1330110090332117, 544.0025446573025, 0.920845549706956, 0.9945935839708334]
00236683,93341,391961,155,4;[52219, 1130, 0.8830840029174529, 1.0944282669068668, 305.9317127110463, 0.9104757759499544, 0.9901964502427184]
00236683,93341,391961,155,5;[53058.53, 986, 0.8776422228310168, 1.1126786903844337, 572.5503558877115, 0.8887730118947625, 0.9951122617506584]
00236683,93341,391961,155,6;[52317.560000000005, 944, 0.8880754911048747, 1.1325530189364938, 571.7169604046203, 0.8862491572080464, 0.9941296679552761]
00236683,93341,391961,155,7;[47579.94, 856, 0.8877516593283715, 1.1352454188535255, 247.54762138590198, 0.925214105531204, 0.9946903787103377]
00521701,93026,390258,236,4;[53955, 1072, 0.8245541952116149, 1.5121532370693138, 400.95734283302914, 0.9486510272421541, 0.9956817804351437]
00521701,93026,390258,236,5;[53792.759999999995, 1052, 0.8284257949363374, 1.4006956752105422, 834.8114875203339, 0.7771997101236968, 0.9881195693753757]
00521701,93026,390258,236,6;[53493.020000000004, 984, 0.8442290681692469, 1.3255574756918307, 613.227539255102, 0.7662717978676358, 0.9906129490562208]
00521701,93026,390258,237,7;[48728.97, 866, 0.8341922343136186, 1.6558367953227284, 877.3647725395533, 0.9318433099147863, 0.9878875292730966]
00521701,93122,390796,1603,5;[52546.829999999994, 1052, 0.8336818578413309, 1.342305653000687, 537.6418405923488, 0.7963770088988752, 0.9916792993094156]
00521701,93122,390796,1603,6;[52117.54, 962, 0.8461016427642302, 1.429058041392531, 554.279030859491, 0.7957384980584047, 0.9909093277070147]
00521701,93122,390796,1603,7;[48938.58, 860, 0.8233549671738932, 1.5620097199636283, 648.6992052021026, 0.9404778466055015, 0.9904012880852118]
00521701,93122,390796,1604,4;[53445, 1166, 0.8270060917211137, 1.3972242658053746, 769.8237268377036, 0.8693827530699217, 0.9872723242324601]
00521701,93139,390917,48,4;[52810, 1134, 0.860590400388816, 1.4257921408885696, 495.25119857953905, 0.7856375771337661, 0.984012819557278]
00521701,93139,390917,48,5;[53083.52, 1050, 0.842462410225307, 1.362439232035793, 501.7330486050698, 0.7863837518773227, 0.9852351661457931]
00521701,93139,390917,48,6;[52036.71000000001, 968, 0.8399141535144268, 1.4069994934564596, 372.7264260488348, 0.9452025229095787, 0.9719293756397134]
00521701,93139,390917,48,7;[50955.12, 836, 0.8345951871392052, 1.5517016068322378, 917.477751252295, 0.8296861610719414, 0.9970212702261739]
00521701,93141,390932,199,5;[53589.27, 1054, 0.834503911458803, 1.3280193341540056, 519.1073754661413, 0.7986531726288342, 0.9914358680815464]
00521701,93141,390932,199,6;[53123.12, 926, 0.7984896512432177, 1.3316125829662568, 312.60654366706933, 0.9494161858354992, 0.9894108341200786]
00521701,93141,390932,199,7;[49015.08, 862, 0.8180627478820595, 1.6892819994461168, 527.2594350646324, 0.9408950184031963, 0.993934505064921]
00521701,93141,390932,200,4;[52788, 1100, 0.8474049235878218, 1.4308887046858592, 287.4963400326995, 0.9561011477617625, 0.9766151113742322]
