00496723,93026,390260,233,1;[16107, 548, 0.9391640909101329, 0.9572435287784126, 84.61289013783896, 0.9896257129684041, 1.001834862385321]
00496723,93026,390260,233,2;[8920.24, 414, 0.9721390896992703, 1.0072798629626052, 275.3177593422723, 0.9772649279828628, 0.999666599986664]
00496723,93026,390260,233,3;[12851.970000000001, 436, 0.8853762035116932, 0.9499566647781016, 169.60729747748883, 0.9744886004503096, 0.9945928753180662]
00496723,93026,390260,234,1;[10037, 500, 0.9560263853546812, 1.0563265418077012, 197.59552443444298, 0.9829621512769542, 1.0]
00496723,93026,390260,234,2;[17874.989999999998, 540, 0.9371635547583594, 0.973106861748975, 173.4655657388923, 0.9702972968887593, 0.9906677658697445]
00496723,93026,390260,234,3;[12550.570000000002, 416, 0.8863130957265942, 0.947911257750123, 174.96514777930844, 0.9718815338123743, 0.9957067550676594]
00496723,93027,390262,306,1;[17563, 582, 0.9084602643347447, 1.0026997230691177, 72.46331176776499, 0.9880653413938496, 1.0059856230489446]
00496723,93027,390262,306,2;[9772.279999999999, 422, 0.9715079614558203, 1.0079957764023868, 218.9093279607118, 0.978891544732601, 1.0017077335935594]
00496723,93027,390262,307,3;[17727.800000000003, 498, 0.8851146824884364, 0.9675884495063327, 220.42798724147843, 0.907837670486696, 0.9997682144788689]
00496723,93027,390262,308,1;[13600, 506, 0.9409867630344892, 0.9624779156912138, 75.69562232584458, 0.9914980194965056, 9999]
00496723,93027,390262,308,2;[17876.18, 538, 0.9301876120473929, 0.9760525160365898, 148.39460858008118, 0.9760849236598538, 1.0063305978898007]
00496723,93027,390262,308,3;[16438.63, 474, 0.8960652583622648, 0.9587416384218462, 189.44541896683, 0.9572897990560326, 9999]
00496723,93049,390352,603,1;[17457, 570, 0.9445691064644283, 0.9609152984434965, 90.03344090416998, 0.9860636105697153, 1.0029300241296104]
00496723,93049,390352,603,3;[18026.460000000003, 502, 0.8818120431983671, 0.9504144295865546, 228.9973075706443, 0.9359670839068637, 0.9995062478635725]
00496723,93049,390352,604,2;[9724.68, 408, 0.9723897168921609, 1.0097211998990285, 240.77395497131334, 0.9784772101523275, 1.0044865097412574]
00496723,93049,390352,605,2;[18066.579999999998, 546, 0.9478604205600047, 0.9891838269711333, 207.31416984353353, 0.9704845637589108, 9999]
00496723,93049,390352,605,3;[17541.48, 496, 0.8828748516145496, 0.9406835256005107, 212.54301984735264, 0.9492951586581937, 0.9934437676998875]
00496723,93049,390352,606,1;[17355, 578, 0.9917642041708987, 0.960603947059527, 96.73591823864254, 0.9861206457806854, 0.9981308411214953]
00496723,93065,390428,19,1;[18169, 600, 0.9869341755930545, 0.9900221280949122, 93.67140476265334, 0.9888478541936905, 0.9844495015171218]
00496723,93065,390428,19,2;[17746.469999999998, 538, 0.9481152205290235, 0.9717045293360933, 224.87172621705926, 0.9634743862481623, 1.0015110305228165]
00496723,93065,390428,19,3;[10722.990000000002, 408, 0.891601931420393, 0.94967162971471, 256.493121585689, 0.967212778544612, 0.9831061985806695]
00496723,93068,390440,206,1;[15160, 534, 0.9537114968478919, 0.9641155544224447, 112.41553866334463, 0.987124953939965, 0.9940005901058913]
00496723,93068,390440,206,2;[12452.16, 450, 0.9710210069616814, 1.0178536658443864, 325.030695869514, 0.9676944615317182, 1.0016752022208395]
00496723,93068,390440,206,3;[13135.560000000001, 420, 0.8862267266379458, 0.9499002925956149, 177.60895956536118, 0.9694215965460659, 9999]
00496723,93069,390450,278,1;[18758, 612, 0.975845977819981, 0.8625446035004722, 126.7956554006683, 0.9882877745322156, 1.001628621011881]
00496723,93069,390450,278,2;[11435.9, 438, 0.9233004830504978, 0.962969896377406, 259.4362472124654, 0.9737242536870644, 0.9991162863232312]
00496723,93069,390450,279,3;[18207.300000000003, 514, 0.886044583018525, 0.9830472683113304, 165.44194870982813, 0.9526018160458255, 9999]
00496723,93069,390451,276,1;[11767, 472, 0.9747762289706438, 0.9839203840395719, 124.01635654245845, 0.988886614145743, 0.9991508873227477]
00496723,93069,390451,276,2;[17114.579999999998, 530, 0.9289872630550005, 0.9563766295276621, 173.17490283988357, 0.9743176398563848, 0.9871645274212368]
00496723,93069,390451,276,3;[18053.86, 510, 0.8835936098071159, 0.9346468999461164, 203.7425972061804, 0.9455035251762992, 0.9794492548961314]
00496723,93070,390461,368,1;[18091, 592, 0.9416888232880296, 0.9770921734767667, 94.3768982704239, 0.9874348465530699, 0.9953508844323402]
00496723,93070,390461,368,2;[18010.649999999998, 540, 0.9846695244259991, 1.0001511281826234, 271.2693794315555, 0.9652455571771601, 9999]
00496723,93070,390461,368,3;[17574.36, 500, 0.8842958237057348, 0.9440379432726804, 224.24931510246736, 0.9489431289888687, 0.9777066422773523]
00496723,93076,390497,758,1;[14576, 538, 0.97527811845307, 0.9668304577557052, 151.12234263867788, 0.9856841281052175, 0.98914223669924]
00496723,93076,390497,758,2;[18058.25, 550, 0.9590923856136717, 0.9959628620867128, 199.8143586582858, 0.9767681778245201, 0.9975021363307698]
00496723,93076,390497,758,3;[18285.390000000003, 506, 0.8828914877478165, 0.9790754457029379, 220.82155195960695, 0.9391065533006754, 0.9935978560262041]
00496723,93076,390497,759,2;[11193.14, 444, 0.9495677623633847, 1.0008376269947068, 220.151786080558, 0.9767950477388354, 0.9993094289508632]
00496723,93082,390539,347,1;[14592, 524, 0.9870440478336492, 0.9192985713388455, 119.0982658301113, 0.9891565798596778, 0.9976071648321597]
00496723,93082,390539,347,2;[17802.399999999998, 538, 0.9506096925350802, 0.9734405235597398, 208.35625402398924, 0.9668715886475353, 1.0025129837493718]
00496723,93082,390539,347,3;[11438.130000000001, 420, 0.9407220524938902, 0.9914741627290447, 271.8019089441192, 0.9690133227887417, 0.9875798438608943]
00496723,93085,390563,579,1;[17790, 594, 0.9791260821309936, 0.8782181388093264, 114.62335456645451, 0.9899486785953766, 0.9883607877996611]
00496723,93085,390563,579,2;[16456.51, 524, 0.9175729529354755, 0.9574750679731057, 186.55192121133751, 0.9770287741350898, 13829.0]
00496723,93085,390563,579,3;[11316.2, 410, 0.8841713744436228, 0.9584979009848975, 287.78211563779564, 0.9656794445467048, 0.9948211489822956]
00496723,93086,390572,615,1;[14041, 520, 0.9280143561032494, 0.9627967648601072, 65.20892335644554, 0.9938475812208136, 9999]
00496723,93086,390572,615,2;[17565.59, 542, 0.9300455670715716, 0.9834263586563021, 201.32827103226606, 0.9742372174843149, 9999]
00496723,93086,390572,615,3;[17997.690000000002, 506, 0.8919024904492652, 0.9387046179745003, 133.2955884900104, 0.9645531135317391, 1.000418840193428]
00496723,93115,390751,57,2;[14078.89, 498, 0.9117811958037634, 0.9654546811811648, 297.8458303459087, 0.9642748840524825, 0.9691186107470511]
00496723,93115,390751,57,3;[9580.41, 364, 0.8924638934395889, 0.9781722017391288, 273.1619897935159, 0.9602400826405718, 1.0050301810865192]
00496723,93115,390751,58,1;[17974, 582, 0.9029113690506007, 0.9717573619206339, 91.81937549884144, 0.9883075364716425, 1.0055665892752246]
00496723,93117,390759,159,1;[18164, 588, 0.9431446023992495, 0.9614065515056244, 99.95680683499975, 0.9838063673674223, 1.0015162793262207]
00496723,93117,390759,159,2;[16739.73, 520, 0.9461292850936227, 0.9760793325679096, 225.26456785222842, 0.9695885729620232, 1.0038177471723695]
00496723,93117,390759,159,3;[16890.73, 486, 0.8905351559158436, 0.9611309414716152, 181.39264712980287, 0.9576756158594394, 9999]
00496723,93118,390771,230,2;[15408.119999999999, 506, 0.9809701311973701, 1.003530045623107, 297.10436009341987, 0.974609679709322, 0.9943554889989632]
00496723,93118,390771,230,3;[18066.190000000002, 504, 0.8866457579622787, 0.9514464221240251, 184.1102185504305, 0.9505220044831104, 0.9995830964563199]
00496723,93118,390771,231,1;[14644, 520, 0.9524746036162951, 0.9702621414042757, 80.49656474265504, 0.9915635701853612, 9999]
00496723,93118,390771,232,1;[18191, 592, 0.9382590368037037, 0.9578813408469241, 103.14510208206674, 0.9829884482554009, 1.00206571735478]
00496723,93118,390771,232,2;[16552.899999999998, 518, 0.9177378920706608, 0.9647963850579528, 202.50958375280464, 0.9723991989568972, 0.9863149684464299]
00496723,93118,390771,232,3;[16886.620000000003, 486, 0.8862896380526051, 0.9590600638081149, 192.2427566625547, 0.9592671729379858, 0.9935915521341341]
00496723,93122,390798,1715,1;[17312, 570, 0.9731585987370581, 0.9987541637867583, 106.18060854441227, 0.9860851961783887, 0.998586796642921]
00496723,93122,390798,1715,2;[10738.56, 424, 0.7742076779955136, 0.990910129668954, 278.9851927538947, 0.971570382837407, 1.0022212350066637]
00496723,93122,390798,1715,3;[17874.390000000003, 504, 0.8857725841205367, 0.9837007135985864, 206.15883448174117, 0.9137353763999942, 0.9990428423752824]
00496723,93129,390842,510,2;[18259.36, 558, 0.9407296517778431, 0.9869608212530439, 197.6107463232429, 0.9751761148356267, 0.9920796560307762]
00496723,93129,390842,511,1;[14067, 524, 0.981223548035531, 1.0174554199761607, 144.44332740360622, 0.987273942437584, 0.9916813535424744]
00496723,93129,390842,511,3;[14780.93, 450, 0.9208707874173636, 0.9896780118299783, 189.89296300278266, 0.9464739791481842, 0.9923200735801334]
00496723,93129,390843,512,1;[18038, 590, 0.9151224404515903, 0.9723371933986533, 97.15653110928628, 0.9877779497347625, 1.003476954743957]
00496723,93129,390843,512,2;[15849.609999999999, 510, 0.9098491284394914, 1.1134281875440062, 191.9951910050756, 0.9768317853312957, 1.0]
00496723,93129,390843,512,3;[14522.000000000002, 454, 0.8878997593822738, 0.9627245604947673, 194.40098552363577, 0.961118929275815, 0.9953518944551387]
00496723,93129,390845,508,1;[14708, 520, 0.9550837319056733, 0.9683690105664234, 90.32399347842896, 0.9900351666942362, 1.000170004420115]
00496723,93129,390845,508,3;[18293.61, 510, 0.890185494911921, 0.9946424114307442, 162.62135457078145, 0.9527573284828399, 9999]
00496723,93129,390845,509,2;[17545.36, 544, 0.9400541042398254, 0.9746771176122203, 164.44957227724464, 0.9742865211290165, 0.9804169298799748]
00496723,93130,390852,585,1;[12319, 488, 0.9514917468583416, 1.0741972593989915, 119.77844843816654, 0.9898221729980201, 0.9744117065453827]
00496723,93130,390852,585,2;[10480.33, 440, 0.9728413617203875, 1.0003803284519057, 277.0559990447633, 0.9716866828769889, 1.0035323609845033]
00496723,93130,390852,585,3;[16694.82, 486, 0.8894145953255916, 0.9729557935661568, 214.89806017629655, 0.9506042458121802, 9999]
00496723,93130,390852,586,1;[18082, 592, 0.9793862589107798, 1.0268562638716725, 127.49516873740625, 0.9884015841261855, 1.0073537604456824]
00496723,93130,390852,586,2;[11984.49, 452, 0.9603309406281545, 1.0558335028027175, 267.1271306220901, 0.9729265820896281, 1.0012427300293285]
00496723,93130,390852,586,3;[17989.47, 508, 0.8942316348953783, 1.0039130220231214, 143.59806479945198, 0.9302377856200069, 26262.0]
00496723,93130,390854,587,1;[15878, 558, 0.9950010587972737, 1.0122906297741492, 130.264314465132, 0.9843446558198786, 0.9827319428111655]
00496723,93130,390854,587,2;[18047.54, 552, 0.9846843126951135, 0.9979554935010413, 265.36854105405314, 0.9756635920244657, 0.9985186160582019]
00496723,93130,390854,587,3;[9958.53, 400, 0.8938891094000723, 0.9707437926457596, 179.35784102665036, 0.9746676391386127, 0.9950718685831622]
00496723,93130,390854,588,1;[13309, 514, 0.9770412259493391, 1.0297687747529465, 152.0795294648047, 0.988298208188983, 0.9959589912444811]
00496723,93130,390854,588,2;[10404.17, 450, 0.8312619715710924, 1.010242558975956, 359.8064656949391, 0.9404419393743517, 0.9903715450838242]
00496723,93130,390854,588,3;[14876.830000000002, 458, 0.8901344938475202, 0.9453166547071511, 185.37797475271128, 0.9645761221078474, 1.000598940336328]
00496723,93134,390882,888,1;[17859, 596, 0.9859323931204103, 1.0086246748919407, 124.44249056288696, 0.9879460634152047, 0.982424292433369]
00496723,93134,390882,888,2;[17036.04, 532, 0.9197236285702958, 0.9605622798192055, 202.20849766007183, 0.9742873386675203, 9999]
00496723,93134,390882,888,3;[11170.980000000001, 402, 0.8919965530124502, 1.0030600032644987, 205.8712629895672, 0.9611377804609375, 9999]
00496723,93135,390887,997,1;[10729, 482, 0.972957931692819, 1.0473105357882915, 140.64844064023936, 0.989243184452375, 1.0036013282821197]
00496723,93135,390887,997,2;[10907.539999999999, 460, 0.8000413759525542, 1.0167535047619152, 333.3067732332695, 0.9494384309661641, 0.9944667462297928]
00496723,93135,390887,997,3;[15475.52, 462, 0.9176163910844649, 0.9887622037851779, 164.8455772201907, 0.9467232640636124, 0.9889253666010068]
00496723,93147,390950,348,1;[14735, 536, 0.9822815307849491, 0.8895881816773977, 118.75788568013758, 0.9896121147213471, 0.9886275956925761]
00496723,93147,390950,348,2;[18343.85, 546, 0.9560281131315354, 0.9850215682357192, 223.16887933852735, 0.9659142078840652, 1.0030256693886845]
00496723,93147,390950,348,3;[16260.53, 486, 0.8800069194508514, 0.9361410721193653, 188.21383150051759, 0.9660200992182334, 9999]
00496723,93166,391049,270,1;[17466, 574, 0.9534344708573657, 0.977064998493786, 66.0415301273922, 0.9903156882103884, 9999]
00496723,93166,391049,270,2;[14294.279999999999, 494, 0.9780997601066705, 1.0085496154513407, 288.29672860157086, 0.975459152270704, 0.9960199004975124]
00496723,93166,391049,270,3;[18012.760000000002, 500, 0.8936275419268092, 0.9806386365429945, 137.57660319239494, 0.9402382099317921, 0.992339333559757]
00496723,93166,391049,271,1;[17656, 584, 0.9758571517628004, 0.9801153403355395, 83.84740675818223, 0.9853999839682371, 9999]
00496723,93166,391049,271,3;[18078.52, 504, 0.8894280177578253, 0.9839798154507892, 181.93951776388656, 0.9499684690659347, 1.0079052892877602]
00496723,93166,391049,272,2;[11141.97, 428, 0.9236517270898237, 0.9632454242392996, 256.1090203761784, 0.970521669442775, 0.991423125794155]
00496723,93173,391087,626,1;[11550, 468, 0.9718923334022539, 0.9982864853905917, 71.34703883537954, 0.9938137151183176, 9999]
00496723,93173,391087,626,2;[17742.899999999998, 544, 0.9592911765713471, 0.988274320660216, 221.0874473241226, 0.9644214509946291, 0.980211688909342]
00496723,93173,391087,626,3;[9294.08, 364, 0.8919297920580884, 0.9432074831956672, 203.30226855648883, 0.9524513966205702, 1.0120841414292108]
00496723,93190,391184,399,1;[17762, 596, 0.9791802637249828, 1.0136460146996256, 133.66404275309375, 0.9855771860592102, 0.9839625515885106]
00496723,93190,391184,399,2;[17769.079999999998, 542, 0.9498811958299209, 0.9871557211004434, 256.06726299204246, 0.9529808438736527, 0.9826270071071335]
00496723,93190,391184,399,3;[10546.26, 396, 0.893490961150555, 1.0100592706440186, 241.6756091514723, 0.9536217377259048, 0.9912438835951584]
00496723,93190,391184,401,2;[9888.9, 434, 0.9745685287308685, 1.0137000014360358, 321.20779786268605, 0.9692453425272674, 0.9956269094830168]
00496723,93226,391292,457,1;[11825, 468, 0.9711142413746581, 1.000101573018583, 106.74436067762676, 0.9898684305980332, 1.0008040286064914]
00496723,93226,391292,457,2;[17319.26, 534, 0.9846457128344984, 0.9979424397376734, 265.9495922518985, 0.9705624059433734, 0.9963716026562607]
00496723,93226,391292,457,3;[17292.140000000003, 486, 0.9098122024531249, 1.0500028444234915, 156.58155211285717, 0.9542776736514094, 0.9983390018191884]
00496723,93227,391295,487,1;[11973, 492, 0.9851012233119021, 0.8809172697321626, 107.27390889071624, 0.9904063954749471, 0.9921690490988191]
00496723,93227,391295,487,2;[17859.52, 542, 0.9450919563698664, 0.9787493380857781, 251.12457423531947, 0.9535086490797777, 1.003678191667224]
00496723,93227,391295,488,3;[17907.27, 502, 0.8990191567716138, 1.1197801468661621, 133.47298092497087, 0.9555761779112089, 1.005268217650452]
00496723,93228,391298,564,1;[9072, 444, 0.975260197252604, 0.7648719251311852, 102.36233449323579, 0.9922153739221458, 1.0003859513701274]
00496723,93228,391298,564,2;[17853.57, 544, 0.9381152820865548, 0.9732029289489387, 153.10155434278906, 0.9708743158252813, 9999]
00496723,93228,391298,564,3;[9399.570000000002, 394, 0.8889847361222398, 0.971677517470288, 294.6640974719892, 0.951772936164117, 1.0016789546682239]
00496723,93230,391307,654,1;[13446, 492, 0.9643910948178164, 0.9760619679297314, 86.28088114946348, 0.9903575906148314, 9999]
00496723,93230,391307,654,2;[13141.17, 462, 0.9468475216790242, 0.9865619263062881, 234.55217859750857, 0.9739404334996877, 0.9975609756097561]
00496723,93230,391307,654,3;[10101.01, 396, 0.9047661148055869, 1.0196104857491797, 238.0555106233363, 0.9616986279713652, 0.9958803268724252]
00496723,93245,391408,176,2;[18023.739999999998, 544, 0.9553121055557517, 0.9792941528156909, 240.35460713435376, 0.9629219885259813, 0.9985495780590717]
00496723,93245,391408,176,3;[18364.850000000002, 510, 0.8863589604190248, 0.9863995193045331, 215.82319958780838, 0.9426715976928896, 0.9971361624576933]
00496723,93245,391408,177,1;[13180, 514, 0.9406380137074581, 1.092037410653477, 121.543828710359, 0.9898046142163335, 1.0052244213095374]
00496723,93249,391437,145,1;[17889, 586, 0.9913351930452998, 0.9961878720277013, 90.22963602196629, 0.9884779972663359, 0.9918221384414936]
00496723,93249,391437,145,3;[16870.18, 486, 0.8890953764501532, 0.9642077998982915, 177.3213397459616, 0.9610357201732964, 0.9978525991653499]
00496723,93249,391437,146,2;[17078.88, 526, 0.9857861784725122, 1.0006321865697805, 270.19597723828065, 0.9713331458188035, 0.9962515618492295]
00496723,93249,391440,144,1;[18083, 588, 0.9288942050152307, 0.9669285701145801, 85.50980711883602, 0.9868346367317733, 1.0055328495565379]
00496723,93249,391440,144,2;[9840.109999999999, 436, 0.9671504215277539, 1.0029472672310817, 253.19063588232177, 0.9768740331706683, 0.9958451255494671]
00496723,93249,391440,144,3;[17646.97, 508, 0.8893018686658213, 0.919282048869096, 152.10993927686462, 0.9480645440339056, 0.9767212617531089]
00496723,93260,391462,245,1;[18217, 588, 0.9718515352190966, 0.9695593449254947, 115.62507897337449, 0.9830526266314595, 1.0017872363826337]
00496723,93260,391462,245,2;[9091.6, 396, 0.9722146702188148, 1.0089487297478907, 313.40064719052657, 0.9730519485495681, 1.0026904652536255]
00496723,93260,391462,245,3;[11628.560000000001, 428, 0.9019895809793712, 1.0367027379457936, 190.6952873175654, 0.9667409001169239, 9999]
00496723,93261,391467,336,1;[12091, 498, 1.124644317762353, 0.9429339219845732, 137.7338886589161, 0.9892383572411223, 0.9988021973483128]
00496723,93261,391467,336,2;[11371.64, 454, 0.8625083240579627, 1.0058111736936124, 287.902672562703, 0.9750146776886337, 0.9973386213014663]
00496723,93261,391467,337,3;[18036.050000000003, 506, 0.8954271995413793, 0.9930376383049071, 122.11718106375432, 0.9445577659879069, 0.9874367147946747]
00496723,93261,391468,338,1;[17636, 578, 0.976528145137231, 0.9958125628183893, 102.36539475320461, 0.9852204868385108, 0.9970037876646504]
00496723,93261,391468,338,2;[16968.21, 540, 0.950086642102158, 0.9776391656694067, 205.91331148312872, 0.95610541321803, 9999]
00496723,93261,391468,338,3;[11947.77, 398, 0.8897246700829254, 0.9664806979265564, 199.35848790969754, 0.9621167118813132, 1.0043763676148796]
00496723,93262,391482,434,1;[15338, 534, 0.9775953280894842, 0.9923261551421163, 107.39409277430175, 0.9890002876010932, 0.9975610549250431]
00496723,93262,391482,434,2;[16232.789999999999, 514, 0.9099749944556739, 1.0297859584555584, 194.77131312765263, 0.976256727639785, 0.9938435758260172]
00496723,93262,391482,434,3;[16170.11, 476, 0.9110283610490241, 1.005013960819388, 140.54689232596155, 0.9613665175062656, 0.9929752239936062]
00496723,93263,391489,511,1;[16872, 566, 0.9245859508222136, 0.9838980290975122, 68.22304830826008, 0.9924840252831277, 1.0062322946175637]
00496723,93263,391489,511,3;[15949.54, 482, 0.8810065676981522, 0.945057134181125, 196.90837134520868, 0.9627258870860622, 0.971380892782645]
00496723,93263,391489,512,2;[15975.75, 510, 0.9089966995822578, 0.9825199858318056, 208.32762039045036, 0.9716930636702042, 0.9884405831247239]
00496723,93263,391489,513,1;[13793, 510, 0.9407438355708082, 0.9565161567078815, 84.81854061007719, 0.9918052056226797, 1.0025804106850809]
00496723,93263,391489,513,2;[17748.85, 536, 0.9527157664795656, 0.9760749352883974, 220.05842277997903, 0.9658938657361372, 1.003228627160826]
00496723,93263,391489,513,3;[17219.530000000002, 486, 0.8842524123623186, 0.9344647552079808, 197.86081474264012, 0.9578676712876912, 9999]
00496723,93264,391491,602,1;[17296, 576, 0.9188833914108595, 1.0155609898585607, 65.56343488731399, 0.9929588396108927, 9999]
00496723,93264,391491,602,2;[17753.61, 542, 0.9469616560192186, 0.9841417715797832, 269.45641640746067, 0.9549122196862423, 1.0037339792108184]
00496723,93264,391491,602,3;[18159.350000000002, 508, 0.8992704527619494, 1.0895484617948845, 119.70594451173535, 0.9572533716142796, 0.9999245624622812]
00496723,93264,391495,603,1;[17867, 588, 0.9134653769674815, 0.9785341676088122, 75.81549639787868, 0.9911551591050656, 1.0057133207621514]
00496723,93264,391495,603,2;[17012.239999999998, 524, 0.9860965655912051, 1.0001803872432857, 262.76938661236755, 0.9711614759455526, 0.9948157684144602]
00496723,93264,391495,603,3;[17607.24, 490, 0.8858570915834149, 0.9394620836702126, 210.00509801768897, 0.9491554853332627, 0.9968199798340185]
00496723,93265,391506,661,1;[10681, 474, 0.9796571706657135, 1.048771222930167, 140.65236235385117, 0.9885200857124669, 1.0014532839529324]
00496723,93265,391506,661,2;[13900.39, 484, 0.9141651052256476, 0.9513739230121381, 229.7732790969436, 0.9722428746765035, 9999]
00496723,93265,391506,662,3;[17841.510000000002, 504, 0.8950310844915371, 0.9813886743246732, 153.83188208855594, 0.8959209364032771, 0.9962134251290877]
00496723,93329,391877,146,2;[12775.84, 470, 0.9095736301014463, 0.9602345904165347, 218.52152698703392, 0.9744115445766215, 9999]
00496723,93329,391877,146,3;[9128.310000000001, 390, 0.8873970298059244, 0.9627979106612009, 180.62705579062276, 0.970957994295609, 0.9974550898203592]
00496723,93329,391877,147,1;[17232, 578, 0.979590425366994, 0.8891161868433668, 105.42195638298145, 0.9899523237789956, 1.0026182579856868]
00496723,93329,391877,148,1;[11259, 472, 0.923377227046836, 0.9690283338296322, 81.0961177153368, 0.9925457448567829, 0.9994230171763349]
00496723,93329,391877,148,2;[11736.97, 448, 0.913266949278935, 0.9621987324076865, 215.59443092038163, 0.9765364334647911, 1.0035612535612535]
00496723,93329,391877,148,3;[13320.51, 416, 0.9038218271897531, 0.9766276092637302, 213.45469237782925, 0.9640113225100659, 1.003716320842366]
00496723,93341,391959,175,2;[17753.61, 538, 0.9409649942382408, 0.9887989686190329, 157.98011528974786, 0.9732442739819033, 1.0062727640631324]
00496723,93341,391959,175,3;[17603.13, 490, 0.8968222630966188, 1.0778867018932552, 119.72849128090817, 0.9554055949258419, 1.0067382276894148]
00496723,93341,391959,176,1;[17058, 570, 0.9803650097306673, 1.0253902029689062, 114.59975031992865, 0.9883462765431734, 0.998448886417513]
00496723,93341,391960,174,1;[17157, 572, 0.9129317729340016, 0.9725008053673034, 76.85576895805818, 0.9877424032583844, 1.0004956701752339]
00496723,93341,391960,174,2;[11550.14, 440, 0.9245235396713973, 0.9982565122362599, 224.14518728828418, 0.9779177520466086, 9999]
00496723,93341,391960,174,3;[17556.550000000003, 494, 0.8963856793887965, 0.9986812658888528, 128.44254130714646, 0.9217529203371979, 1.00738935618269]
00496723,93341,391962,177,2;[10928.96, 416, 0.7938447018705435, 0.9989700933962391, 241.09572845385017, 0.9758472252057816, 1.003058103975535]
00496723,93341,391962,177,3;[17214.050000000003, 492, 0.8881664450101973, 0.9605360884098655, 170.9153841238686, 0.9434628928730628, 0.9858381389510024]
00496723,93341,391962,178,1;[17007, 572, 0.9872164921006964, 0.9802713110590553, 65.31325548933907, 0.9902628744671222, 9999]
00496723,93342,391970,267,1;[15382, 528, 0.9788778104338988, 0.9684201802493765, 97.46171025374679, 0.9890805683427146, 1.004046997389034]
00496723,93342,391970,267,3;[11661.44, 394, 0.9018211955308261, 0.9763361037615742, 253.0318112863862, 0.9606473103052878, 1.0037144036318613]
00496723,93342,391970,268,2;[15485.47, 490, 0.9045358979706438, 0.980960750465642, 269.12731720222854, 0.968817947631468, 1.003470080197409]
00496723,93342,391970,269,2;[11974.97, 432, 0.9443497637335332, 0.9887958773141053, 231.8604622769067, 0.9756134721217701, 1.0032901296111665]
00496723,93342,391970,269,3;[14694.62, 452, 0.9155303348756784, 1.0021991946221385, 157.0377824800944, 0.9640534429572849, 1.0049187239424744]
00496723,93342,391970,270,1;[17144, 572, 0.9844520598313355, 1.0245931514412878, 104.34610714049148, 0.9891041205694312, 1.005601665835704]
00496723,93342,391974,264,1;[7514, 404, 0.953727001176329, 0.9743025930783261, 69.95673250402524, 0.9838855803208091, 1.0007325031630818]
00496723,93342,391974,264,2;[17541.79, 528, 0.9484565836622574, 0.977922351292967, 134.00379010402625, 0.9732258567457642, 1.0064520533915953]
00496723,93342,391974,264,3;[16856.48, 486, 0.8825648801107924, 0.9569292082518167, 232.89009882245773, 0.9505278167597926, 0.9981746643410538]
00496723,93342,391974,265,1;[13009, 496, 0.9744711935622888, 0.8498450304773861, 139.41735298431917, 0.9873338279402183, 1.0030842778934381]
00496723,93342,391974,265,2;[12955.529999999999, 454, 0.9466322884111488, 0.9810602174226906, 216.60593984417685, 0.9733496729205515, 1.0034101382488478]
00496723,93342,391974,265,3;[8589.900000000001, 356, 0.8887284154733701, 0.9519121207109803, 183.23340696972895, 0.9390505021035234, 1.0181877232867815]
00496723,93346,392003,1,1;[18212, 596, 0.9705012131039334, 0.9881401148972173, 81.30278385673851, 0.9865991671235899, 0.9886542532978666]
00496723,93346,392003,1,2;[13621.93, 482, 0.9803990338645681, 1.0018036975372926, 255.82514759044733, 0.9775880141788529, 1.0013559025499716]
00496723,93346,392003,1,3;[18437.460000000003, 518, 0.8911742227787975, 0.9891901287812086, 179.2137499072034, 0.9499243699147257, 1.000334485449883]
00496723,93379,392066,191,1;[13254, 500, 0.9625209450449702, 1.0045082341191656, 107.90976094437723, 0.9897362571382838, 0.9957926371149511]
00496723,93379,392066,191,2;[17577.489999999998, 544, 0.9464279188101429, 0.9700165397147527, 194.84321327170807, 0.9611994448196145, 0.9901129470120991]
00496723,93379,392066,191,3;[17523.670000000002, 514, 0.8782365721187152, 0.9398342931065631, 189.36093705947218, 0.9582212089040574, 9999]
00496723,93385,392084,386,1;[14356, 504, 0.9691698545342929, 0.9790383369835283, 114.681105986201, 0.9897395255536495, 1.00761537111774]
00496723,93385,392084,386,2;[18293.87, 548, 0.982396533595828, 0.9958796390381188, 278.8573468238799, 0.9659499451841462, 0.9996098575980232]
00496723,93385,392084,386,3;[18264.84, 516, 0.8913417147916006, 1.0238244525035274, 137.42247429508456, 0.923703782541798, 0.9883242521961526]
00496723,93386,392094,459,1;[11049, 486, 0.9790910944361693, 1.0134162630265968, 156.72120624697374, 0.988314965775563, 1.000362154821186]
00496723,93386,392094,459,3;[12003.94, 404, 0.9095093334884029, 0.9688437262869987, 258.9533239527882, 0.9645539998478555, 0.9916251697600724]
00496723,93386,392094,460,2;[10468.43, 462, 0.9805090993926718, 1.0209834165824678, 321.67455089840763, 0.9727630267416842, 0.9899285432960108]
00496723,93386,392095,457,1;[18316, 592, 0.9198745250269139, 1.018888593799339, 100.16944499425426, 0.9864429313557074, 1.006014335539505]
00496723,93386,392095,457,2;[13429.15, 480, 0.9167303240012566, 0.9772942201409685, 225.7191272750653, 0.9706524207151433, 9999]
00496723,93386,392095,457,3;[14828.880000000001, 462, 0.9219528758708323, 1.0095588490258964, 163.61874886508804, 0.9610133506477683, 0.9902566213805407]
00496723,93387,392105,564,1;[10995, 470, 0.9831643195479216, 0.8338740977041496, 139.60764628286154, 0.9881361701889103, 1.0007736767851454]
00496723,93387,392105,564,2;[17034.85, 534, 0.9847987438945847, 0.997481600192646, 257.20757403509566, 0.9742329276443544, 0.9982566248256625]
00496723,93387,392105,564,3;[11573.76, 414, 0.8882241991518762, 1.0041444288192818, 216.86156522291927, 0.9557167187507734, 0.9995267392333176]
00496723,93393,392140,988,1;[10124, 502, 0.8074794628372294, 0.8282637998523958, 177.903732274496, 0.9841902979427174, 0.9994570314428155]
00496723,93393,392140,988,2;[17565.59, 538, 0.9465090943018786, 0.9823461777414142, 250.2938221082166, 0.9533213666587875, 1.0045596842248536]
00496723,93393,392140,988,3;[17423.66, 510, 0.8844891833793045, 0.9635741245759973, 214.33187568574502, 0.9088861893428365, 0.9607191418643299]
00496723,93393,392140,989,2;[17902.36, 544, 0.9124415979989636, 1.1431079319874142, 181.8412530305848, 0.977895180727774, 1.0045405982905984]
00023698,93080,390528,134,1;[36900, 898, 0.9978155479327312, 1.0259673944738459, 89.73238912855744, 0.9929930238391793, 0.9837638966648005]
00023698,93080,390528,134,2;[39364.009999999995, 820, 1.0504391901326098, 1.022399976459444, 131.86334323534342, 0.9822628171354302, 1.0140555785472325]
00023698,93080,390528,134,3;[55474.04, 910, 1.2348669144335471, 0.954528904486548, 84.48481776732575, 0.9923977465338607, 26994.666666666668]
00023698,93244,391403,53,2;[43991.92, 860, 1.0139415938895173, 1.0212939734954087, 88.72411398565121, 0.9915332214735743, 9999]
00023698,93244,391403,54,1;[45368, 944, 1.0138822074695624, 0.9740646097252217, 57.91967425793741, 0.993886083647604, 1.000099198694986]
00023698,93244,391403,55,3;[38692.91, 766, 1.0128055678324268, 1.0020142613457823, 123.04365198080062, 0.9864740144323954, 0.9985680697226298]
00023892,93026,390259,210,1;[115384, 1676, 0.9705763288702812, 0.9705763288702812, 27.44450635858385, 0.9967809945790217, 0.9971869206936336]
00023892,93026,390259,211,2;[117053.15999999999, 1570, 1.0149650236071255, 0.9746772383627069, 32.01824097753799, 0.9959190027831599, 0.996711876257112]
00023892,93026,390259,211,3;[116700.71, 1438, 1.0186254340279237, 0.9437976061425024, 56.93241554978748, 0.9908537816795847, 9999]
00023892,93026,390259,212,1;[115337, 1664, 0.9804131521278897, 0.9889032468085639, 29.32303153461915, 0.9964262448288627, 0.9924920079683675]
00023892,93026,390259,212,2;[117691.0, 1554, 1.014747909288223, 0.9808503008994244, 33.38817836122004, 0.9959185983378324, 9999]
00023892,93026,390259,212,3;[114356.64000000001, 1394, 1.0039062202291396, 0.9507977939312924, 37.10296143051946, 0.9936297065684685, 9999]
00023892,93026,390259,214,1;[120043, 1634, 1.0032661182443197, 0.9887838124952426, 22.927187669422857, 0.9969424029558446, 0.9982495311986761]
00023892,93026,390259,215,3;[114305.95000000001, 1398, 1.010278510246198, 0.9543713578041263, 39.13504025500448, 0.9933049493998183, 9999]
00023892,93026,390259,216,2;[116758.04, 1568, 1.0123332269148082, 0.98091887278259, 29.98789604125521, 0.996023856518871, 0.9963240520725442]
00023892,93049,390350,751,2;[112488.31999999999, 1480, 0.9848740726439702, 0.9929826624223882, 26.49613653842162, 0.9961483784872827, 9999]
00023892,93049,390350,752,3;[118309.09000000001, 1532, 1.0130833231157215, 0.9721992345752148, 59.29260583943325, 0.9911236827270111, 9999]
00023892,93049,390350,753,1;[115862, 1658, 0.9829469492684024, 0.9978529551266063, 24.60371064380052, 0.9960469422803894, 0.9909383646292598]
00023892,93049,390350,756,2;[116076.17, 1538, 1.0085478725212538, 0.9927081192712227, 43.37188848757056, 0.9943862237694245, 9999]
00023892,93049,390350,756,3;[117833.70000000001, 1382, 1.047327962051423, 0.9430491915437306, 103.28006889242694, 0.9876476852572468, 0.9989779088945155]
00023892,93049,390350,757,1;[119330, 1636, 1.0075125795868425, 0.9942916148693116, 29.0029681718026, 0.9953227996444487, 9999]
00023892,93049,390350,758,3;[117121.3, 1400, 1.030931342867741, 0.9719735434960686, 74.73251000866165, 0.9910807744684849, 9999]
00023892,93049,390350,760,1;[119412, 1684, 1.0004737661313214, 0.9880028410604836, 28.934950571560975, 0.9954903479060804, 0.999870214146658]
00023892,93049,390350,760,2;[117228.09, 1564, 1.0405712513178689, 0.9825036010815462, 94.58212834702178, 0.9879751501300211, 0.9954779023530066]
00023892,93049,390350,761,1;[115473, 1576, 0.991677529821298, 0.9926776955103828, 36.86362273631874, 0.9942467519164607, 1.0014917476864902]
00023892,93049,390350,763,2;[118247.92, 1546, 1.0345050869305332, 0.994516715150005, 59.95186314319832, 0.9908730469999921, 9999]
00023892,93049,390350,763,3;[118310.46, 1494, 1.0361395917367435, 0.9712337522244107, 108.28824339469637, 0.9843328979744623, 0.9939059128182995]
00023892,93049,390350,766,1;[116227, 1652, 0.9751026370807013, 0.9892795240401203, 27.456611617824382, 0.9965442441576506, 0.9924685549359998]
00023892,93049,390350,767,3;[117711.77, 1466, 1.0214023858039325, 0.9691685127209577, 43.76655418360943, 0.9929606828812833, 10740.125]
00023892,93049,390350,769,2;[117706.47, 1490, 1.0202549609913965, 0.9997484379105231, 29.963769686372082, 0.995278891855519, 9999]
00023892,93049,390350,770,1;[117114, 1588, 1.0024585818836231, 0.9928265580916606, 32.869004539460455, 0.9955113006843905, 9999]
00023892,93049,390350,770,3;[118395.40000000001, 1410, 1.0424963099943128, 0.9275135170288007, 78.28360049762023, 0.9922517167138535, 9999]
00023892,93049,390350,773,2;[114238.81, 1522, 1.0044227657496143, 0.986742260703326, 36.17136856988099, 0.9948063335800724, 9999]
00023892,93099,390646,1221,2;[114072.20999999999, 1486, 1.0090858747803573, 0.9867088647928606, 38.53013999163804, 0.9934468550222741, 9999]
00023892,93099,390646,1222,1;[115757, 1704, 0.9986716907804245, 0.9931340390066832, 35.39650912607604, 0.9961712619634862, 0.989105543782897]
00023892,93099,390646,1222,3;[117585.73000000001, 1392, 1.1323117391248805, 0.9651113997953958, 50.31573890807299, 0.9940088735414381, 9999]
00023892,93103,390673,1487,1;[118131, 1640, 0.9941992381714719, 0.9832364950716539, 24.18140079113889, 0.9967673469878491, 0.9975637458357788]
00023892,93103,390673,1488,3;[117951.52, 1364, 1.034720293021279, 0.9614925636421753, 96.22023479779668, 0.98528403584093, 0.9961010262284081]
00023892,93103,390673,1489,2;[116541.45999999999, 1546, 1.014966414714585, 0.992022459678374, 40.09946663942671, 0.9947342202306876, 0.9929282227280332]
00023892,93103,390673,1491,2;[120403.01, 1514, 1.0503891899546012, 0.9843946252209498, 113.66690920960296, 0.984839104179109, 9999]
00023892,93103,390673,1492,1;[114627, 1678, 0.9987680845865211, 0.9924709850319351, 45.564953524898826, 0.9946129103177113, 0.9927122981592382]
00023892,93103,390673,1492,3;[112581.12000000001, 1362, 1.004285977747245, 0.9649001229124898, 31.23126453415144, 0.9956981357234577, 9999]
00023892,93103,390673,1495,2;[114817.15, 1510, 0.9930315460441014, 0.9870770259924616, 31.546042712339776, 0.9947702350629656, 9999]
00023892,93103,390673,1497,3;[113548.34000000001, 1404, 1.0054351093309934, 0.960491452600365, 28.91913419738997, 0.9948299282430487, 9999]
00023892,93103,390673,1498,1;[116314, 1654, 0.989772517025471, 0.9913499174139772, 25.89202116124958, 0.9956881817830718, 0.9948765321221763]
00023892,93103,390673,1499,1;[115761, 1706, 0.9962542217613665, 0.9812057965453727, 38.26655464467754, 0.9959036968410945, 0.9896936302274583]
00023892,93103,390673,1499,3;[117251.45000000001, 1500, 1.0242496834682837, 0.9748615169204323, 53.78139989410666, 0.9908513476631625, 34234.0]
00023892,93103,390673,1500,2;[113904.42, 1520, 1.0033341804562999, 0.9866325509813356, 31.931454020851525, 0.9944117262205622, 0.9918501209788144]
00023892,93122,390798,1587,3;[117843.29000000001, 1442, 1.0406381091708652, 0.97290517790024, 111.87571133625764, 0.982512094931687, 0.9956477955389904]
00023892,93122,390798,1589,1;[115972, 1698, 0.9778822539189395, 0.9908134710763481, 20.37117655163161, 0.9968449509462828, 0.9941706957446079]
00023892,93122,390798,1589,2;[117505.36, 1504, 1.0292453359150497, 0.9978651105229204, 41.27597117489877, 0.9945531923571351, 9999]
00023892,93122,390798,1590,1;[114476, 1708, 0.9714008354292216, 0.9792266459744134, 31.895664856885332, 0.9963746613606888, 0.9873600048300221]
00023892,93122,390798,1590,2;[115546.62, 1446, 1.0044099548766843, 0.9937778684089924, 34.96544073137213, 0.9941037791054449, 9999]
00023892,93122,390798,1592,3;[117977.55, 1424, 1.0384956777881869, 0.9582881772027657, 51.69301507743181, 0.993571167624946, 172230.0]
00023892,93139,390920,17,2;[116130.90999999999, 1510, 0.9981631323817355, 0.9808162066148503, 32.268889709424414, 0.993887002655094, 0.9946034641785189]
00023892,93139,390920,17,3;[117082.94, 1368, 1.01704474354301, 0.9629625559037094, 53.25214145749839, 0.9925764721536028, 9999]
00023892,93139,390920,18,1;[114291, 1656, 0.9814575364939319, 0.9959018721886728, 30.733984173391054, 0.9957475714305857, 0.9944271152817112]
00023892,93139,390920,19,1;[117141, 1708, 1.0011284673044343, 0.9784178992053928, 59.47460187917027, 0.9921109682880714, 0.9933264364697103]
00023892,93139,390920,20,3;[118051.53000000001, 1470, 1.0213625513322462, 0.9716452290970454, 85.44257796364806, 0.9849400431888099, 9999]
00023892,93139,390920,21,2;[115941.7, 1478, 1.0067750976010585, 0.9966286729292532, 25.270836994108723, 0.9955051948918705, 1.001742742428838]
00023892,93166,391047,301,1;[119197, 1602, 0.9934559797032223, 0.9948353663934025, 20.712104405988043, 0.9968702647084702, 0.9987055043296481]
00023892,93166,391047,301,2;[116151.14, 1540, 1.0002683910551358, 0.9928704150270152, 33.4848806094114, 0.9948215854848882, 9999]
00023892,93166,391047,303,3;[118637.89000000001, 1398, 1.0223579081250327, 0.9703534494557088, 42.23273852076505, 0.9934911546531924, 9999]
00023892,93166,391047,304,1;[117753, 1622, 0.9772164352433422, 0.9958620833402838, 25.766315361363983, 0.9967860458868003, 0.9972686967237064]
00023892,93166,391047,305,2;[117093.62, 1536, 1.002178459818774, 0.997850638667676, 24.4138911119299, 0.9964615269265222, 1.000127051242307]
00023892,93166,391047,305,3;[119032.45000000001, 1370, 1.0183846266174685, 0.9748323649170428, 37.875699129217296, 0.9947455224370897, 2199.6202531645567]
00023892,93166,391047,307,2;[115370.5, 1528, 1.0058060097422366, 0.9895282762600829, 39.93207841576104, 0.9944151817445519, 9999]
00023892,93166,391047,308,1;[115460, 1682, 0.9960968642594321, 0.9954651582763876, 40.582903883813906, 0.9951983391381567, 0.9932470213772635]
00023892,93166,391047,308,3;[118877.64000000001, 1454, 1.017150500848034, 0.9733966928934351, 36.44529966828555, 0.9937569319287601, 1324.7633587786258]
00023892,93166,391047,309,1;[119716, 1620, 1.0322619672169577, 0.9876387315526259, 46.38197855060344, 0.9944067144527013, 0.999419796219075]
00023892,93166,391047,309,2;[115416.90999999999, 1496, 1.0140101989435855, 0.9782871975660953, 49.76970517264166, 0.9923215994050387, 9999]
00023892,93166,391047,310,3;[117396.67000000001, 1446, 1.0322636927019022, 0.9549682020607355, 42.6314536599798, 0.9954496600959517, 9999]
00023892,93166,391047,312,2;[119097.58, 1476, 1.0286965797742729, 0.9766518066581236, 64.13464440773701, 0.9901136968339167, 100082.0]
00023892,93166,391047,313,1;[120302, 1688, 1.021004314514589, 0.9866737636844082, 42.55555215394716, 0.9931729686905908, 0.9957002685780263]
00023892,93166,391047,313,3;[119017.38, 1408, 1.0256435421473993, 0.9687818342517958, 44.27779058241403, 0.9929874755115312, 24821.14285714286]
00023892,93166,391047,315,1;[117580, 1706, 0.9911475015587408, 0.9998940038735258, 31.46718806602632, 0.9964770636421072, 0.9924037812288994]
00023892,93166,391047,315,2;[119473.62, 1562, 1.0290292751963206, 0.976969826578464, 59.39391504055549, 0.9910613417632356, 9999]
00023892,93166,391047,315,3;[120414.78000000001, 1524, 1.0420803432332637, 0.9716719340706381, 114.80932319891738, 0.9838297153742086, 0.9968696835658387]
00023892,93265,391506,609,1;[120450, 1668, 1.0130823848066772, 0.9934285035407959, 28.081715577593773, 0.9950777124707098, 9999]
00023892,93265,391506,609,3;[119976.38, 1438, 1.0627480642574758, 0.9590433977019611, 126.38952663022229, 0.9846962103710577, 0.99012968218255]
00023892,93265,391506,610,2;[119833.0, 1508, 1.0279624297293433, 0.9939602657133225, 34.05485042585448, 0.9943307197997148, 0.9989534301203803]
00023892,93265,391506,611,3;[119896.92000000001, 1368, 1.0267371543472592, 0.9680652141772095, 60.138477372720004, 0.9910185054986551, 175032.0]
00023892,93265,391506,612,2;[116885.37, 1548, 1.0145783774572443, 0.9803564738122116, 29.62078944142632, 0.9948200399301197, 9999]
00023892,93265,391506,613,1;[114481, 1610, 0.9955593575803238, 0.9902087238335712, 36.759064237107594, 0.9944111491071127, 0.9902515396858349]
00023892,93329,391882,87,1;[118271, 1616, 1.0194271800477344, 0.9951980347867928, 37.73351695185407, 0.9949972892828642, 0.9989948475377988]
00023892,93329,391882,87,2;[111247.15, 1430, 0.9892958805203751, 0.987969527216751, 25.62743346510477, 0.9960790202361292, 9999]
00023892,93329,391882,87,3;[115923.92000000001, 1414, 1.0215942370198658, 0.9563196493174627, 47.010858776237484, 0.9953242287886229, 9999]
00023892,93329,391882,89,1;[114628, 1672, 0.9914825066265023, 0.992449732020601, 46.0862142629913, 0.9941192467786226, 0.9939475920434248]
00023892,93329,391882,89,3;[114667.63, 1414, 1.0167941706478845, 0.9529070402788227, 69.36194070195396, 0.9896615259912896, 0.9922821576763485]
00023892,93329,391882,90,2;[116098.78, 1540, 1.024478526931865, 0.9929498654533664, 58.7047229351499, 0.9922725834272821, 9999]
00023892,93329,391882,92,2;[114627.93999999999, 1522, 1.0073552101636527, 0.9847883422105579, 36.85985021329225, 0.9940911230252352, 0.9904477918873066]
00023892,93329,391882,92,3;[114493.64000000001, 1356, 1.0098884038015559, 0.9575393429604518, 53.70771228318953, 0.9928164272628103, 9999]
00023892,93329,391882,93,1;[115389, 1646, 0.9791536811644996, 0.9912072497007227, 30.555962129969355, 0.9961549890584726, 0.995354855405318]
00023892,93329,391882,94,1;[116973, 1592, 0.994606233216065, 0.9965614043713638, 34.71012332712566, 0.9946580766084038, 0.9999615310636661]
00023892,93329,391882,94,2;[112866.73999999999, 1496, 1.003006582190011, 0.9923183925625743, 26.138494257660792, 0.99570058885804, 9999]
00023892,93329,391882,94,3;[114433.36000000002, 1410, 1.0214616209838423, 0.9517095185099957, 73.57692311392724, 0.9894936176987641, 0.990536726513768]
00023892,93329,391882,96,1;[115407, 1632, 0.9872182726007631, 0.9927104473525977, 23.989429741072772, 0.9960868400620199, 0.996795591563164]
00023892,93329,391882,96,2;[113005.97, 1516, 0.9882006017804126, 0.9825266807640969, 27.477798069064683, 0.9957344812378607, 0.9942780561096016]
00023892,93329,391882,96,3;[117169.25000000001, 1434, 1.0569068397282255, 0.9348208440309685, 110.45560734956277, 0.9883416942725053, 9999]
00023892,93329,391882,99,1;[118266, 1608, 1.0340711010663866, 0.9901960891665134, 40.350390802242764, 0.9941750124012475, 0.995743928467688]
00023892,93329,391882,99,2;[114010.33, 1524, 1.0088953795511193, 0.9873587254334197, 27.375748128469997, 0.9954495918170748, 9999]
00023892,93329,391882,99,3;[113752.47000000002, 1336, 1.0058340005280906, 0.9771892906538502, 25.640739364499375, 0.99607581804577, 9999]
00023892,93377,392048,3,3;[118466.64000000001, 1406, 1.047556527781869, 0.9626297559970822, 107.28162349534367, 0.988306503325163, 9999]
00023892,93377,392048,4,1;[118492, 1724, 0.9863208326474601, 0.9986424630954116, 19.764201178268063, 0.9967779664001932, 0.982353745839223]
00023892,93377,392048,4,2;[116322.5, 1540, 1.0024661578187861, 0.9812524545754474, 28.71243987076844, 0.9953319054134065, 9999]
00023892,93377,392048,5,1;[112681, 1604, 0.9750116024793062, 0.9728192778387952, 30.87669786078407, 0.9962903174522396, 0.9869450782375636]
00023892,93377,392048,5,2;[117476.79999999999, 1468, 1.0128946844061226, 0.9826118107683158, 31.69563920609115, 0.9953051589361018, 9999]
00023892,93377,392048,5,3;[119291.38, 1442, 1.0494193382007337, 0.9224995551443748, 90.97954973781846, 0.9914184377585706, 9999]
00023892,93377,392048,8,2;[114999.22, 1520, 1.0070723933409482, 0.9772014446917673, 55.95936210100426, 0.9911467610708359, 1.0000983146794165]
00023892,93377,392048,8,3;[115359.48000000001, 1394, 1.0261842013140077, 0.9530082855170431, 74.80732270330151, 0.9887307322964278, 9999]
00023892,93377,392048,9,1;[115825, 1638, 0.9752674514762388, 0.977930434245964, 26.59457846165895, 0.9966290836236483, 0.9829547624402228]
02011239,93051,390358,939,1;[116627, 1616, 1.226767054368351, 0.7894687830108843, 532.2675009887437, 0.9050921283062553, 0.9979207666638145]
02011239,93051,390358,940,2;[117272.12, 1552, 1.3092563299230477, 0.6068035466539268, 1228.139150718081, 0.8174875198029596, 1.0004923882862349]
02011239,93051,390358,940,3;[115392.36000000002, 1382, 1.318292950488103, 0.6057554136872206, 1168.9718829789124, 0.8214685434610559, 0.9951617190961454]
02011239,93067,390431,80,1;[118920, 1686, 1.2542632538325544, 0.7423580549697025, 569.507972460711, 0.9015609841400498, 0.9991975835080305]
02011239,93067,390431,80,2;[118553.75, 1466, 1.357853043853108, 0.531559173981394, 1633.6718951822672, 0.7669681218218305, 1.0011808155164184]
02011239,93067,390431,80,3;[118391.29000000001, 1452, 1.356266852165266, 0.5166416962040419, 1919.7424933362652, 0.746146720538869, 0.9946822592341072]
02011239,93067,390431,82,1;[118641, 1708, 1.2449748672074326, 0.7181549743029295, 893.282505245612, 0.8829947529564313, 0.9961502777089745]
02011239,93067,390431,82,2;[119248.70999999999, 1564, 1.3446848026017544, 0.5648885938993163, 1580.933163534961, 0.7894495725574902, 0.995040140603822]
02011239,93067,390431,82,3;[119714.71, 1434, 1.3542826948477997, 0.526979916014058, 2056.993155723269, 0.7251234012138238, 0.9949672644463422]
02011239,93096,390617,985,1;[116692, 1658, 1.24249198816296, 0.808200761305186, 593.4487026027602, 0.8906043572037874, 0.9970990716174705]
02011239,93096,390617,985,3;[115455.38, 1418, 1.3282275388581455, 0.6374442312904417, 1521.3487987242136, 0.7646659289135507, 0.9979868315096395]
02011239,93096,390617,986,2;[117091.23999999999, 1448, 1.3084930659141252, 0.6856419639128749, 1196.286329035447, 0.797253268629796, 1.0005084090862872]
02011239,93139,390919,102,1;[117379, 1712, 1.2282330911093862, 0.8078462631369242, 796.7003448656235, 0.8873595373247152, 0.9936678320790335]
02011239,93139,390919,102,2;[119220.15, 1512, 1.3770401088012958, 0.5089472011458898, 2095.068297686564, 0.7324270604301623, 0.9965384500611739]
02011239,93139,390919,102,3;[117903.57, 1412, 1.328656210046723, 0.5504035843614692, 1529.9069438810973, 0.7524930977388753, 0.9987698306776376]
02011239,93148,390958,452,1;[120294, 1614, 1.3278159476202218, 0.6225550249135221, 1261.0238793044919, 0.8281432758629721, 1.0027006751687921]
02011239,93148,390958,452,2;[116936.54, 1552, 1.321941468035762, 0.5742586742951914, 1317.463211886172, 0.8025810084082484, 0.9964407759311275]
02011239,93148,390958,452,3;[118457.05, 1462, 1.3390552445604098, 0.5392057778748746, 1591.021355224359, 0.7571806126754217, 0.9930116510763894]
02011239,93174,391097,944,1;[115789, 1634, 1.2360602781567875, 0.8085765807006626, 672.0021418727636, 0.9007379482195105, 0.9966731367629147]
02011239,93174,391097,944,2;[114926.62999999999, 1510, 1.3172811742534574, 0.6155551151938757, 1127.705228653941, 0.829468573790128, 0.9990379642081307]
02011239,93174,391097,944,3;[114674.48000000001, 1340, 1.3182123949532747, 0.6040507108458479, 1368.6495021835508, 0.803896915688656, 0.997194407877102]
02011239,93260,391459,220,1;[117062, 1700, 1.2413619639702593, 0.8204951892970752, 811.6401863374552, 0.885596061152482, 0.9971209540034072]
02011239,93260,391459,220,2;[115490.68999999999, 1464, 1.303444379783877, 0.6934132068266222, 1109.904663449888, 0.8164462635119065, 1.0005928232304226]
02011239,93260,391459,220,3;[118018.65000000001, 1430, 1.3548914329395276, 0.5815690308035358, 1793.5499390521295, 0.718576095141085, 0.9962472316828477]
02011239,93331,391886,298,1;[115718, 1646, 1.2205921459485618, 0.776693578962552, 697.2344406097402, 0.8936117073027604, 0.9979087706589744]
02011239,93331,391886,298,2;[117548.2, 1516, 1.3756616519061167, 0.5263497741207048, 2075.71238533834, 0.7315982624785673, 0.9965245726334054]
02011239,93331,391886,298,3;[118015.91, 1438, 1.3613632176448651, 0.5285279880511179, 2108.9797357386424, 0.7677025621574034, 0.9949181710035457]
02011239,93384,392075,333,1;[118950, 1684, 1.2319641615433563, 0.7375010922312449, 791.620269400836, 0.8865421919322041, 0.9976390467284233]
02011239,93384,392075,333,2;[120223.31999999999, 1582, 1.3319880322540039, 0.576774218032224, 1347.0331949162971, 0.8118873856839522, 0.9940374284196234]
02011239,93384,392075,334,3;[118057.01000000001, 1356, 1.2886390062202722, 0.648564078171752, 1157.7760607880286, 0.8337871472995934, 1.001016431338611]
02011239,93384,392075,336,3;[119116.02, 1420, 1.302945538818725, 0.5854081184562107, 1263.462135025676, 0.8089841962454187, 0.9971729219829687]
02011239,93384,392075,337,1;[118922, 1740, 1.2492116154755224, 0.7638034722072186, 859.3511361250377, 0.8920772312301488, 0.9940235880204285]
02011239,93384,392075,337,2;[117304.25, 1536, 1.3201723334547275, 0.6181872204919716, 1179.1622391595006, 0.8197647229250431, 0.9941004437273094]
00521701,93026,390258,236,1;[65015, 1268, 0.8381775642546434, 1.2907349359759162, 250.17272954094338, 0.8658941841502674, 0.9906670222086777]
00521701,93026,390258,236,2;[63711.409999999996, 1160, 0.8328008538305073, 1.244832771554797, 383.41423372086234, 0.8778173893145765, 0.991986511399535]
00521701,93026,390258,236,3;[64650.3, 1088, 0.7961479669495897, 1.7462056904974999, 589.4067175037352, 0.9620048103930134, 9999]
00521701,93122,390796,1603,2;[62828.43, 1126, 0.819885475612702, 1.256333279056509, 299.49397662419483, 0.8638672780054223, 0.9927420416298441]
00521701,93122,390796,1604,3;[62922.73, 1048, 0.8185142145814573, 1.450235556326929, 320.0687700976941, 0.8812622518672641, 0.997166708279508]
00521701,93122,390796,1605,1;[62224, 1146, 0.8566837480585704, 1.2049831781894702, 156.220883867245, 0.9003790357456036, 0.9972993548904115]
00521701,93139,390917,48,1;[65905, 1250, 0.8177142451097035, 1.363160319113161, 272.79423457219696, 0.8735352990091628, 0.9921342817357269]
00521701,93139,390917,48,2;[63280.63, 1130, 0.8069446185618948, 1.4570263221994737, 273.2561554452453, 0.9667913955202088, 9999]
00521701,93139,390917,48,3;[62114.43000000001, 1014, 0.8202161911979294, 1.608353300801054, 300.4638342307913, 0.9710721126599146, 0.9903020771902235]
00521701,93141,390932,199,2;[64893.079999999994, 1162, 0.8456843959906979, 1.2595769526941694, 346.6162792194861, 0.8648392540420272, 0.9924382364984758]
00521701,93141,390932,199,3;[62017.16, 1054, 0.7860292950526333, 1.5138959370819465, 276.9085808237027, 0.9731655031711313, 0.9876726376191827]
00521701,93141,390932,200,1;[64754, 1262, 0.8692715981718601, 1.325863861317932, 226.1344441489002, 0.9672597308634594, 0.9923832584941227]
