02354616,93025,390252,118,1;[21269, 624, 0.8989920564170057, 1.1895908583329489, 305.88195963982264, 0.9705533103397291, 1.005745359971628]
02354616,93025,390252,118,2;[15868.65, 528, 0.8574106689440761, 1.2434665887557994, 799.0405935906482, 0.927716607482944, 1.0030086498683715]
02354616,93025,390252,119,3;[17885.350000000002, 506, 0.8459545136253475, 1.0904684260975284, 500.49702485197656, 0.8858341902847233, 1.0022647882998734]
02354616,93026,390254,168,1;[21167, 638, 0.8970381304321827, 1.1343015794966522, 402.626809262271, 0.9622994718476454, 1.0005908908270107]
02354616,93026,390254,168,2;[28200.62, 676, 0.8649688641231197, 1.1453147802646033, 587.3481469476891, 0.9082926322924169, 1.0047059821087887]
02354616,93026,390254,168,3;[21772.04, 546, 0.8421714683457956, 1.117522896539697, 645.968058206329, 0.8652844682843613, 1.0065235290392045]
02354616,93027,390262,251,1;[21010, 620, 0.8946356185035157, 1.2140069522191335, 317.92145671527044, 0.9689336042409267, 1.006009241303359]
02354616,93027,390262,251,3;[14839.840000000002, 470, 0.8313116692198947, 1.0894842868720684, 683.1093160157799, 0.8684849818232134, 0.9913513018807486]
02354616,93027,390262,252,2;[16846.829999999998, 532, 0.8662355640670182, 1.5678385941761253, 543.7973234827357, 0.9468653181747635, 1.00084835630965]
02354616,93032,390306,11,1;[14709, 540, 0.8913210749949471, 1.2409819188792912, 267.3491177195151, 0.9789261250525279, 9999]
02354616,93032,390306,11,2;[15598.519999999999, 514, 0.8573947776663905, 1.129893506125404, 776.6068137499303, 0.9223315970855783, 1.0006488797282338]
02354616,93032,390306,12,3;[24429.84, 576, 0.8441203754443871, 1.1009645321489152, 563.4912231871872, 0.8543107095252294, 1.0064057341197055]
02354616,93048,390345,474,1;[14301, 554, 0.8874173231611643, 1.014408711170923, 412.8776911899317, 0.9153976881159184, 0.9737514043509345]
02354616,93048,390345,474,2;[28958.649999999998, 694, 0.8585133335307932, 1.1282516926196728, 1127.6702068419925, 0.8471410657510605, 1.0035879247773012]
02354616,93048,390345,474,3;[14990.54, 464, 0.841367770603021, 1.091455901286616, 560.9693382809247, 0.8886679109474304, 1.005606102380296]
02354616,93049,390352,542,1;[15254, 552, 0.8957726494307859, 1.2361293715614379, 244.00576400456424, 0.9810390788790095, 1.0028598665395614]
02354616,93049,390352,542,2;[15324.82, 532, 0.8686233287740905, 1.2208518032995166, 796.91729755811, 0.9231900987258708, 1.001477564351816]
02354616,93049,390352,542,3;[28676.840000000004, 638, 0.8422083568106646, 1.1922951840905487, 329.2998664409613, 0.6454950642314816, 1.006201028697784]
02354616,93050,390357,608,1;[27463, 730, 0.896297447735941, 1.291992810595977, 441.62100592622426, 0.9362797422128999, 1.006136542653551]
02354616,93050,390357,608,2;[28657.579999999998, 686, 0.8542685310781304, 1.142733070945792, 1116.5258226253502, 0.8296376758649703, 1.0058474647063738]
02354616,93050,390357,608,3;[17378.45, 500, 0.8380779293023559, 1.0655734579498424, 509.80514420467597, 0.9118199773857885, 1.0043149519021417]
02354616,93051,390362,621,1;[15360, 546, 0.8813602304461737, 1.2037864783900631, 305.48117430687194, 0.976408090148904, 9999]
02354616,93051,390362,621,2;[26719.07, 652, 0.8678012755713281, 1.1167537875477274, 368.0444238848843, 0.9501385623390124, 1.0051031827745198]
02354616,93051,390362,621,3;[20600.690000000002, 526, 0.8349515736710126, 1.1003477226885026, 505.1150374761967, 0.8975487420331671, 1.0036710719530102]
02354616,93052,390369,679,1;[28083, 736, 0.8810742164693524, 1.2937353440765602, 285.0286166416896, 0.9400883782161068, 1.0054239836743462]
02354616,93052,390369,679,2;[15216.529999999999, 524, 0.8539786925700553, 0.9929119344957319, 965.6146980585836, 0.8895063067233616, 1.001605765088317]
02354616,93052,390369,679,3;[17374.34, 494, 0.8322017163090291, 1.1144800113302156, 748.9497485767774, 0.8558469167115024, 1.0031243820446905]
02354616,93052,390371,678,1;[28632, 738, 0.8913702825676975, 1.274796167466857, 396.033250655436, 0.9469829304624388, 1.005037120241501]
02354616,93052,390371,678,2;[24404.52, 626, 0.851443154730641, 1.0557446045877028, 1025.6597497939308, 0.8935113240891813, 1.0031550370533422]
02354616,93052,390371,678,3;[20710.29, 530, 0.8366207395255325, 1.1281212763771902, 526.0104605245605, 0.8932826530723955, 1.0040515409139215]
02354616,93055,390379,367,1;[14459, 572, 0.8779433302708292, 1.3272128530145162, 370.27888335831386, 0.9594078061630443, 0.9836723586638547]
02354616,93055,390379,367,2;[28593.32, 678, 0.8624201107360794, 1.128750920172601, 1065.434482903955, 0.8237184556404428, 1.0064505319594539]
02354616,93055,390379,367,3;[27573.99, 622, 0.8550660677796945, 1.165253217214272, 239.83294213680318, 0.8608180161180592, 1.005419986512476]
02354616,93057,390393,427,1;[15704, 556, 0.895797333413169, 1.1967292469985704, 250.45489064645517, 0.9804399378129026, 1.0023616518797471]
02354616,93057,390393,427,2;[28806.329999999998, 690, 0.8508255108919414, 1.1305109532229622, 1217.1880180948185, 0.7897082521520787, 1.0039815851685951]
02354616,93057,390393,427,3;[19682.79, 524, 0.8542834392852158, 1.1142806786256323, 520.5066999436347, 0.8774749504595991, 1.004439472856294]
02354616,93067,390435,38,1;[15595, 570, 0.8733050929997125, 1.1811227852262454, 406.6813262357309, 0.9514447666260674, 1.0006095409194444]
02354616,93067,390435,38,2;[24452.12, 620, 0.857671724201787, 1.0748868492212522, 950.3436193672758, 0.8916233408796516, 1.0042765328315535]
02354616,93067,390435,38,3;[29328.960000000003, 654, 0.818800095928151, 1.3090083517749047, 606.0785623642253, 0.8020493109653709, 9999]
02354616,93067,390437,36,1;[28864, 760, 0.879720937754985, 1.352950838900227, 381.97844497905345, 0.9255661728283329, 1.0017005032101336]
02354616,93067,390437,36,2;[21220.079999999998, 588, 0.856200917457238, 1.3373755861280994, 457.2851450464713, 0.9506455055130351, 9999]
02354616,93067,390437,36,3;[21481.600000000002, 546, 0.8324013562939838, 1.0866857103732712, 519.3706646057865, 0.8943774868308633, 1.0003508883855945]
02354616,93068,390444,142,1;[28721, 754, 0.892992279303076, 1.3323199026963441, 409.9265291824259, 0.9300305081211115, 1.0043536796461106]
02354616,93068,390444,142,2;[23804.76, 622, 0.857879015802687, 1.0124981873464862, 973.178898391833, 0.9021235043022805, 1.0032096288866599]
02354616,93068,390444,143,3;[29272.79, 646, 0.8441864412250754, 1.1149752295784856, 327.4168713566021, 0.7996588231297609, 0.9999765999765999]
02354616,93070,390454,298,1;[16373, 572, 0.8686967692918286, 1.2702231513995008, 322.7105391461962, 0.9733565996495693, 1.0068566860375734]
02354616,93070,390454,298,2;[25895.59, 652, 0.8532824749976456, 1.139897627544764, 529.9390714973156, 0.9230091722725067, 1.000275798666973]
02354616,93070,390454,298,3;[28950.840000000004, 644, 0.8564198322248736, 1.15952110760112, 292.6390984580134, 0.8348756455972483, 1.0035855911476266]
02354616,93070,390461,299,1;[25016, 694, 0.8976062001713233, 1.1874270501815958, 451.78154929727486, 0.9492465331979526, 1.0038724693513112]
02354616,93070,390461,299,3;[29575.56, 654, 0.8278176421171684, 1.2897168635792922, 548.5457521856347, 0.7783803656650746, 1.0023680178297814]
02354616,93070,390461,300,2;[25352.949999999997, 644, 0.8547418689146843, 1.0440419924935431, 1042.6082686719876, 0.8838793721529101, 1.001975262192541]
02354616,93074,390481,622,1;[29414, 754, 0.881329931360375, 1.303738770897199, 395.4272733985772, 0.9463909370226149, 1.0051944501401135]
02354616,93074,390481,622,2;[28750.399999999998, 690, 0.8592103187488567, 1.1259572649562217, 1164.0283367236657, 0.8293443473107088, 1.0041562759767249]
02354616,93074,390481,622,3;[16171.480000000001, 484, 0.8254999609420288, 0.9642745787458197, 483.963744653531, 0.8756296734371408, 1.0069094941567858]
02354616,93074,390487,624,1;[28698, 748, 0.8891743777778267, 1.2043249493433341, 523.834315731393, 0.9357657007926813, 1.0047088066938576]
02354616,93074,390487,624,2;[15658.019999999999, 530, 0.8692026699249445, 1.1373307043681584, 828.4148308252544, 0.9210520982448072, 0.9976495564485556]
02354616,93074,390487,624,3;[29286.49, 640, 0.8192336934771017, 1.2934688183668974, 630.3631504464748, 0.8214784845458593, 1.0067344824338325]
02354616,93078,390509,12,1;[14426, 570, 0.8707200871434735, 1.290423667380501, 343.7437551556473, 0.960102808606397, 9999]
02354616,93078,390509,12,2;[22136.379999999997, 598, 0.8531544996327473, 1.1979347356946988, 518.1551044356701, 0.9360883729496849, 1.0002957545774742]
02354616,93078,390509,12,3;[29333.070000000003, 648, 0.8205908550925894, 1.2924952847604712, 581.5795880515614, 0.7530152862259333, 1.0049989438850948]
02354616,93078,390516,10,1;[25042, 694, 0.8968432490138555, 1.1738731129280553, 467.33921869145377, 0.9489503512909618, 9999]
02354616,93078,390516,10,2;[18266.5, 560, 0.8693160843098754, 1.074298351165165, 848.2763664326051, 0.9188535225329529, 1.0004236321569395]
02354616,93078,390516,10,3;[15286.460000000001, 488, 0.8333486496539465, 1.1083774008398366, 564.4977722279547, 0.8995438790448097, 1.002020564860132]
02354616,93079,390518,81,2;[22981.28, 612, 0.8521418091364873, 1.1667619062381822, 495.47902390682816, 0.9365994645226106, 9999]
02354616,93079,390518,81,3;[15231.660000000002, 478, 0.8350308123756913, 1.061215801290479, 522.0168700482119, 0.8862628702093779, 1.0026152042564704]
02354616,93079,390518,82,1;[19942, 622, 0.89917267369256, 1.1133501206813605, 383.1904884255795, 0.9640023470564064, 0.9992233496179381]
02354616,93079,390519,85,1;[28640, 752, 0.8970403568888176, 1.2323033930994927, 537.6457057778807, 0.9342801488227253, 0.9956371347621282]
02354616,93079,390519,85,2;[22239.91, 600, 0.8526944336573183, 1.1952213629673543, 481.64920070372034, 0.9400359043385987, 1.0008836524300442]
02354616,93079,390519,86,3;[15685.130000000001, 500, 0.8231982654059766, 1.063371138609451, 552.2321055905771, 0.942096821278446, 9999]
02354616,93079,390522,83,1;[28685, 746, 0.8941808497966526, 1.3411145523194574, 266.6002344429016, 0.9584403087926224, 1.004746142664495]
02354616,93079,390522,83,2;[23970.17, 626, 0.8505914687526337, 1.1963406551590057, 524.3302279375195, 0.9276569647410517, 1.0007949520544541]
02354616,93079,390522,83,3;[15174.12, 490, 0.8323998994674141, 1.0256884781889275, 499.9708645684445, 0.9116403195742687, 9999]
02354616,93080,390523,157,1;[24025, 674, 0.888056836715782, 1.2859283505125254, 233.52521983828763, 0.9740195781361455, 1.0026082420448617]
02354616,93080,390523,157,3;[29198.81, 650, 0.8283933427760459, 1.2735494488087005, 460.58718784652535, 0.7291589590209041, 1.0053538998561287]
02354616,93080,390523,158,2;[26698.84, 660, 0.8726021677989881, 1.1160034731402275, 912.1387823274308, 0.8572388429773043, 1.004926990952253]
02354616,93080,390527,159,1;[15394, 556, 0.9051408548001831, 1.236669439476081, 251.70703016930105, 0.9806002069707342, 1.0036510627200417]
02354616,93080,390527,159,2;[16862.3, 534, 0.8839508054931815, 1.3312929509286833, 777.8480601388776, 0.9152396459022671, 0.9983443125374291]
02354616,93080,390527,159,3;[16141.340000000002, 490, 0.8351275249885981, 1.2928564971661904, 540.701554889431, 0.9403386581861743, 9999]
02354616,93082,390542,303,1;[27047, 716, 0.8873634765171914, 1.2747587533887978, 274.63046307694606, 0.9627452380881502, 1.004363244768748]
02354616,93082,390542,303,2;[15687.769999999999, 520, 0.859345448065396, 1.363905713758895, 577.0927194090475, 0.9474014654262948, 0.9972766472501702]
02354616,93082,390542,303,3;[29364.58, 646, 0.8488020971566358, 1.1646119901835204, 317.44429618019825, 0.7754507013032718, 1.005040677091881]
02354616,93082,390543,304,1;[14244, 574, 0.8724437729161059, 1.2994612372261092, 454.3913052294339, 0.9273095002710373, 0.9714909289319329]
02354616,93082,390543,304,2;[29152.62, 704, 0.8614269945618778, 1.1488551503445814, 1163.501850785924, 0.827840473308171, 0.999795943353875]
02354616,93082,390543,304,3;[28234.33, 634, 0.8452381828726885, 1.1757776697317066, 464.0156976031993, 0.8624382375533598, 1.005734084864456]
02354616,93083,390553,352,1;[27545, 724, 0.8953020187719464, 1.2633304000036811, 236.5588051866689, 0.9685171611423568, 1.0048335613315094]
02354616,93083,390553,352,2;[28609.98, 692, 0.8734757493985983, 1.1537747337452595, 837.5758008986431, 0.8418230993264082, 1.002857321625962]
02354616,93083,390553,352,3;[23537.97, 580, 0.8298399167723699, 0.9814305567556767, 536.4842125422455, 0.9060173886790195, 1.0042083114150446]
02354616,93091,390584,632,1;[28490, 736, 0.8862742330918504, 1.2309087057289667, 415.01511868383966, 0.9406438056426754, 1.003257328990228]
02354616,93091,390584,632,2;[24468.78, 632, 0.8493315703854811, 1.1341562408630939, 412.43332154151693, 0.9555830733423344, 9999]
02354616,93091,390584,633,3;[15461.820000000002, 488, 0.8376209598144656, 1.1184655969654154, 585.8431858373156, 0.8989126408745022, 1.0043605944647147]
02354616,93096,390619,939,1;[15865, 554, 0.9047319287110194, 1.1952275984646423, 269.4980426472239, 0.9786332791867646, 1.0065985660808325]
02354616,93096,390619,939,2;[18236.75, 544, 0.8658761814779689, 1.0751301067375998, 876.0750370957862, 0.9098218716865947, 0.9997716671559513]
02354616,93096,390619,939,3;[15122.060000000001, 480, 0.8272013685054724, 1.0427029928315399, 521.7606899577985, 0.8961043956964964, 0.9990044347904787]
02354616,93096,390622,940,1;[18276, 588, 0.8941740213697119, 1.1913954925654575, 308.29240269054105, 0.9739746249136008, 1.0024683231857825]
02354616,93096,390622,940,3;[15178.230000000001, 478, 0.8264645259144477, 1.0744136929124444, 503.29461071649985, 0.9235731788542932, 7386.0]
02354616,93096,390622,942,2;[15164.17, 512, 0.8640432409862538, 1.1890919004179001, 935.454112869506, 0.901916546932637, 1.0004710685404727]
02354616,93097,390629,1095,1;[27891, 734, 0.9054541605004967, 1.301859316396457, 420.1918485909356, 0.9371255453229808, 1.0051897502432696]
02354616,93097,390629,1095,3;[17378.45, 498, 0.8461813011037317, 1.094058381495527, 542.7534836572662, 0.8806319770945199, 1.0055489496630994]
02354616,93097,390629,1096,2;[29177.609999999997, 702, 0.8607854390270476, 1.1295141452810906, 1151.783756557029, 0.8373681341038149, 1.0000815760492718]
02354616,93099,390639,1232,1;[18591, 588, 0.9043486275441269, 1.1602002454130405, 341.8801153747817, 0.9684255649099911, 9999]
02354616,93099,390639,1232,2;[29040.76, 696, 0.8613193579349869, 1.1366392681822446, 1116.17603466498, 0.8444331742125534, 1.0015801030145082]
02354616,93099,390639,1232,3;[18564.870000000003, 518, 0.8468359215930027, 1.1030380841056244, 585.15572559559, 0.8816984626848606, 1.0063869290753806]
02354616,93099,390642,1229,1;[18895, 592, 0.9063480093529515, 1.1980234873730125, 298.18098029782493, 0.9743068553490983, 1.0056148380744565]
02354616,93099,390642,1229,2;[28693.28, 690, 0.8606599683970413, 1.143359265236227, 1081.8139882875525, 0.8359602667772112, 1.0035376867690515]
02354616,93099,390642,1229,3;[29281.010000000002, 646, 0.8220275897150621, 1.2884150193390898, 586.3423220865917, 0.7674273870105364, 1.0065935101021994]
02354616,93099,390645,1231,1;[16205, 570, 0.9078778936800048, 1.4309884499826853, 323.00868748805476, 0.9754712229657782, 9999]
02354616,93099,390645,1231,2;[28700.42, 694, 0.8685412662085416, 1.1473512529901213, 941.6895557610386, 0.8344991913852008, 1.0012246507669635]
02354616,93099,390645,1231,3;[23206.43, 560, 0.8335882267310013, 1.0771154565088255, 525.0916072556248, 0.8990763463296592, 1.005610139808246]
02354616,93100,390648,1331,1;[28802, 740, 0.888085495310958, 1.2574994076354293, 438.0036932757504, 0.9418219200002578, 1.0062537120497501]
02354616,93100,390648,1331,2;[16059.05, 528, 0.8732228348704475, 1.1829571600334654, 692.8950224609033, 0.9360504574705734, 1.0014842300556586]
02354616,93100,390648,1331,3;[28491.890000000003, 636, 0.8209106619174973, 1.3014377046385166, 653.0203876066, 0.8387507785745817, 41594.0]
02354616,93101,390655,1426,1;[21137, 634, 0.9030344042621671, 1.1429781317256316, 431.1275168058506, 0.9579085925520652, 1.000923404759086]
02354616,93101,390655,1426,2;[25022.129999999997, 636, 0.8610658296543563, 1.1761752267907897, 511.1627337974704, 0.9332060448064629, 1.0015480244826025]
02354616,93101,390655,1426,3;[23631.13, 572, 0.831124373674977, 1.123917945256299, 584.7488118323339, 0.8822388717024162, 1.003519795211915]
02354616,93101,390656,1428,1;[27961, 734, 0.8869528865377518, 1.3603588401345208, 390.2143055583279, 0.9296343041653455, 1.0029952470630437]
02354616,93101,390656,1428,2;[15139.179999999998, 526, 0.8711011213253864, 1.1993247609402833, 757.6118227657626, 0.9328727455678612, 0.9961631822096938]
02354616,93101,390656,1428,3;[28285.02, 630, 0.8300187607668409, 1.2833326627813537, 602.8424932764497, 0.8470272393707992, 1.0051851310888775]
02354616,93101,390660,1430,1;[17638, 570, 0.9061131168478136, 1.1554348661541025, 299.7282033958332, 0.974302205327657, 1.0089811795663863]
02354616,93101,390660,1430,2;[16172.099999999999, 528, 0.8964331782283645, 1.1791327817471025, 923.5062846688737, 0.9133391733235262, 1.002212389380531]
02354616,93101,390660,1430,3;[15004.240000000002, 472, 0.8340755869077319, 1.0947972136058988, 523.3284135664545, 0.8939338238138143, 9999]
02354616,93101,390661,1427,1;[23309, 654, 0.9047361828855086, 1.2260925894456858, 314.18369470319806, 0.9666972409627346, 1.0064552343530733]
02354616,93101,390661,1427,2;[28407.68, 690, 0.8658148282759266, 1.1445886970641097, 1113.410980605638, 0.8204730152992656, 1.0030041385685176]
02354616,93101,390661,1427,3;[25102.510000000002, 590, 0.8327191187097479, 1.1367356537207982, 553.201707559836, 0.8880905184151366, 9999]
02354616,93102,390662,1508,1;[18396, 584, 0.90127987378726, 1.1536294721372662, 343.54263547346665, 0.9683789725986199, 1.0063732596624635]
02354616,93102,390662,1508,2;[19956.3, 566, 0.8724772308999457, 1.0966108876284946, 863.8012339753111, 0.9089901651885773, 1.0017023564196756]
02354616,93102,390662,1509,3;[17345.57, 498, 0.8385482113773729, 1.1003479965431275, 559.0183900881157, 0.8748985191825036, 1.004442681475605]
02354616,93102,390664,1506,1;[21243, 622, 0.8969442649655689, 1.1860559058880273, 337.69067734174234, 0.9669882355521009, 1.0070397496977885]
02354616,93102,390664,1506,3;[28759.04, 640, 0.830854735274801, 1.2479105383531934, 483.30945286823174, 0.7076209433094596, 1.0055807046537808]
02354616,93102,390664,1507,2;[25062.59, 636, 0.8688711873171918, 1.1371763149757663, 886.439119389385, 0.8965096819474615, 1.0]
02354616,93102,390665,1505,1;[23230, 656, 0.8966413776220928, 1.179958424820898, 401.40649440157813, 0.9583258411464205, 1.0051273175691755]
02354616,93102,390665,1505,2;[29215.69, 696, 0.8695988735203652, 1.16280838204899, 650.9819098445574, 0.8927396239904548, 1.0014276390928374]
02354616,93102,390665,1505,3;[15952.28, 492, 0.8450838042178649, 1.0113919727678686, 464.99474695243094, 0.8821558127637043, 1.0026262539286175]
02354616,93104,390682,1017,1;[27936, 738, 0.8889225130293936, 1.3297248123289032, 297.247873474458, 0.9432688811638094, 1.0033942136738323]
02354616,93104,390682,1017,2;[15143.939999999999, 518, 0.8516136352312917, 1.2192198779346177, 949.8282293752725, 0.9027484919508946, 0.9987443101553917]
02354616,93104,390682,1017,3;[17303.100000000002, 488, 0.8437483035202836, 1.1138090195171193, 651.8591768927606, 0.8702227489405433, 1.0072573570460164]
02354616,93114,390740,1995,2;[15923.39, 528, 0.8564012496245479, 1.3132669744503545, 555.8698913972217, 0.9484691451835688, 1.0020218661075333]
02354616,93114,390740,1995,3;[16057.77, 486, 0.8314396104415186, 1.362341846180071, 587.538721122641, 0.9283878523966798, 1.0037680911192943]
02354616,93114,390740,1996,1;[14353, 572, 0.8675807460979754, 1.3210906548657402, 496.2210038811296, 0.9409712451677338, 0.9843969685538905]
02354616,93115,390752,3,1;[15347, 574, 0.8851931340764171, 1.3159774684994558, 332.9609243790101, 0.9699938735874276, 0.9984061412354032]
02354616,93115,390752,3,2;[14894.039999999999, 526, 0.8666696508439627, 1.1854056973868126, 769.4264786018089, 0.9303333216832086, 9999]
02354616,93115,390752,3,3;[29209.770000000004, 648, 0.8506743961883941, 1.1067724916616584, 261.25206280439454, 0.8365141604274815, 1.0027513227513227]
02354616,93115,390755,4,1;[29035, 754, 0.8922133715015046, 1.313570672429533, 289.3863700372198, 0.9490430271905995, 1.0058894855361165]
02354616,93115,390755,4,2;[29315.649999999998, 702, 0.8661120512925332, 1.148302784554526, 980.071008385252, 0.803298884158528, 1.0018503832936823]
02354616,93115,390755,4,3;[15227.550000000001, 500, 0.8266343843416966, 1.1802681095823664, 534.6120385749041, 0.8538937376227642, 0.9982038616973506]
02354616,93116,390756,64,1;[22471, 646, 0.8981086260188839, 1.2009078704858256, 298.65708319964693, 0.968397556369712, 1.0055938422983979]
02354616,93116,390756,64,2;[20690.53, 584, 0.8571232504965807, 1.049146241102997, 921.0913948904565, 0.9129370031440703, 1.0036076077231666]
02354616,93116,390756,65,3;[19499.210000000003, 522, 0.8376088702030166, 1.096448272503316, 734.7876769455961, 0.8524621852839501, 0.9952798853186952]
02354616,93118,390765,175,2;[16601.69, 534, 0.8611850184816083, 1.4867967870178738, 555.1010421558286, 0.949655322086185, 0.998389809281855]
02354616,93118,390765,176,1;[28650, 746, 0.9032453564572478, 1.250527350096766, 587.3424453326685, 0.9240568250320839, 1.0051573518576993]
02354616,93118,390765,176,3;[15672.800000000001, 500, 0.8343108319057186, 0.9707102416003195, 500.78851604643285, 0.8921197097387821, 1.000306037686355]
02354616,93123,390803,1729,1;[14243, 570, 0.8698761589640439, 1.3073929601169063, 383.1787349127719, 0.9558569293704604, 0.9603856916489667]
02354616,93123,390803,1729,2;[28896.77, 692, 0.8666875525648111, 1.1418515660362263, 1115.841028789876, 0.8009472421725471, 1.002228734161542]
02354616,93123,390803,1729,3;[14956.29, 476, 0.8343019785022856, 1.0746994432888055, 661.9849899340496, 0.8709440292712594, 1.0044162296439414]
02354616,93123,390805,1727,1;[28573, 744, 0.8905809051819968, 1.334997140835387, 295.233005667033, 0.9588501035549085, 9999]
02354616,93123,390805,1727,2;[22627.85, 602, 0.861125597789853, 1.1550964763830973, 445.31602836462685, 0.9495999269053592, 0.9999737056611712]
02354616,93123,390805,1727,3;[15409.760000000002, 490, 0.8367391863156137, 1.075220015540698, 545.9524999918646, 0.909398257173166, 9999]
02354616,93124,390808,1800,1;[20457, 616, 0.9014087140535426, 1.1825808187505122, 377.6724823227179, 0.9635897541148413, 1.0027695399622558]
02354616,93124,390808,1800,2;[27907.879999999997, 684, 0.8586543936506019, 1.1336046811599458, 1080.4796857804808, 0.7962926078594523, 1.004583422574427]
02354616,93124,390808,1800,3;[26556.08, 608, 0.8613311922457297, 1.200751417791052, 355.8844094656731, 0.879485700401257, 1.005498495694574]
02354616,93131,390856,631,2;[15127.279999999999, 530, 0.8703329026064778, 1.2499047703129456, 724.9155101914573, 0.9363747755178958, 0.9944068525834083]
02354616,93131,390856,631,3;[15646.77, 484, 0.8359601455087334, 1.062317628360936, 714.6015636226513, 0.8718565647536276, 1.0020178978768204]
02354616,93131,390856,632,1;[23507, 668, 0.8858237927863465, 1.2907342156437698, 256.98807864081505, 0.9733873512593613, 1.002687254734687]
02354616,93137,390907,1119,2;[29085.98, 700, 0.8602705729428122, 1.1236133959152261, 1103.6287834354994, 0.8408707112192216, 1.0032838026434612]
02354616,93137,390907,1119,3;[15201.52, 480, 0.8281765977374533, 1.078459821523534, 687.2143941598692, 0.8698798242792697, 1.0026204029999097]
02354616,93137,390907,1120,1;[14971, 544, 0.8880536608831305, 1.2455363702046078, 252.98842090815808, 0.9807289599796132, 9999]
02354616,93139,390919,8,1;[16039, 602, 0.872880431171219, 1.8106572598050064, 315.2537024970742, 0.9769695571008163, 0.9993146417445483]
02354616,93139,390919,8,2;[28481.46, 690, 0.8619161317175816, 1.1465608165044197, 848.8114220711649, 0.8387013864927044, 1.0035430512170067]
02354616,93139,390919,8,3;[17503.120000000003, 502, 0.8318430061083706, 1.104523460044879, 725.601779775075, 0.8477791261991776, 1.0024716544391699]
02354616,93139,390921,10,1;[28545, 746, 0.8831307776036832, 1.254094616763345, 562.4581757214528, 0.921127175548166, 1.0025991359629096]
02354616,93139,390921,10,2;[23552.48, 624, 0.8531193391822547, 1.150504606693093, 527.7840353617365, 0.931911819863851, 1.0010115314586283]
02354616,93139,390921,10,3;[28578.2, 634, 0.8274275505160381, 1.2976191304182882, 535.2636948455518, 0.8610598306185709, 1.0061497648619318]
02354616,93140,390925,82,1;[28921, 750, 0.8888777093817849, 1.2024150200497372, 505.163722801727, 0.9380159731841589, 1.0006054630062102]
02354616,93140,390925,82,2;[29254.96, 696, 0.864084101129637, 1.1391428126564533, 978.7887025146333, 0.8221910111007902, 1.0038178069047181]
02354616,93140,390925,82,3;[24098.300000000003, 576, 0.8472567511388672, 1.09447075322494, 554.6809546670816, 0.8712246577321401, 1.0047409607585538]
02354616,93140,390926,86,3;[15707.050000000001, 492, 0.8348974581679462, 1.3366099859992386, 563.7544428650008, 0.915069346063212, 1.0031498818794296]
02354616,93140,390926,87,1;[13995, 556, 0.869354773723733, 1.2496112792325347, 403.42498221313497, 0.939781667283225, 0.9547035950610546]
02354616,93140,390926,87,2;[28706.37, 690, 0.8535725429598372, 1.1113692078004445, 1080.233555570624, 0.8687495556151296, 1.001827318410233]
02354616,93140,390927,84,2;[20400.17, 580, 0.8664049291163461, 1.1247292179909183, 795.7162210833066, 0.9111153375823491, 1.0033947907521217]
02354616,93140,390927,84,3;[24005.140000000003, 572, 0.8285966524249024, 1.094418077165412, 558.8852271098261, 0.8886970820905706, 1.0024600949711082]
02354616,93140,390927,85,1;[15736, 570, 0.9008923499221312, 1.2312266711759885, 295.96337481269705, 0.9773040964983826, 9999]
02354616,93141,390939,150,1;[21325, 636, 0.8908168588267547, 1.2757682193701079, 254.67957918777665, 0.9747062968481551, 9999]
02354616,93141,390939,150,2;[16513.63, 526, 0.8665286724248037, 1.340296217813542, 671.4142578425453, 0.9371782322490085, 1.0045242317854428]
02354616,93141,390939,150,3;[19654.02, 528, 0.8304599945702392, 1.1406438263228609, 749.1373707669268, 0.8558588256726594, 0.9944544572300014]
02354616,93147,390949,274,1;[21901, 652, 0.9003358419481217, 1.1539866724845893, 386.0521968949513, 0.9623957984071458, 1.0010055304172951]
02354616,93147,390949,274,2;[28024.5, 674, 0.8579958203354913, 1.1189500261725844, 1072.759410158366, 0.8385963821737984, 1.0001911193221635]
02354616,93147,390949,275,3;[28957.690000000002, 644, 0.8338247894693537, 1.2830692345028907, 447.4278829355649, 0.6943149971527306, 1.0049923925446937]
02354616,93149,390967,416,1;[15002, 548, 0.90185096783294, 1.236616341881907, 252.36676423367393, 0.9810868993544436, 1.0027404585254995]
02354616,93149,390967,416,2;[25673.059999999998, 650, 0.8580078771789829, 1.0468075285861775, 992.8117365022334, 0.8954555746973125, 1.0004173429167633]
02354616,93149,390967,417,3;[29171.410000000003, 646, 0.8285055072527877, 1.2795799951715332, 511.26713445800635, 0.8075818575069309, 1.0057625997827218]
02354616,93162,391023,18,1;[15294, 572, 0.8938390035508673, 1.1170875817137842, 483.84769429049487, 0.9335960583502941, 0.9992159937279498]
02354616,93162,391023,18,2;[14953.539999999999, 526, 0.8586335393611108, 1.184359999409453, 785.7627194827284, 0.9260043278646852, 0.9860713304822066]
02354616,93162,391023,18,3;[28334.340000000004, 634, 0.8293845848366826, 1.24537495733175, 415.98559446798015, 0.688764359082623, 1.0061295971978985]
02354616,93164,391034,85,1;[26169, 706, 0.8915496744969706, 1.2963338134096716, 251.85850901500655, 0.9688369736832713, 9999]
02354616,93164,391034,85,2;[15249.849999999999, 522, 0.8547844744423856, 1.2065174703476795, 906.9065447119136, 0.9112690273047382, 1.0014848390121913]
02354616,93164,391034,85,3;[29120.72, 642, 0.8467641472489927, 1.152574888157935, 299.632272947035, 0.7478879210427689, 1.002286926794766]
02354616,93165,391037,139,1;[17090, 576, 0.8979813760894749, 1.2395987052146802, 239.764269469492, 0.9804585395905676, 1.0084380716350976]
02354616,93165,391037,139,2;[16575.51, 526, 0.8324149125802434, 1.2391476664239878, 829.4049910701791, 0.9180879572200755, 1.0050508694711018]
02354616,93165,391037,139,3;[16433.15, 488, 0.8382166754540401, 1.0907882503514075, 568.0015020131498, 0.873603779376064, 1.005617035546613]
02354616,93166,391049,213,2;[15345.05, 536, 0.861968567076948, 1.2342458766616144, 810.4960829589313, 0.9180498460517881, 0.9920757039544545]
02354616,93166,391049,213,3;[28970.02, 644, 0.8250683490713222, 1.3017748090397296, 615.5342120330238, 0.78811563315447, 1.0052769194200142]
02354616,93166,391049,215,1;[17942, 600, 0.9023101778256738, 1.1417925875290322, 367.8731529293386, 0.967962754154526, 1.001171809608839]
02354616,93167,391054,274,1;[22015, 650, 0.8955266387115534, 1.1557909089870781, 425.40975957385797, 0.9545449582935832, 0.9980732177263969]
02354616,93167,391054,274,2;[18937.66, 556, 0.8717632325481307, 1.1210332611754703, 818.7969443373908, 0.9110488347184431, 1.002109505368219]
02354616,93167,391054,274,3;[29244.020000000004, 644, 0.8556230353921417, 1.113178246202693, 257.8181242585464, 0.8166949510568198, 1.006601905121192]
02354616,93173,391090,552,1;[15420, 598, 0.881065936499795, 1.2808814973471025, 326.83310654564707, 0.9753549757713119, 0.9946141193923953]
02354616,93173,391090,552,2;[16927.75, 526, 0.8250114203776344, 1.267917718476702, 830.3455734175373, 0.9165199833112353, 1.005904607007743]
02354616,93173,391090,552,3;[28930.29, 642, 0.8241734604589179, 1.2867988236205439, 553.5383450559185, 0.8344815325330784, 1.0041130738689046]
02354616,93173,391093,554,1;[19285, 618, 0.905421511762463, 1.1498907818431605, 373.08584004604484, 0.9670211130278321, 1.001428015059068]
02354616,93173,391093,554,3;[29326.22, 646, 0.8467256951800863, 1.1552244395896494, 278.8132035467407, 0.7243076706654855, 1.004929346040092]
02354616,93173,391093,555,2;[28404.109999999997, 688, 0.859433203277588, 1.174919443381228, 644.2560885251228, 0.8759077612819363, 1.0023306107879983]
02354616,93174,391099,638,1;[24923, 676, 0.8853625775445607, 1.1905221535536243, 350.1482662936072, 0.9606260390454663, 1.0060955917971903]
02354616,93174,391099,638,2;[27336.68, 664, 0.868954646155294, 1.1542201813823454, 436.3871226482794, 0.9401825764939328, 1.0026843587001593]
02354616,93174,391099,638,3;[15039.86, 494, 0.8367523810658752, 1.2855506794827771, 604.7945545433803, 0.8662213336214134, 1.0000455477112276]
02354616,93175,391105,693,2;[15079.679999999998, 518, 0.8755356570202232, 1.2872209485559185, 650.1944708977958, 0.943950729388008, 1.0002367984844898]
02354616,93175,391105,693,3;[29156.340000000004, 642, 0.8448231900123039, 1.097276120785937, 375.17684918391467, 0.7303428544745137, 1.0061222077768586]
02354616,93175,391105,694,1;[17080, 566, 0.9056494918119735, 1.1949944299271889, 257.2186582500161, 0.9778580722207912, 1.0053268195061655]
02354616,93175,391108,690,2;[29269.239999999998, 700, 0.8731180143151814, 1.1973514888715855, 625.8786804498375, 0.8996831905457913, 1.0038159371492705]
02354616,93175,391108,691,1;[14675, 576, 0.884345135276539, 1.3217109035065258, 467.24788071524324, 0.9377287534292292, 0.997925946074598]
02354616,93175,391108,691,3;[15205.630000000001, 474, 0.8291505319937734, 1.2559619858172297, 560.1248725633415, 0.9191661373693102, 1.0005408816370684]
02354616,93188,391168,251,1;[16244, 562, 0.8984852332428913, 1.1969634811562195, 297.8718157122564, 0.9773816251116384, 1.0037693876289935]
02354616,93188,391168,252,2;[29233.539999999997, 696, 0.87283648363783, 1.2269928554778593, 550.9224268590951, 0.9217846009821121, 1.0044362669937648]
02354616,93188,391168,252,3;[28427.500000000004, 634, 0.8632409669173488, 1.2037065055461607, 310.86993041237565, 0.8742455714859368, 1.0047209780898196]
02354616,93188,391174,253,1;[15417, 562, 0.9107159848945652, 1.2293945140711102, 267.3229542476911, 0.9801661398347001, 1.001038893578339]
02354616,93188,391174,253,3;[16526.31, 490, 0.8440158949274215, 1.1380980057604697, 739.0127196907616, 0.8654710694462102, 1.0068441699357316]
02354616,93188,391174,254,2;[15522.359999999999, 536, 0.8497679603945384, 1.2767233069019945, 835.5561131207946, 0.9252833400250841, 0.9978961863596374]
02354616,93189,391178,316,1;[29188, 756, 0.8963153274268115, 1.3827523934952235, 306.75494748458647, 0.9534920788762905, 1.0050791136516244]
02354616,93189,391178,316,2;[21561.61, 596, 0.859488290125751, 1.1684194240919477, 525.0932875064747, 0.9398273291573441, 0.9996965433529201]
02354616,93189,391178,317,3;[15739.930000000002, 476, 0.8477191072955286, 1.089287950053587, 697.6941164396686, 0.8729880036783287, 1.0069237510955302]
02354616,93203,391202,420,1;[28844, 746, 0.8774434147687363, 1.2813481324472136, 436.47522594707686, 0.9367385491980365, 1.0060164274628116]
02354616,93203,391202,420,2;[19417.23, 580, 0.8544263088076017, 1.0748443741437483, 847.7602963290408, 0.9248990527503468, 0.9923975185500548]
02354616,93203,391202,420,3;[29008.38, 646, 0.8039180904155047, 1.3157886060125, 888.0989937262598, 0.7890650956193779, 1.0025093508830074]
02354616,93203,391205,419,1;[27975, 740, 0.8854438018828179, 1.3081250094802086, 395.86615472198173, 0.9323729458881173, 1.003479446158261]
02354616,93203,391205,419,2;[17009.86, 530, 0.8765883447313051, 1.2869953946497634, 816.9631982789991, 0.9227481916777733, 9999]
02354616,93203,391205,419,3;[27954.850000000002, 630, 0.8293982913026803, 1.236052995779726, 658.6296999808948, 0.8672411760533525, 9999]
02354616,93204,391211,484,3;[29000.160000000003, 646, 0.8230366591070436, 1.2867311863349016, 721.2902250618982, 0.8261321095281068, 9999]
02354616,93204,391211,485,1;[29167, 754, 0.8992332624965023, 1.3191946168751603, 323.17390174091696, 0.9520171564666675, 9999]
02354616,93204,391211,485,2;[24559.219999999998, 628, 0.8600012887233751, 1.0963443765941827, 918.8652345474858, 0.9085342420864205, 1.0028670003401525]
02354616,93204,391212,487,1;[27492, 728, 0.8926110129443026, 1.1750667673626352, 483.010760148112, 0.9479246071480715, 1.0042556300341545]
02354616,93204,391212,487,2;[28638.539999999997, 688, 0.8723282353042758, 1.2204093879618065, 449.34130794934845, 0.9399734104374281, 1.002833569464122]
02354616,93204,391212,487,3;[16927.72, 492, 0.8335530552536904, 1.057290292019611, 541.0560987966098, 0.8822788147425645, 1.0045120117068411]
02354616,93204,391213,486,1;[28986, 752, 0.9049428767317169, 1.20760412816335, 482.7450662577335, 0.9350169407815146, 0.9996896016554578]
02354616,93204,391213,486,2;[20232.379999999997, 584, 0.8581868471708369, 1.2014325995534283, 583.851692140324, 0.9374732600084432, 1.000617956036842]
02354616,93204,391213,486,3;[20062.280000000002, 522, 0.8398334941782024, 1.0317655972356754, 562.3954279957105, 0.8981619377277769, 1.0046307412616198]
02354616,93218,391243,129,1;[24796, 690, 0.8900135248342169, 1.1832530402766372, 466.57790590804564, 0.9476095682038418, 0.9999395100312531]
02354616,93218,391243,129,2;[28360.079999999998, 690, 0.8644770932905685, 1.1725646371896383, 1075.3465522477677, 0.8201280926918743, 0.9965502101235651]
02354616,93218,391243,129,3;[16266.010000000002, 492, 0.8462028236553772, 1.108669657987322, 621.0603255989682, 0.8693261537970165, 1.0055473216176158]
02354616,93219,391251,174,1;[24769, 680, 0.8818563202211593, 1.2316760803187845, 292.83879322048597, 0.9642767954639033, 1.0040943732771201]
02354616,93219,391251,174,2;[17102.68, 528, 0.8584688050521191, 1.4747679672248617, 575.0040050995603, 0.9432421709801763, 1.001079650332602]
02354616,93219,391251,174,3;[26238.24, 604, 0.8502429663042741, 1.158306761668266, 404.90332089703855, 0.8605519112682732, 1.0010192081536653]
02354616,93220,391261,226,1;[29238, 752, 0.8956698892095767, 1.2273760947648689, 472.4533259761326, 0.9334386983342094, 1.002623321845584]
02354616,93220,391261,226,2;[28728.98, 692, 0.864756914920351, 1.155263500837735, 1148.1977339239088, 0.8029562421536318, 1.0053092923025673]
02354616,93220,391261,227,3;[29238.54, 646, 0.8585617996531321, 1.1383114043110116, 291.7196877249833, 0.8404350288823687, 1.0041640200437576]
02354616,93222,391270,292,1;[27838, 732, 0.8870109680660907, 1.2685613138927967, 266.4090440745367, 0.9628992167262531, 9999]
02354616,93222,391270,292,2;[27978.09, 676, 0.8609898204174963, 1.1519559996155009, 950.8593684600655, 0.853186104687368, 1.0019176681155715]
02354616,93222,391270,292,3;[29253.61, 648, 0.831735965798522, 1.281249083316829, 558.5421391466252, 0.7227784104358831, 1.0047997741282764]
02354616,93224,391280,370,1;[18226, 596, 0.9030817017263303, 1.1523803201157758, 321.27901904211774, 0.9717988102828703, 1.0025026814444047]
02354616,93224,391280,370,2;[29329.93, 700, 0.8714883124482793, 1.2323413850288225, 423.45481059428323, 0.929873382065347, 1.0040329151051002]
02354616,93224,391280,370,3;[21539.140000000003, 558, 0.8285257630101245, 0.9897612440386708, 562.2393343589412, 0.9020087128709798, 1.000477266219097]
02354616,93225,391287,410,1;[29060, 744, 0.8879149328745666, 1.315900227797535, 420.93826240102413, 0.9362633941873871, 1.0070695869143333]
02354616,93225,391287,410,2;[25726.61, 650, 0.8672519617816193, 1.1395782482934875, 490.69994050606323, 0.9278813650777943, 0.9988449454814268]
02354616,93225,391287,410,3;[25943.690000000002, 594, 0.8301183092905225, 1.1701426254464748, 575.103395910006, 0.8784510560498195, 1.0044555243197368]
02354616,93232,391321,694,1;[16187, 568, 0.8632883987303167, 1.1976680354473226, 630.1161395082154, 0.9282501144850179, 1.005497406590676]
02354616,93232,391321,694,2;[28494.55, 692, 0.8690133227941148, 1.1734235955591377, 974.5854662772465, 0.8208151785289903, 1.0038359150648752]
02354616,93232,391321,694,3;[29724.890000000003, 654, 0.8536509627195137, 1.1004720367520913, 270.52869988082904, 0.8173867584608225, 1.0039097744360903]
02354616,93233,391328,765,1;[28371, 750, 0.8978720564188435, 1.2060418936398185, 584.47200397924, 0.9240234667075481, 0.9975036917235075]
02354616,93233,391328,765,2;[28571.899999999998, 692, 0.8702115029117711, 1.1559781320867761, 866.1235437990902, 0.8434141896307131, 1.0042663543583739]
02354616,93233,391328,765,3;[29144.010000000002, 646, 0.8529368277109273, 1.1113218157373121, 281.351039818382, 0.7787118168746814, 1.006767628963559]
02354616,93245,391411,131,1;[26528, 706, 0.8843904855560842, 1.2551648507332482, 327.4058934951818, 0.959112865384352, 1.0036319612590798]
02354616,93245,391411,131,2;[16423.19, 532, 0.8698086745498855, 1.192989123693177, 709.591488999781, 0.9310393731890124, 9999]
02354616,93245,391411,131,3;[16533.16, 488, 0.8347424898315617, 1.4215794765899747, 594.2275116270492, 0.9303861790697963, 1.0058762242133779]
02354616,93245,391412,132,1;[14798, 552, 0.8652144704077559, 1.1100134314571422, 455.5393433681936, 0.9355330194195959, 1.0025066052435472]
02354616,93245,391412,132,2;[23495.36, 622, 0.8592342221360273, 1.180972514863821, 406.3143284677668, 0.9587670089394998, 1.0022589405822482]
02354616,93245,391412,132,3;[15590.6, 476, 0.8425975129005182, 1.0810252880580151, 561.8206089458747, 0.8940962340976828, 1.0006154928339048]
02354616,93246,391419,195,3;[15846.79, 492, 0.8432622870279648, 1.1145300844957842, 595.3141286181516, 0.8925005403774166, 1.0045594684962438]
02354616,93246,391419,196,1;[22657, 654, 0.8958372051917876, 1.261411477399365, 261.1402973949727, 0.9730594674537163, 1.0059494738711539]
02354616,93246,391419,196,2;[20748.84, 584, 0.8586415017215375, 1.1728058690893222, 516.5993712950548, 0.9444016316931383, 0.9998853079481592]
02354616,93261,391467,280,1;[29047, 756, 0.8837593502786516, 1.271486625788667, 277.0940438624012, 0.9481267168445098, 1.005277821038606]
02354616,93261,391467,280,2;[15124.9, 508, 0.8738617918174969, 1.2306834961771829, 628.337414426572, 0.9439537811950646, 0.999803343166175]
02354616,93261,391467,280,3;[29385.13, 650, 0.8296308017073994, 1.2002087780943853, 401.5683689584322, 0.7939354192901751, 1.0035558882702476]
02354616,93261,391469,282,3;[16519.460000000003, 488, 0.8288907869509222, 1.3838294740976813, 622.3635021190246, 0.924290744521574, 1.0068470273881096]
02354616,93261,391469,283,1;[14925, 578, 0.8665242044007873, 1.287851801104003, 445.7137618213561, 0.9548888843600458, 1.002384230498002]
02354616,93261,391469,284,2;[16169.72, 518, 0.8689474371709522, 1.4028191917907167, 572.7983306399153, 0.9444699777181438, 1.0012157830748258]
02354616,93262,391478,354,1;[16626, 574, 0.8963301799207577, 1.239676546753894, 234.9226302367321, 0.9807161505466534, 1.0038642676005314]
02354616,93262,391478,354,2;[15723.47, 536, 0.8477693398391689, 0.9774118507971309, 972.7202742436149, 0.8604431499537925, 9999]
02354616,93262,391478,354,3;[15782.400000000001, 480, 0.8414615663091786, 1.009104148214448, 485.8984425319556, 0.8745039528825415, 1.006685017695635]
02354616,93263,391483,454,1;[26764, 716, 0.8895532116759564, 1.2056358619661356, 506.55421546530175, 0.9388252888276758, 0.9981166905965057]
02354616,93263,391483,454,2;[28288.68, 682, 0.8650477302773637, 1.1834546645994999, 566.5904476538134, 0.9055278144506513, 1.0009052441001243]
02354616,93263,391483,454,3;[25888.890000000003, 600, 0.8471190454333383, 1.1133919115964572, 502.0056823945654, 0.8712459626245267, 1.0041180690241505]
02354616,93263,391484,455,1;[24991, 686, 0.8818359444529992, 1.3092655939167848, 279.84064156956754, 0.9699760564681885, 1.0042394165276969]
02354616,93263,391484,455,2;[29382.289999999997, 702, 0.8668582452434463, 1.1701809156825145, 632.2477034182915, 0.8916235260179537, 1.0000607545717815]
02354616,93263,391484,455,3;[16020.78, 496, 0.8227495351052909, 1.12670417814844, 571.3246652029308, 0.9399904197552561, 1.0011557724412483]
02354616,93264,391496,542,1;[29254, 756, 0.8785644004500206, 1.3716406617016266, 273.4683124734085, 0.9549690706399523, 1.0070743756131986]
02354616,93264,391496,542,2;[23407.3, 618, 0.8610811785255598, 1.1821941059249106, 505.1422851728218, 0.9351260233002674, 1.00313639493077]
02354616,93264,391496,542,3;[23796.9, 580, 0.8337937859703696, 0.9734069001771833, 496.55119766460587, 0.9086793324818445, 9999]
02354616,93264,391497,543,1;[15904, 560, 0.9031222183054, 1.224692478564605, 265.2616223639451, 0.9794899438799747, 1.004579477623725]
02354616,93264,391497,543,2;[16026.92, 534, 0.8682584233041593, 1.37974290566744, 615.2541294298763, 0.9420569228828222, 0.997518794208051]
02354616,93264,391497,543,3;[27746.61, 624, 0.8243624003973788, 1.302917990799, 555.9113991853218, 0.8714552418459012, 1.0041897017626498]
02354616,93272,391515,680,1;[28294, 744, 0.8878115389296318, 1.2659681508130989, 540.735605582157, 0.9300142503533245, 1.0021428444932439]
02354616,93272,391515,680,2;[15370.039999999999, 536, 0.872174855597681, 1.0913988387589586, 802.6756707120323, 0.889553726713245, 0.9986855331322972]
02354616,93272,391515,680,3;[15478.260000000002, 478, 0.8359535413349708, 1.084551217249142, 672.3901066201387, 0.876256610576241, 1.0041774064527598]
02354616,93328,391872,12,2;[29000.3, 692, 0.8656651534329826, 1.1956100361337032, 452.59594809697217, 0.920861923208743, 1.0055289651757715]
02354616,93328,391872,12,3;[28876.86, 640, 0.827686776545668, 1.2727938129414245, 412.9431735817771, 0.8601081906814655, 1.00579772385656]
02354616,93328,391872,13,1;[20209, 618, 0.8883983946207977, 1.3006296112220956, 213.6706376502855, 0.9786640991593067, 9999]
02354616,93329,391877,87,1;[19363, 604, 0.9003277521826228, 1.1129136646637354, 375.4935784025141, 0.9630085253233749, 9999]
02354616,93329,391877,87,3;[27993.210000000003, 626, 0.8461597347931988, 1.130565293045151, 330.92020365825215, 0.7792597166643898, 1.0060808981018734]
02354616,93329,391877,88,2;[23398.969999999998, 618, 0.8520548788223501, 1.1752187878368623, 530.9773421120958, 0.9264391952623107, 1.0025493295263346]
02354616,93330,391883,150,1;[28358, 736, 0.9040302137288097, 1.2353949409748992, 397.22075393270745, 0.94154952049934, 1.0033080365829927]
02354616,93330,391883,150,2;[29106.21, 696, 0.8677262058626986, 1.139991806550881, 799.9774299756313, 0.8541126616258842, 1.0055707443418915]
02354616,93330,391883,150,3;[28887.820000000003, 638, 0.85592763997093, 1.101839816966879, 244.22708988664215, 0.815946037333065, 1.0057235524182009]
02354616,93331,391890,167,1;[28383, 740, 0.8804545918418679, 1.3265391858252802, 313.06962094163373, 0.9454754421936162, 1.0036953869547536]
02354616,93331,391890,167,2;[28527.87, 684, 0.8670027777729835, 1.1437235658393479, 1009.8820079440991, 0.817379790354293, 1.0054312496068112]
02354616,93331,391890,167,3;[14750.79, 494, 0.8286100016668838, 1.0107376086112316, 474.61871784375404, 0.9348656555106438, 9999]
02354616,93332,391897,221,1;[15285, 554, 0.8918576403726143, 1.202847699168647, 313.97250051251024, 0.975181647803434, 1.0046997732277254]
02354616,93332,391897,221,2;[14986.859999999999, 528, 0.8521921025227339, 1.3621986380135165, 1138.1260644293384, 0.8559850909877913, 1.0048270634699006]
02354616,93332,391897,221,3;[20178.730000000003, 524, 0.8398957222263393, 1.0803690687739258, 869.1715494308353, 0.8910084283719517, 1.0037823286877705]
02354616,93332,391899,220,1;[24433, 668, 0.8968474309638269, 1.2019999475119114, 349.0318954155438, 0.9570121807719288, 1.0069235524417885]
02354616,93332,391899,220,2;[25442.199999999997, 644, 0.8605349285090513, 1.1789817598676653, 527.9450048773654, 0.9217374916802599, 9999]
02354616,93332,391899,220,3;[16263.27, 488, 0.8286609543922274, 1.025609140222818, 410.613678404692, 0.8662707369828573, 1.0066994572591588]
02354616,93343,391978,311,1;[27708, 724, 0.8781147390647948, 1.2633293564549686, 306.3906411157184, 0.9515446205568681, 1.004568196649989]
02354616,93343,391978,311,2;[17239.53, 544, 0.8651952696469911, 1.0641183800455105, 850.6811652779052, 0.9220432834632022, 1.0012786398037115]
02354616,93343,391978,312,3;[27178.06, 614, 0.859376499482411, 1.1668190790521753, 254.4906821747594, 0.8687668021418701, 1.005907258575666]
02354616,93377,392051,14,1;[16279, 588, 0.8729565726364241, 2.0668790939888844, 302.80046733223986, 0.9784551170504492, 0.9978851871149661]
02354616,93377,392051,14,2;[16018.59, 532, 0.861978598935541, 1.094112770800854, 739.3638663753038, 0.9174457231652782, 0.9979242345614946]
02354616,93377,392051,14,3;[29135.79, 644, 0.829605537849195, 1.202727403766954, 419.4081006606166, 0.7404174777343985, 1.0035864282006512]
02354616,93379,392065,106,1;[20282, 622, 0.9107277444036521, 1.1307723015795308, 352.6935039520021, 0.9680767731185159, 1.0027439250488221]
02354616,93379,392065,106,2;[20416.829999999998, 594, 0.8568404175016047, 1.2262087387268352, 535.9392829918463, 0.9392863819768633, 0.9969493593654668]
02354616,93379,392065,106,3;[29076.88, 652, 0.8411380531352135, 1.1859937138961971, 287.25566752447224, 0.6918719453086547, 0.9968531304306985]
02354616,93379,392069,107,1;[23872, 678, 0.9008789729595624, 1.1770114551870274, 396.02730382512823, 0.9617259548245489, 1.0053061568264128]
02354616,93379,392069,107,2;[28706.37, 692, 0.8590976419362683, 1.1482127130626587, 1172.2112326787337, 0.7959300253175918, 1.0022019110926466]
02354616,93379,392069,107,3;[29623.510000000002, 656, 0.8326302818539971, 1.2824184359114341, 480.0989439157175, 0.8574122370624211, 1.0006710322326862]
02354616,93384,392079,203,1;[29406, 760, 0.8755111422029418, 1.2756183155354537, 265.04516061730715, 0.9475413746609019, 1.0058663565308112]
02354616,93384,392079,203,2;[15659.21, 548, 0.8712538507982975, 1.0895599221130106, 736.7364936771239, 0.889864097171868, 0.9939572475262483]
02354616,93384,392079,203,3;[29207.030000000002, 652, 0.8481485217749515, 1.177243967831956, 292.0633127267875, 0.7195508937051248, 1.0013386252084262]
02354616,93384,392081,201,1;[15927, 564, 0.8774309832999048, 1.0047483853335073, 473.6669326931409, 0.9315779825462549, 1.004984856133266]
02354616,93384,392081,201,2;[15761.55, 538, 0.8597236337978167, 1.1887588097758879, 856.116314532126, 0.9063050368516988, 0.9999622513306407]
02354616,93384,392081,201,3;[29157.710000000003, 646, 0.8448382683741672, 1.1874980140434337, 421.1664213071417, 0.8290413991652952, 1.0026145330349783]
02354616,93385,392088,317,1;[22760, 660, 0.892654425870963, 1.222826312071285, 259.8784729622896, 0.972661851234665, 1.0049452490286117]
02354616,93385,392088,317,2;[28317.239999999998, 684, 0.8644658111792796, 1.122268821880613, 955.807475686565, 0.8551584804930735, 0.9998319327731092]
02354616,93385,392088,317,3;[15874.19, 482, 0.8303541488794675, 0.9577018534458003, 531.9386396665091, 0.8599779332394427, 1.0034206538211734]
02354616,93386,392090,399,1;[26139, 714, 0.8964221128989308, 1.1933520659368375, 490.773111879732, 0.9456170108797506, 1.0042646380820655]
02354616,93386,392090,399,2;[21309.329999999998, 586, 0.8583724537089206, 1.2832111794586054, 475.58167657654445, 0.9483730808799898, 1.002154629655539]
02354616,93386,392090,399,3;[29308.410000000003, 648, 0.845458277514145, 1.1080718647330268, 291.317781784378, 0.7995688231756716, 1.003235790658413]
02354616,93387,392105,483,1;[17891, 598, 0.8862026737607832, 1.274814132587886, 289.5339288946876, 0.9746099286771227, 1.004266067920292]
02354616,93387,392105,483,2;[16273.25, 528, 0.8785645599971419, 1.1621295000978686, 713.0416619742228, 0.9291676997525506, 1.0023822613157412]
02354616,93387,392105,483,3;[26624.58, 612, 0.8537582879231596, 1.1832445560725897, 446.9918104937133, 0.8579622767623662, 0.9991773778920309]
02354616,93391,392124,822,1;[27941, 724, 0.8874760925815443, 1.2234147233479848, 417.7558325007493, 0.9492340774745217, 1.0078635068354795]
02354616,93391,392124,822,2;[29319.219999999998, 700, 0.8726707961012634, 1.163571106661205, 561.7571205997222, 0.9070379753935593, 0.9996145653717415]
02354616,93391,392124,822,3;[23021.480000000003, 568, 0.8425372479571522, 1.1270030767186927, 618.7430363147931, 0.8683390082410354, 1.0018780742286482]
02354616,93391,392130,823,2;[15802.009999999998, 530, 0.8645521473398716, 1.1619922747373075, 822.1583507418638, 0.9122990413114338, 0.9948679528001498]
02354616,93391,392130,823,3;[29276.9, 650, 0.8483292899949838, 1.1309016223442494, 367.18562010184155, 0.868919388430196, 1.0036162119006247]
02354616,93391,392130,824,1;[24199, 682, 0.8956283256085829, 1.1623303268783551, 453.9777727320019, 0.9537891072833949, 1.005651830611312]
02354616,93392,392134,891,1;[29509, 756, 0.8781696940842093, 1.2910538618175018, 468.7086170110678, 0.9290413234876038, 1.0055544196824098]
02354616,93392,392134,891,2;[16314.9, 522, 0.8683430548546315, 1.140734507620839, 764.2131213199623, 0.923345070043881, 1.0032196692521587]
02354616,93392,392134,892,3;[20155.440000000002, 534, 0.8401398678612801, 1.1041203754610982, 520.8261550018378, 0.8717554415160418, 1.0011227926916404]
00023698,93080,390528,134,1;[36900, 898, 0.9978155479327312, 1.0259673944738459, 89.73238912855744, 0.9929930238391793, 0.9837638966648005]
00023698,93080,390528,134,2;[39364.009999999995, 820, 1.0504391901326098, 1.022399976459444, 131.86334323534342, 0.9822628171354302, 1.0140555785472325]
00023698,93080,390528,134,3;[55474.04, 910, 1.2348669144335471, 0.954528904486548, 84.48481776732575, 0.9923977465338607, 26994.666666666668]
00023698,93244,391403,53,2;[43991.92, 860, 1.0139415938895173, 1.0212939734954087, 88.72411398565121, 0.9915332214735743, 9999]
00023698,93244,391403,54,1;[45368, 944, 1.0138822074695624, 0.9740646097252217, 57.91967425793741, 0.993886083647604, 1.000099198694986]
00023698,93244,391403,55,3;[38692.91, 766, 1.0128055678324268, 1.0020142613457823, 123.04365198080062, 0.9864740144323954, 0.9985680697226298]
00023892,93026,390259,210,1;[115384, 1676, 0.9705763288702812, 0.9705763288702812, 27.44450635858385, 0.9967809945790217, 0.9971869206936336]
00023892,93026,390259,211,2;[117053.15999999999, 1570, 1.0149650236071255, 0.9746772383627069, 32.01824097753799, 0.9959190027831599, 0.996711876257112]
00023892,93026,390259,211,3;[116700.71, 1438, 1.0186254340279237, 0.9437976061425024, 56.93241554978748, 0.9908537816795847, 9999]
00023892,93026,390259,212,1;[115337, 1664, 0.9804131521278897, 0.9889032468085639, 29.32303153461915, 0.9964262448288627, 0.9924920079683675]
00023892,93026,390259,212,2;[117691.0, 1554, 1.014747909288223, 0.9808503008994244, 33.38817836122004, 0.9959185983378324, 9999]
00023892,93026,390259,212,3;[114356.64000000001, 1394, 1.0039062202291396, 0.9507977939312924, 37.10296143051946, 0.9936297065684685, 9999]
00023892,93026,390259,214,1;[120043, 1634, 1.0032661182443197, 0.9887838124952426, 22.927187669422857, 0.9969424029558446, 0.9982495311986761]
00023892,93026,390259,215,3;[114305.95000000001, 1398, 1.010278510246198, 0.9543713578041263, 39.13504025500448, 0.9933049493998183, 9999]
00023892,93026,390259,216,2;[116758.04, 1568, 1.0123332269148082, 0.98091887278259, 29.98789604125521, 0.996023856518871, 0.9963240520725442]
00023892,93049,390350,751,2;[112488.31999999999, 1480, 0.9848740726439702, 0.9929826624223882, 26.49613653842162, 0.9961483784872827, 9999]
00023892,93049,390350,752,3;[118309.09000000001, 1532, 1.0130833231157215, 0.9721992345752148, 59.29260583943325, 0.9911236827270111, 9999]
00023892,93049,390350,753,1;[115862, 1658, 0.9829469492684024, 0.9978529551266063, 24.60371064380052, 0.9960469422803894, 0.9909383646292598]
00023892,93049,390350,756,2;[116076.17, 1538, 1.0085478725212538, 0.9927081192712227, 43.37188848757056, 0.9943862237694245, 9999]
00023892,93049,390350,756,3;[117833.70000000001, 1382, 1.047327962051423, 0.9430491915437306, 103.28006889242694, 0.9876476852572468, 0.9989779088945155]
00023892,93049,390350,757,1;[119330, 1636, 1.0075125795868425, 0.9942916148693116, 29.0029681718026, 0.9953227996444487, 9999]
00023892,93049,390350,758,3;[117121.3, 1400, 1.030931342867741, 0.9719735434960686, 74.73251000866165, 0.9910807744684849, 9999]
00023892,93049,390350,760,1;[119412, 1684, 1.0004737661313214, 0.9880028410604836, 28.934950571560975, 0.9954903479060804, 0.999870214146658]
00023892,93049,390350,760,2;[117228.09, 1564, 1.0405712513178689, 0.9825036010815462, 94.58212834702178, 0.9879751501300211, 0.9954779023530066]
00023892,93049,390350,761,1;[115473, 1576, 0.991677529821298, 0.9926776955103828, 36.86362273631874, 0.9942467519164607, 1.0014917476864902]
00023892,93049,390350,763,2;[118247.92, 1546, 1.0345050869305332, 0.994516715150005, 59.95186314319832, 0.9908730469999921, 9999]
00023892,93049,390350,763,3;[118310.46, 1494, 1.0361395917367435, 0.9712337522244107, 108.28824339469637, 0.9843328979744623, 0.9939059128182995]
00023892,93049,390350,766,1;[116227, 1652, 0.9751026370807013, 0.9892795240401203, 27.456611617824382, 0.9965442441576506, 0.9924685549359998]
00023892,93049,390350,767,3;[117711.77, 1466, 1.0214023858039325, 0.9691685127209577, 43.76655418360943, 0.9929606828812833, 10740.125]
00023892,93049,390350,769,2;[117706.47, 1490, 1.0202549609913965, 0.9997484379105231, 29.963769686372082, 0.995278891855519, 9999]
00023892,93049,390350,770,1;[117114, 1588, 1.0024585818836231, 0.9928265580916606, 32.869004539460455, 0.9955113006843905, 9999]
00023892,93049,390350,770,3;[118395.40000000001, 1410, 1.0424963099943128, 0.9275135170288007, 78.28360049762023, 0.9922517167138535, 9999]
00023892,93049,390350,773,2;[114238.81, 1522, 1.0044227657496143, 0.986742260703326, 36.17136856988099, 0.9948063335800724, 9999]
00023892,93099,390646,1221,2;[114072.20999999999, 1486, 1.0090858747803573, 0.9867088647928606, 38.53013999163804, 0.9934468550222741, 9999]
00023892,93099,390646,1222,1;[115757, 1704, 0.9986716907804245, 0.9931340390066832, 35.39650912607604, 0.9961712619634862, 0.989105543782897]
00023892,93099,390646,1222,3;[117585.73000000001, 1392, 1.1323117391248805, 0.9651113997953958, 50.31573890807299, 0.9940088735414381, 9999]
00023892,93103,390673,1487,1;[118131, 1640, 0.9941992381714719, 0.9832364950716539, 24.18140079113889, 0.9967673469878491, 0.9975637458357788]
00023892,93103,390673,1488,3;[117951.52, 1364, 1.034720293021279, 0.9614925636421753, 96.22023479779668, 0.98528403584093, 0.9961010262284081]
00023892,93103,390673,1489,2;[116541.45999999999, 1546, 1.014966414714585, 0.992022459678374, 40.09946663942671, 0.9947342202306876, 0.9929282227280332]
00023892,93103,390673,1491,2;[120403.01, 1514, 1.0503891899546012, 0.9843946252209498, 113.66690920960296, 0.984839104179109, 9999]
00023892,93103,390673,1492,1;[114627, 1678, 0.9987680845865211, 0.9924709850319351, 45.564953524898826, 0.9946129103177113, 0.9927122981592382]
00023892,93103,390673,1492,3;[112581.12000000001, 1362, 1.004285977747245, 0.9649001229124898, 31.23126453415144, 0.9956981357234577, 9999]
00023892,93103,390673,1495,2;[114817.15, 1510, 0.9930315460441014, 0.9870770259924616, 31.546042712339776, 0.9947702350629656, 9999]
00023892,93103,390673,1497,3;[113548.34000000001, 1404, 1.0054351093309934, 0.960491452600365, 28.91913419738997, 0.9948299282430487, 9999]
00023892,93103,390673,1498,1;[116314, 1654, 0.989772517025471, 0.9913499174139772, 25.89202116124958, 0.9956881817830718, 0.9948765321221763]
00023892,93103,390673,1499,1;[115761, 1706, 0.9962542217613665, 0.9812057965453727, 38.26655464467754, 0.9959036968410945, 0.9896936302274583]
00023892,93103,390673,1499,3;[117251.45000000001, 1500, 1.0242496834682837, 0.9748615169204323, 53.78139989410666, 0.9908513476631625, 34234.0]
00023892,93103,390673,1500,2;[113904.42, 1520, 1.0033341804562999, 0.9866325509813356, 31.931454020851525, 0.9944117262205622, 0.9918501209788144]
00023892,93122,390798,1587,3;[117843.29000000001, 1442, 1.0406381091708652, 0.97290517790024, 111.87571133625764, 0.982512094931687, 0.9956477955389904]
00023892,93122,390798,1589,1;[115972, 1698, 0.9778822539189395, 0.9908134710763481, 20.37117655163161, 0.9968449509462828, 0.9941706957446079]
00023892,93122,390798,1589,2;[117505.36, 1504, 1.0292453359150497, 0.9978651105229204, 41.27597117489877, 0.9945531923571351, 9999]
00023892,93122,390798,1590,1;[114476, 1708, 0.9714008354292216, 0.9792266459744134, 31.895664856885332, 0.9963746613606888, 0.9873600048300221]
00023892,93122,390798,1590,2;[115546.62, 1446, 1.0044099548766843, 0.9937778684089924, 34.96544073137213, 0.9941037791054449, 9999]
00023892,93122,390798,1592,3;[117977.55, 1424, 1.0384956777881869, 0.9582881772027657, 51.69301507743181, 0.993571167624946, 172230.0]
00023892,93139,390920,17,2;[116130.90999999999, 1510, 0.9981631323817355, 0.9808162066148503, 32.268889709424414, 0.993887002655094, 0.9946034641785189]
00023892,93139,390920,17,3;[117082.94, 1368, 1.01704474354301, 0.9629625559037094, 53.25214145749839, 0.9925764721536028, 9999]
00023892,93139,390920,18,1;[114291, 1656, 0.9814575364939319, 0.9959018721886728, 30.733984173391054, 0.9957475714305857, 0.9944271152817112]
00023892,93139,390920,19,1;[117141, 1708, 1.0011284673044343, 0.9784178992053928, 59.47460187917027, 0.9921109682880714, 0.9933264364697103]
00023892,93139,390920,20,3;[118051.53000000001, 1470, 1.0213625513322462, 0.9716452290970454, 85.44257796364806, 0.9849400431888099, 9999]
00023892,93139,390920,21,2;[115941.7, 1478, 1.0067750976010585, 0.9966286729292532, 25.270836994108723, 0.9955051948918705, 1.001742742428838]
00023892,93166,391047,301,1;[119197, 1602, 0.9934559797032223, 0.9948353663934025, 20.712104405988043, 0.9968702647084702, 0.9987055043296481]
00023892,93166,391047,301,2;[116151.14, 1540, 1.0002683910551358, 0.9928704150270152, 33.4848806094114, 0.9948215854848882, 9999]
00023892,93166,391047,303,3;[118637.89000000001, 1398, 1.0223579081250327, 0.9703534494557088, 42.23273852076505, 0.9934911546531924, 9999]
00023892,93166,391047,304,1;[117753, 1622, 0.9772164352433422, 0.9958620833402838, 25.766315361363983, 0.9967860458868003, 0.9972686967237064]
00023892,93166,391047,305,2;[117093.62, 1536, 1.002178459818774, 0.997850638667676, 24.4138911119299, 0.9964615269265222, 1.000127051242307]
00023892,93166,391047,305,3;[119032.45000000001, 1370, 1.0183846266174685, 0.9748323649170428, 37.875699129217296, 0.9947455224370897, 2199.6202531645567]
00023892,93166,391047,307,2;[115370.5, 1528, 1.0058060097422366, 0.9895282762600829, 39.93207841576104, 0.9944151817445519, 9999]
00023892,93166,391047,308,1;[115460, 1682, 0.9960968642594321, 0.9954651582763876, 40.582903883813906, 0.9951983391381567, 0.9932470213772635]
00023892,93166,391047,308,3;[118877.64000000001, 1454, 1.017150500848034, 0.9733966928934351, 36.44529966828555, 0.9937569319287601, 1324.7633587786258]
00023892,93166,391047,309,1;[119716, 1620, 1.0322619672169577, 0.9876387315526259, 46.38197855060344, 0.9944067144527013, 0.999419796219075]
00023892,93166,391047,309,2;[115416.90999999999, 1496, 1.0140101989435855, 0.9782871975660953, 49.76970517264166, 0.9923215994050387, 9999]
00023892,93166,391047,310,3;[117396.67000000001, 1446, 1.0322636927019022, 0.9549682020607355, 42.6314536599798, 0.9954496600959517, 9999]
00023892,93166,391047,312,2;[119097.58, 1476, 1.0286965797742729, 0.9766518066581236, 64.13464440773701, 0.9901136968339167, 100082.0]
00023892,93166,391047,313,1;[120302, 1688, 1.021004314514589, 0.9866737636844082, 42.55555215394716, 0.9931729686905908, 0.9957002685780263]
00023892,93166,391047,313,3;[119017.38, 1408, 1.0256435421473993, 0.9687818342517958, 44.27779058241403, 0.9929874755115312, 24821.14285714286]
00023892,93166,391047,315,1;[117580, 1706, 0.9911475015587408, 0.9998940038735258, 31.46718806602632, 0.9964770636421072, 0.9924037812288994]
00023892,93166,391047,315,2;[119473.62, 1562, 1.0290292751963206, 0.976969826578464, 59.39391504055549, 0.9910613417632356, 9999]
00023892,93166,391047,315,3;[120414.78000000001, 1524, 1.0420803432332637, 0.9716719340706381, 114.80932319891738, 0.9838297153742086, 0.9968696835658387]
00023892,93265,391506,609,1;[120450, 1668, 1.0130823848066772, 0.9934285035407959, 28.081715577593773, 0.9950777124707098, 9999]
00023892,93265,391506,609,3;[119976.38, 1438, 1.0627480642574758, 0.9590433977019611, 126.38952663022229, 0.9846962103710577, 0.99012968218255]
00023892,93265,391506,610,2;[119833.0, 1508, 1.0279624297293433, 0.9939602657133225, 34.05485042585448, 0.9943307197997148, 0.9989534301203803]
00023892,93265,391506,611,3;[119896.92000000001, 1368, 1.0267371543472592, 0.9680652141772095, 60.138477372720004, 0.9910185054986551, 175032.0]
00023892,93265,391506,612,2;[116885.37, 1548, 1.0145783774572443, 0.9803564738122116, 29.62078944142632, 0.9948200399301197, 9999]
00023892,93265,391506,613,1;[114481, 1610, 0.9955593575803238, 0.9902087238335712, 36.759064237107594, 0.9944111491071127, 0.9902515396858349]
00023892,93329,391882,87,1;[118271, 1616, 1.0194271800477344, 0.9951980347867928, 37.73351695185407, 0.9949972892828642, 0.9989948475377988]
00023892,93329,391882,87,2;[111247.15, 1430, 0.9892958805203751, 0.987969527216751, 25.62743346510477, 0.9960790202361292, 9999]
00023892,93329,391882,87,3;[115923.92000000001, 1414, 1.0215942370198658, 0.9563196493174627, 47.010858776237484, 0.9953242287886229, 9999]
00023892,93329,391882,89,1;[114628, 1672, 0.9914825066265023, 0.992449732020601, 46.0862142629913, 0.9941192467786226, 0.9939475920434248]
00023892,93329,391882,89,3;[114667.63, 1414, 1.0167941706478845, 0.9529070402788227, 69.36194070195396, 0.9896615259912896, 0.9922821576763485]
00023892,93329,391882,90,2;[116098.78, 1540, 1.024478526931865, 0.9929498654533664, 58.7047229351499, 0.9922725834272821, 9999]
00023892,93329,391882,92,2;[114627.93999999999, 1522, 1.0073552101636527, 0.9847883422105579, 36.85985021329225, 0.9940911230252352, 0.9904477918873066]
00023892,93329,391882,92,3;[114493.64000000001, 1356, 1.0098884038015559, 0.9575393429604518, 53.70771228318953, 0.9928164272628103, 9999]
00023892,93329,391882,93,1;[115389, 1646, 0.9791536811644996, 0.9912072497007227, 30.555962129969355, 0.9961549890584726, 0.995354855405318]
00023892,93329,391882,94,1;[116973, 1592, 0.994606233216065, 0.9965614043713638, 34.71012332712566, 0.9946580766084038, 0.9999615310636661]
00023892,93329,391882,94,2;[112866.73999999999, 1496, 1.003006582190011, 0.9923183925625743, 26.138494257660792, 0.99570058885804, 9999]
00023892,93329,391882,94,3;[114433.36000000002, 1410, 1.0214616209838423, 0.9517095185099957, 73.57692311392724, 0.9894936176987641, 0.990536726513768]
00023892,93329,391882,96,1;[115407, 1632, 0.9872182726007631, 0.9927104473525977, 23.989429741072772, 0.9960868400620199, 0.996795591563164]
00023892,93329,391882,96,2;[113005.97, 1516, 0.9882006017804126, 0.9825266807640969, 27.477798069064683, 0.9957344812378607, 0.9942780561096016]
00023892,93329,391882,96,3;[117169.25000000001, 1434, 1.0569068397282255, 0.9348208440309685, 110.45560734956277, 0.9883416942725053, 9999]
00023892,93329,391882,99,1;[118266, 1608, 1.0340711010663866, 0.9901960891665134, 40.350390802242764, 0.9941750124012475, 0.995743928467688]
00023892,93329,391882,99,2;[114010.33, 1524, 1.0088953795511193, 0.9873587254334197, 27.375748128469997, 0.9954495918170748, 9999]
00023892,93329,391882,99,3;[113752.47000000002, 1336, 1.0058340005280906, 0.9771892906538502, 25.640739364499375, 0.99607581804577, 9999]
00023892,93377,392048,3,3;[118466.64000000001, 1406, 1.047556527781869, 0.9626297559970822, 107.28162349534367, 0.988306503325163, 9999]
00023892,93377,392048,4,1;[118492, 1724, 0.9863208326474601, 0.9986424630954116, 19.764201178268063, 0.9967779664001932, 0.982353745839223]
00023892,93377,392048,4,2;[116322.5, 1540, 1.0024661578187861, 0.9812524545754474, 28.71243987076844, 0.9953319054134065, 9999]
00023892,93377,392048,5,1;[112681, 1604, 0.9750116024793062, 0.9728192778387952, 30.87669786078407, 0.9962903174522396, 0.9869450782375636]
00023892,93377,392048,5,2;[117476.79999999999, 1468, 1.0128946844061226, 0.9826118107683158, 31.69563920609115, 0.9953051589361018, 9999]
00023892,93377,392048,5,3;[119291.38, 1442, 1.0494193382007337, 0.9224995551443748, 90.97954973781846, 0.9914184377585706, 9999]
00023892,93377,392048,8,2;[114999.22, 1520, 1.0070723933409482, 0.9772014446917673, 55.95936210100426, 0.9911467610708359, 1.0000983146794165]
00023892,93377,392048,8,3;[115359.48000000001, 1394, 1.0261842013140077, 0.9530082855170431, 74.80732270330151, 0.9887307322964278, 9999]
00023892,93377,392048,9,1;[115825, 1638, 0.9752674514762388, 0.977930434245964, 26.59457846165895, 0.9966290836236483, 0.9829547624402228]
00232831,93048,390346,740,1;[60347, 1074, 1.0041203919890753, 0.9799737843213558, 68.8031668473261, 0.9893269121354705, 1.0045276737411568]
00232831,93048,390346,740,2;[26282.34, 714, 1.0320528336306802, 1.014372897938292, 140.43680277580415, 0.9847081607347733, 9999]
00232831,93048,390346,740,3;[48303.46000000001, 810, 1.1451752258466206, 0.9524738607388366, 111.29907984614162, 0.9886044851043795, 1.0053033759124088]
00232831,93048,390346,741,1;[58549, 1054, 1.0054455670794802, 0.9721401613657598, 71.84338526471858, 0.9899833681219329, 1.006091640962634]
00232831,93048,390346,741,2;[26754.77, 714, 1.0341519316231074, 1.0048081338552852, 159.3327943069655, 0.9804418482813829, 1.0053435285174503]
00232831,93048,390346,741,3;[59377.170000000006, 910, 1.009236585552549, 0.9801747544230137, 119.60868056295885, 0.9820228240271109, 1.0022546741128724]
00232831,93048,390346,742,1;[60220, 1068, 1.0074655194483435, 0.9772295374079115, 65.41557014703079, 0.9913233628504808, 1.006005629755849]
00232831,93048,390346,742,2;[36023.68, 754, 1.1820072772154882, 0.975194568199687, 145.89823339616314, 0.9858882366313425, 1.007957912962408]
00232831,93048,390346,742,3;[30371.530000000002, 664, 1.0089733402220478, 0.9955065153366602, 110.20559259267367, 0.9896436106369197, 1.003848940409346]
00232831,93147,390953,359,1;[28614, 804, 1.0032679635817676, 0.9797642027110547, 76.11960080236409, 0.9935266967839056, 1.0029442691903259]
00232831,93147,390953,359,2;[32495.329999999998, 730, 1.0010910926167107, 1.0181539503852286, 138.38844875947652, 0.9872961394964037, 1.0066911209009972]
00232831,93147,390953,359,3;[44651.04, 780, 1.1265940771710539, 0.9490983104198878, 135.99181647196534, 0.9850378115291741, 1.0061277725469615]
00232831,93165,391039,287,1;[39866, 864, 1.0298398293658304, 0.9959000629021967, 86.7554628668432, 0.992586344484783, 0.9994735126733021]
00232831,93165,391039,287,2;[58477.79, 974, 1.0269415973797502, 0.9712203717647845, 110.17502078317794, 0.9861528678999373, 1.0036866453569715]
00232831,93165,391039,287,3;[47685.590000000004, 804, 1.0360607644632402, 0.94115180619928, 106.98442230112188, 0.9887037694940279, 9999]
00232831,93165,391039,289,1;[28699, 810, 1.00818441333912, 0.9786705332760606, 77.15163995602295, 0.9933617731220881, 0.9997039101280153]
00232831,93165,391039,289,2;[29376.34, 706, 1.0029025862775742, 1.0184988224387705, 115.10771404046059, 0.9898791421656763, 1.0058060178866095]
00232831,93165,391039,289,3;[29242.65, 658, 1.0054347153086407, 1.016919426240819, 136.91117619523283, 0.9875221844265234, 1.0027482207032625]
00232831,93165,391039,290,1;[29374, 836, 1.0333035036256313, 0.9688302861139513, 84.38927192001452, 0.9925713888783438, 1.00454840805718]
00232831,93165,391039,290,2;[48306.86, 868, 1.1486846561401474, 0.9733066559966124, 138.39645165229948, 0.9857525522417887, 1.0036095727848102]
00232831,93165,391039,290,3;[28849.460000000003, 652, 1.0052699092288533, 1.0203944978101065, 115.91342784668967, 0.98962519814608, 1.003669987131214]
00232831,93328,391868,72,1;[53913, 1002, 1.0197885864858176, 0.9823802569413564, 73.40299224254385, 0.9925419384832258, 1.0061398925052254]
00232831,93328,391868,72,2;[30416.399999999998, 710, 1.0438726826922544, 0.9772929921499058, 127.79972348039183, 0.989214036519754, 9999]
00232831,93328,391868,72,3;[54501.340000000004, 870, 1.009712309967718, 1.0058363780854904, 98.19940865914353, 0.988407161462243, 9999]
00232831,93328,391868,73,1;[53548, 998, 1.0189524065939604, 0.9797690597906243, 70.54455465725476, 0.9923345736926806, 1.0058606957697798]
00232831,93328,391868,73,2;[32314.449999999997, 730, 1.0032959324346369, 1.0173005886922057, 119.24168662801405, 0.9887060503406242, 1.0007739367583106]
00232831,93328,391868,73,3;[56224.8, 882, 1.0097929346542687, 1.0019868142286004, 108.93376190051036, 0.985441320762081, 9999]
00232831,93328,391868,74,1;[58872, 1058, 1.0073440151434425, 0.9871881459772484, 66.68563326524257, 0.9914655171775439, 1.0050875815208113]
00232831,93328,391868,74,2;[56247.729999999996, 944, 1.126253123694444, 0.9646773931279856, 122.14461848641795, 0.984343955618227, 1.0040039508480516]
00232831,93328,391868,74,3;[54302.69, 864, 1.013030303116915, 1.0093036032740614, 115.46933163720168, 0.98485697905831, 9999]
00441627,93067,390432,65,1;[15714, 638, 1.1674466010813829, 0.7561046669035688, 346.9259901289501, 0.8894003153109493, 9999]
00441627,93067,390432,65,2;[22807.539999999997, 598, 1.2492295671770943, 0.6873563737289509, 725.4471444585623, 0.802947111159498, 1.0071201492341242]
00441627,93067,390432,65,3;[24192.83, 574, 1.2862026293244972, 0.627518252358114, 919.6946239846145, 0.7491276827770813, 1.0014461110953583]
00441627,93067,390432,68,1;[27245, 722, 1.194274443727004, 0.7854497065170992, 253.61920328175842, 0.8218047238321838, 1.0026127916390668]
00441627,93067,390432,68,2;[19893.23, 552, 1.2279508009012952, 0.691695128853225, 746.0960470034152, 0.8021470782719747, 1.0057455704960443]
00441627,93067,390432,68,3;[24559.99, 578, 1.249334502503404, 0.6992193052806123, 637.1037281747384, 0.7989884203727122, 1.005468465184105]
00441627,93264,391493,588,1;[22012, 638, 1.1902319115508202, 0.7554629722602274, 311.47135337826666, 0.9024941265452469, 1.0028702902182332]
00441627,93264,391493,588,2;[11046.769999999999, 442, 1.2688507520906305, 0.568624318149486, 1073.9919204139494, 0.8389947737193553, 1.0008085817476147]
00441627,93264,391493,589,3;[20825.370000000003, 572, 0.8375946561742645, 0.9479367480249553, 377.22639973804326, 0.9546848765054015, 9999]
00441627,93264,391493,590,1;[26199, 702, 1.1968991048328994, 0.7830631210680268, 238.2215595066502, 0.8440536702093943, 1.002813343285296]
00441627,93264,391493,590,2;[23864.26, 612, 1.256414906920121, 0.7114798013705466, 659.404770109903, 0.8013166476486309, 1.006474278544542]
00441627,93264,391493,590,3;[22539.24, 548, 1.240577208802182, 0.6790604020814679, 731.5496162779987, 0.816163010966084, 1.007594316511514]
00441627,93264,391493,592,2;[20644.12, 564, 1.2765752460824928, 0.6418410166332688, 751.8929663106045, 0.8103749676560578, 1.006877738762007]
00441627,93264,391493,593,1;[26302, 710, 1.1869223694738409, 0.7556416865111578, 217.07387056715302, 0.8227076205914147, 1.0046216722050343]
00441627,93264,391493,593,3;[22637.88, 554, 1.2541221880604563, 0.6647905524711956, 803.3539340885751, 0.8014692819644617, 1.0067936024371669]
00441627,93264,391493,595,1;[21004, 622, 1.2261234030861412, 0.7310576484003581, 472.6180818493479, 0.823122619580244, 1.003343842552785]
00441627,93264,391493,595,2;[11633.439999999999, 446, 1.2632936905524654, 0.5825693369903253, 1041.3494470749433, 0.8378206056193052, 1.0045727791193546]
00441627,93264,391493,595,3;[17955.22, 490, 1.2818439755307773, 0.6146253616547164, 1003.9752625110541, 0.7923147851360215, 1.0054083080817766]
00441627,93264,391493,597,1;[21659, 634, 1.2205437772438723, 0.7396867577857835, 496.35626253240565, 0.8234554444576889, 1.0013407304669442]
00441627,93264,391493,597,2;[11781.0, 446, 1.2526755049413298, 0.5930250479058373, 1001.3408967567739, 0.8377018170298075, 1.0046681550639334]
00441627,93264,391493,597,3;[25829.980000000003, 598, 1.304461947657784, 0.6171348046256954, 891.4483809446956, 0.7008563082716605, 1.0046090315705343]
00441627,93264,391493,599,2;[11305.0, 440, 1.281290154903554, 0.5989384629154292, 1112.9236219185766, 0.8319700501072221, 1.0061427663630587]
00441627,93264,391493,599,3;[26054.660000000003, 596, 1.2972739183958333, 0.627373736650462, 911.3357686232492, 0.6873495394212334, 1.006776071995765]
00441627,93264,391493,600,1;[11917, 530, 1.233004992998604, 0.5924407163077953, 594.2305042806784, 0.866906872461912, 1.0063758814339399]
00441627,93384,392076,320,1;[27232, 722, 1.19797231594017, 0.7724418266403039, 293.18423867124017, 0.8440864423516885, 0.9968336475282318]
00441627,93384,392076,320,2;[26190.71, 644, 1.2443350406743297, 0.7063992727186719, 541.4603397300541, 0.7930715835509385, 1.0072077431755257]
00441627,93384,392076,320,3;[12539.61, 542, 1.257142710942477, 0.6054314665806244, 1137.5345461779932, 0.8236665273880546, 9999]
00441627,93384,392076,322,1;[27294, 720, 1.1898894599562893, 0.7924356124797725, 233.60026559868265, 0.8387704855837407, 0.9927617939111774]
00441627,93384,392076,322,2;[11972.59, 504, 1.2654479295693073, 0.604850949580783, 1069.9444021593242, 0.8422020448077775, 0.8745653685674548]
00441627,93384,392076,322,3;[26950.640000000003, 610, 1.2694555761257222, 0.6575541292758709, 733.2024652984303, 0.7600948869274285, 1.0021651086375098]
