02276747,93027,390268,338,1;[33950, 804, 1.0307443130810832, 0.9776092442552546, 62.893754432361796, 0.9944224033404363, 1.0016965405325662]
02276747,93027,390268,338,2;[48559.14, 870, 1.1300630128238704, 0.9844542102344915, 172.7232139652424, 0.9827827033567699, 1.006400059191299]
02276747,93027,390268,338,3;[55317.86000000001, 874, 1.011354782891323, 1.004433286336602, 106.63911653246875, 0.9857023605983352, 1.0038659954005842]
02276747,93028,390270,430,1;[56201, 1034, 1.0361928326553558, 0.9774960402685997, 80.61461395140249, 0.9916564742812933, 1.0054655562612376]
02276747,93028,390270,431,2;[47972.47, 864, 1.0412779836604684, 0.9739398569012675, 159.2362156780245, 0.984620142776826, 1.0075479243208119]
02276747,93028,390270,431,3;[48488.41, 806, 1.1361232972525515, 0.9428039497773052, 111.46377467629827, 0.9885632313158716, 1.0073861129691035]
02276747,93028,390273,427,1;[51813, 982, 1.026636999026709, 0.9640363063293629, 67.02539558808188, 0.9922938484273062, 1.005209091173646]
02276747,93028,390273,427,2;[52543.259999999995, 906, 1.0400211364212626, 0.9765646058735916, 175.04799249483398, 0.982238650450427, 1.0084275436793422]
02276747,93028,390273,427,3;[53395.75000000001, 850, 1.1217039000113054, 0.941759281882273, 117.07100825312111, 0.9878087833360942, 1.0075876064785492]
02276747,93028,390273,428,2;[38118.08, 768, 0.9987762086339077, 0.8568418756664287, 159.57719714043637, 0.984659708381411, 1.0059511658946376]
02276747,93028,390273,428,3;[56174.11000000001, 886, 1.0087034062043145, 0.8839073123664063, 110.56308473374939, 0.9852711564747294, 9999]
02276747,93028,390273,429,1;[48950, 952, 1.019603787884146, 0.9750481430906706, 60.893510001232485, 0.9928310392180232, 1.0056187277228232]
02276747,93032,390304,55,1;[57223, 1044, 1.0132654058089299, 0.9773919478281832, 69.9149599609089, 0.9900126467327452, 1.0040708181993647]
02276747,93032,390304,55,2;[41238.259999999995, 796, 1.1605936230153242, 0.9620952504461201, 131.9973379048339, 0.9877522782478826, 1.008013729511177]
02276747,93032,390304,55,3;[45244.25, 788, 1.009493121681388, 1.0163605388273322, 117.05164574169969, 0.9886532530921189, 9999]
02276747,93032,390304,57,1;[56120, 1038, 1.0099807584274454, 0.9845240874054355, 58.81120429978541, 0.9902428376862166, 1.0059961818035152]
02276747,93032,390304,57,3;[29812.570000000003, 656, 1.0060790459419444, 1.0220569353767184, 140.7471438837715, 0.9880001701885772, 1.0018415358408912]
02276747,93032,390304,58,2;[55060.11, 944, 1.0044384441168575, 1.0219126462063315, 164.301271915909, 0.9824403723939548, 1.0074685363410705]
02276747,93048,390340,738,1;[55329, 1022, 1.028984850739029, 0.9803225949385292, 77.63948516480595, 0.9922008317836342, 1.0046210133546378]
02276747,93048,390340,738,2;[56073.99, 954, 1.0960511336275922, 0.9683996852150174, 189.84645895245697, 0.975292599992362, 1.007160261616723]
02276747,93048,390340,738,3;[48682.950000000004, 810, 1.1387331507715532, 0.9396589951775882, 125.06356999395938, 0.9870628187636773, 1.005930560076998]
02276747,93051,390360,928,1;[52774, 992, 1.0342818059767345, 0.9822176919211971, 73.36310928977997, 0.9922942972411565, 1.0054488645023625]
02276747,93051,390360,928,2;[56038.29, 948, 1.0486905377392408, 0.9592551874353648, 159.9099464432647, 0.9791530788968825, 1.006153451701814]
02276747,93051,390360,928,3;[55760.37, 874, 1.1153358517768188, 0.9259113872997897, 111.56102701610563, 0.9869213854682796, 1.0067153934626942]
02276747,93051,390364,929,1;[54172, 1012, 1.0395490863343873, 0.9786868002273597, 82.68768476659471, 0.9918006850794681, 1.0053541436617888]
02276747,93051,390364,929,2;[55721.75, 950, 1.0876833630088143, 0.9742830291206496, 192.15017435624293, 0.9744993094449378, 1.0081925739323279]
02276747,93051,390364,929,3;[45670.32000000001, 782, 1.117427833931324, 0.94473885360864, 131.59577832661586, 0.9861671021407428, 1.0075865195708025]
02276747,93057,390391,638,1;[56736, 1040, 1.0065045832713557, 0.978376938146014, 68.9004740137224, 0.9906805577275358, 1.006984070639393]
02276747,93057,390391,638,2;[35414.4, 742, 1.0022938220533661, 1.0217849987312102, 163.3644186426084, 0.9846679772318575, 1.008044711660598]
02276747,93057,390391,638,3;[46889.62, 790, 1.128372822781397, 0.9385214334477514, 119.34162893033603, 0.9871514947062571, 1.0068247337765488]
02276747,93057,390393,636,1;[56186, 1042, 1.0010814619217663, 0.9752877957703294, 67.15375427846, 0.9899160559953214, 1.0067371438810249]
02276747,93057,390393,637,2;[42848.329999999994, 812, 1.1622320458949713, 0.9608591579674091, 161.89406687486095, 0.9847280554906587, 1.006105313159255]
02276747,93057,390393,637,3;[55700.090000000004, 874, 1.1214574480881576, 0.945385698827691, 102.02594933790338, 0.9880833331162056, 1.0062244001435448]
02276747,93062,390400,1092,2;[43924.09, 826, 1.0587977971752003, 0.9543611240252403, 148.809927627742, 0.983770197847378, 1.0068741645980523]
02276747,93062,390400,1092,3;[38109.29, 722, 1.007936811335047, 1.0163811399617806, 114.38313904486198, 0.988088683024807, 354.35668789808915]
02276747,93062,390400,1093,1;[37320, 836, 0.9986368845907561, 1.0242313348590537, 82.05004112613804, 0.9929177237220359, 1.0046842190276208]
02276747,93063,390406,1166,1;[46963, 928, 1.0303992713918657, 0.968414814407192, 59.8416384610286, 0.992616468345349, 1.0045454059314873]
02276747,93063,390406,1166,2;[28770.629999999997, 712, 1.0438960459674251, 0.9705979440428941, 170.66169882334486, 0.9785167875401726, 1.010089615842577]
02276747,93063,390406,1167,3;[46954.01, 794, 1.1283750763024134, 0.9499232714381358, 116.03255782215334, 0.9862213208831653, 1.00653441212317]
02276747,93078,390512,36,1;[32635, 812, 1.0331019696110741, 0.971649696538069, 72.04532421852505, 0.9936816286010475, 0.9588517871046407]
02276747,93078,390512,36,2;[45379.46, 840, 1.0048583629311545, 0.8842447610824871, 143.10025458594265, 0.9848281097628282, 1.005192819674724]
02276747,93078,390512,36,3;[29801.61, 676, 1.0587543344590635, 0.9347456050958414, 174.74160594573576, 0.9833956823606584, 2719.125]
02276747,93078,390512,38,1;[57526, 1052, 1.0000758747097942, 0.9802664698608541, 60.36809719333173, 0.9893259937323496, 1.004645476772616]
02276747,93078,390512,39,2;[44016.909999999996, 824, 1.1617397242283196, 0.9650159129394359, 135.86453948229968, 0.985797657138851, 1.0067773543821448]
02276747,93078,390512,39,3;[48515.810000000005, 808, 1.143281330940952, 0.9318557282889915, 116.98758702014955, 0.987287729333172, 1.005165905026823]
02276747,93078,390512,40,1;[39403, 854, 1.0376047508785624, 0.9843351695946692, 56.579267924677374, 0.9938613384827689, 0.986888407448687]
02276747,93078,390512,40,2;[50200.149999999994, 884, 1.1377352512757244, 0.9564230776913764, 130.00071114621153, 0.9845953600437443, 1.0071624686641996]
02276747,93078,390512,40,3;[52292.9, 850, 1.0416438743671017, 0.9205504953679696, 100.8971713461866, 0.9886726452953893, 1.0033383276818337]
02276747,93079,390522,91,1;[56406, 1034, 1.0256981283928093, 0.9828560379002981, 67.39289978954372, 0.9920617828495103, 1.0037994394269698]
02276747,93079,390522,91,2;[56817.74, 960, 1.0318601123594924, 0.9580765594051753, 158.01286255836567, 0.9807064165197533, 1.0049779517780655]
02276747,93079,390522,91,3;[56778.280000000006, 892, 1.1105381678312685, 0.9351906898956468, 102.50656356608941, 0.9869603916015949, 9999]
02276747,93092,390592,734,1;[55571, 1024, 1.024664524177811, 0.9804182224150136, 76.87380317426454, 0.9912549709155571, 1.0024623654944123]
02276747,93092,390592,734,3;[51638.04, 836, 1.1624908248535413, 0.9326286247384639, 108.12658311263984, 0.9879866715368254, 1.0060724152197413]
02276747,93092,390592,736,2;[29391.809999999998, 712, 1.0491767876982805, 0.9904331698110961, 229.81534374990454, 0.9712062121193701, 1.0097710547833196]
02276747,93092,390592,737,1;[57761, 1054, 1.0075418872086666, 0.9745021674562441, 55.97886631262549, 0.9912672160310719, 1.0044779882963646]
02276747,93092,390592,737,2;[47705.909999999996, 866, 1.1217760122755398, 0.9828170107855069, 200.542738987139, 0.9782407456600251, 1.0061489810260014]
02276747,93092,390592,737,3;[57301.62, 894, 1.0097354905562002, 0.8802463224883791, 128.86577808255163, 0.9804666719073631, 9999]
02276747,93092,390592,738,1;[37895, 842, 0.9991130568896007, 0.9991130568896007, 84.00957697259544, 0.9929498126457769, 0.9971187622518386]
02276747,93092,390592,738,3;[52761.44, 852, 1.0130100748714723, 1.0078350041401107, 98.88289427787088, 0.9877061562907852, 9999]
02276747,93092,390592,739,2;[56797.509999999995, 962, 1.0979027726459756, 0.9671135460824207, 193.79101108518105, 0.9725992308022557, 1.0055196241599427]
02276747,93094,390608,781,1;[56846, 1040, 1.0251390568043677, 0.9833149048321449, 70.43822496902145, 0.9912954007775974, 1.0035927086551617]
02276747,93094,390608,781,2;[50830.85, 894, 1.143210738973693, 0.9566091007120544, 163.2590836836527, 0.9807203599546672, 1.0068711916744257]
02276747,93094,390608,781,3;[47015.66, 798, 1.010161959141207, 0.9875808144604632, 97.51832178650953, 0.98870052557508, 9999]
02276747,93094,390608,783,1;[56880, 1042, 1.0328436501437959, 0.9803378253634183, 79.23786888172974, 0.98837896431556, 1.004929241532835]
02276747,93094,390608,783,2;[56426.229999999996, 954, 1.0494978855372008, 0.9850713459660341, 181.99625310035816, 0.9771282254146774, 1.0053855776774165]
02276747,93096,390620,964,1;[30576, 828, 1.017961945549165, 0.9770195664890425, 98.64402955841388, 0.9882274432089606, 0.9958798143473658]
02276747,93096,390620,964,2;[30803.149999999998, 736, 1.0104019777466855, 1.022144110237299, 137.6335362450973, 0.9848378979799393, 1.0095356954817574]
02276747,93096,390620,964,3;[47181.43, 794, 1.141281505258753, 0.9244556547010035, 116.00947695612413, 0.9873444775651298, 1.0069146992178934]
02276747,93096,390620,965,2;[34150.619999999995, 736, 1.0037221887201595, 1.0178416395988392, 155.9835252649047, 0.9842457703768288, 1.0067707419750922]
02276747,93096,390620,966,1;[56194, 1042, 1.0023097211959164, 0.9785459737589859, 54.19351846458699, 0.9885643105393035, 1.0060242581569172]
02276747,93096,390620,966,3;[55231.55, 880, 1.010801224191179, 1.0026497382286985, 99.91235117490884, 0.9857766584354248, 9999]
02276747,93098,390635,1191,1;[57513, 1048, 1.0174813947411125, 0.9802462479102819, 66.72087370256358, 0.9915863819385199, 1.0051381534105803]
02276747,93098,390635,1191,2;[55066.06, 940, 1.0273172926402228, 0.9674056888813388, 169.006137886486, 0.9806021717406523, 1.0066677543916898]
02276747,93098,390635,1191,3;[53019.00000000001, 854, 1.0121987727744493, 1.0076333979962175, 97.22520490399576, 0.9882780536496176, 9999]
02276747,93098,390635,1193,1;[54866, 1014, 1.0145503022412845, 0.9703007027689139, 67.81343878821309, 0.9912176913725522, 1.0049914367094983]
02276747,93098,390635,1193,2;[54278.28, 926, 1.0437313098571044, 0.9766393446705399, 177.41286469457606, 0.9811272547172756, 1.0058881905391994]
02276747,93098,390635,1193,3;[34002.030000000006, 686, 1.004979863494592, 1.0216093918727382, 121.60628745643626, 0.9888532656267267, 1.0044111695669768]
02276747,93099,390639,1304,1;[36429, 862, 0.9909103419320535, 1.035512319630698, 77.4032490932528, 0.995060569638571, 1.0051597593951769]
02276747,93099,390639,1304,2;[47359.619999999995, 860, 1.1191150790715827, 0.9730579226967829, 164.1336591493094, 0.9832369616709956, 1.0060670408008494]
02276747,93099,390639,1304,3;[52123.020000000004, 846, 1.0109106376165882, 1.004546669656586, 106.85040788253255, 0.9875499674118982, 9999]
02276747,93102,390665,1455,1;[44330, 904, 1.0254198679224473, 0.9787633289693604, 67.80696898287883, 0.9924532017251312, 0.9953521790870512]
02276747,93102,390665,1455,2;[53477.409999999996, 916, 1.041993472734789, 0.9794232671502867, 178.94753315380984, 0.9800917055634941, 1.0075896010134415]
02276747,93102,390665,1455,3;[30845.550000000003, 664, 1.0069222851326556, 1.0182126422353253, 121.50319291362212, 0.9888009226193094, 9999]
02276747,93114,390745,2016,2;[29958.25, 726, 1.0358137759080297, 1.02232905481937, 179.57230909339302, 0.976850793175109, 1.0083915803809256]
02276747,93114,390745,2016,3;[30266.04, 660, 1.0083141537736853, 1.0120789896148064, 125.7593133384955, 0.9887525794212235, 1.0054843774890199]
02276747,93114,390745,2017,1;[42716, 896, 1.0333955326017834, 0.9726561777110401, 75.11582154505534, 0.9923939103829741, 0.9858296792060928]
02276747,93114,390745,2018,1;[41859, 888, 1.041422361899844, 0.9781565457482817, 74.43655431870462, 0.9923510760364708, 0.9850914867329529]
02276747,93114,390745,2018,2;[31417.19, 732, 1.0145677720752466, 1.0194712195717022, 152.32217752199304, 0.9818240674085098, 1.011803932089066]
02276747,93114,390745,2018,3;[55863.12, 886, 1.0086016271434022, 0.8760580276090253, 92.07218874452002, 0.9861938325631565, 9999]
02276747,93115,390750,77,2;[56878.43, 960, 1.0439333331257572, 0.9632140835168518, 186.70413197671976, 0.9749514293670978, 1.0059349679048721]
02276747,93115,390750,77,3;[56116.57000000001, 882, 1.1301451454541298, 0.9396113935732808, 100.65186783593721, 0.9876995772366588, 9999]
02276747,93115,390750,78,1;[32618, 818, 1.2152054701336361, 0.972697819904251, 72.93330588971692, 0.9938329208517349, 0.9356319201422753]
02276747,93118,390765,208,3;[47873.280000000006, 802, 1.158822499103193, 0.9454164540119712, 135.89325808976247, 0.9864854927336, 1.0065675769097822]
02276747,93118,390765,209,1;[41905, 880, 1.1675518257077295, 0.9820297084308482, 83.68872506954042, 0.9930044905384195, 0.9903341683603536]
02276747,93118,390765,209,2;[29918.98, 724, 1.0361101324608435, 0.9657836096992265, 178.11481138534694, 0.9807692539224399, 1.012932597397365]
02276747,93119,390777,310,1;[31531, 814, 1.2396911612314039, 0.9780182334473401, 75.63150380913287, 0.9944954275672657, 0.9264558970441323]
02276747,93119,390777,310,2;[56703.5, 950, 1.1159538569171197, 0.9655294513085948, 182.2627094201763, 0.977121423458203, 1.0057410612520579]
02276747,93119,390777,310,3;[47208.83, 800, 1.0059917233116789, 0.8363188397194092, 137.5038403345604, 0.9862095609686883, 1.0055590411018867]
02276747,93119,390780,312,2;[57159.27, 956, 1.1233933352891385, 0.9635742478906212, 188.69016630619024, 0.9769953950908945, 1.0064536406495548]
02276747,93119,390780,312,3;[57302.990000000005, 896, 1.0070726521428064, 1.005993299790015, 132.17107701571936, 0.9806568727255061, 1.004225588821397]
02276747,93119,390780,313,1;[37271, 846, 1.0317646682566863, 0.989622128488095, 62.9643227832911, 0.9944092848909803, 0.9605804048916895]
02276747,93126,390821,1913,1;[32573, 804, 0.9999404596966073, 1.0044953790433342, 77.44020397506883, 0.9943039696941884, 0.9742623416633017]
02276747,93126,390821,1913,2;[52690.82, 910, 1.032225770876468, 0.9809503046475191, 168.47841136776088, 0.9820847906068709, 1.00853007163438]
02276747,93126,390821,1913,3;[56483.73, 898, 1.007606314371793, 0.8825815427248441, 110.92448403266287, 0.9852907366979304, 1.0039936685742117]
02276747,93139,390921,90,1;[33421, 812, 1.0392438672622022, 0.9765445788152821, 72.64510498833306, 0.9936454258498865, 0.9672107426057764]
02276747,93139,390921,90,2;[48863.78, 872, 1.1488620417668156, 0.9813065544331866, 180.8040545044426, 0.9812958375867106, 1.008448352080161]
02276747,93139,390921,91,3;[56446.740000000005, 880, 1.1327045906941275, 0.9330176333600576, 118.77565931734529, 0.98649796074354, 1.0061661314545964]
02276747,93139,390922,87,1;[31458, 804, 1.0378160557033738, 0.9708157064561473, 74.43315908074716, 0.9941084756711456, 0.9584571089072711]
02276747,93139,390922,87,3;[54131.44, 868, 1.0104144486287516, 1.0051324651590459, 112.85860611624744, 0.9868580163358155, 9999]
02276747,93139,390922,88,2;[54968.479999999996, 940, 1.0438195229116756, 0.9599929344332812, 181.6837651519404, 0.9769843621236382, 1.005682436698526]
02276747,93139,390922,89,1;[39039, 852, 1.0283740893414097, 0.9805394773210501, 57.70043291978363, 0.9942913296407982, 0.9960071947034737]
02276747,93139,390922,89,2;[49208.88, 884, 1.00667437424657, 0.9952492406357332, 160.55606865362836, 0.984074077467399, 1.005837711617046]
02276747,93139,390922,89,3;[33248.530000000006, 682, 1.0057478742890587, 0.8287615752721356, 147.43440110437183, 0.9864054332867966, 1.0071378179856414]
02276747,93148,390954,434,1;[55187, 1020, 1.029108660907325, 0.9814825115081708, 74.68452038446766, 0.9920664971767905, 1.0049531093508148]
02276747,93148,390954,434,2;[37947.909999999996, 766, 1.004475979515673, 1.016187140227438, 148.65025485443445, 0.9854330556103602, 1.0078060805258833]
02276747,93148,390954,434,3;[41028.76, 740, 1.0059783860055032, 1.0193700078258014, 105.56579184123122, 0.9897195895882341, 1.0053881661770876]
02276747,93164,391034,186,1;[40628, 868, 1.0012730671527612, 1.0220874974973617, 84.47101293181483, 0.9930976941615834, 1.0033958582877465]
02276747,93164,391034,186,2;[48171.2, 864, 1.0041192463819724, 0.8785540684002306, 160.0179998268838, 0.9839791446661992, 1.007065379639765]
02276747,93164,391034,186,3;[29745.440000000002, 656, 1.0055390669773956, 1.0160462963340113, 121.79417461291067, 0.9894577398607768, 9999]
02276747,93164,391035,187,1;[51855, 984, 1.0345287558394225, 0.9761596376785332, 79.69981544251942, 0.9922246357389676, 1.0036775379850964]
02276747,93164,391035,187,2;[30196.25, 788, 1.0082007757010367, 1.0261931510213738, 164.05253490479285, 0.9849144040876591, 1.0056275512226054]
02276747,93164,391035,187,3;[29898.88, 688, 1.05561964026462, 0.9800922656429982, 182.93466735416354, 0.9810138253058743, 1.0022272737709812]
02276747,93165,391043,286,1;[56210, 1030, 1.0170603934625866, 0.9851364723135516, 71.55949115743655, 0.9919522891820951, 1.0042969831783382]
02276747,93165,391043,286,2;[55847.89, 950, 1.0390209141535485, 0.9603049393292592, 167.71817510173747, 0.9797600708065377, 1.0071462294519078]
02276747,93165,391043,286,3;[37132.48, 722, 1.0054180157265473, 0.8335473910776836, 124.0762416422634, 0.9888450380281214, 9999]
02276747,93170,391066,485,1;[45840, 916, 1.030889401111229, 0.9741422219895151, 63.43342743542386, 0.992443217825239, 1.0019343628077768]
02276747,93170,391066,485,2;[56054.95, 952, 1.0399496166199669, 0.9673800176503479, 155.95527741648633, 0.9779426992579429, 1.0056682927870708]
02276747,93170,391066,485,3;[46100.5, 790, 1.0070719545650522, 1.0180617922063018, 108.30414477032693, 0.9881536593722393, 9999]
02276747,93171,391074,556,1;[32535, 856, 0.9911521544894184, 1.011567663492019, 81.48459362146417, 0.9938928999874705, 1.001539171925504]
02276747,93171,391074,556,2;[55431.39, 942, 1.009583305326936, 0.9890561576163435, 178.29568980054748, 0.9755413855614906, 1.005395955191988]
02276747,93171,391074,556,3;[48592.530000000006, 810, 1.0059557186932884, 0.8487417345002605, 112.90102169082664, 0.9867357571238173, 1.007341560046009]
02276747,93173,391092,815,1;[57595, 1050, 1.018999146881023, 0.9761940228720443, 64.96355819077567, 0.9910845947779399, 1.0048940494988179]
02276747,93173,391092,815,2;[30443.77, 708, 1.0049834711169072, 1.027332363082891, 155.08133716402855, 0.9865605696996109, 1.0077998818199725]
02276747,93173,391092,815,3;[55274.020000000004, 880, 1.0112637080628533, 1.006757340068385, 110.27342158082602, 0.9854977986837693, 1136.5070422535211]
02276747,93174,391096,932,1;[57215, 1042, 1.0183770092391777, 0.9830977009720838, 74.25305339427742, 0.9909588812170576, 1.0048649408128139]
02276747,93174,391096,932,2;[56279.86, 952, 1.0433550835383703, 0.9714394703866528, 172.60884170742716, 0.9784987839437964, 1.0061696876861543]
02276747,93174,391096,932,3;[56400.16, 888, 1.1118683568982934, 0.9332271985847606, 103.54350859666482, 0.9872886745176129, 9999]
02276747,93174,391100,934,1;[51453, 978, 1.0317298032923634, 0.9845233395327062, 78.83351160759159, 0.9923460363987255, 1.0029433550348914]
02276747,93174,391100,934,2;[56538.09, 952, 1.1019754714968832, 0.9728408849579689, 181.73591807850957, 0.9777629625766795, 1.0049495526365886]
02276747,93174,391100,934,3;[55938.47, 884, 1.0969170383353424, 0.947142784225653, 96.67004750563261, 0.9869731195938087, 9999]
02276747,93203,391206,334,1;[57485, 1052, 1.010498311069047, 0.987741745319648, 59.753667834376, 0.9907403625421113, 1.0047541642633666]
02276747,93203,391206,334,2;[55764.59, 942, 1.0394984514448498, 0.9767617800021726, 165.37135499261692, 0.9806406041988691, 1.0081645385798652]
02276747,93203,391206,335,3;[50052.950000000004, 824, 1.0383168733813828, 0.9276228410372909, 103.23821401317657, 0.9887267727760907, 1.0058780612034195]
02276747,93203,391206,336,1;[39255, 876, 0.9908353579429561, 1.024058186066095, 75.16013005050574, 0.9952691984891501, 1.0055329286098518]
02276747,93203,391206,336,2;[35212.1, 762, 1.0052563252338913, 1.0125044958676856, 118.0406283897268, 0.9888381516117032, 1.007902445670686]
02276747,93203,391206,336,3;[32368.99, 682, 1.0024636554371207, 1.0160067329960236, 126.9835748207212, 0.9881584210709863, 9999]
02276747,93203,391206,337,1;[53596, 1004, 1.031735718591868, 0.9846979821013034, 79.14751302484989, 0.991789282165449, 1.003369776845889]
02276747,93203,391206,337,2;[34900.32, 746, 1.1783389594026075, 0.9956566636266841, 158.63431014123918, 0.9848728920744546, 1.0056578541302335]
02276747,93203,391206,337,3;[57087.9, 896, 1.0099140389005756, 0.8858893822626049, 119.50321306955854, 0.983576765191304, 1.0058778801009016]
02276747,93204,391213,399,2;[53653.53, 922, 1.1453084918910417, 0.9795454477351493, 183.16443468909713, 0.9805036410589744, 1.0091092211280215]
02276747,93204,391213,399,3;[47693.810000000005, 806, 1.0115737622717609, 1.0180077673938273, 108.81999368514319, 0.9880025576379039, 9999]
02276747,93204,391213,400,1;[50456, 968, 1.0233880191140194, 0.9788973837350127, 60.367525177665236, 0.9925156763403786, 1.0027325933801683]
02276747,93224,391278,470,1;[57320, 1050, 1.016554309085347, 0.9842091745533289, 71.92795477914163, 0.9893398517522223, 1.0036507533509014]
02276747,93224,391278,470,2;[52937.149999999994, 918, 1.00468933977524, 0.9929343625995509, 156.7132641155048, 0.9822565890481312, 1.0078274561333953]
02276747,93224,391278,470,3;[47503.380000000005, 796, 1.1417068743601615, 0.939642095003402, 108.01067604693705, 0.9890078136074412, 1.0052328699610071]
02276747,93225,391285,507,1;[57635, 1052, 1.0040296895469212, 0.9858018559289597, 65.34501079140914, 0.9909259088561924, 1.0043040356869033]
02276747,93225,391285,507,2;[55047.02, 944, 1.0399035030245103, 0.9633041266560011, 182.34592942949726, 0.9775062803461374, 1.0052044286536936]
02276747,93225,391285,507,3;[55587.75000000001, 882, 1.0038988636411483, 0.8712866739522244, 126.1117136642648, 0.9827278522195008, 1.0069862384751882]
02276747,93273,391527,798,1;[49947, 960, 1.0198603639897292, 0.976333957744234, 67.64888067177867, 0.992271660605769, 1.0021770318127552]
02276747,93273,391527,798,2;[56929.6, 956, 1.0528389388933437, 0.9685781401510754, 183.06463306212189, 0.9771259272703166, 1.0064374973703034]
02276747,93273,391527,799,3;[55267.170000000006, 880, 1.0090439193399157, 1.0074891465262907, 97.36716209287866, 0.9879320723310369, 1152.6]
02276747,93273,391527,800,1;[52061, 988, 1.034320484528966, 0.987298667789229, 77.89402107121708, 0.9926035843326433, 1.0015679258169086]
02276747,93273,391527,800,2;[49501.619999999995, 876, 1.0366842384890134, 0.9744552140515734, 174.0546324336522, 0.9825947896388592, 1.0064600420991507]
02276747,93273,391527,800,3;[48915.850000000006, 812, 1.1410332266851668, 0.9409244581004095, 120.22108523761608, 0.9875416363513556, 1.0057463170051548]
02276747,93273,391527,801,1;[46310, 924, 1.017056435570573, 0.9725251397345152, 59.2387295442278, 0.9934374982379697, 1.0005941770647653]
02276747,93273,391527,801,2;[48278.299999999996, 870, 1.00206629312596, 0.881300205399446, 177.97504461370403, 0.9821046970414353, 1.0089906363082433]
02276747,93273,391527,801,3;[47291.030000000006, 796, 1.1373792442072832, 0.9344852574209249, 114.63167299178079, 0.9880033578366665, 1.007868728010628]
02276747,93328,391874,71,1;[32044, 784, 1.027084471438841, 0.962036977055845, 72.27655250474069, 0.9938929658389785, 1.004813345667205]
02276747,93328,391874,71,2;[28062.579999999998, 710, 1.0475586111295876, 0.9871154147502468, 202.23509332002575, 0.9792197227183804, 1.0064229776156028]
02276747,93328,391874,71,3;[54524.630000000005, 862, 1.0404466111628419, 0.9277042720655985, 118.31005911848241, 0.987496655994851, 1.0046954282684977]
02276747,93331,391888,287,1;[51300, 974, 1.0254641459398162, 0.9687441422819321, 62.07880829197487, 0.9920795522779216, 1.0069287691129998]
02276747,93331,391888,287,2;[54134.29, 932, 1.0428263892491216, 0.9652769054029262, 171.2077774314776, 0.9769858592928707, 1.0083454321781244]
02276747,93331,391888,287,3;[30405.780000000002, 658, 1.0089720994576945, 1.0181564955157172, 129.8945446071894, 0.9877455237346129, 9999]
02276747,93331,391892,288,1;[31475, 780, 1.0392088459590545, 0.9842581234795329, 72.14799018331047, 0.9939658019540664, 1.0049649579335558]
02276747,93331,391892,288,2;[28901.53, 712, 1.031338952919456, 1.0000091462863447, 137.45001111172476, 0.9825845270825708, 1.009392793316986]
02276747,93331,391892,288,3;[35087.07, 698, 1.0078641481329884, 0.8406653737325627, 127.07170955353175, 0.9887468643376922, 9999]
02276747,93376,392039,1,1;[58378, 1058, 1.010907774623438, 0.9802324334390627, 71.20646496431768, 0.9905393413430925, 0.9952435344460167]
02276747,93376,392039,1,2;[57636.46, 968, 1.0433624647934856, 0.9739783172468061, 153.0132484704989, 0.9791884583554487, 1.004823501343319]
02276747,93377,392052,62,1;[57672, 1052, 1.0106747885018608, 0.9797026765154281, 65.46634751592651, 0.9913646112161122, 0.995752615767119]
02276747,93377,392052,62,2;[33863.83, 772, 1.1900782024881287, 0.8423575505381796, 158.4852087062107, 0.9875997795718814, 1.0069175379933832]
02276747,93379,392063,220,1;[41832, 886, 1.002676656422726, 0.9976254322094172, 89.04437531279069, 0.9918278209177381, 0.9831488401607559]
02276747,93379,392063,220,2;[32965.38, 764, 1.0128614498716342, 1.0188723870552945, 143.52437906876514, 0.9844937294678213, 1.003695652173913]
02276747,93379,392063,220,3;[37744.87, 722, 1.0125313288907776, 1.0172807387195897, 120.86744494095745, 0.9868199602145993, 725.0263157894736]
00023892,93026,390259,210,1;[115384, 1676, 0.9705763288702812, 0.9705763288702812, 27.44450635858385, 0.9967809945790217, 0.9971869206936336]
00023892,93026,390259,211,2;[117053.15999999999, 1570, 1.0149650236071255, 0.9746772383627069, 32.01824097753799, 0.9959190027831599, 0.996711876257112]
00023892,93026,390259,211,3;[116700.71, 1438, 1.0186254340279237, 0.9437976061425024, 56.93241554978748, 0.9908537816795847, 9999]
00023892,93026,390259,212,1;[115337, 1664, 0.9804131521278897, 0.9889032468085639, 29.32303153461915, 0.9964262448288627, 0.9924920079683675]
00023892,93026,390259,212,2;[117691.0, 1554, 1.014747909288223, 0.9808503008994244, 33.38817836122004, 0.9959185983378324, 9999]
00023892,93026,390259,212,3;[114356.64000000001, 1394, 1.0039062202291396, 0.9507977939312924, 37.10296143051946, 0.9936297065684685, 9999]
00023892,93026,390259,214,1;[120043, 1634, 1.0032661182443197, 0.9887838124952426, 22.927187669422857, 0.9969424029558446, 0.9982495311986761]
00023892,93026,390259,215,3;[114305.95000000001, 1398, 1.010278510246198, 0.9543713578041263, 39.13504025500448, 0.9933049493998183, 9999]
00023892,93026,390259,216,2;[116758.04, 1568, 1.0123332269148082, 0.98091887278259, 29.98789604125521, 0.996023856518871, 0.9963240520725442]
00023892,93049,390350,751,2;[112488.31999999999, 1480, 0.9848740726439702, 0.9929826624223882, 26.49613653842162, 0.9961483784872827, 9999]
00023892,93049,390350,752,3;[118309.09000000001, 1532, 1.0130833231157215, 0.9721992345752148, 59.29260583943325, 0.9911236827270111, 9999]
00023892,93049,390350,753,1;[115862, 1658, 0.9829469492684024, 0.9978529551266063, 24.60371064380052, 0.9960469422803894, 0.9909383646292598]
00023892,93049,390350,756,2;[116076.17, 1538, 1.0085478725212538, 0.9927081192712227, 43.37188848757056, 0.9943862237694245, 9999]
00023892,93049,390350,756,3;[117833.70000000001, 1382, 1.047327962051423, 0.9430491915437306, 103.28006889242694, 0.9876476852572468, 0.9989779088945155]
00023892,93049,390350,757,1;[119330, 1636, 1.0075125795868425, 0.9942916148693116, 29.0029681718026, 0.9953227996444487, 9999]
00023892,93049,390350,758,3;[117121.3, 1400, 1.030931342867741, 0.9719735434960686, 74.73251000866165, 0.9910807744684849, 9999]
00023892,93049,390350,760,1;[119412, 1684, 1.0004737661313214, 0.9880028410604836, 28.934950571560975, 0.9954903479060804, 0.999870214146658]
00023892,93049,390350,760,2;[117228.09, 1564, 1.0405712513178689, 0.9825036010815462, 94.58212834702178, 0.9879751501300211, 0.9954779023530066]
00023892,93049,390350,761,1;[115473, 1576, 0.991677529821298, 0.9926776955103828, 36.86362273631874, 0.9942467519164607, 1.0014917476864902]
00023892,93049,390350,763,2;[118247.92, 1546, 1.0345050869305332, 0.994516715150005, 59.95186314319832, 0.9908730469999921, 9999]
00023892,93049,390350,763,3;[118310.46, 1494, 1.0361395917367435, 0.9712337522244107, 108.28824339469637, 0.9843328979744623, 0.9939059128182995]
00023892,93049,390350,766,1;[116227, 1652, 0.9751026370807013, 0.9892795240401203, 27.456611617824382, 0.9965442441576506, 0.9924685549359998]
00023892,93049,390350,767,3;[117711.77, 1466, 1.0214023858039325, 0.9691685127209577, 43.76655418360943, 0.9929606828812833, 10740.125]
00023892,93049,390350,769,2;[117706.47, 1490, 1.0202549609913965, 0.9997484379105231, 29.963769686372082, 0.995278891855519, 9999]
00023892,93049,390350,770,1;[117114, 1588, 1.0024585818836231, 0.9928265580916606, 32.869004539460455, 0.9955113006843905, 9999]
00023892,93049,390350,770,3;[118395.40000000001, 1410, 1.0424963099943128, 0.9275135170288007, 78.28360049762023, 0.9922517167138535, 9999]
00023892,93049,390350,773,2;[114238.81, 1522, 1.0044227657496143, 0.986742260703326, 36.17136856988099, 0.9948063335800724, 9999]
00023892,93099,390646,1221,2;[114072.20999999999, 1486, 1.0090858747803573, 0.9867088647928606, 38.53013999163804, 0.9934468550222741, 9999]
00023892,93099,390646,1222,1;[115757, 1704, 0.9986716907804245, 0.9931340390066832, 35.39650912607604, 0.9961712619634862, 0.989105543782897]
00023892,93099,390646,1222,3;[117585.73000000001, 1392, 1.1323117391248805, 0.9651113997953958, 50.31573890807299, 0.9940088735414381, 9999]
00023892,93103,390673,1487,1;[118131, 1640, 0.9941992381714719, 0.9832364950716539, 24.18140079113889, 0.9967673469878491, 0.9975637458357788]
00023892,93103,390673,1488,3;[117951.52, 1364, 1.034720293021279, 0.9614925636421753, 96.22023479779668, 0.98528403584093, 0.9961010262284081]
00023892,93103,390673,1489,2;[116541.45999999999, 1546, 1.014966414714585, 0.992022459678374, 40.09946663942671, 0.9947342202306876, 0.9929282227280332]
00023892,93103,390673,1491,2;[120403.01, 1514, 1.0503891899546012, 0.9843946252209498, 113.66690920960296, 0.984839104179109, 9999]
00023892,93103,390673,1492,1;[114627, 1678, 0.9987680845865211, 0.9924709850319351, 45.564953524898826, 0.9946129103177113, 0.9927122981592382]
00023892,93103,390673,1492,3;[112581.12000000001, 1362, 1.004285977747245, 0.9649001229124898, 31.23126453415144, 0.9956981357234577, 9999]
00023892,93103,390673,1495,2;[114817.15, 1510, 0.9930315460441014, 0.9870770259924616, 31.546042712339776, 0.9947702350629656, 9999]
00023892,93103,390673,1497,3;[113548.34000000001, 1404, 1.0054351093309934, 0.960491452600365, 28.91913419738997, 0.9948299282430487, 9999]
00023892,93103,390673,1498,1;[116314, 1654, 0.989772517025471, 0.9913499174139772, 25.89202116124958, 0.9956881817830718, 0.9948765321221763]
00023892,93103,390673,1499,1;[115761, 1706, 0.9962542217613665, 0.9812057965453727, 38.26655464467754, 0.9959036968410945, 0.9896936302274583]
00023892,93103,390673,1499,3;[117251.45000000001, 1500, 1.0242496834682837, 0.9748615169204323, 53.78139989410666, 0.9908513476631625, 34234.0]
00023892,93103,390673,1500,2;[113904.42, 1520, 1.0033341804562999, 0.9866325509813356, 31.931454020851525, 0.9944117262205622, 0.9918501209788144]
00023892,93122,390798,1587,3;[117843.29000000001, 1442, 1.0406381091708652, 0.97290517790024, 111.87571133625764, 0.982512094931687, 0.9956477955389904]
00023892,93122,390798,1589,1;[115972, 1698, 0.9778822539189395, 0.9908134710763481, 20.37117655163161, 0.9968449509462828, 0.9941706957446079]
00023892,93122,390798,1589,2;[117505.36, 1504, 1.0292453359150497, 0.9978651105229204, 41.27597117489877, 0.9945531923571351, 9999]
00023892,93122,390798,1590,1;[114476, 1708, 0.9714008354292216, 0.9792266459744134, 31.895664856885332, 0.9963746613606888, 0.9873600048300221]
00023892,93122,390798,1590,2;[115546.62, 1446, 1.0044099548766843, 0.9937778684089924, 34.96544073137213, 0.9941037791054449, 9999]
00023892,93122,390798,1592,3;[117977.55, 1424, 1.0384956777881869, 0.9582881772027657, 51.69301507743181, 0.993571167624946, 172230.0]
00023892,93139,390920,17,2;[116130.90999999999, 1510, 0.9981631323817355, 0.9808162066148503, 32.268889709424414, 0.993887002655094, 0.9946034641785189]
00023892,93139,390920,17,3;[117082.94, 1368, 1.01704474354301, 0.9629625559037094, 53.25214145749839, 0.9925764721536028, 9999]
00023892,93139,390920,18,1;[114291, 1656, 0.9814575364939319, 0.9959018721886728, 30.733984173391054, 0.9957475714305857, 0.9944271152817112]
00023892,93139,390920,19,1;[117141, 1708, 1.0011284673044343, 0.9784178992053928, 59.47460187917027, 0.9921109682880714, 0.9933264364697103]
00023892,93139,390920,20,3;[118051.53000000001, 1470, 1.0213625513322462, 0.9716452290970454, 85.44257796364806, 0.9849400431888099, 9999]
00023892,93139,390920,21,2;[115941.7, 1478, 1.0067750976010585, 0.9966286729292532, 25.270836994108723, 0.9955051948918705, 1.001742742428838]
00023892,93166,391047,301,1;[119197, 1602, 0.9934559797032223, 0.9948353663934025, 20.712104405988043, 0.9968702647084702, 0.9987055043296481]
00023892,93166,391047,301,2;[116151.14, 1540, 1.0002683910551358, 0.9928704150270152, 33.4848806094114, 0.9948215854848882, 9999]
00023892,93166,391047,303,3;[118637.89000000001, 1398, 1.0223579081250327, 0.9703534494557088, 42.23273852076505, 0.9934911546531924, 9999]
00023892,93166,391047,304,1;[117753, 1622, 0.9772164352433422, 0.9958620833402838, 25.766315361363983, 0.9967860458868003, 0.9972686967237064]
00023892,93166,391047,305,2;[117093.62, 1536, 1.002178459818774, 0.997850638667676, 24.4138911119299, 0.9964615269265222, 1.000127051242307]
00023892,93166,391047,305,3;[119032.45000000001, 1370, 1.0183846266174685, 0.9748323649170428, 37.875699129217296, 0.9947455224370897, 2199.6202531645567]
00023892,93166,391047,307,2;[115370.5, 1528, 1.0058060097422366, 0.9895282762600829, 39.93207841576104, 0.9944151817445519, 9999]
00023892,93166,391047,308,1;[115460, 1682, 0.9960968642594321, 0.9954651582763876, 40.582903883813906, 0.9951983391381567, 0.9932470213772635]
00023892,93166,391047,308,3;[118877.64000000001, 1454, 1.017150500848034, 0.9733966928934351, 36.44529966828555, 0.9937569319287601, 1324.7633587786258]
00023892,93166,391047,309,1;[119716, 1620, 1.0322619672169577, 0.9876387315526259, 46.38197855060344, 0.9944067144527013, 0.999419796219075]
00023892,93166,391047,309,2;[115416.90999999999, 1496, 1.0140101989435855, 0.9782871975660953, 49.76970517264166, 0.9923215994050387, 9999]
00023892,93166,391047,310,3;[117396.67000000001, 1446, 1.0322636927019022, 0.9549682020607355, 42.6314536599798, 0.9954496600959517, 9999]
00023892,93166,391047,312,2;[119097.58, 1476, 1.0286965797742729, 0.9766518066581236, 64.13464440773701, 0.9901136968339167, 100082.0]
00023892,93166,391047,313,1;[120302, 1688, 1.021004314514589, 0.9866737636844082, 42.55555215394716, 0.9931729686905908, 0.9957002685780263]
00023892,93166,391047,313,3;[119017.38, 1408, 1.0256435421473993, 0.9687818342517958, 44.27779058241403, 0.9929874755115312, 24821.14285714286]
00023892,93166,391047,315,1;[117580, 1706, 0.9911475015587408, 0.9998940038735258, 31.46718806602632, 0.9964770636421072, 0.9924037812288994]
00023892,93166,391047,315,2;[119473.62, 1562, 1.0290292751963206, 0.976969826578464, 59.39391504055549, 0.9910613417632356, 9999]
00023892,93166,391047,315,3;[120414.78000000001, 1524, 1.0420803432332637, 0.9716719340706381, 114.80932319891738, 0.9838297153742086, 0.9968696835658387]
00023892,93265,391506,609,1;[120450, 1668, 1.0130823848066772, 0.9934285035407959, 28.081715577593773, 0.9950777124707098, 9999]
00023892,93265,391506,609,3;[119976.38, 1438, 1.0627480642574758, 0.9590433977019611, 126.38952663022229, 0.9846962103710577, 0.99012968218255]
00023892,93265,391506,610,2;[119833.0, 1508, 1.0279624297293433, 0.9939602657133225, 34.05485042585448, 0.9943307197997148, 0.9989534301203803]
00023892,93265,391506,611,3;[119896.92000000001, 1368, 1.0267371543472592, 0.9680652141772095, 60.138477372720004, 0.9910185054986551, 175032.0]
00023892,93265,391506,612,2;[116885.37, 1548, 1.0145783774572443, 0.9803564738122116, 29.62078944142632, 0.9948200399301197, 9999]
00023892,93265,391506,613,1;[114481, 1610, 0.9955593575803238, 0.9902087238335712, 36.759064237107594, 0.9944111491071127, 0.9902515396858349]
00023892,93329,391882,87,1;[118271, 1616, 1.0194271800477344, 0.9951980347867928, 37.73351695185407, 0.9949972892828642, 0.9989948475377988]
00023892,93329,391882,87,2;[111247.15, 1430, 0.9892958805203751, 0.987969527216751, 25.62743346510477, 0.9960790202361292, 9999]
00023892,93329,391882,87,3;[115923.92000000001, 1414, 1.0215942370198658, 0.9563196493174627, 47.010858776237484, 0.9953242287886229, 9999]
00023892,93329,391882,89,1;[114628, 1672, 0.9914825066265023, 0.992449732020601, 46.0862142629913, 0.9941192467786226, 0.9939475920434248]
00023892,93329,391882,89,3;[114667.63, 1414, 1.0167941706478845, 0.9529070402788227, 69.36194070195396, 0.9896615259912896, 0.9922821576763485]
00023892,93329,391882,90,2;[116098.78, 1540, 1.024478526931865, 0.9929498654533664, 58.7047229351499, 0.9922725834272821, 9999]
00023892,93329,391882,92,2;[114627.93999999999, 1522, 1.0073552101636527, 0.9847883422105579, 36.85985021329225, 0.9940911230252352, 0.9904477918873066]
00023892,93329,391882,92,3;[114493.64000000001, 1356, 1.0098884038015559, 0.9575393429604518, 53.70771228318953, 0.9928164272628103, 9999]
00023892,93329,391882,93,1;[115389, 1646, 0.9791536811644996, 0.9912072497007227, 30.555962129969355, 0.9961549890584726, 0.995354855405318]
00023892,93329,391882,94,1;[116973, 1592, 0.994606233216065, 0.9965614043713638, 34.71012332712566, 0.9946580766084038, 0.9999615310636661]
00023892,93329,391882,94,2;[112866.73999999999, 1496, 1.003006582190011, 0.9923183925625743, 26.138494257660792, 0.99570058885804, 9999]
00023892,93329,391882,94,3;[114433.36000000002, 1410, 1.0214616209838423, 0.9517095185099957, 73.57692311392724, 0.9894936176987641, 0.990536726513768]
00023892,93329,391882,96,1;[115407, 1632, 0.9872182726007631, 0.9927104473525977, 23.989429741072772, 0.9960868400620199, 0.996795591563164]
00023892,93329,391882,96,2;[113005.97, 1516, 0.9882006017804126, 0.9825266807640969, 27.477798069064683, 0.9957344812378607, 0.9942780561096016]
00023892,93329,391882,96,3;[117169.25000000001, 1434, 1.0569068397282255, 0.9348208440309685, 110.45560734956277, 0.9883416942725053, 9999]
00023892,93329,391882,99,1;[118266, 1608, 1.0340711010663866, 0.9901960891665134, 40.350390802242764, 0.9941750124012475, 0.995743928467688]
00023892,93329,391882,99,2;[114010.33, 1524, 1.0088953795511193, 0.9873587254334197, 27.375748128469997, 0.9954495918170748, 9999]
00023892,93329,391882,99,3;[113752.47000000002, 1336, 1.0058340005280906, 0.9771892906538502, 25.640739364499375, 0.99607581804577, 9999]
00023892,93377,392048,3,3;[118466.64000000001, 1406, 1.047556527781869, 0.9626297559970822, 107.28162349534367, 0.988306503325163, 9999]
00023892,93377,392048,4,1;[118492, 1724, 0.9863208326474601, 0.9986424630954116, 19.764201178268063, 0.9967779664001932, 0.982353745839223]
00023892,93377,392048,4,2;[116322.5, 1540, 1.0024661578187861, 0.9812524545754474, 28.71243987076844, 0.9953319054134065, 9999]
00023892,93377,392048,5,1;[112681, 1604, 0.9750116024793062, 0.9728192778387952, 30.87669786078407, 0.9962903174522396, 0.9869450782375636]
00023892,93377,392048,5,2;[117476.79999999999, 1468, 1.0128946844061226, 0.9826118107683158, 31.69563920609115, 0.9953051589361018, 9999]
00023892,93377,392048,5,3;[119291.38, 1442, 1.0494193382007337, 0.9224995551443748, 90.97954973781846, 0.9914184377585706, 9999]
00023892,93377,392048,8,2;[114999.22, 1520, 1.0070723933409482, 0.9772014446917673, 55.95936210100426, 0.9911467610708359, 1.0000983146794165]
00023892,93377,392048,8,3;[115359.48000000001, 1394, 1.0261842013140077, 0.9530082855170431, 74.80732270330151, 0.9887307322964278, 9999]
00023892,93377,392048,9,1;[115825, 1638, 0.9752674514762388, 0.977930434245964, 26.59457846165895, 0.9966290836236483, 0.9829547624402228]
00236683,93026,390254,285,1;[64897, 1162, 0.8963368703322728, 1.2183853081758376, 597.4072147536523, 0.8989622045180786, 0.997670968584979]
00236683,93026,390254,285,2;[63899.43, 1088, 0.88279605279225, 1.1669173179368035, 687.6252383263844, 0.8561036678773236, 0.9979278366800785]
00236683,93026,390254,285,3;[62998.08, 1026, 0.8724861808634222, 1.1462304604636613, 477.53626792143336, 0.8912045056441245, 0.9973322922766608]
00236683,93027,390265,359,1;[65010, 1234, 0.8963836176640538, 1.168149733389122, 588.7646334944752, 0.876576323213372, 0.9996079064510921]
00236683,93027,390265,359,2;[63329.42, 1172, 0.8722834267262409, 1.3744132304889976, 811.2780416461782, 0.8789933373649661, 0.9967690881336567]
00236683,93027,390265,359,3;[64039.280000000006, 1110, 0.8752503306714794, 1.2607893360585687, 730.6566746111167, 0.906247409796963, 0.9980783191698339]
00236683,93032,390303,79,1;[64084, 1312, 0.883011742050798, 1.2912871714364584, 268.94763745587096, 0.9133944969761918, 0.9972688863125296]
00236683,93032,390303,79,2;[62079.92, 1082, 0.8815052374057251, 1.2447192829726832, 397.38154880436065, 0.9006467679184194, 1.0009209516500384]
00236683,93032,390303,80,3;[63635.130000000005, 1136, 0.8704188168610484, 1.2765842202638427, 618.6186577698837, 0.9267038002201853, 0.9954032595068951]
00236683,93032,390303,81,1;[65182, 1222, 0.8845825357301805, 1.253814231694861, 436.65751315797803, 0.9024325561089953, 0.9954869993509221]
00236683,93032,390303,81,2;[60467.469999999994, 1070, 0.8658963652934529, 1.3236490956893558, 415.1546219052248, 0.8831104988944727, 0.9955720135582594]
00236683,93032,390303,82,3;[60681.41, 1002, 0.8646670726583039, 1.236890745793808, 413.0430619188642, 0.895977356431816, 0.9920933566276934]
00236683,93032,390303,83,1;[65190, 1240, 0.8856361340584233, 1.336348925504289, 421.8157871130205, 0.9179699132432548, 0.9945383535729542]
00236683,93032,390303,83,2;[63473.409999999996, 1108, 0.880705724041829, 1.1517486320231045, 936.4060692327542, 0.8892920877813058, 0.9974381030742763]
00236683,93032,390303,83,3;[63620.060000000005, 1086, 0.8776824258320373, 1.2010975539393451, 632.373901310016, 0.932411605387967, 0.9935599820278568]
00236683,93051,390358,937,1;[61910, 1138, 0.8881777418456696, 1.3158803350304593, 191.94476886811364, 0.9332287887186778, 1.0035906206181056]
00236683,93051,390358,937,2;[61018.439999999995, 1108, 0.8744115177055395, 1.2886368708134575, 416.8174297521665, 0.8915586599846775, 9999]
00236683,93051,390358,937,3;[61560.950000000004, 966, 0.877243343342936, 1.162882267156796, 350.0519987317953, 0.9193836774930555, 0.9962310165170158]
00236683,93078,390512,47,1;[62003, 1166, 0.8984033152613793, 1.421216003534498, 222.0834782523327, 0.932324088329441, 0.9965764433586216]
00236683,93078,390512,47,2;[64851.43, 1158, 0.8730279854116749, 1.169443966109788, 818.8359163722441, 0.8605912354463219, 0.9972094895653209]
00236683,93078,390512,47,3;[63713.22000000001, 1070, 0.8713599068622755, 1.156260139954396, 363.6832766722085, 0.9245821144862727, 0.997929295638646]
00236683,93078,390512,49,1;[62757, 1248, 0.8806822073163417, 1.3655628375229387, 291.7005471112284, 0.9308936894344648, 0.9898424315073895]
00236683,93078,390512,49,2;[62070.399999999994, 1146, 0.8777771267882485, 1.3229664281527502, 421.0606639502385, 0.9063259873638182, 0.9963420341346475]
00236683,93078,390512,49,3;[65910.70000000001, 1050, 0.8768575047476552, 1.2247830161026592, 788.4647293313469, 0.8942845465139775, 0.9974602187321826]
00236683,93078,390512,50,1;[61924, 1150, 0.8810465426974625, 1.3914188745424354, 213.8200019221468, 0.9351294831793443, 0.9981302385557704]
00236683,93078,390512,50,2;[65937.9, 1150, 0.879228667524834, 1.179293606603073, 824.4007872140987, 0.8489372623533138, 0.9963318588844535]
00236683,93078,390512,50,3;[66360.06000000001, 1022, 0.8702875750297601, 1.1372706087217193, 861.5471674866211, 0.8701131027160595, 1.0023072227452847]
00236683,93098,390636,1213,1;[66424, 1244, 0.8823566767419234, 1.2142968859041916, 308.83078904861543, 0.8957330070359494, 0.9993380273214179]
00236683,93098,390636,1213,2;[65266.74, 1126, 0.8933927484060082, 1.2840118591047747, 875.6931159719495, 0.8581356473660497, 1.0014607603257495]
00236683,93098,390636,1213,3;[65509.29000000001, 1070, 0.873847573315857, 1.18952807666033, 761.6841148447202, 0.9046977956138212, 0.9943334823610144]
00236683,93098,390636,1214,1;[64254, 1292, 0.8798340578149664, 1.4185855049254117, 354.04704705750584, 0.9389706014256528, 0.9968196838300315]
00236683,93098,390636,1214,2;[64413.509999999995, 1112, 0.8841799100241723, 1.185020667030353, 814.5381436463231, 0.8548762815733646, 0.9979719390106749]
00236683,93098,390636,1214,3;[63554.3, 1080, 0.8725345513198169, 1.3418491871000942, 573.436488312685, 0.915630657414964, 0.9923631462981581]
00236683,93099,390639,1320,1;[65733, 1174, 0.8986561124046707, 1.1888863137764243, 524.71293379162, 0.8909896119273859, 1.000334799348663]
00236683,93099,390639,1320,2;[64945.439999999995, 1110, 0.8799012392870388, 1.211244114648881, 500.3592752505392, 0.8843490229777067, 0.9975689557476832]
00236683,93099,390639,1320,3;[64221.490000000005, 1086, 0.8771087575357576, 1.1782370262963473, 420.12826866959915, 0.914358419458132, 0.9936620315414617]
00236683,93099,390639,1321,1;[65480, 1300, 0.8724248348033831, 1.2238853834367018, 405.04023958956503, 0.9273045058082094, 0.9972965769333283]
00236683,93099,390639,1321,2;[62571.39, 1128, 0.8732663509695608, 1.2989479846148317, 506.449168846685, 0.8607900347818224, 0.995871133922991]
00236683,93099,390639,1322,3;[60664.97, 960, 0.8918258292316278, 1.1659305552185804, 304.4898032449558, 0.9395602745783597, 0.9997403623638313]
00236683,93103,390670,1523,1;[66007, 1202, 0.8862135690644956, 1.1227076770295574, 539.0951049981684, 0.8570147705480499, 0.9933781811067467]
00236683,93103,390670,1523,2;[62395.27, 1128, 0.8744661556219134, 1.3175950505831138, 451.64267112748917, 0.8726407365729938, 0.9936702863532132]
00236683,93103,390670,1523,3;[64702.36000000001, 1090, 0.8682338163167673, 1.2139867077421442, 760.4879409415294, 0.8519364279323118, 0.9934162091668244]
00236683,93103,390670,1525,2;[63179.479999999996, 1148, 0.8755774904728971, 1.3231910436666334, 440.6480455143491, 0.8949090950326803, 0.9963966669168981]
00236683,93103,390670,1525,3;[64450.280000000006, 1072, 0.8786524256469906, 1.2380248607050208, 794.7149607156023, 0.9022725765178526, 0.9949768937110709]
00236683,93103,390670,1526,1;[64594, 1280, 0.8692302139795223, 1.3064345589587993, 387.3175180665426, 0.9216866545350719, 0.9963366573347833]
00236683,93129,390840,509,1;[63851, 1282, 0.8863538304611583, 1.2824864508734586, 310.17420054510205, 0.9399106307757903, 0.9891788472412645]
00236683,93129,390840,509,2;[62792.729999999996, 1156, 0.8655992666530318, 1.2966369654810306, 598.0539074640125, 0.8907444545283135, 0.9932237845163476]
00236683,93129,390840,509,3;[65155.83, 1070, 0.8798077353627585, 1.207208180569444, 693.4138006979172, 0.9218608231747977, 0.9943860749568763]
00236683,93139,390919,100,1;[65548, 1228, 0.8895657063217315, 1.2174121974362748, 494.76634957258426, 0.901591666436485, 0.9952249003605997]
00236683,93139,390919,100,2;[64462.299999999996, 1176, 0.8687574373580252, 1.3160805760010135, 749.5912923506529, 0.8728901235789747, 0.9998523385876186]
00236683,93139,390919,100,3;[62899.44, 1048, 0.8704034933278246, 1.1903627541986614, 354.52133648183104, 0.9138656498268735, 0.9938737958653534]
00236683,93140,390930,162,1;[64174, 1274, 0.873669116798967, 1.2219762812449149, 318.14095600560046, 0.9407832771655248, 0.9941057556018558]
00236683,93140,390930,162,2;[62256.03999999999, 1108, 0.8758086297832357, 1.284617442261192, 345.67866423307373, 0.9220027450821668, 0.9939582779192158]
00236683,93140,390930,162,3;[64168.060000000005, 1070, 0.8653375047802901, 1.175778012518249, 544.2792229979488, 0.8837986711791864, 0.9959280876896416]
00236683,93140,390930,163,1;[64757, 1294, 0.8689080832153993, 1.3437099942523156, 321.5276598014192, 0.9430963941414967, 0.994830513031255]
00236683,93140,390930,163,2;[64700.299999999996, 1190, 0.8678894662354549, 1.2921604955880843, 715.6913109359365, 0.8801013288764067, 0.9996414749170336]
00236683,93140,390930,163,3;[64600.98, 1086, 0.8652007934289446, 1.1908760180148013, 721.4497155138856, 0.9086264422759408, 0.9967868769289308]
00236683,93140,390930,164,1;[66120, 1190, 0.8928024080834541, 1.1879672972458664, 349.6492563200557, 0.8948358029776258, 0.9994029580030079]
00236683,93140,390930,165,2;[62164.409999999996, 1120, 0.8752461396656094, 1.298778050862342, 346.29783056866313, 0.9093205097922705, 0.9977652991061197]
00236683,93140,390930,165,3;[62617.22000000001, 1048, 0.8756071525749004, 1.1433205584440507, 348.4088358753567, 0.9269208623011866, 0.9946249428764172]
00236683,93174,391097,943,1;[62928, 1236, 0.8851371504840055, 1.4349269202301336, 299.8036945734148, 0.9301702078122605, 0.9953969534475395]
00236683,93174,391097,943,2;[64325.45, 1168, 0.8802286326493914, 1.2679251780083614, 607.869629047859, 0.8870972782303799, 0.9962677970787449]
00236683,93174,391097,943,3;[64610.57000000001, 1052, 0.8809168323652462, 1.192026993741771, 915.8897240293949, 0.8497624850878942, 0.9998092007631969]
00236683,93203,391206,348,1;[66259, 1190, 0.8894026810814899, 1.1508446047025152, 594.0886112205731, 0.8912596097118567, 0.9980268112667571]
00236683,93203,391206,348,3;[64683.18000000001, 1094, 0.8774361244422536, 1.1828319494737503, 463.56244202686634, 0.9045813327238634, 0.9901953587869509]
00236683,93203,391206,349,2;[65912.91, 1094, 0.8899903614837441, 1.2170274147339144, 883.2863549263491, 0.8237073210150379, 1.001093469007835]
00236683,93203,391206,350,1;[62393, 1240, 0.8787493015584305, 1.3128339148304562, 295.70120819668693, 0.9335410441337777, 0.9891953166493591]
00236683,93203,391206,350,2;[64784.78999999999, 1186, 0.8806837105180522, 1.3963042186163492, 714.3957716221242, 0.8977856171105484, 0.9971061741057529]
00236683,93203,391206,350,3;[66107.98000000001, 1110, 0.8779627186987592, 1.2067523980043482, 629.3045444407546, 0.8784160439673843, 0.9945279732890899]
00236683,93203,391206,351,1;[63854, 1268, 0.871032185835836, 1.479426503068035, 318.9796186826759, 0.9362372556116996, 0.9921610976017153]
00236683,93203,391206,352,2;[60755.45, 1072, 0.8829527874848939, 1.2554864592775605, 342.8331537019416, 0.9050124376649543, 0.9934812220276318]
00236683,93203,391206,352,3;[64896.9, 1114, 0.8569397877711894, 1.2417527424010701, 692.591624038142, 0.8946675282111177, 0.9943116223421002]
00236683,93220,391265,336,1;[65533, 1310, 0.8757480096155889, 1.367463148321185, 361.0624601301009, 0.9290297774806068, 0.9930972821021845]
00236683,93220,391265,336,2;[60632.88, 1050, 0.8682370583990296, 1.2168716618617368, 346.1947867002257, 0.8994860601241726, 0.9980021154072158]
00236683,93220,391265,336,3;[64026.950000000004, 1090, 0.8629840702248537, 1.2222749057270437, 655.7167830778669, 0.908215481352808, 0.9938013673141739]
00236683,93220,391265,337,1;[61118, 1124, 0.8808351635338167, 1.2224316677897844, 151.10157403778504, 0.9337813620401505, 0.9949534414273621]
00236683,93220,391265,337,2;[64254.049999999996, 1166, 0.8722362436156592, 1.2337152288179494, 564.8185975037665, 0.8790782291139434, 0.9932763679509938]
00236683,93220,391265,337,3;[64409.18000000001, 1080, 0.8726724947670236, 1.265388216239573, 693.2371551550842, 0.9054723116006371, 0.9945737828032283]
00236683,93222,391274,426,2;[62796.299999999996, 1136, 0.8830140146854797, 1.2618411779405492, 351.3399176267912, 0.9240262330636166, 0.9985146219854868]
00236683,93222,391274,426,3;[64573.58, 1060, 0.8698739445591321, 1.2390712166734024, 806.0081702436511, 0.9022446887703707, 0.9947974377644812]
00236683,93222,391274,427,1;[65596, 1204, 0.8814352650098592, 1.1250380127803834, 426.6307949767584, 0.9036493789843961, 0.999078537540076]
00236683,93222,391274,428,3;[65283.240000000005, 1108, 0.8695688977103744, 1.2047253991752296, 663.4549987691171, 0.9024267478443797, 0.9949367881489524]
00236683,93222,391274,429,1;[65683, 1302, 0.8898643963502091, 1.2157433048057757, 263.5146465566555, 0.9138523580591842, 0.9900666244611257]
00236683,93222,391274,429,2;[65128.7, 1114, 0.8920105206580566, 1.2152927457141203, 901.9103499453104, 0.8625949441156302, 1.0004935743926293]
00236683,93260,391459,217,1;[61886, 1206, 0.88409827167143, 1.4305143674075829, 243.25219511796246, 0.9397923110539514, 0.9929323802876786]
00236683,93260,391459,217,2;[63468.649999999994, 1168, 0.8773761500382609, 1.303462920522043, 423.0964271691172, 0.9175794943361034, 0.9939989190599549]
00236683,93260,391459,217,3;[61080.08, 1002, 0.8684022285641108, 1.183091136102187, 330.8801757872058, 0.916625577751276, 0.9937478407203914]
00236683,93260,391459,218,1;[61371, 1146, 0.8861261793421696, 1.3227932692907638, 233.6975189654019, 0.9138117041258418, 0.9979592334523103]
00236683,93260,391459,218,2;[65415.49, 1146, 0.8806046328095137, 1.2456073480301915, 888.1625960645373, 0.8361238909296961, 0.9979485876116476]
00236683,93260,391459,219,3;[65165.420000000006, 1002, 0.8855295886816785, 1.201654730491485, 874.0681197302487, 0.8664653855605965, 1.0001682156524665]
00236683,93314,391804,1,1;[61200, 1184, 0.8911802629893917, 1.382171928150076, 230.7785941011806, 0.9282939375778478, 0.9964830011723329]
00236683,93314,391804,1,2;[63119.979999999996, 1172, 0.8732368986285801, 1.2855284088582624, 778.1732000879881, 0.8841258201664252, 0.9969738548578088]
00236683,93314,391804,1,3;[62554.200000000004, 1048, 0.8706816695963225, 1.2236399679595413, 396.73644698103055, 0.9037575184900603, 0.9935482467115642]
00236683,93314,391804,2,1;[60876, 1180, 0.8846231316147987, 1.3470361909588835, 237.77139752352406, 0.9341344635075844, 0.9983027082872112]
00236683,93314,391804,2,2;[63148.53999999999, 1058, 0.8865645945619125, 1.2173674482590253, 625.6957682754448, 0.8446343329217425, 1.0054568191291826]
00236683,93314,391804,2,3;[61967.840000000004, 1040, 0.8630861857690876, 1.2021879598329055, 462.1138465086889, 0.8699951446873627, 0.9957841205543386]
00236683,93331,391886,297,1;[64499, 1258, 0.8861004128455874, 1.1767130557255576, 486.22112839956037, 0.882567298345443, 0.9920557405541756]
00236683,93331,391886,297,2;[63365.119999999995, 1142, 0.8718246979181136, 1.2238753766468728, 720.7594945839151, 0.8495607612385334, 0.9981722919458998]
00236683,93331,391886,297,3;[60114.23, 962, 0.8786204077621724, 1.2399047265569842, 333.37371361298034, 0.9318307664323562, 1.000205151584226]
00236683,93341,391961,155,1;[64154, 1280, 0.8792525968196029, 1.2928483788835097, 374.536365774355, 0.935168653948244, 0.9960873210570443]
00236683,93341,391961,155,2;[62858.18, 1052, 0.8910501307441899, 1.1703169142364331, 1016.6524047850945, 0.8434156386230575, 0.9998391080909702]
00236683,93341,391961,156,3;[63548.82000000001, 1042, 0.8926078558902395, 1.1802893869861124, 792.7012788894507, 0.8845421833110562, 0.9976556618991289]
00521701,93026,390258,236,1;[65015, 1268, 0.8381775642546434, 1.2907349359759162, 250.17272954094338, 0.8658941841502674, 0.9906670222086777]
00521701,93026,390258,236,2;[63711.409999999996, 1160, 0.8328008538305073, 1.244832771554797, 383.41423372086234, 0.8778173893145765, 0.991986511399535]
00521701,93026,390258,236,3;[64650.3, 1088, 0.7961479669495897, 1.7462056904974999, 589.4067175037352, 0.9620048103930134, 9999]
00521701,93122,390796,1603,2;[62828.43, 1126, 0.819885475612702, 1.256333279056509, 299.49397662419483, 0.8638672780054223, 0.9927420416298441]
00521701,93122,390796,1604,3;[62922.73, 1048, 0.8185142145814573, 1.450235556326929, 320.0687700976941, 0.8812622518672641, 0.997166708279508]
00521701,93122,390796,1605,1;[62224, 1146, 0.8566837480585704, 1.2049831781894702, 156.220883867245, 0.9003790357456036, 0.9972993548904115]
00521701,93139,390917,48,1;[65905, 1250, 0.8177142451097035, 1.363160319113161, 272.79423457219696, 0.8735352990091628, 0.9921342817357269]
00521701,93139,390917,48,2;[63280.63, 1130, 0.8069446185618948, 1.4570263221994737, 273.2561554452453, 0.9667913955202088, 9999]
00521701,93139,390917,48,3;[62114.43000000001, 1014, 0.8202161911979294, 1.608353300801054, 300.4638342307913, 0.9710721126599146, 0.9903020771902235]
00521701,93141,390932,199,2;[64893.079999999994, 1162, 0.8456843959906979, 1.2595769526941694, 346.6162792194861, 0.8648392540420272, 0.9924382364984758]
00521701,93141,390932,199,3;[62017.16, 1054, 0.7860292950526333, 1.5138959370819465, 276.9085808237027, 0.9731655031711313, 0.9876726376191827]
00521701,93141,390932,200,1;[64754, 1262, 0.8692715981718601, 1.325863861317932, 226.1344441489002, 0.9672597308634594, 0.9923832584941227]
00613223,93115,390751,7,1;[47737, 994, 0.9667237240622083, 1.1459583105352713, 97.50974538409365, 0.9933910890402557, 1.0024990549792094]
00613223,93115,390751,7,2;[72535.26, 1092, 0.912539382521599, 1.046462879906861, 153.56902611101543, 0.9820649313278468, 1.003490171545224]
00613223,93115,390751,7,3;[73353.91, 1020, 0.9347117915976694, 1.0317718610017979, 62.02977857256332, 0.9937010000725578, 1.0027530152071316]
