02361205,93028,390276,367,4;[54350, 1090, 1.0669605488150367, 0.8895745290437373, 148.03370829732017, 0.9818344559321107, 0.9943103858326777]
02361205,93028,390276,367,6;[52579.23, 948, 0.9920140141171622, 0.9376366047884791, 87.16113070673353, 0.9763916452714252, 0.9828546551083909]
02361205,93028,390276,367,7;[49564.35, 902, 1.015929216799806, 0.9369947816176625, 94.18627985517323, 0.9742322956843593, 0.9920379727453682]
02361205,93028,390276,368,5;[54380.619999999995, 1038, 1.009394642967396, 0.8961350269414728, 145.08195038314216, 0.9790320477726405, 9999]
02361205,93049,390348,774,4;[52056, 1098, 1.00253953436409, 0.9357506025212328, 77.29530068933774, 0.9810704799957025, 0.9902413970210581]
02361205,93049,390348,774,5;[54153.329999999994, 1020, 1.0213485227524663, 0.9085600531836463, 160.41585698827322, 0.9795096779424344, 0.9924108603205757]
02361205,93049,390348,775,6;[53738.25000000001, 924, 1.0671382886046255, 0.9193807765483986, 151.52534954032797, 0.9814691930349377, 0.9963676082097135]
02361205,93049,390348,775,7;[49799.97, 822, 1.012618395212299, 0.8932658296499144, 150.9246613733936, 0.9843259319268912, 0.9983437107014692]
02361205,93049,390348,776,4;[53104, 1124, 1.036626301533349, 0.904564865075581, 121.63087879696022, 0.9865144553065512, 0.9881376589786292]
02361205,93049,390348,776,6;[53912.240000000005, 996, 1.0111530610179038, 0.9324307109521668, 131.94023844915378, 0.9730886321241878, 0.988830676064478]
02361205,93049,390348,776,7;[50014.17, 880, 1.012386065977768, 0.9057849974782978, 96.66953114047584, 0.9730590965202637, 0.9896760520738722]
02361205,93049,390348,777,5;[55130.32, 1062, 1.0038971059006627, 0.9430533999601409, 103.32828881176721, 0.9778950982729993, 0.9944191637331502]
02361205,93070,390459,206,4;[51658, 1086, 0.9920440736283112, 0.9278262920950672, 87.29696368382898, 0.9729074925778554, 0.9709694093322683]
02361205,93070,390459,206,5;[54818.54, 1060, 1.0119197248456637, 0.914154897323375, 146.2257499295544, 0.9735731203379813, 0.9712111149763343]
02361205,93070,390459,206,6;[54636.97, 998, 1.0218274875494944, 0.9381307082134382, 165.6090350833659, 0.970727580401577, 0.985093060307031]
02361205,93070,390459,206,7;[50246.73, 910, 1.0118451282857963, 0.9036603588774751, 114.1809250850222, 0.9708154743862732, 0.993811562845168]
02361205,93072,390475,319,4;[53360, 1158, 1.003499847147273, 0.9425007212050135, 94.92319268309804, 0.9773639574654786, 0.9708967512440979]
02361205,93072,390475,319,5;[54246.149999999994, 1010, 1.0104231586841885, 0.9031919013591626, 145.23909422340733, 0.9809154707645749, 0.9877145085803433]
02361205,93072,390475,319,6;[52899.810000000005, 962, 0.9967445489719831, 0.9243107899527887, 99.43327150971345, 0.9709211697874978, 0.9825065838857012]
02361205,93072,390475,320,7;[51103.53, 912, 1.0093659626669467, 0.9509871624804218, 90.76176327831735, 0.976637959667547, 0.9974616257540465]
02361205,93072,390475,321,4;[52161, 1156, 1.020196222992974, 0.8615217361888926, 126.37471668921171, 0.9865897478273916, 2980.6285714285714]
02361205,93072,390475,321,5;[54249.72, 1070, 1.0066877257271354, 0.8840169423609179, 115.89402373434244, 0.9854602288761029, 9999]
02361205,93072,390475,321,6;[53682.08, 988, 0.992198214738296, 0.921577467206135, 82.33475836134349, 0.9844483493140879, 0.9871268421715581]
02361205,93072,390475,321,7;[49680.63, 820, 1.0034047294634667, 0.8628934995292467, 149.16039556554546, 0.9854403211208727, 1.0019903414438462]
02361205,93075,390492,476,4;[53513, 1076, 1.0307755731543078, 0.8889981806485246, 151.32673934033576, 0.9825342038687458, 0.9783892494743578]
02361205,93075,390492,476,5;[53391.729999999996, 998, 0.9901454548226575, 0.9284102869810861, 70.71933870245863, 0.9844619198150634, 11216.75]
02361205,93075,390492,476,6;[52783.36, 1006, 1.007806026811171, 0.8880156397045978, 109.94235539149213, 0.9840751088670197, 0.9865567305968812]
02361205,93075,390492,476,7;[49490.91, 844, 1.0008328147600254, 0.9214243566754937, 74.80686222462258, 0.9735123515736693, 0.997794469207397]
02361205,93081,390536,214,4;[53553, 1124, 1.0620330768480546, 0.8814057040751597, 139.7081612794419, 0.9836456730826968, 0.9840141116807232]
02361205,93081,390536,214,5;[54661.46, 1054, 1.0005815444879087, 0.9107199521332267, 111.52493732530623, 0.9779460806284976, 9999]
02361205,93081,390536,214,6;[52651.840000000004, 974, 0.9946221050453248, 0.9169188816343791, 88.63785173350601, 0.9804359437488126, 76864.0]
02361205,93081,390536,214,7;[49957.56, 828, 1.0052614277356249, 0.8526676969150613, 157.32956440596223, 0.981888237056073, 0.9991584938570052]
02361205,93083,390550,385,4;[52815, 1140, 1.001237056041175, 0.9335445900427173, 84.39565240445609, 0.9782739167771772, 0.9801610867790067]
02361205,93083,390550,385,6;[52375.100000000006, 926, 0.9998284498857102, 0.9382431629817605, 100.50408068445857, 0.9717879806546819, 0.9924843261205364]
02361205,93083,390550,385,7;[49330.26, 880, 1.0341238932238983, 0.8764540210458416, 160.48829390049602, 0.9811106876744576, 0.9933758511261053]
02361205,93083,390550,386,5;[54936.35, 1078, 0.9952998671907365, 0.9420888563041049, 103.81087992335884, 0.9771166179564901, 0.992294216901136]
02361205,93083,390550,387,4;[52502, 1144, 1.0187771397035004, 0.8656305833180119, 135.36712238270985, 0.9834919587221986, 0.9814466907812953]
02361205,93083,390550,387,5;[53484.549999999996, 1048, 1.0081395691413284, 0.8881324438971281, 131.8381569850025, 0.9824500299630992, 0.9905779932778666]
02361205,93083,390550,387,7;[50711.85, 880, 1.0355520459917835, 0.8624663454522717, 159.74214075800154, 0.9810331071787629, 0.9964075816561199]
02361205,93083,390550,388,6;[53154.630000000005, 922, 0.9915176054277243, 0.9324234646957186, 78.85735800590267, 0.9814729095501789, 77598.0]
02361205,93085,390567,497,4;[59571, 1150, 1.0200618208904346, 0.8952625022068466, 118.77067350315738, 0.9907609856561658, 0.9226658819156186]
02361205,93085,390567,497,5;[54090.259999999995, 1038, 0.9905126783450384, 0.9365386920036451, 86.42836726276674, 0.9820950491652689, 0.9885924943179965]
02361205,93085,390567,497,6;[51321.57000000001, 986, 1.010172552318802, 0.8978415042871993, 117.00548716738237, 0.9829550879942874, 9999]
02361205,93085,390567,497,7;[49533.75, 824, 1.000659870366902, 0.9330666349767615, 62.41745625148225, 0.9841710249051338, 0.9999845562230699]
02361205,93085,390567,498,4;[53771, 1146, 1.012089662613539, 0.870648837179332, 134.6944904647777, 0.9837386311374452, 8961.833333333334]
02361205,93085,390567,498,5;[54018.86, 1066, 0.9859843280432342, 0.9360981177936827, 89.862428866372, 0.9808182083073599, 0.9897523111808826]
02361205,93085,390567,498,6;[53823.19, 994, 1.0034444410466112, 0.9160512303806343, 143.90499027572662, 0.9749160300861678, 0.9923841519633226]
02361205,93085,390567,498,7;[49197.15, 852, 1.0061019467423227, 0.9368077811926748, 73.10926143356699, 0.9777609557271345, 0.9956341342581124]
02361205,93093,390600,818,4;[51199, 1142, 1.0017233522555804, 0.9378347108713431, 92.29336128949438, 0.9762692573905665, 0.9788360799908232]
02361205,93093,390600,818,5;[52872.89, 968, 0.9870533516611465, 0.9355488343736367, 66.82710727335899, 0.981973495868044, 0.9933487597393161]
02361205,93093,390600,818,6;[52879.26, 986, 1.0007796425800504, 0.915288158605588, 134.17083849055632, 0.9718637726176294, 0.9950246191126808]
02361205,93093,390600,818,7;[49434.3, 836, 1.0493122631917478, 0.8840293008504988, 196.95161591745693, 0.9755948416891319, 1.0029333705824837]
02361205,93122,390796,1593,4;[53147, 1118, 1.0269040998365309, 0.8971890800655524, 118.93195870028968, 0.9864307143030915, 0.984869402466482]
02361205,93122,390796,1593,5;[51956.59, 956, 0.9904047345891532, 0.9424964754803655, 68.82109951811812, 0.9831149100599583, 0.9968037259423301]
02361205,93122,390796,1593,6;[52347.700000000004, 974, 1.0236162104554445, 0.883930914405738, 136.31555004847962, 0.9821293630164999, 0.9932802162808532]
02361205,93122,390796,1593,7;[49812.21, 824, 1.0043250687890528, 0.9288654222199653, 77.97553328678094, 0.9796468794274263, 0.9957639430502668]
02361205,93123,390804,1717,5;[53175.149999999994, 1054, 0.9957031337405351, 0.91949327399269, 99.77056333378526, 0.976950736508516, 0.9920410270072263]
02361205,93123,390804,1717,6;[52518.950000000004, 990, 1.004043462883174, 0.9162213484327169, 131.20540030996588, 0.97461838444683, 0.9923249161953328]
02361205,93123,390804,1717,7;[49489.38, 822, 1.0075530034134503, 0.9406964155076537, 70.73477353130171, 0.9815194822480594, 0.9983795546090096]
02361205,93123,390804,1718,4;[50904, 1032, 0.9959836322528322, 0.9352968537814043, 72.40097837496138, 0.9804531523005819, 0.9883120413155749]
02361205,93123,390804,1719,6;[51964.100000000006, 956, 0.9922043425166044, 0.9321966871560515, 95.7260167103205, 0.9729408862295889, 0.9906239389903105]
02361205,93123,390804,1720,4;[54051, 1146, 1.021176328795696, 0.8832186577182396, 146.20009432585994, 0.980927925026167, 0.9861431659992155]
02361205,93123,390804,1720,7;[48690.72, 826, 1.010865895201931, 0.850710477669607, 168.9887262153654, 0.9826677059264625, 1.0004715646515137]
02361205,93123,390804,1721,5;[52544.45, 958, 0.9877822958434402, 0.9368632550868591, 75.30887988271746, 0.9782788489400803, 1.0021675234625904]
02361205,93129,390846,450,4;[52241, 1130, 1.0124741451445485, 0.9031801806754544, 153.01084909212963, 0.9749074971067265, 0.9707336108220603]
02361205,93129,390846,450,5;[54412.75, 1040, 1.0131724192047242, 0.8726044301994937, 130.12644646919205, 0.983886558018239, 0.9885097229578546]
02361205,93129,390846,450,7;[51206.04, 886, 1.0219185318054393, 0.9015666338570888, 154.77709319856575, 0.9808140070053206, 0.9935579634852308]
02361205,93129,390846,451,6;[53042.29, 986, 1.0000094089380624, 0.9149179016127719, 130.78981437708703, 0.9706110930192197, 0.9841762096620446]
02361205,93129,390846,452,4;[51982, 1108, 1.0002998834307077, 0.9301475806276436, 92.96625895675058, 0.96970448813623, 0.9716806549899994]
02361205,93129,390846,452,5;[53145.399999999994, 1000, 0.988337888540747, 0.9241172247223232, 91.7805460336944, 0.9763944854576729, 0.9892130152612577]
02361205,93129,390846,452,6;[53473.840000000004, 948, 1.0318332961784136, 0.9267065631097571, 150.46661211551296, 0.9778211772887571, 0.9882895086657636]
02361205,93129,390846,452,7;[48966.12, 818, 1.0008106085456512, 0.9550450644564966, 70.58834335082013, 0.9819122859931304, 1.000125]
02361205,93134,390883,761,4;[52758, 1148, 1.000911506351242, 0.9109568382673854, 104.2121178467917, 0.9740309859913103, 0.973287089990038]
02361205,93134,390883,761,5;[54452.02, 1074, 0.9886342272306747, 0.9425341041860796, 94.04064651797977, 0.9775038945442603, 0.9879949907155504]
02361205,93134,390883,761,6;[52303.86, 960, 1.0216740984598411, 0.9129167965457564, 138.5908568650264, 0.9811084201303415, 0.9863587040768873]
02361205,93134,390883,761,7;[49521.51, 918, 1.0239217388562916, 0.9231427080603192, 142.59859662966545, 0.9727949442970889, 0.9931878854828317]
02361205,93134,390883,762,4;[52106, 1154, 1.008271134155262, 0.9013389866558409, 125.3249699242546, 0.9811221150188165, 0.9719002098391233]
02361205,93134,390883,762,5;[53943.89, 1054, 1.0072072431490318, 0.9100021816141055, 114.64772034068825, 0.9838541955554242, 9999]
02361205,93134,390883,762,6;[51270.880000000005, 924, 0.9902950525581539, 0.9401051997287055, 76.64437356524736, 0.979990996138744, 9999]
02361205,93134,390883,762,7;[50924.520000000004, 888, 1.0297447166062978, 0.8997530830398689, 150.07497239411865, 0.9810480759509592, 0.9939379460686236]
02361205,93134,390883,764,5;[54074.79, 1030, 1.0183256425890328, 0.9380075055772871, 131.7336702536316, 0.9745114212038968, 0.9898382617219409]
02361205,93134,390883,764,6;[53260.12, 958, 0.9980701359655764, 0.9283972511795684, 103.65176134285925, 0.9740424758160836, 0.9851502711469261]
02361205,93134,390883,764,7;[49241.520000000004, 836, 1.0041356750500172, 0.9288214149092047, 90.4527522802093, 0.9806009297095561, 0.998324958123953]
02361205,93134,390883,765,4;[51945, 1140, 1.0153079391723991, 0.9030799081742288, 135.70136264941613, 0.9741081745467829, 0.9667783361250698]
02361205,93134,390883,766,4;[52030, 1100, 1.0318791430491188, 0.9091013316899414, 163.4576457351326, 0.9767170141777803, 0.9680720425706099]
02361205,93134,390883,766,5;[53369.119999999995, 1060, 1.0049445241383452, 0.9132293174992411, 125.88418953793453, 0.973127098334484, 0.9832608004560254]
02361205,93134,390883,766,6;[53521.79, 970, 1.0023914874681388, 0.9123266571089069, 89.3447726382909, 0.98393802856684, 0.9906807490902636]
02361205,93134,390883,766,7;[49422.06, 834, 1.0552594229218908, 0.899498201120065, 149.64414224223648, 0.9827326420164764, 0.9999226114008885]
02361205,93149,390964,471,4;[66241, 1174, 1.002988697652876, 0.8969040296875699, 96.40125560156379, 0.9925335273201975, 0.9929918975842659]
02361205,93149,390964,471,6;[53068.32000000001, 996, 0.9978468934906277, 0.9539177828123867, 117.65817354871511, 0.9763786657403342, 9999]
02361205,93149,390964,471,7;[49053.33, 866, 1.0066236305468474, 0.9067229355352758, 95.86082116066723, 0.9826404197756132, 0.9957914680167099]
02361205,93149,390964,472,5;[54358.009999999995, 978, 1.022291500983337, 0.9180150437900355, 136.68295067171746, 0.9797692544434994, 0.9977937964176496]
02361205,93149,390964,474,4;[52329, 1058, 1.039306112472391, 0.9018154351869152, 171.29987055671188, 0.9758131080543677, 0.9925081556786284]
02361205,93149,390964,474,5;[52927.63, 1042, 1.0108560244192548, 0.9122427062568317, 153.5849668742943, 0.9762837640532851, 0.9921147433109155]
02361205,93149,390964,474,6;[52246.32000000001, 976, 1.0052056871295363, 0.9056890012329448, 130.13057136298326, 0.9777298335573631, 9999]
02361205,93149,390964,474,7;[49492.44, 870, 1.0281586545426187, 0.9027310707065934, 142.90948711538059, 0.9814984071655954, 0.9920417081959672]
02361205,93166,391051,317,4;[53001, 1156, 1.0088520256894513, 0.8772398337791761, 134.1979980334271, 0.9835969612917908, 0.9862853102087908]
02361205,93166,391051,317,5;[52872.89, 998, 0.9892224472527933, 0.9294271024045386, 83.10356806003003, 0.9814686874374503, 0.9922284999665022]
02361205,93166,391051,317,6;[52935.43000000001, 902, 1.0466039764321458, 0.9022503607276621, 167.14528429705868, 0.9787939193388518, 0.9968267891233682]
02361205,93166,391051,317,7;[49761.72, 898, 1.0242507271198755, 0.9289981207441639, 157.63712683885677, 0.9762959765412602, 0.9917667866073062]
02361205,93166,391051,319,4;[65479, 1168, 1.0153028180292576, 0.8844198993205522, 104.84810421252615, 0.9921616782417304, 0.9929033921179129]
02361205,93166,391051,319,5;[53720.17, 1046, 1.0093676478959515, 0.8980946019939045, 117.62278791330553, 0.9840441275058974, 9999]
02361205,93166,391051,319,7;[50057.01, 896, 1.0511512282697426, 0.9016178963468551, 170.96428600315414, 0.9794920094525088, 0.9936524327279354]
02361205,93166,391051,320,6;[52413.46000000001, 960, 1.0231458709084202, 0.9038668953142439, 142.56598173678537, 0.9809865684452662, 0.9884894131021742]
02361205,93181,391155,43,4;[52229, 1102, 0.9883427154608672, 0.9162670585260083, 79.47381995864735, 0.9831383381713912, 0.981342302055541]
02361205,93181,391155,43,5;[52444.49, 980, 0.9816187981845458, 0.928092622320742, 70.81837813587217, 0.9806462455237779, 9999]
02361205,93181,391155,43,6;[52257.280000000006, 918, 0.9855537006779973, 0.9346752379485173, 73.5650966003013, 0.9784457198851086, 0.994252499055116]
02361205,93181,391155,43,7;[49532.22, 840, 1.0521895651172934, 0.8769554042467954, 181.89657086911774, 0.980615024162926, 0.9975964501417478]
02361205,93181,391155,45,4;[52858, 1086, 1.059985197903778, 0.8837493129549043, 151.54304831665718, 0.9822716406747583, 0.9889797369356559]
02361205,93181,391155,45,5;[52880.03, 1052, 0.9826599040300126, 0.9433363007040783, 87.88553837919295, 0.9781623935081962, 0.9868967508383859]
02361205,93181,391155,45,6;[53545.08, 950, 0.9888415149376063, 0.9431413488796244, 85.75892587857561, 0.9765974691811846, 9999]
02361205,93181,391155,45,7;[50105.97, 924, 1.0197086662077581, 0.9219251343922761, 150.38928853116323, 0.9756604467774798, 0.9912524971245232]
02361205,93189,391180,203,4;[52663, 1146, 1.0253338842358126, 0.8833909625620615, 136.1186349690616, 0.9833791934384789, 0.9797494023422603]
02361205,93189,391180,203,6;[52135.350000000006, 912, 0.9925580871206136, 0.921624546615859, 85.82989484419326, 0.9739320065812443, 0.997170033802374]
02361205,93189,391180,203,7;[51083.64, 918, 1.0166864304727634, 0.9469553511051135, 108.6063904762578, 0.9726146362303865, 0.9936165463879175]
02361205,93189,391180,204,5;[54505.57, 1050, 1.0146947956650056, 0.8748963493777501, 125.17728897286116, 0.9841299602785096, 0.9933850958618895]
02361205,93244,391401,61,4;[53613, 1142, 1.0141874282075587, 0.8943549289467191, 135.8816349722112, 0.983075332857985, 0.9815725153104661]
02361205,93244,391401,61,5;[54814.97, 1056, 1.0011446493515166, 0.8992610556746649, 124.21279786779115, 0.9797001128708367, 9999]
02361205,93244,391401,62,6;[52802.54, 938, 1.0352461880743844, 0.9337557354114198, 180.23880343712713, 0.9739154664145493, 0.9883704530009872]
02361205,93244,391401,62,7;[50277.33, 916, 1.0159222416211302, 0.9070754821119035, 129.42194142986787, 0.9716090309103879, 0.9955616147845187]
02361205,93246,391416,253,4;[52087, 1168, 1.0065575253266172, 0.9312148993705525, 102.85943202691709, 0.9761552919810745, 0.9771136998893204]
02361205,93246,391416,253,5;[53893.909999999996, 1024, 0.9850751719232229, 0.9250871080074794, 94.48162830682307, 0.9752073640704736, 0.9899884145408442]
02361205,93246,391416,253,6;[53673.86, 922, 1.0123373209246636, 0.884444019675657, 161.04249343341786, 0.9776026169676661, 0.9942519255414991]
02361205,93246,391416,253,7;[49158.9, 878, 1.0077472528388212, 0.9375485856849968, 75.60280992340353, 0.9799242482719552, 0.9906576634908889]
02361205,93246,391416,255,4;[53102, 1152, 1.027366401634259, 0.8746115252546555, 151.646921009413, 0.9804510289982388, 0.9788116457609467]
02361205,93246,391416,255,5;[53550.0, 1006, 1.0205859688402155, 0.904178603882864, 128.16048759282182, 0.981187018780033, 30000.0]
02361205,93246,391416,255,7;[49761.72, 912, 1.0129074005284031, 0.9142391282479602, 117.74348790193622, 0.9689694529371214, 0.9867119713609611]
02361205,93260,391464,173,4;[53194, 1118, 1.0260514492324366, 0.925275004384525, 125.5997187368448, 0.9852795052972672, 0.9860235782605472]
02361205,93260,391464,173,5;[54321.119999999995, 1062, 0.9901810250929131, 0.9306356610157905, 100.26337823041256, 0.975302403806613, 0.9885119698561019]
02361205,93260,391464,173,7;[50900.04, 932, 1.027092701118806, 0.9470318991530374, 136.01615939530538, 0.9734983604255133, 0.9948267097275799]
02361205,93260,391464,174,6;[54571.21000000001, 1010, 1.0105364714968665, 0.9363089569463366, 147.14435798336757, 0.9723976641343826, 0.9939737239391633]
02361205,93260,391464,176,4;[52197, 1136, 1.0325891682208714, 0.9488688400166198, 153.27935920338354, 0.9777405178195614, 0.9827537514356184]
02361205,93260,391464,176,5;[52979.99, 996, 0.983082344619611, 0.9348907262649448, 79.84640801983645, 0.980078520042442, 0.9942716766233041]
02361205,93260,391464,176,7;[49931.55, 878, 1.0339273478799882, 0.8803373303882014, 167.83902852168933, 0.9808811275500745, 0.9948027007666398]
02361205,93260,391464,178,6;[53675.23, 994, 1.009557706568022, 0.8882801439969142, 120.93622859688661, 0.9823313813687317, 9999]
02361205,93260,391464,179,4;[52194, 1162, 1.0185068434207452, 0.9406575720058952, 124.23223080679684, 0.9747901285656695, 0.974350358422939]
02361205,93260,391464,179,5;[54377.049999999996, 1046, 1.0039961302632956, 0.9087939458722958, 124.73673611505438, 0.9816300821393654, 9999]
02361205,93260,391464,179,6;[53283.41, 976, 0.9942551730596977, 0.9302703424579968, 110.00992072517369, 0.9724630764173566, 0.9922443044110518]
02361205,93260,391464,180,7;[49366.98, 820, 1.0070794134606296, 0.8771180563649595, 137.44749264795834, 0.9855068393871691, 0.9996901722642211]
02361205,93262,391481,282,4;[50832, 1052, 0.9980237688122685, 0.93729540409172, 73.14510680442366, 0.978162156338957, 0.9850685528801899]
02361205,93262,391481,282,5;[53162.06, 1068, 0.9898365446326273, 0.9348996473308431, 95.06907293331102, 0.97563598716797, 0.9861483615332826]
02361205,93262,391481,282,7;[50854.14, 858, 1.0540713029627402, 0.8771281358680647, 158.5556276892137, 0.9818534894200839, 0.9993385447985568]
02361205,93262,391481,284,6;[53013.520000000004, 948, 0.9927126424393253, 0.9500439236720535, 88.12740082435494, 0.9767650310344324, 0.9971268440378793]
02361205,93262,391481,285,4;[52906, 1092, 1.0308374781869678, 0.8690129241812464, 148.74218697544308, 0.9820463765722197, 0.9873746092474222]
02361205,93262,391481,285,5;[54848.29, 1058, 1.0010017333196668, 0.8837927830841856, 117.4047206587138, 0.9817039081672104, 9999]
02361205,93262,391481,285,7;[49394.520000000004, 842, 0.9995553674381498, 0.9328466340571931, 72.11695294188563, 0.9716079814775753, 0.9969736273238219]
02361205,93262,391481,286,6;[53519.05, 992, 1.0209289875514005, 0.8921544700593522, 144.9002720442475, 0.9786890459814418, 0.9905044435147504]
02361205,93265,391503,614,4;[52303, 1146, 0.9969096458793874, 0.9319555983026425, 76.37950345712173, 0.9807790060801926, 0.9672575291039048]
02361205,93265,391503,614,6;[52036.71000000001, 910, 0.9908584969202385, 0.9435462698227468, 77.45313557862099, 0.9804834104947413, 0.9978851130347971]
02361205,93265,391503,614,7;[50321.700000000004, 852, 1.0613873686056616, 0.887877566925584, 163.72465867415315, 0.9814848424474907, 0.9976189392905349]
02361205,93265,391503,615,5;[54452.02, 1032, 1.0131588258116548, 0.8823653810825207, 121.75764623611371, 0.9845795665393978, 0.9931738021596397]
02361205,93265,391503,617,4;[54500, 1136, 1.020961235552391, 0.8733145411104726, 133.9389049757654, 0.984262736129112, 0.9878288609155089]
02361205,93265,391503,617,5;[55146.979999999996, 1066, 0.9928197780203715, 0.9081778642944108, 94.00733171610992, 0.9846612538399186, 9999]
02361205,93265,391503,617,6;[54078.01, 982, 1.0066028689103756, 0.9246901016204184, 153.3674876941857, 0.9770954333106143, 0.9926818227542501]
02361205,93265,391503,617,7;[49558.23, 878, 1.0030615185908698, 0.9209499880773853, 92.86636544410224, 0.9854303441974737, 0.9911111791074461]
02361205,93267,391508,892,4;[53151, 1132, 1.0034746254599205, 0.8875056919476316, 111.83453912608775, 0.9842073770867142, 0.9826218779464236]
02361205,93267,391508,892,5;[52613.47, 1016, 0.9890767682113771, 0.9331937668668798, 84.03614073190028, 0.9729426296802097, 0.9848089987749192]
02361205,93267,391508,892,7;[50219.19, 846, 1.004454572530669, 0.9297033687340226, 93.58118037093793, 0.9780572526851257, 0.9994366883364036]
02361205,93267,391508,893,6;[53854.700000000004, 994, 1.0077658658227377, 0.8944089708375422, 123.17131669593329, 0.9788461055590306, 0.9876264053765467]
02361205,93329,391878,101,4;[50864, 1078, 0.9980357481854323, 0.93319493605116, 80.01425298507493, 0.9789095151197026, 0.9862811824360354]
02361205,93329,391878,101,5;[53458.369999999995, 1036, 0.9951747107967645, 0.9136365781572475, 84.450491373656, 0.9841321810037397, 0.9896241794069701]
02361205,93329,391878,101,6;[52428.530000000006, 906, 1.031744433275845, 0.8865393308710792, 159.27359787804164, 0.9806149118172143, 0.9936773774748459]
02361205,93329,391878,102,7;[47836.98, 844, 1.0011824776710088, 0.9150854155559989, 69.97793272674912, 0.9852691314731777, 9999]
02361205,93329,391878,103,4;[51717, 1138, 1.0143002516159791, 0.9103093535987348, 121.15032862576192, 0.9749435133981887, 0.9941562061475173]
02361205,93329,391878,103,5;[54487.72, 1064, 0.9948088225792333, 0.942906969653817, 90.44177662886227, 0.9771477249250254, 0.9950452016689847]
02361205,93329,391878,103,7;[49657.68, 872, 1.0060171440049777, 0.9250232106520372, 81.56647275662401, 0.9735831685212595, 0.9929633482224806]
02361205,93329,391878,104,6;[51447.61, 902, 0.9918158566495376, 0.9452665626722825, 70.6383238858569, 0.9792469577752971, 0.9967220946743992]
02361205,93341,391966,89,4;[50675, 1060, 0.9966097874914812, 0.925212955187501, 75.49942229315936, 0.980947536477561, 0.9845828030737247]
02361205,93341,391966,89,5;[51265.2, 950, 0.988954237388739, 0.9401897391432767, 68.33760930293501, 0.9767021291318227, 0.9952064683800174]
02361205,93341,391966,89,6;[51950.4, 924, 1.0232054906404802, 0.9351709921157771, 141.25546806527578, 0.9731421584792167, 0.9964132277009183]
02361205,93341,391966,89,7;[48115.44, 874, 1.0078891279806637, 0.9340977141931309, 67.25903451066097, 0.9784841850051781, 9999]
02361205,93341,391966,91,4;[52861, 1140, 1.0159691418194199, 0.8837739891027717, 124.76300949268928, 0.9847862960565318, 0.9929931998346921]
02361205,93341,391966,91,5;[52752.7, 1048, 0.9896412139941506, 0.9407678239646052, 91.53263738806751, 0.9764928063849101, 0.9908691619075293]
02361205,93341,391966,91,6;[51102.37, 948, 0.9975213837571271, 0.9237849259793292, 103.5499279478287, 0.9782319307028877, 9999]
02361205,93341,391966,91,7;[49438.89, 876, 1.020535059545944, 0.8842624076165634, 129.69643870111292, 0.9816352968406259, 0.9937110786499577]
02361205,93342,391971,182,4;[52720, 1152, 1.0091490180893772, 0.9326091244864154, 110.02213829586285, 0.9748142859337933, 0.9895730682959334]
02361205,93342,391971,182,5;[54467.49, 1034, 1.0043218164137764, 0.8882743262675064, 124.78472871996912, 0.9820402412471547, 0.9921961370878585]
02361205,93342,391971,182,6;[51528.44, 972, 1.000288224818726, 0.9201841485203829, 96.25378572799082, 0.9806082941690382, 9999]
02361205,93342,391971,182,7;[50463.99, 874, 1.0189143295108078, 0.9024659449805916, 160.2123196583095, 0.9774452425574501, 0.9959988525010947]
02361205,93346,392002,10,4;[54194, 1142, 1.0236022139429422, 0.8643454332038061, 135.7536863363279, 0.9843038492030266, 0.9718369213388446]
02361205,93346,392002,10,5;[52536.119999999995, 1020, 0.9816706325343525, 0.9452149295587016, 75.09591259198797, 0.9801914695422143, 0.9726585736632224]
02361205,93346,392002,10,6;[53397.12, 986, 0.9988096204885611, 0.9191972417648587, 127.35375827792811, 0.9700178114300305, 0.9709893997334363]
02361205,93346,392002,10,7;[50910.75, 886, 1.0393854767480526, 0.8927852319613278, 190.40888630797528, 0.9747558216024612, 0.9947385728378823]
02361205,93346,392002,11,4;[55910, 1180, 1.01213953449643, 0.8916078524646525, 119.77273379757177, 0.9877959583503254, 0.9203216434432638]
02361205,93346,392002,11,5;[53138.259999999995, 1072, 0.9879558547359855, 0.938143810098597, 95.5677508994053, 0.976405766247991, 0.9624744045694579]
02361205,93346,392002,11,6;[53924.57000000001, 1008, 1.0045307980882472, 0.9036179532570496, 123.51906537757215, 0.9787879714475319, 6560.166666666667]
02361205,93346,392002,11,7;[50474.700000000004, 850, 1.0684147877708399, 0.8875512209099273, 160.4338760269886, 0.9810956322918802, 0.9995000984654537]
02361205,93346,392002,12,4;[52844, 1124, 1.0200927828439788, 0.9010626488369232, 130.52283626308986, 0.9842306988338405, 0.9696769517308451]
02361205,93346,392002,12,5;[52621.799999999996, 1024, 0.9848857755488513, 0.9397877949321939, 77.1161422960152, 0.9801910225032363, 0.9705669322446829]
02361205,93346,392002,12,6;[51818.880000000005, 910, 0.9872914494314359, 0.9378370975035342, 74.98673009011476, 0.9816771842318553, 0.9920658859323568]
02361205,93346,392002,12,7;[51594.66, 912, 1.0130004090681495, 0.8919141428479638, 141.71493430454834, 0.9793164256497717, 0.9948373012360976]
02361205,93346,392002,6,4;[54106, 1150, 1.009049790681927, 0.8996363835133069, 137.22160071681128, 0.9759496932754371, 0.9582134223552434]
02361205,93346,392002,6,6;[54715.060000000005, 966, 1.0134089183659756, 0.9172415698158027, 164.65675424702252, 0.9742537970819094, 0.9762524596976252]
02361205,93346,392002,6,7;[50727.15, 926, 1.0181199119901903, 0.9572217353692344, 104.82818031524961, 0.9786477344374664, 0.9947793213117705]
02361205,93346,392002,7,5;[53146.59, 1030, 0.9867006003371094, 0.937463902963806, 80.17409149692585, 0.9735727130504824, 0.9692477972134207]
02361205,93346,392002,8,4;[52831, 1168, 1.005860773470238, 0.9365990013768898, 110.28986472284625, 0.9764715995588615, 0.9594384766955116]
02361205,93346,392002,8,5;[55587.28, 1060, 1.0098768194318763, 0.9376618323017354, 132.92033615653534, 0.9754480731669702, 0.9794925560914238]
02361205,93346,392002,8,6;[53665.64000000001, 1000, 1.0109900500821576, 0.8921598745801131, 145.73187129237965, 0.9775890712662847, 0.9880691133812587]
02361205,93346,392002,8,7;[51117.3, 870, 1.0328597017730834, 0.8833299285895948, 161.66651538371903, 0.9797652261163368, 0.9967629816370064]
02361205,93387,392103,461,5;[52983.56, 1034, 0.983454504865296, 0.9192217156308726, 81.10588592246123, 0.979073014333059, 0.9802406349416025]
02361205,93387,392103,461,6;[53762.91, 986, 1.0179964338617964, 0.9371720708472332, 159.99251971668048, 0.9715533938346701, 0.9801438633298366]
02361205,93387,392103,462,4;[51626, 1116, 0.9978004077514389, 0.9117871225171748, 92.48032665686945, 0.9812838816629873, 9999]
02361205,93387,392103,462,7;[50947.47, 930, 1.024970925372919, 0.9422045161038481, 136.2907289773657, 0.9691933517533335, 0.9922376674265111]
02361205,93389,392120,571,4;[51570, 1126, 0.9928550119985058, 0.9228135342986342, 70.9559457960822, 0.9839116800960751, 0.9676420643781253]
02361205,93389,392120,571,5;[54787.6, 1068, 0.9937085961645983, 0.9167205967505607, 110.2373279865804, 0.9740143765821734, 0.9735673503912032]
02361205,93389,392120,571,6;[52617.590000000004, 978, 1.0081914393443623, 0.9157515027725266, 158.98437704356863, 0.9730618594885333, 0.967308903160811]
02361205,93389,392120,571,7;[50782.23, 894, 1.0201289976917198, 0.9029383723280804, 138.90599087572576, 0.9817509502724177, 0.9913235667458149]
02361205,93389,392120,573,4;[53125, 1074, 1.024710574288668, 0.8792916293167808, 153.9261743940907, 0.9791158406480202, 0.9740468092518404]
02361205,93389,392120,573,5;[54843.53, 1050, 1.0050415607036136, 0.9081754700730178, 136.68666036922542, 0.9787141800338663, 0.9792722443559096]
02361205,93389,392120,573,6;[53599.880000000005, 968, 1.0201036320951726, 0.9231708354842936, 170.1915924514985, 0.9745138609839855, 39124.0]
02361205,93392,392136,719,4;[67304, 1202, 1.0013550170014716, 0.8900024196330389, 92.7426858627699, 0.9930897562188788, 9999]
02361205,93392,392136,719,5;[53448.85, 1032, 1.0046670838067908, 0.9089395699346714, 129.02243600509522, 0.9815063624432198, 0.9817593634903113]
02361205,93392,392136,719,6;[54575.32000000001, 996, 1.010257134465631, 0.9206878875112048, 152.10367061926956, 0.975173341667056, 0.9814239960581423]
02361205,93392,392136,719,7;[49923.9, 892, 1.0290012062888336, 0.9231957039369874, 143.2813856461811, 0.9822047000811818, 0.9919139105058365]
00023892,93026,390259,210,4;[92611, 1418, 1.0160441936584983, 0.9304499353148526, 74.45688925008452, 0.9880816605513132, 0.9949399454244644]
00023892,93026,390259,210,5;[94888.22, 1378, 1.0014205542741594, 0.9214935775142608, 74.6538927008212, 0.9898794256868059, 0.9885570473958915]
00023892,93026,390259,211,6;[95338.3, 1286, 0.9940124245760389, 0.9461625478712523, 64.84368830459766, 0.9871449405213691, 9999]
00023892,93026,390259,211,7;[92165.67, 1228, 1.025457311970587, 0.9129974662194441, 96.16186030449495, 0.9897792446865475, 0.9926669303275987]
00023892,93026,390259,212,5;[96077.03, 1324, 1.024863976416576, 0.9152186552580622, 123.85239814624725, 0.9837529135848878, 80737.0]
00023892,93026,390259,212,7;[92529.81, 1152, 1.0332821118120454, 0.9098564960488107, 124.19430960027086, 0.9869055025334524, 0.994548459508128]
00023892,93026,390259,213,4;[90619, 1400, 0.9987099010700802, 0.934555185539091, 60.12113214553628, 0.9906597384443807, 0.9921878849259573]
00023892,93026,390259,213,6;[95193.08, 1278, 0.989239541281801, 0.9351501072580485, 55.0984043912589, 0.989414745965852, 0.9943616016485876]
00023892,93026,390259,214,4;[100641, 1570, 1.0094269700037355, 0.8690844925864935, 86.1464904029383, 0.9922469789182753, 0.9511887378255384]
00023892,93026,390259,214,7;[89982.36, 1158, 1.008920090794288, 0.9329343800151616, 58.02976786039906, 0.9899631349538053, 0.9979637548360822]
00023892,93026,390259,215,5;[95573.65999999999, 1358, 1.0317974933529983, 0.933398931652862, 94.94247928936427, 0.9849689627285628, 0.9944035856672362]
00023892,93026,390259,217,6;[94154.62000000001, 1266, 0.9992145882702959, 0.9332819723681481, 71.57122887508336, 0.9858247548618859, 9999]
00023892,93049,390350,751,4;[94062, 1416, 1.0042568194395987, 0.9269790547528483, 71.87525478755839, 0.9890887467282874, 0.9971271983293227]
00023892,93049,390350,751,6;[95987.68000000001, 1284, 1.0095928404100811, 0.9253451933941378, 98.42784833501379, 0.9835381050528386, 0.994344509490864]
00023892,93049,390350,751,7;[89679.42, 1162, 1.0041294275073303, 0.9535479364809879, 46.058774457944274, 0.9917592787674725, 0.9962267999184173]
00023892,93049,390350,752,5;[96983.81, 1404, 1.0146149076499849, 0.9020451217885349, 91.74932642453085, 0.9889152050712641, 9999]
00023892,93049,390350,754,7;[90897.3, 1178, 1.0301547328590062, 0.9025702558377184, 106.2823224278836, 0.987943185325579, 0.9895317171481632]
00023892,93049,390350,755,4;[94211, 1432, 1.006878641709757, 0.9021774065487673, 67.40252514981128, 0.9898337940644919, 0.9970525825620836]
00023892,93049,390350,756,5;[96698.20999999999, 1396, 1.018777525987453, 0.9174234812121812, 92.5480158782108, 0.9880598833555087, 0.9951076740327094]
00023892,93049,390350,756,6;[95656.14000000001, 1324, 1.015869651702508, 0.9346324469381384, 72.73117350095313, 0.9913127711952096, 0.9911210475886298]
00023892,93049,390350,759,5;[96461.4, 1336, 0.9983372822599396, 0.9318084676447657, 72.49302335243128, 0.9886949927878868, 9999]
00023892,93049,390350,759,6;[95868.49, 1302, 1.014836196554872, 0.9488075913305484, 90.71000575414179, 0.9850786410477492, 0.9903199784888411]
00023892,93049,390350,760,4;[93045, 1480, 1.006407325199679, 0.9047898848903233, 81.23724104642969, 0.9897547141549994, 9999]
00023892,93049,390350,760,7;[89624.34, 1120, 0.9943237821856326, 0.9496279440033996, 43.224490146306906, 0.9927302380798315, 0.9985255137263592]
00023892,93049,390350,762,4;[93819, 1410, 1.0108942299757921, 0.929920250343206, 75.34480076131943, 0.988044022170128, 0.9959448413498795]
00023892,93049,390350,762,5;[95332.09, 1408, 0.9973485956391293, 0.9204010381176894, 58.16578114818714, 0.993176482685951, 0.9936309682540667]
00023892,93049,390350,764,6;[96163.04000000001, 1240, 1.0204081692490419, 0.9240917712752229, 120.17536190160143, 0.9837515655368135, 0.9950877889379559]
00023892,93049,390350,765,7;[90767.25, 1130, 1.0421586617828782, 0.9063415631994299, 118.69597953445579, 0.9871334237014758, 1.0017053897068755]
00023892,93049,390350,768,4;[91215, 1390, 0.9976108402478597, 0.9366020212282651, 56.67169378485127, 0.9905504434179085, 0.9933298848384199]
00023892,93049,390350,769,5;[93813.65, 1352, 0.988616800064661, 0.9505031169705055, 43.70675916526144, 0.9920036319898549, 0.9901033620938674]
00023892,93049,390350,769,6;[95650.66, 1292, 1.0269486114441029, 0.9221812211990361, 122.71199409600104, 0.9803018617699638, 0.9938080936045436]
00023892,93049,390350,769,7;[90528.57, 1160, 1.035041309645009, 0.9280734162924721, 101.90240378751751, 0.9898436454282711, 0.9946208542755803]
00023892,93049,390350,771,4;[91901, 1452, 1.007159125444201, 0.9205988503231611, 65.16109412411225, 0.9904268585308402, 0.9947879739128082]
00023892,93049,390350,772,5;[96073.45999999999, 1412, 1.015219393434655, 0.9214154617550364, 92.3423385228769, 0.9875485882731128, 0.9886239790357935]
00023892,93049,390350,772,6;[95035.53000000001, 1328, 1.0242700862042984, 0.9232330309140899, 78.05145689182541, 0.9902240643257104, 0.9895085194245733]
00023892,93049,390350,772,7;[88788.96, 1104, 1.002193144536555, 0.95969770641344, 38.50327567234768, 0.993428979803523, 1.0019077544607788]
00023892,93099,390646,1221,5;[95635.54, 1418, 1.0372388954291334, 0.935841814106927, 102.41278517603428, 0.9855194395582108, 0.9922402138416806]
00023892,93099,390646,1221,6;[95230.07, 1274, 1.001310780568388, 0.9198100533614311, 78.59980425153626, 0.9854962731299645, 0.9925888904755105]
00023892,93099,390646,1222,4;[92322, 1452, 1.0113961915944594, 0.9421933268817028, 52.99737420294115, 0.9914403680781673, 0.9929605868149478]
00023892,93099,390646,1223,7;[89509.59, 1138, 1.0006021162367051, 0.9296266317835783, 61.928812509567464, 0.9899567467918391, 0.9939516471567644]
00023892,93103,390673,1488,5;[95532.01, 1306, 1.0060955150168478, 0.9385535335721296, 66.80304338640703, 0.9885006793800635, 0.993957928361831]
00023892,93103,390673,1489,4;[91819, 1466, 1.0018152164294294, 0.9341657548321475, 59.9862703233153, 0.9889055273284264, 0.9856583114164564]
00023892,93103,390673,1489,6;[95828.76000000001, 1226, 1.0084831232773173, 0.9253014906927638, 67.09499560769929, 0.9873162877627496, 1.00068669527897]
00023892,93103,390673,1489,7;[88876.17, 1156, 1.0087983776590537, 0.9597142492090539, 47.9361102788234, 0.9931076681282629, 0.9982814621320181]
00023892,93103,390673,1490,4;[91274, 1462, 1.0099605603744155, 0.937923466539687, 53.41856985370234, 0.9905429427294747, 0.9928695358943538]
00023892,93103,390673,1490,5;[93906.47, 1362, 1.0004038151476906, 0.9427182079644918, 57.953135530105115, 0.989556670975227, 0.9886864789014734]
00023892,93103,390673,1492,7;[92464.02, 1178, 1.035647198939995, 0.9351479860427844, 117.39706896763154, 0.9849955983351689, 1.0001737734490719]
00023892,93103,390673,1493,6;[93338.1, 1322, 1.0022901991384694, 0.9249347221997005, 66.91939063892441, 0.9907752064175155, 9999]
00023892,93103,390673,1494,4;[91320, 1462, 1.0217962247786585, 0.9272983370317596, 61.40222008598016, 0.9892803315640634, 0.9935914872319359]
00023892,93103,390673,1494,7;[89778.87, 1182, 1.0102114628778205, 0.9511744008209252, 46.24757529179707, 0.9906650473507022, 0.998604516601147]
00023892,93103,390673,1496,5;[93285.29, 1362, 0.996304254460408, 0.9385897092657679, 59.795412907966465, 0.9883746670518907, 0.9870808517068134]
00023892,93103,390673,1496,6;[94283.40000000001, 1262, 1.00217509573467, 0.9351515004450848, 62.31275769802199, 0.9883873661257767, 0.9949256191178384]
00023892,93103,390673,1499,4;[94112, 1442, 1.0193794238569454, 0.9036019728833273, 92.12450540670405, 0.9876490056084498, 1.0002922904410396]
00023892,93103,390673,1499,5;[93898.14, 1370, 0.9979011461486544, 0.9379102657752916, 60.872233255583666, 0.9882958289075674, 0.9883820701835696]
00023892,93103,390673,1499,6;[95647.92000000001, 1230, 1.0362822863071601, 0.9209082126294333, 115.44782661389189, 0.984836169841508, 0.9997923543437324]
00023892,93103,390673,1499,7;[90392.40000000001, 1134, 1.0056394446099965, 0.9483205961695961, 56.939292746957456, 0.9908745803188536, 0.9978044249282216]
00023892,93122,390798,1587,7;[91982.07, 1154, 1.0379962988063904, 0.8916649083881645, 128.40748904993342, 0.9851392062934953, 0.9963043982632329]
00023892,93122,390798,1588,4;[93263, 1522, 1.0343964971033042, 0.8955177928323427, 127.94601037636897, 0.9835429404401321, 0.988856373391013]
00023892,93122,390798,1588,6;[95538.32, 1272, 1.0201171341477493, 0.9223674107111368, 100.79638914329955, 0.985300069309392, 0.9949919385906089]
00023892,93122,390798,1589,5;[95398.73, 1308, 0.9885708159313844, 0.9248256724876545, 55.141382330355995, 0.9892162139147407, 0.9962965264400672]
00023892,93122,390798,1590,7;[90756.54000000001, 1204, 1.018194813626583, 0.9238754637144159, 90.56640042849686, 0.9892491374704253, 0.9929443667924908]
00023892,93122,390798,1591,4;[93569, 1528, 1.0176960207921453, 0.8915479811843451, 96.01364109273158, 0.988751462634787, 9849.368421052632]
00023892,93122,390798,1591,5;[97058.78, 1316, 1.0160888672198856, 0.9215252797697663, 102.39654337509684, 0.9856148344480832, 0.9967249175119149]
00023892,93122,390798,1591,6;[95989.05, 1294, 1.0159165572837912, 0.9608101894501084, 85.3547151298866, 0.9832085055716978, 0.9944998403179447]
00023892,93139,390920,17,4;[94506, 1500, 1.027088527191362, 0.8794523808120088, 114.86559109061153, 0.9863131026907964, 0.9932369586808129]
00023892,93139,390920,17,5;[97151.59999999999, 1388, 1.0106539310008886, 0.8995172322902854, 88.3860307557242, 0.9889091210211214, 0.9973063931932984]
00023892,93139,390920,18,6;[93028.48000000001, 1260, 0.9926002311185911, 0.9162809410379069, 61.16660810306882, 0.9898389576729316, 0.9968876622232662]
00023892,93139,390920,18,7;[91411.38, 1134, 1.0992383902203307, 0.9192570864558904, 118.61364803335186, 0.9865231889030311, 0.9962980256136607]
00023892,93139,390920,19,4;[91516, 1450, 1.0078401798707501, 0.9274654317894875, 52.99583780040853, 0.9916924179574511, 0.9933193316075393]
00023892,93139,390920,19,5;[92553.44, 1288, 0.9941966294147649, 0.9399912651471408, 48.34401312728484, 0.9927536248094876, 0.9988890672660138]
00023892,93139,390920,19,6;[93509.35, 1212, 1.0023493463701187, 0.9393343284079632, 79.65025329383224, 0.9861169022764733, 0.9954061542948811]
00023892,93139,390920,19,7;[93131.1, 1150, 1.0367814326425413, 0.9034313358402737, 119.52672608978803, 0.9866625731434625, 0.9981633924764685]
00023892,93166,391047,301,4;[102526, 1548, 1.0169194178602992, 0.8777736446207596, 90.59786947818188, 0.9920086285155629, 0.9509393361807903]
00023892,93166,391047,302,5;[98361.83, 1412, 1.0000255947938408, 0.9186079384304046, 83.7879406486509, 0.989548586960397, 0.9902896336897595]
00023892,93166,391047,302,6;[96856.26000000001, 1332, 1.025932231875349, 0.9372100927300585, 96.82421065866093, 0.9893235990225459, 0.9920159400564076]
00023892,93166,391047,302,7;[89636.58, 1116, 1.0002456059630038, 0.9334403432675832, 53.866882251709995, 0.9917594057692131, 0.9887765607331522]
00023892,93166,391047,304,4;[93210, 1474, 1.0072942934122837, 0.8949077592480458, 64.91588183997156, 0.9915019402402596, 0.9885774284896115]
00023892,93166,391047,304,5;[98044.09999999999, 1414, 1.0097857147329659, 0.9330331600770386, 79.8704445912493, 0.9902966082833385, 9999]
00023892,93166,391047,304,6;[96146.6, 1338, 1.0135963825545302, 0.9279488245460283, 70.15376689179699, 0.9915276780806666, 9999]
00023892,93166,391047,306,7;[91706.67, 1198, 1.0265517488271827, 0.9105202322739891, 108.71568258820389, 0.988825646452968, 0.9910630874924561]
00023892,93166,391047,307,4;[94598, 1538, 1.0579995180405166, 0.9287852761001495, 133.8856277141715, 0.9843835297765637, 0.9955326370070247]
00023892,93166,391047,307,5;[98700.98, 1422, 1.0012072743528282, 0.9337293742777901, 76.05651287313088, 0.9908686337529213, 9999]
00023892,93166,391047,307,7;[92809.8, 1208, 1.0218386772767731, 0.9280973687932741, 101.16117528722921, 0.9889602373807543, 0.9956013655462185]
00023892,93166,391047,308,6;[95457.49, 1314, 1.0110277868295992, 0.9237065064668254, 86.05835334072907, 0.9894916578043099, 9999]
00023892,93166,391047,309,5;[98240.45, 1320, 1.0110499269454292, 0.9342055335468392, 83.12772060305193, 0.9881753350248276, 1.0001272041141445]
00023892,93166,391047,309,6;[95802.73000000001, 1258, 0.9954649007721109, 0.95088598087129, 51.35024929924335, 0.9913813996686319, 9999]
00023892,93166,391047,310,7;[92852.64, 1174, 1.0364615348407051, 0.9218120312042933, 113.10243558424547, 0.9879807126376885, 0.9966252555691494]
00023892,93166,391047,311,4;[94312, 1548, 1.0183315127580725, 0.8784015566832107, 87.01246476361891, 0.9910134523103105, 0.9924810447611981]
00023892,93166,391047,312,5;[97339.62, 1418, 1.0078214353836703, 0.9133770726019503, 80.56817309501915, 0.9900963734879676, 0.9897872752353525]
00023892,93166,391047,312,7;[90403.11, 1176, 1.0103433459216362, 0.9384740993298968, 65.00694614521767, 0.9876306688220488, 0.9922750096562379]
00023892,93166,391047,314,4;[94416, 1518, 1.0347146739199957, 0.8917116248877807, 112.8082196363341, 0.9873504709501475, 0.9903135636331216]
00023892,93166,391047,314,6;[93869.66, 1220, 0.9905679278510596, 0.9477478851446883, 37.3871021726515, 0.9935111789189628, 9999]
00023892,93166,391047,315,7;[90819.27, 1176, 1.004813273122673, 0.938296692969693, 58.33190132242037, 0.9882988391895713, 0.9961903802906723]
00023892,93166,391047,316,4;[91221, 1450, 0.9943388596203271, 0.9389536448875085, 42.51792120787346, 0.9927696618710962, 0.989279846436647]
00023892,93166,391047,316,5;[95551.05, 1380, 0.9950794567764044, 0.9521981225145483, 50.39466035948726, 0.9909775413690899, 9999]
00023892,93166,391047,316,6;[95547.91, 1242, 1.021758306850226, 0.9386996652158704, 103.50965344886869, 0.9872397165584255, 9999]
00023892,93265,391506,609,4;[91999, 1462, 1.028048929718139, 0.8979910050086684, 60.49414841799921, 0.9919458494124359, 0.9949387349000184]
00023892,93265,391506,609,5;[96956.44, 1412, 1.0077934810706421, 0.9235989152688951, 77.05094333947079, 0.9894107889801897, 0.9929135057733907]
00023892,93265,391506,609,6;[95946.58, 1270, 1.0044063503258838, 0.9366693963450596, 74.60965059876266, 0.9852408421841474, 0.9908602150537634]
00023892,93265,391506,609,7;[91344.06, 1172, 1.0147838907858038, 0.9450277097540786, 62.320860603145725, 0.9908167582567575, 0.9970024130992042]
00023892,93265,391506,612,4;[95513, 1428, 1.0275237814770013, 0.9016657179967023, 102.92813879812388, 0.986274785337804, 9999]
00023892,93265,391506,612,5;[95004.84, 1362, 0.9989822874056014, 0.9367027109244497, 61.232871275401926, 0.9905141888729317, 9999]
00023892,93265,391506,613,6;[96428.82, 1306, 1.0088462943925212, 0.9416517332407627, 80.98045716336975, 0.9850472693518587, 0.9933528091790508]
00023892,93265,391506,613,7;[92444.13, 1200, 1.0100144932988766, 0.949000364063337, 52.88544641718459, 0.9901442151916354, 0.99741653254096]
00023892,93329,391882,100,4;[89571, 1422, 1.0045582111703892, 0.9290272908080096, 60.71404661951753, 0.9907467227995309, 9999]
00023892,93329,391882,100,5;[95760.48999999999, 1314, 1.0014968410566154, 0.936113277778983, 56.5333923728097, 0.9907405139511056, 0.9980465964268218]
00023892,93329,391882,100,6;[94291.62000000001, 1210, 1.024545287603457, 0.9415175936224898, 59.86855743290816, 0.9896300416328353, 0.9955304838359731]
00023892,93329,391882,87,4;[93975, 1432, 1.0542621991475085, 0.937250671089021, 127.8290403740921, 0.9808000576079602, 0.9951605388004067]
00023892,93329,391882,87,7;[90520.92, 1216, 1.0177249937146682, 0.9035621449918402, 88.75576615342364, 0.9899445168075792, 0.9937266428721394]
00023892,93329,391882,88,5;[96428.08, 1404, 1.0335262988751228, 0.8978843140250746, 91.74747174569461, 0.9892755137217717, 0.9929601195983163]
00023892,93329,391882,88,6;[94128.59000000001, 1316, 1.0139176929802318, 0.9300961545383143, 74.13954408942635, 0.9913920528363622, 0.9894298757218358]
00023892,93329,391882,89,4;[90340, 1462, 0.9992471247785927, 0.923929209970205, 53.4210124926135, 0.9932997432187544, 9999]
00023892,93329,391882,89,6;[93747.73000000001, 1214, 0.9869406422525822, 0.950546662362923, 44.11838568046918, 0.9918175876924784, 9999]
00023892,93329,391882,89,7;[90146.07, 1198, 1.0126167312801755, 0.9488160400742294, 60.89317278153263, 0.988622837051628, 0.9931396015237839]
00023892,93329,391882,91,5;[95733.12, 1388, 1.0316382401039235, 0.9219545454312119, 111.19090413657985, 0.9847225156643902, 0.9941056533827618]
00023892,93329,391882,92,7;[89391.78, 1170, 1.0083598952507489, 0.9342592665815368, 51.915145162539226, 0.9904787665742328, 1.0000941450347052]
00023892,93329,391882,93,4;[91331, 1476, 1.0014136410916312, 0.9405193308432228, 46.83841102765158, 0.991499951610125, 0.9871753992487907]
00023892,93329,391882,93,5;[97333.67, 1416, 1.014740878442954, 0.9100369538380206, 74.98227703411273, 0.9912652801637288, 0.991766902706373]
00023892,93329,391882,93,6;[93605.25000000001, 1284, 0.9952295652710265, 0.9508319718051121, 50.92459886212178, 0.9906761857161073, 0.9918273139008246]
00023892,93329,391882,94,4;[92049, 1408, 1.0020414953763794, 0.9373424113668644, 53.1206588318205, 0.9917052245476408, 0.9953556772655265]
00023892,93329,391882,94,6;[91184.46, 1278, 0.9905011186332193, 0.9574260426265674, 40.4477583640621, 0.9938509010756, 9999]
00023892,93329,391882,94,7;[88614.54000000001, 1120, 1.0080886344489455, 0.9458098021265873, 56.90489988855238, 0.9897498296482681, 0.9920523449008256]
00023892,93329,391882,95,5;[96097.26, 1410, 1.0255900156079332, 0.9229424239876988, 78.84552100567834, 0.9883951510666669, 0.9949975357318877]
00023892,93329,391882,96,4;[90482, 1484, 1.0380860129272493, 0.925552849118763, 91.52271673997085, 0.9880054327532354, 0.9865131543082677]
00023892,93329,391882,96,7;[89244.90000000001, 1126, 0.9999886117592707, 0.947523726902524, 42.23684611748487, 0.9922659463300263, 0.9999142881631954]
00023892,93329,391882,97,6;[95323.23000000001, 1308, 1.0232360116328916, 0.9262526559365262, 114.31092452407493, 0.985070710337425, 0.9939573155052713]
00023892,93329,391882,98,5;[91312.26999999999, 1274, 0.9910956433572836, 0.9499125007788416, 40.481912020727336, 0.9931181500295134, 1.0025805018586147]
00023892,93329,391882,99,7;[91140.57, 1116, 1.040458220622072, 0.9168459149710392, 128.2515023403644, 0.9853835087709369, 0.9977889817590995]
00023892,93377,392048,10,6;[93998.44, 1270, 0.9919158486756011, 0.9298485050003288, 44.31097966349902, 0.9937217962071911, 3049.4222222222224]
00023892,93377,392048,3,5;[95604.59999999999, 1380, 0.9987641833365667, 0.9393509332390785, 64.83692702540026, 0.9879231311757988, 0.9854283191050928]
00023892,93377,392048,4,4;[94389, 1520, 1.0481839465197085, 0.8982303279844803, 146.38223343478478, 0.982646624664452, 0.9880923094638661]
00023892,93377,392048,4,6;[97017.92000000001, 1286, 1.0372960980095842, 0.9264170716955258, 123.47793040094903, 0.9807739478566936, 9999]
00023892,93377,392048,4,7;[92407.41, 1130, 1.0595645127019166, 0.9293841207882982, 170.5528109892539, 0.9818613008641736, 1.0012350283890754]
00023892,93377,392048,5,4;[93685, 1540, 1.0178861300818915, 0.9003955185041129, 93.95097312123575, 0.9899993008943256, 0.9824761944712446]
00023892,93377,392048,5,5;[95059.58, 1386, 0.9975705251686652, 0.9409213671685013, 54.60727821811455, 0.9905677231515972, 0.9902072590241967]
00023892,93377,392048,6,7;[93124.98, 1220, 1.0286517745050106, 0.8914510733339396, 118.29712978430149, 0.9879625097852601, 0.9942744194784086]
00023892,93377,392048,7,6;[96321.96, 1342, 1.0423455405613293, 0.9067963071804969, 124.40247179752821, 0.9854195786207434, 0.9907977621510408]
00023892,93377,392048,8,7;[92243.7, 1196, 1.022623329814651, 0.9085152390334844, 110.36142061975514, 0.988371274204613, 0.9908458921557349]
00023892,93377,392048,9,4;[90811, 1438, 1.0060688654956351, 0.9294232637887027, 47.099345259638056, 0.9922297516712043, 0.9900300352682733]
00023892,93377,392048,9,5;[96201.98, 1422, 1.0014563841948065, 0.9143044300938822, 83.43824513862316, 0.9901791203282161, 0.9884999847155566]
00232831,93048,390346,740,4;[35082, 810, 1.110118467398255, 0.8966855239029898, 134.18906409827164, 0.9876291909512697, 1.0005276141856916]
00232831,93048,390346,740,5;[25167.309999999998, 648, 1.0308960832661387, 0.8879570816736921, 117.23466094793315, 0.9888341570667823, 1.0003310945038313]
00232831,93048,390346,740,6;[22536.5, 606, 1.0391528243866734, 0.824357386384196, 182.40214907985984, 0.9843334946268884, 1.0071634114981938]
00232831,93048,390346,740,7;[21066.57, 590, 1.0416557842090612, 0.9831097479360884, 170.9634159678804, 0.9811382585239776, 0.9690678115212725]
00232831,93048,390346,741,4;[28871, 746, 1.0373770182720765, 0.9125091797107592, 116.13176337041497, 0.9873059201901159, 1.0026219374555052]
00232831,93048,390346,741,5;[22429.12, 646, 1.022432709207157, 0.9307601111103152, 99.87645004906751, 0.9889462668987054, 1.0019403024745501]
00232831,93048,390346,741,6;[46514.240000000005, 796, 1.0340157862247972, 0.904794146472427, 161.35521825907256, 0.9769230746426791, 1.0051512818994612]
00232831,93048,390346,741,7;[44285.85, 744, 1.0340716011761808, 0.9026326660406435, 182.78410149848776, 0.9711730771859813, 1.005540984176061]
00232831,93048,390346,742,4;[28052, 740, 1.04299650260232, 0.9070084930873028, 122.16892731425881, 0.9871237504361219, 1.002501608176685]
00232831,93048,390346,742,5;[23646.489999999998, 638, 1.1561183811637026, 0.8916441037356454, 123.51226238454453, 0.9887082676972383, 1.0009822935294561]
00232831,93048,390346,742,6;[21078.820000000003, 628, 1.0015966574873403, 1.0055593804871725, 166.8629429002772, 0.982511556557207, 0.9676425269645609]
00232831,93048,390346,742,7;[18871.02, 562, 1.0189061130967212, 0.976170767925859, 131.51430344520077, 0.9736960140301792, 9999]
00232831,93147,390953,359,4;[32253, 784, 1.0343004054696603, 0.8733069936912597, 121.68613148623795, 0.9864116847929475, 0.9878709914545621]
00232831,93147,390953,359,5;[24794.84, 664, 1.0254624170033975, 0.9140017662739477, 115.93286643123287, 0.9881370400681683, 0.9700863654352027]
00232831,93147,390953,359,6;[23006.410000000003, 614, 1.0403542808348494, 0.7936519094810963, 184.9575810242322, 0.9853119038163055, 1.008255531205908]
00232831,93147,390953,359,7;[20399.49, 564, 1.0458344217317095, 0.9409468662590371, 180.0647062832945, 0.9792957967533832, 0.9650754587238971]
00232831,93165,391039,287,4;[23394, 714, 1.2136543660350467, 0.9280534807133994, 112.3622224993563, 0.9903054674567623, 0.9560277891295463]
00232831,93165,391039,287,5;[24147.48, 646, 1.0332144400492245, 0.9158190088170706, 105.50733593276681, 0.9905545724431756, 0.9994828223125231]
00232831,93165,391039,287,6;[33862.29, 678, 1.0311656565237077, 0.8961369292882885, 141.27214363359673, 0.9854905617143696, 1.003491535057448]
00232831,93165,391039,288,7;[20056.77, 560, 1.0448503370804862, 0.9272743693977548, 161.53289071593332, 0.982623862552773, 0.9656010606953447]
00232831,93165,391039,289,4;[23200, 714, 1.189700136586915, 0.9064488667465209, 106.56234521553166, 0.9903023312895308, 0.9370519215622918]
00232831,93165,391039,289,5;[36746.009999999995, 758, 1.0259681186592275, 0.8915597452783944, 126.36710395155372, 0.9863401900132293, 1.0031674869645728]
00232831,93165,391039,289,6;[22873.52, 618, 1.0290266120131455, 0.9896478693489018, 157.558959389034, 0.982821445818884, 1.0051473465579002]
00232831,93165,391039,289,7;[36810.270000000004, 662, 1.0442348109050101, 0.9157670040874, 159.8359997677306, 0.9822413565909158, 1.005874114179401]
00232831,93165,391039,290,4;[23485, 714, 1.1872933385413627, 0.9074692571034201, 114.35458041635866, 0.9894512536845533, 0.9384990409207161]
00232831,93165,391039,290,5;[48349.7, 880, 1.0222865126792062, 0.9044540200988487, 137.4322682908964, 0.9757264129574317, 1.0044623542936253]
00232831,93165,391039,290,6;[23013.260000000002, 632, 1.0323677805875555, 0.9208586490912266, 166.79623968036157, 0.9849014235217006, 0.9991672614798953]
00232831,93165,391039,290,7;[21817.8, 532, 1.211903594443001, 0.9239900944033436, 138.42233873468047, 0.9877885420707321, 1.006138432230297]
00232831,93328,391868,72,4;[22958, 686, 1.0413219567369838, 0.9258248875222747, 102.56876915992719, 0.9911504612884058, 0.9991513437057992]
00232831,93328,391868,72,5;[42099.82, 806, 1.0278789267966615, 0.8970566500260518, 135.1654690628665, 0.9845823003453007, 1.005585321831076]
00232831,93328,391868,72,6;[17820.960000000003, 552, 1.0163830549444937, 0.9838034127294123, 129.9790301133918, 0.9727344142869735, 1.0115872151800296]
00232831,93328,391868,72,7;[45021.78, 748, 1.042958758987957, 0.9011252152084682, 179.7697462518521, 0.9768465051626142, 1.005742019276779]
00232831,93328,391868,73,4;[38456, 848, 1.0338209932300544, 0.905944915256667, 116.8870415367547, 0.9862689502952457, 1.0030648043089845]
00232831,93328,391868,73,5;[35375.13, 740, 1.026320626420711, 0.9120296052473232, 121.22238275340372, 0.9859347958257803, 1.0052244483895512]
00232831,93328,391868,73,6;[48025.350000000006, 818, 1.0257304557707312, 0.9140755452622588, 155.7383419816853, 0.9782402186933676, 1.004945173081058]
00232831,93328,391868,73,7;[33623.28, 632, 1.044123190263545, 0.9299201361780877, 150.47844275182408, 0.9832834857529154, 1.0065497183163101]
00232831,93328,391868,74,4;[38410, 846, 1.0331855695467584, 0.9075748213649732, 117.10155289949085, 0.9862500653403574, 1.0029375285593054]
00232831,93328,391868,74,5;[48271.159999999996, 878, 1.0265632083108553, 0.920622989854916, 128.97499551410644, 0.9797151920577304, 1.0053035935563817]
00232831,93328,391868,74,6;[18079.890000000003, 584, 1.0084415135616849, 0.8708058675287387, 164.25316419321092, 0.9622110090676279, 0.9971288250850019]
00232831,93328,391868,74,7;[32327.37, 622, 1.0391315661943086, 0.9198033935038462, 150.6383217291742, 0.9843142006584313, 1.0051377194234337]
00236683,93026,390254,285,4;[52577, 1096, 0.8862211757298222, 1.142811977438725, 502.11518930978275, 0.942520480681904, 0.9907850601138205]
00236683,93026,390254,285,5;[53276.299999999996, 972, 0.8758447924779791, 1.1029847720315937, 508.07812785055285, 0.8969617439025638, 0.999207686556338]
00236683,93026,390254,285,6;[52834.05, 942, 0.8818427940834459, 1.1208881054748694, 568.5444708665053, 0.8783664189758349, 0.9953799297955812]
00236683,93026,390254,286,7;[48655.53, 922, 0.8835625619097367, 1.197994268897786, 707.3842538095182, 0.9246766263894225, 0.9956169186938417]
00236683,93027,390265,359,4;[55714, 1184, 0.8878782770248758, 1.2555487732632349, 391.8006134098783, 0.9635562642822302, 0.9459725618038577]
00236683,93027,390265,359,6;[52086.030000000006, 886, 0.8898584135666646, 1.1637660922020512, 669.6965407973415, 0.9075302850188324, 0.9999079492405812]
00236683,93027,390265,359,7;[48546.9, 888, 0.8814322133652133, 1.1784699135072954, 726.0298356369328, 0.9082421067596348, 0.9937985467301428]
00236683,93027,390265,360,5;[53558.329999999994, 984, 0.878247657197186, 1.078590357210907, 553.0768949716395, 0.8980300575316448, 0.9967665492879765]
00236683,93032,390303,79,4;[54816, 1196, 0.888904372575185, 1.2934701273616958, 378.65287972537624, 0.9660342743522854, 0.9493591963976447]
00236683,93032,390303,79,5;[53930.799999999996, 980, 0.8790632088107615, 1.0730474168056072, 587.4673493224348, 0.8953819539550469, 0.9981609347297015]
00236683,93032,390303,79,6;[52579.23, 934, 0.8732997317832936, 1.1516979154524813, 303.94904111450586, 0.8983970937919634, 0.9946353599751205]
00236683,93032,390303,80,7;[48606.57, 822, 0.8850859545199323, 1.05918387500515, 252.38180572968213, 0.9042999480579031, 1.0034745254114155]
00236683,93032,390303,81,4;[51138, 1030, 0.8701509551381353, 1.137200506893773, 247.55772691967408, 0.9127945715772987, 0.9981165035278963]
00236683,93032,390303,81,5;[53663.049999999996, 962, 0.8796153248595829, 1.0877844540512152, 593.6795663368949, 0.9066572911256823, 1.000077619950545]
00236683,93032,390303,81,6;[50802.340000000004, 898, 0.8817236210154215, 1.1335969358320634, 238.41582018685398, 0.9332738088203516, 0.9994474765851358]
00236683,93032,390303,81,7;[48525.48, 818, 0.8748864162762124, 1.0935561647465442, 298.15014867311663, 0.8918905826198557, 0.9987561209869157]
00236683,93032,390303,83,4;[50093, 1042, 0.8801598385112197, 1.2498116921691478, 238.8048669046948, 0.9253919183258541, 0.9939974799337242]
00236683,93032,390303,83,5;[53466.7, 1108, 0.8728988238067416, 1.2012863459406646, 515.0614612160756, 0.9197047972512877, 0.9913726528540853]
00236683,93032,390303,83,6;[51553.100000000006, 892, 0.8825073947021309, 1.184670106535934, 271.0661832487113, 0.9048220048958809, 0.9999468537414966]
00236683,93032,390303,83,7;[49385.340000000004, 864, 0.8908494900443562, 1.1542252328658154, 586.0665547587771, 0.8833588502031021, 0.9960962212038451]
00236683,93051,390358,937,4;[50056, 1130, 0.8845052986867727, 1.209182328456789, 291.4767786976812, 0.9349687600459935, 0.9887214332273293]
00236683,93051,390358,937,5;[53338.18, 980, 0.877365576109739, 1.090902446982913, 569.5160161206493, 0.8910486959705923, 0.9981405395775573]
00236683,93051,390358,937,6;[51747.64000000001, 928, 0.8772542639973726, 1.128240764091211, 279.23960958320947, 0.8994901646477651, 0.9964912280701754]
00236683,93051,390358,938,7;[48975.3, 872, 0.88618399388147, 1.1003372898417185, 465.39693323686254, 0.8911497583700823, 0.9932048775947129]
00236683,93078,390512,47,4;[56976, 1204, 0.884308089239834, 1.2299526282331041, 465.7959497996675, 0.9253646400655449, 0.9472082990449116]
00236683,93078,390512,47,5;[55313.579999999994, 1074, 0.866247929479097, 1.1573783919242993, 375.48428351214955, 0.895071386675741, 0.9883058343255656]
00236683,93078,390512,47,7;[50615.46, 866, 0.8892711702807803, 1.1246224726107188, 603.4403469673778, 0.9204933833263348, 0.9954113947855391]
00236683,93078,390512,48,6;[51732.57000000001, 924, 0.8870835487190667, 1.1727691486512413, 207.9023365769131, 0.9365714163255069, 0.9957281860612294]
00236683,93078,390512,49,4;[50734, 1034, 0.8993787141650365, 1.1114887902287192, 188.05861423977905, 0.9482086203982276, 1.0003549175802509]
00236683,93078,390512,49,5;[54125.96, 1068, 0.8797393213394995, 1.1547653142086882, 284.42710920835486, 0.9210444531642717, 0.9858358168518017]
00236683,93078,390512,49,6;[54731.50000000001, 984, 0.879834558009322, 1.147475499846527, 542.6954198804708, 0.8734858286737891, 0.9901603588866582]
00236683,93078,390512,49,7;[49322.61, 874, 0.8835265764892972, 1.1000756810605234, 233.6336359394449, 0.8995735315166424, 0.9950766286481565]
00236683,93078,390512,50,4;[50450, 1040, 0.8784162888965641, 1.146206915669922, 202.0031608183698, 0.92748962082882, 0.9897882108278317]
00236683,93078,390512,50,5;[55676.53, 1044, 0.8750726478175135, 1.1394294531009443, 533.1589217149117, 0.9052388275863833, 0.9957858891135469]
00236683,93078,390512,50,6;[52554.57000000001, 994, 0.8801390033814295, 1.1564541614522326, 308.8361007008464, 0.9228982914316806, 0.9938082901554404]
00236683,93078,390512,50,7;[50921.46, 834, 0.8956110727614838, 1.1510473556750707, 696.3709769331037, 0.8818265213361519, 1.0010075642510188]
00236683,93098,390636,1213,4;[56467, 1184, 0.8852904133911917, 1.233907998978291, 429.33486125877033, 0.9459542835807855, 0.9478304657994125]
00236683,93098,390636,1213,5;[54052.18, 1054, 0.8782312078943617, 1.1774382681583697, 499.08294242446783, 0.9146874510944828, 0.990125340599455]
00236683,93098,390636,1213,6;[52939.54, 902, 0.8868023540985288, 1.1936916707036078, 666.3344565402167, 0.8922121904448836, 0.9990175801447777]
00236683,93098,390636,1213,7;[49158.9, 818, 0.8968602090227412, 1.2224894291344504, 726.3206879082402, 0.8966149411102033, 1.00040477005947]
00236683,93098,390636,1214,4;[52395, 1074, 0.8830476926383564, 1.1013977748177695, 277.00856568610664, 0.9288022433383062, 0.9967090245015979]
00236683,93098,390636,1214,5;[54338.97, 1064, 0.8753592465124572, 1.1658948570413648, 438.73622697411906, 0.8941746706114226, 0.9925983892529916]
00236683,93098,390636,1214,6;[53567.00000000001, 970, 0.8909173181607123, 1.153854978194333, 572.9119745518187, 0.8869485279349782, 0.9975253208153685]
00236683,93098,390636,1214,7;[50122.8, 902, 0.880710020895345, 1.12581092799517, 474.29731353812963, 0.88444926329212, 0.9958203510905084]
00236683,93099,390639,1320,4;[53510, 1074, 0.886949393764135, 1.103472708990238, 582.2486327101362, 0.8872176621195892, 0.9980788241657806]
00236683,93099,390639,1320,5;[54300.89, 1066, 0.8737359876815745, 1.157886001599414, 427.27118793432754, 0.8941188344947442, 0.9946486763375585]
00236683,93099,390639,1320,6;[51259.920000000006, 894, 0.8772615400370747, 1.1286796939509243, 240.38157947816705, 0.9216837692799165, 1.0028679407113565]
00236683,93099,390639,1320,7;[50229.9, 888, 0.894896588653257, 1.1079024181044324, 567.15055877201, 0.8651763810749842, 0.9962976450594805]
00236683,93099,390639,1322,4;[51235, 1148, 0.880596753207647, 1.2177697161480874, 333.3501286508133, 0.9257533333002379, 0.9916099751299148]
00236683,93099,390639,1322,5;[53547.619999999995, 1046, 0.8639364224395616, 1.1457026144553932, 404.8452220454673, 0.8801401523846557, 0.9947387036873286]
00236683,93099,390639,1322,6;[50679.04, 898, 0.8824513559502067, 1.171441696285514, 246.70458777863863, 0.8988593894373392, 0.9948900005378947]
00236683,93099,390639,1322,7;[50350.770000000004, 894, 0.889129546709839, 1.131800783928898, 588.4938364327204, 0.8637839685404683, 0.9970460363867722]
00236683,93103,390670,1523,4;[53540, 1098, 0.8814483786883229, 1.091326195463164, 583.2890612595404, 0.8925003108166547, 0.9898683626682443]
00236683,93103,390670,1523,6;[52760.07000000001, 898, 0.8886685237149125, 1.1384671222739895, 664.3475694644986, 0.8956374636031632, 0.9992734632450245]
00236683,93103,390670,1523,7;[49559.76, 898, 0.8849739090194637, 1.1465584554131907, 429.77388085238783, 0.878833915701265, 0.9926148377409371]
00236683,93103,390670,1524,5;[53287.009999999995, 1084, 0.8749514601505815, 1.1927939090981903, 352.29274302067216, 0.9197836155426133, 0.9902367289171946]
00236683,93103,390670,1525,6;[52808.020000000004, 926, 0.8834557602430098, 1.1105067825564525, 596.9331309564569, 0.8789418949217416, 0.9970512157268494]
00236683,93103,390670,1525,7;[47474.37, 832, 0.8960694763767397, 1.120854058037875, 233.84109214020037, 0.9269261131544956, 0.995795892169448]
00236683,93103,390670,1526,4;[49607, 1040, 0.888368387064635, 1.1423263534690966, 221.29537854494612, 0.9377289374706437, 0.9927455748006284]
00236683,93103,390670,1526,5;[54116.439999999995, 1010, 0.877561512468865, 1.1633428413765627, 566.2569391555063, 0.8698488988721917, 0.9940543848911427]
00236683,93129,390840,509,4;[50220, 1082, 0.8782155057915386, 1.13930170671189, 217.12438090721648, 0.9377749195334129, 0.9839052535681749]
00236683,93129,390840,509,6;[52253.170000000006, 952, 0.8794503133701228, 1.1775017028719883, 243.20270184900593, 0.9218680025519781, 0.9937080700840226]
00236683,93129,390840,510,5;[53252.5, 1086, 0.8718151001278966, 1.1867040761069838, 366.10935331541, 0.9304138369024261, 0.9919645331116653]
00236683,93129,390840,510,7;[48311.28, 876, 0.886752157504339, 1.1438911860882877, 258.06722990743253, 0.9406191713010823, 0.9960411967887954]
00236683,93139,390919,100,4;[50648, 1062, 0.8724162912063601, 1.0918755754154672, 213.35479637612792, 0.9236650681294645, 0.9819500184183485]
00236683,93139,390919,100,5;[53560.71, 1082, 0.8718223140379071, 1.2719149037767723, 394.1707716759126, 0.9223600826856005, 0.9920432003526559]
00236683,93139,390919,100,6;[52605.26, 896, 0.883918021004128, 1.1755189257199565, 650.8226219659143, 0.8972444130713766, 0.9979208898591403]
00236683,93139,390919,101,7;[50340.06, 902, 0.8807445170450002, 1.0675197317102934, 451.4993284754688, 0.8837738406193314, 0.9952358626113522]
00236683,93140,390930,162,4;[50537, 1078, 0.890617338460394, 1.159368768130827, 198.41330463279277, 0.9438535009988425, 0.9901546841172033]
00236683,93140,390930,162,5;[52330.25, 1018, 0.8837771286957714, 1.1302814673936055, 224.9227576164802, 0.9350619067758252, 0.9904056214950113]
00236683,93140,390930,162,6;[52717.600000000006, 980, 0.8723198945956582, 1.1916407124998802, 345.97069054315045, 0.8945825872136896, 0.9916759013478339]
00236683,93140,390930,162,7;[49183.38, 904, 0.8856045382741418, 1.2412293187071277, 327.5082865258509, 0.9286376268543715, 0.9930646730819728]
00236683,93140,390930,163,4;[60891, 1166, 0.8798437417506862, 1.1471152895215986, 440.92075090667265, 0.9438720072640782, 0.9669766001540404]
00236683,93140,390930,163,5;[51817.36, 952, 0.868296999859913, 1.1346919043867796, 202.7265238161475, 0.9181484449599598, 0.9992541851686115]
00236683,93140,390930,163,6;[53092.98, 914, 0.8765991027312365, 1.0885326783148097, 536.8700950042356, 0.8890194124901043, 0.9953128812296945]
00236683,93140,390930,163,7;[47942.55, 806, 0.8861400469798484, 1.09588982736007, 188.73954945092174, 0.9364442849941348, 1.0022068700825177]
00236683,93140,390930,164,4;[52782, 1174, 0.892569068449326, 1.3012097101274098, 336.0366267791391, 0.9346678774173823, 0.9901606745894028]
00236683,93140,390930,164,6;[52673.76, 934, 0.876283072972613, 1.1540990492081529, 251.72477329648885, 0.9042599078863474, 0.9870736685365133]
00236683,93140,390930,165,5;[53959.36, 1094, 0.8733255020501959, 1.246403178783136, 391.401288011376, 0.9244857121186066, 0.9912556838055264]
00236683,93140,390930,165,7;[50047.83, 892, 0.8884578349786199, 1.0925579881202565, 420.37057123942856, 0.8952924978704627, 0.9934098639455783]
00236683,93174,391097,943,4;[52929, 1108, 0.8828460986870269, 1.0983063107026998, 510.43772215516213, 0.8934977417358362, 0.9919041996964075]
00236683,93174,391097,943,5;[53889.149999999994, 1092, 0.8773231810321965, 1.278693284797037, 449.2352388033804, 0.9147373443316961, 0.9932227924726937]
00236683,93174,391097,943,6;[51677.770000000004, 990, 0.8829695698739835, 1.2062878213296189, 312.05483063552145, 0.9324343993301389, 0.9933506260945133]
00236683,93174,391097,943,7;[48109.32, 854, 0.8797653401569392, 1.085043124738904, 265.4928540501923, 0.9219678792647472, 0.9915645743657664]
00236683,93203,391206,348,4;[54256, 1088, 0.8853528477109496, 1.074540508695602, 543.0232175486182, 0.8943895225076689, 0.996940603610639]
00236683,93203,391206,348,5;[55439.719999999994, 986, 0.8787954545685046, 1.0904494841415546, 435.6866649196918, 0.8895019258773622, 0.9990135952309473]
00236683,93203,391206,348,6;[53029.96000000001, 1004, 0.8752041450925833, 1.1549806897710804, 523.3755346154549, 0.9085616810026557, 0.9948724538970636]
00236683,93203,391206,348,7;[50116.68, 902, 0.8882899385754764, 1.1653995297789257, 503.6928382302954, 0.8873180628328166, 0.9956382315840666]
00236683,93203,391206,350,4;[51891, 1126, 0.8847759100080066, 1.1284918754883855, 239.26920912499105, 0.9310482161206578, 0.9874031929670999]
00236683,93203,391206,350,5;[53427.43, 1068, 0.8761904327473313, 1.2752535444268787, 415.81628433893343, 0.9106632034558059, 0.9898473240368186]
00236683,93203,391206,350,6;[53723.18000000001, 968, 0.8851972905436899, 1.1926498731572275, 540.618621432369, 0.8791854576013558, 0.9861931946784699]
00236683,93203,391206,350,7;[49749.48, 890, 0.8839521547037728, 1.1228375248515745, 296.5379727362551, 0.8912789826519816, 0.9939323541548855]
00236683,93203,391206,351,4;[53017, 1106, 0.8911445126943249, 1.23133518941443, 296.4491511493588, 0.9301325926923519, 0.9924095652580841]
00236683,93203,391206,351,5;[54875.659999999996, 1080, 0.8769006163309137, 1.179881152654122, 482.2721789455403, 0.9130123344963348, 0.9918375686923978]
00236683,93203,391206,351,6;[53831.41, 950, 0.8780273349075945, 1.125443336214476, 599.320406964407, 0.8756456183821748, 0.9946461795491652]
00236683,93203,391206,352,7;[47965.5, 828, 0.8819754633892878, 1.1073849397262625, 202.21514009657832, 0.9045959445803953, 0.995838759886916]
00236683,93220,391265,336,4;[53215, 1098, 0.8763063496047365, 1.1391994134856436, 349.144132807547, 0.9268970654083277, 0.9936328329225483]
00236683,93220,391265,336,5;[52300.5, 1040, 0.8883793453226698, 1.1588999681159402, 278.8441680444886, 0.9295274100544008, 0.9908579544814059]
00236683,93220,391265,336,6;[51311.98, 956, 0.8872275809985876, 1.1977528449938752, 226.56803874338215, 0.9286752514515635, 0.9864103239399526]
00236683,93220,391265,336,7;[49184.91, 880, 0.8823606478630748, 1.1066869112422093, 246.01899892276666, 0.9065194010286566, 0.9970380708691944]
00236683,93220,391265,337,4;[51284, 1112, 0.8792958679535733, 1.135395028513278, 208.51180884773677, 0.9312518226116953, 0.9783195505575109]
00236683,93220,391265,337,5;[51751.909999999996, 1018, 0.8795412029027372, 1.2159118679407275, 236.16293279109476, 0.9295342545904172, 0.9933871649325582]
00236683,93220,391265,337,6;[53231.350000000006, 912, 0.8896849003351999, 1.1858284079749826, 614.1763646798645, 0.8767342939139359, 0.9984581780804317]
00236683,93220,391265,337,7;[48049.65, 844, 0.8889535155850133, 1.0918587906435444, 209.1498399003557, 0.9311254380891433, 1.0008764241893076]
00236683,93222,391274,426,4;[57338, 1170, 0.886854668230566, 1.1854768770449802, 450.37473106748973, 0.9411922447477721, 0.9481508429312012]
00236683,93222,391274,426,5;[51654.329999999994, 968, 0.8822020112693015, 1.1571810862662657, 208.92261698253648, 0.9437407397240375, 0.9975410212805075]
00236683,93222,391274,426,6;[53103.94, 1016, 0.8748037616346733, 1.1684908908828457, 450.9741968531228, 0.9188361563374632, 0.9931462099181388]
00236683,93222,391274,426,7;[48758.04, 888, 0.8859395500693478, 1.2070252924367457, 319.6890925046437, 0.9233336288527946, 0.9914444824689668]
00236683,93222,391274,428,4;[58149, 1174, 0.8848685865961714, 1.2053997740224873, 420.89703266550043, 0.9410564679058678, 0.9572245771430923]
00236683,93222,391274,428,5;[52686.06, 1010, 0.8883825211121258, 1.203523552557576, 252.61544863457726, 0.9319205768143303, 0.9965449327556131]
00236683,93222,391274,428,6;[51548.990000000005, 936, 0.8764851434119169, 1.1642280535472393, 227.7871519363942, 0.919940861886701, 0.991279835607777]
00236683,93222,391274,428,7;[50306.4, 828, 0.8845258922856971, 1.0654625847062194, 433.07337225036747, 0.8832715233592696, 1.0014162364658048]
00236683,93260,391459,217,4;[53665, 1108, 0.8830165008314165, 1.1568747573753988, 560.9006706415589, 0.9049777943778147, 0.9922803124855545]
00236683,93260,391459,217,5;[51668.61, 1004, 0.8843871647426503, 1.2014108854212842, 232.24784617026646, 0.9403222821256002, 0.9937744615595889]
00236683,93260,391459,217,6;[50876.32000000001, 934, 0.8853029941465531, 1.1258004582934167, 227.35034790445613, 0.9344684887768305, 0.9943103471357618]
00236683,93260,391459,217,7;[50001.93, 856, 0.8983182431979138, 1.146780627596113, 658.4222844330483, 0.890841991832416, 0.9972688851253414]
00236683,93260,391459,218,4;[53342, 1128, 0.8819792317494807, 1.102433082344417, 478.9532602383751, 0.8868150826591494, 0.9829546501557116]
00236683,93260,391459,218,5;[53589.27, 1062, 0.8631423234894012, 1.1858923395628806, 387.827696471499, 0.8814800273743318, 0.9933165696135522]
00236683,93260,391459,218,6;[53253.270000000004, 906, 0.8834904157608308, 1.0996469823892665, 609.3968971852356, 0.8791265089134787, 1.001636281646589]
00236683,93260,391459,218,7;[47910.42, 854, 0.8853658361856086, 1.1426721731563114, 264.8643470650496, 0.9210327595876833, 0.9945214615787719]
00236683,93314,391804,1,4;[52647, 1060, 0.8948910356227433, 1.1324701972275442, 554.3223901414366, 0.8984986258899959, 0.9994969007185777]
00236683,93314,391804,1,5;[51775.71, 1044, 0.8764316272593112, 1.2391106086898693, 296.50920326848143, 0.9324303506693311, 0.9932654552095699]
00236683,93314,391804,1,6;[51740.79, 978, 0.8757387411673722, 1.1638873992941536, 570.2390600899009, 0.9173671892795292, 0.9911037631868997]
00236683,93314,391804,1,7;[48164.4, 840, 0.8895853416071748, 1.1947312662262433, 768.4728542441595, 0.8954328647149865, 0.9965178854067743]
00236683,93314,391804,2,4;[51977, 1184, 0.8866878884399527, 1.2572918075100872, 409.7512100340109, 0.9266140798727707, 0.9903116098732031]
00236683,93314,391804,2,6;[51187.310000000005, 904, 0.8757376093351815, 1.108246409180102, 281.47941665348213, 0.9007051103275707, 0.9996789297658862]
00236683,93314,391804,2,7;[48895.74, 918, 0.8806668559652951, 1.134164452544483, 495.0704192484552, 0.9198112615202162, 0.9985626796650419]
00236683,93314,391804,3,5;[53256.07, 1040, 0.876357870939685, 1.204689762393494, 540.2553489116442, 0.8998972922869244, 0.99148158404874]
00236683,93331,391886,297,4;[51876, 1178, 0.8844671025734807, 1.3046130879712536, 426.76966347584744, 0.9403120147329657, 0.9911348872755064]
00236683,93331,391886,297,5;[52404.03, 1020, 0.869901393624247, 1.1218932353030335, 426.13995333547257, 0.8825101242879042, 0.9975987132727726]
00236683,93331,391886,297,6;[51433.91, 956, 0.8834011774981179, 1.1505403638827827, 320.0936060864985, 0.9075473787259105, 0.99317478373588]
00236683,93331,391886,297,7;[48834.54, 916, 0.8759147574521244, 1.1330110090332117, 544.0025446573025, 0.920845549706956, 0.9945935839708334]
00236683,93341,391961,155,4;[52219, 1130, 0.8830840029174529, 1.0944282669068668, 305.9317127110463, 0.9104757759499544, 0.9901964502427184]
00236683,93341,391961,155,5;[53058.53, 986, 0.8776422228310168, 1.1126786903844337, 572.5503558877115, 0.8887730118947625, 0.9951122617506584]
00236683,93341,391961,155,6;[52317.560000000005, 944, 0.8880754911048747, 1.1325530189364938, 571.7169604046203, 0.8862491572080464, 0.9941296679552761]
00236683,93341,391961,155,7;[47579.94, 856, 0.8877516593283715, 1.1352454188535255, 247.54762138590198, 0.925214105531204, 0.9946903787103377]
00441627,93067,390432,65,6;[21472.010000000002, 544, 1.2071747550462895, 0.7669454718363042, 296.42536616290715, 0.7847001280608507, 1.0052594445513436]
00441627,93067,390432,65,7;[16773.39, 448, 1.253618130917735, 0.6973485200506362, 523.0019403456191, 0.7855477682179377, 1.0095308255444542]
00441627,93067,390432,66,4;[10210, 490, 1.205591451736173, 0.6863116563155766, 613.2121337405814, 0.8722998402899627, 0.9194470710072493]
00441627,93067,390432,67,5;[16268.49, 512, 1.220647196279767, 0.7046617065922521, 462.8704074907715, 0.8445627125533454, 0.9832775919732442]
00441627,93067,390432,68,4;[11907, 494, 1.2003262112026345, 0.7715832962863078, 531.6485128296621, 0.8717618975734283, 0.9621429437194456]
00441627,93067,390432,68,7;[8421.12, 332, 1.2311721329364465, 0.7263238471111474, 701.494559475333, 0.8791896922543819, 1.0088901108972597]
00441627,93264,391493,588,5;[20519.17, 566, 1.20625089539276, 0.7685909233089576, 315.5605880943431, 0.8317790326969933, 1.0058332847226272]
00441627,93264,391493,588,6;[18714.2, 500, 1.2130593104670668, 0.7637348278576689, 363.8229627501239, 0.8491944895920966, 1.0074860788435298]
00441627,93264,391493,589,4;[21379, 642, 1.222860004437008, 0.7367409312527542, 305.88289777479906, 0.8018732641457108, 1.0009363734257222]
00441627,93264,391493,590,5;[16612.399999999998, 508, 1.1964813574751163, 0.7937685632171995, 375.2812841427674, 0.8581445608296557, 1.005256714913228]
00441627,93264,391493,590,6;[9288.6, 376, 1.2316310760066829, 0.7078850170173268, 667.4897806596281, 0.8670318738668767, 1.0028102351723118]
00441627,93264,391493,590,7;[12282.84, 382, 1.1826867670833479, 0.7999119505441685, 387.72390592826093, 0.8875514854945041, 1.009938357026041]
00441627,93264,391493,591,4;[11012, 470, 1.193098058381541, 0.7475751573775226, 527.8687510951271, 0.8825552290357994, 0.9964258245487038]
00441627,93264,391493,592,4;[21566, 638, 1.2334162978246925, 0.7378921132659273, 367.5501605580817, 0.7903441127274271, 1.0021375464684015]
00441627,93264,391493,592,5;[20156.219999999998, 562, 1.203713359679201, 0.7846317304791915, 313.73463012416363, 0.8368775280740046, 1.0055806221800048]
00441627,93264,391493,592,6;[21159.65, 542, 1.2236697404115686, 0.7517249901352401, 314.38375842433857, 0.7571266939806515, 1.007304506619709]
00441627,93264,391493,594,7;[8350.74, 328, 1.223572353799153, 0.7204655936361108, 657.8691777124549, 0.8679768549362092, 1.0058048465861973]
00441627,93264,391493,595,6;[12464.26, 412, 1.2003801191039778, 0.7494402772998116, 518.779684832739, 0.8685443501401033, 1.0085356390644054]
00441627,93264,391493,595,7;[17913.24, 476, 1.234135554242224, 0.7230504643351645, 478.3657405746895, 0.6958753383818995, 1.0044612216884008]
00441627,93264,391493,596,4;[11219, 508, 1.2305094763677218, 0.6714866924176794, 605.7120413973133, 0.8650759920385281, 0.9012692802056556]
00441627,93264,391493,597,4;[16763, 554, 1.2381928499368817, 0.7049775672859457, 464.3131905671902, 0.8376756323112875, 0.9956049177406902]
00441627,93264,391493,597,6;[16138.6, 466, 1.2405600873349107, 0.7125649233782062, 511.9105039766774, 0.8332037135799918, 1.0062785631913893]
00441627,93264,391493,597,7;[16254.720000000001, 444, 1.2077508556362362, 0.7474599477139451, 388.7097550299453, 0.8432176119123432, 1.010125980508676]
00441627,93264,391493,598,6;[20904.83, 538, 1.228930547722823, 0.7107618040554585, 404.3079847094639, 0.7639951155568417, 1.0037825214616978]
00441627,93264,391493,599,4;[21075, 628, 1.2339627963739415, 0.6957756061847777, 428.3759556261045, 0.7821500322703572, 1.0026881080952494]
00441627,93264,391493,599,6;[18278.54, 496, 1.2417901616914273, 0.7014603540815798, 492.52759945321515, 0.8148213773926527, 1.0078942398489141]
00441627,93264,391493,601,6;[17897.68, 488, 1.2262171756865832, 0.7353354373699604, 428.58509720415935, 0.8294448048949816, 1.0083359061438715]
00441627,93264,391493,601,7;[16462.8, 446, 1.239242479305792, 0.7171955844473522, 490.42480472355714, 0.778000400107347, 1.0082458770614693]
00441627,93264,391493,602,6;[9285.86, 374, 1.2377602435906125, 0.6997581433261124, 713.459030433227, 0.8548786717681439, 1.0055633855055264]
00441627,93384,392076,320,4;[12344, 490, 1.1995487910336806, 0.7591096098133624, 513.2954542998216, 0.8662362257216014, 1.0004863024801427]
00441627,93384,392076,320,5;[20861.89, 574, 1.2111621840400428, 0.7582921315696813, 363.1884696510415, 0.8293217739685587, 1.0060832137733142]
00441627,93384,392076,320,7;[14005.62, 410, 1.2263482310292348, 0.7426608622195343, 522.0529734673636, 0.8269586639430007, 1.0075394859941664]
00441627,93384,392076,321,6;[9516.02, 402, 1.2459258908049446, 0.6729735331185407, 996.7609703993207, 0.8711938871840158, 1.0025981524249423]
00441627,93384,392076,322,4;[15087, 530, 1.227825643299695, 0.670241727937023, 463.9224341976033, 0.8457291965189534, 0.9826743958835407]
00441627,93384,392076,322,5;[14786.939999999999, 478, 1.2168679137909466, 0.6908034952506068, 421.88523733231057, 0.8408142823537349, 1.0021371829509254]
00441627,93384,392076,322,6;[9057.070000000002, 424, 1.4980199071231, 0.7611337057784305, 1635.2590209349778, 0.8533617294763073, 0.9801334321719792]
00441627,93384,392076,322,7;[15986.970000000001, 440, 1.2458601080494724, 0.7311456583295168, 551.6198462274316, 0.8090290400380505, 1.0078125]
