80005079,93062,390403,1047,1;[77400, 1282, 1.069750885132354, 0.9759852629295813, 79.92248104305084, 0.9908694845497139, 9999]
80005079,93062,390403,1048,3;[68349.3, 1156, 1.009236408336197, 1.01462889192684, 98.59007802182244, 0.9900258531897074, 0.9989487911097762]
80005079,93062,390403,1049,2;[66399.62, 1076, 1.0069463475377278, 1.0012961940843057, 113.70931113293076, 0.9861398693919052, 1.0041300377012157]
80005079,93062,390403,1052,2;[66037.86, 1248, 1.002800005415862, 1.0126304567000477, 121.26040805532071, 0.9883635480538093, 1.0058362937722032]
80005079,93062,390403,1053,1;[76088, 1280, 1.0782121210451665, 0.9571147731331155, 91.1056422888026, 0.990161640161937, 25362.666666666668]
80005079,93062,390403,1053,3;[66518.98000000001, 1006, 1.0203561473587328, 1.0174732683044792, 113.51051531366676, 0.9855444835208437, 1.0041673129621012]
80005079,93062,390403,1055,3;[69894.66, 1102, 1.0474363296084892, 0.9403713049557351, 65.05830057641664, 0.9898333092260143, 9999]
80005079,93062,390403,1056,1;[68868, 1220, 1.0632733308077384, 0.9554441024727217, 92.35102991577209, 0.9896747618417769, 1.007320729878963]
80005079,93062,390403,1056,2;[76511.05, 1182, 1.1397018692571161, 0.9826395646384086, 121.84926731597724, 0.9853266705330779, 9999]
80005079,93062,390403,1057,1;[75834, 1312, 1.0401859670974003, 0.9655815928181548, 63.6513808171247, 0.9935441375759277, 1.00429747250346]
80005079,93062,390403,1058,2;[70686.0, 1142, 1.0105502118320644, 1.0039613209460412, 125.94392187165985, 0.9856744583705102, 1.0028109093671655]
80005079,93062,390403,1058,3;[66076.47, 1142, 1.0553276393879962, 0.9300082326333299, 111.79073520846312, 0.9874832683151412, 1.0029007205015439]
80005079,93062,390403,1060,2;[66804.22, 1228, 1.0049547852192604, 1.0180939832794216, 118.78285948166027, 0.9885056029517346, 1.0059221430811272]
80005079,93062,390403,1060,3;[67302.62000000001, 1084, 1.0203658756383809, 0.8715194179290946, 151.46087153660122, 0.9771569278369271, 1.0024895926863113]
80005079,93062,390403,1061,1;[67759, 1428, 1.0345883702098393, 0.9522556962119771, 72.92978009673979, 0.991513360716353, 1.0047524781838268]
80005079,93062,390403,1062,3;[66986.15000000001, 1148, 1.009170557972667, 0.83236004417285, 79.69722129090138, 0.9916990914172457, 9999]
80005079,93062,390403,1064,1;[71461, 1374, 1.0726908992677824, 0.9882388800736241, 85.2112135111612, 0.9920830833714903, 1.0065851099044278]
80005079,93062,390403,1064,2;[69369.86, 1246, 1.0065825188981588, 1.0197301146980564, 107.34958757526832, 0.9901922131112884, 1.0056324664682796]
80005079,93062,390403,1065,3;[69786.43000000001, 1134, 1.0093688071876215, 0.8310050836979808, 105.51896814161076, 0.9893037810139962, 0.9998527867468815]
80005079,93062,390403,1066,1;[65476, 1412, 1.021962776117236, 0.9668757931846289, 98.01804690437952, 0.9887881378472889, 1.0010855439186606]
80005079,93062,390403,1067,2;[67494.42, 1226, 1.1781856891717233, 0.9401088533416713, 126.08663778150812, 0.9864520648208827, 1.0059950336998935]
80005079,93085,390563,484,1;[71509, 1366, 1.070901446366338, 0.9885057484655393, 80.87887647775837, 0.9930319025351917, 0.9922503208797309]
80005079,93085,390563,484,3;[71356.45000000001, 1100, 1.061825693199426, 0.9398353668824517, 121.66367313295459, 0.9819693202478348, 9999]
80005079,93085,390563,486,2;[72939.86, 1140, 1.1560545068668453, 0.9699821651494951, 138.6880798110405, 0.9837763199722266, 1.0049102787956292]
80005079,93085,390563,488,1;[70139, 1222, 0.9982543681121403, 0.988196781177949, 33.863325620736916, 0.9917208991115032, 1.000513530091437]
80005079,93085,390563,489,3;[71057.79000000001, 1120, 1.017848720870144, 1.0135261196034862, 124.19780214505555, 0.9849304214477465, 9999]
80005079,93085,390563,490,2;[68603.5, 1106, 1.0170182047854202, 1.0112611073164153, 151.6552018254755, 0.9821034893533463, 1.0069517222105777]
80005079,93085,390563,492,1;[70358, 1322, 1.0181324846551032, 0.9740854060652767, 44.45243898326636, 0.9921066269066583, 9999]
80005079,93085,390563,492,3;[76014.45000000001, 1094, 1.0169860946868174, 0.8739498930680869, 126.64832797294449, 0.9849991092851683, 9999]
80005079,93085,390563,493,2;[67839.52, 1230, 1.0551802953918967, 0.9613404724251357, 120.91296866239071, 0.9879630578908429, 1.0058756065284518]
80005079,93085,390563,494,3;[67851.99, 1162, 1.0084783770653114, 1.0119430012253186, 93.91681727926803, 0.9906152748348701, 6190.875]
80005079,93085,390563,495,2;[55052.97, 1028, 1.0072288584894706, 0.889249212677754, 134.72921817837852, 0.9889004171614337, 1.0057173913043478]
80005079,93085,390563,496,1;[69441, 1222, 0.9949103488377591, 0.9877717874175773, 49.62754725633832, 0.9917917394205381, 1.0000360030818638]
80005079,93115,390752,12,1;[68084, 1354, 1.010440693678701, 0.9698820445639619, 74.36592126879246, 0.9910658391268026, 1.001905686893436]
80005079,93115,390752,13,3;[68412.32, 1016, 1.0414256171260114, 0.9490989052135805, 79.97114305156249, 0.9902972180658047, 1.0059730658044501]
80005079,93115,390752,14,2;[75317.48, 1166, 1.1434130619539882, 0.9490096930993096, 182.87844567958385, 0.9776739220676087, 1.008701749912345]
80005079,93115,390752,16,1;[67033, 1386, 1.0262336639286938, 0.9694499133299956, 95.56046987069064, 0.9911331673935841, 0.9916711047991006]
80005079,93115,390752,17,2;[67403.98, 1272, 1.1443712496489193, 0.9403860672731874, 127.22545596299514, 0.9880218361153759, 1.0058691386306526]
80005079,93115,390752,17,3;[62034.97000000001, 970, 1.0179092739378457, 0.9494724401611114, 71.04239155606408, 0.9885007446673559, 1.0058644512073216]
80005079,93115,390752,19,1;[70939, 1360, 1.0168324555192003, 0.9753698847261194, 56.27928474570817, 0.9919702650902749, 0.9898695318495779]
80005079,93115,390752,19,3;[66951.90000000001, 1130, 1.1696683923458364, 0.9509086937586109, 81.95584543210622, 0.9920603659462172, 9999]
80005079,93115,390752,20,2;[69262.76, 1310, 1.005100861095579, 1.0127728379710412, 148.32868371167444, 0.9862590778653153, 1.0059888519206672]
80005079,93128,390831,361,3;[77421.44, 1102, 1.021332849063138, 1.0185547594882893, 132.55340186646953, 0.9822585128466593, 9999]
80005079,93128,390831,362,1;[71556, 1278, 1.0166422640293893, 0.9765109151942568, 47.19426048246229, 0.9923807790868112, 0.9988344418930897]
80005079,93128,390831,363,2;[75906.53, 1264, 1.0545444042336463, 0.9631372192958628, 109.65757264300939, 0.9881544649224315, 1.0044722296584414]
80005079,93128,390831,365,3;[75708.94, 1076, 1.02337567703719, 1.0087589330807267, 155.08817245111297, 0.9788308819519705, 1.0048093095140689]
80005079,93128,390831,366,1;[75537, 1286, 1.036730891718959, 0.9664701509128907, 66.07816953422305, 0.989521720016774, 0.999517026470919]
80005079,93128,390831,366,2;[72366.28, 1144, 1.0286338385486609, 0.9763556785266415, 73.47345275306958, 0.9897670543397444, 1.0074299866641265]
80005079,93170,391070,436,3;[65422.98, 1000, 1.043786917289758, 0.9382001581623558, 88.56618716437833, 0.9871463008258743, 9999]
80005079,93170,391070,437,1;[74404, 1256, 1.0085781796157043, 0.9745659510645365, 47.074667305457865, 0.9938918715189846, 1.0021685546112091]
80005079,93170,391070,439,2;[72399.59999999999, 1136, 1.0587656796003708, 0.9640955247646961, 128.52242109993915, 0.9801461081729032, 1.008503655079815]
80005079,93170,391070,440,1;[74737, 1264, 1.0203554103930303, 0.976239604487938, 47.567673915350504, 0.9944867591897204, 1.0034640636958068]
80005079,93170,391070,440,2;[74534.45999999999, 1156, 1.0225215713313467, 0.8960652260054243, 150.36722006759808, 0.980939858068495, 9999]
80005079,93170,391070,441,3;[69760.40000000001, 1068, 1.038348178489268, 0.9361872722858754, 52.02814380496048, 0.9934049983678507, 9999]
80005079,93170,391070,443,2;[66902.98999999999, 1274, 1.0706007249884795, 0.9658218457125564, 116.62543897391664, 0.9878131480324819, 1.0041795416793184]
80005079,93170,391070,444,1;[71464, 1270, 1.0285421354082638, 0.9890920557889873, 46.504413380045854, 0.9908752620229284, 1.0042861760283308]
80005079,93170,391070,445,3;[70402.93000000001, 1042, 1.0076577288219253, 0.9986148243367702, 111.87049802592236, 0.9862654050500612, 1.0046234299398857]
80005079,93170,391070,446,3;[67582.1, 1070, 1.1598950118440483, 0.9431491855309477, 114.84333038472985, 0.9859886433987974, 0.9967770941310783]
80005079,93170,391070,447,2;[71316.7, 1228, 1.0102632830659193, 1.026014933716647, 134.27264164829438, 0.9878434573544137, 1.0034660013730055]
80005079,93170,391070,448,1;[69434, 1210, 1.1872161534791963, 0.9732463994060091, 83.91829517542568, 0.9922032749880141, 1.0031930417696098]
80005079,93170,391070,450,1;[74466, 1288, 1.027190116839606, 1.036580978293182, 102.09262529213605, 0.9893741389635958, 1.0010283709394472]
80005079,93170,391070,452,3;[72538.76000000001, 1122, 1.0129631944055097, 1.005032562974549, 101.9771100711407, 0.9905644084732838, 9999]
80005079,93170,391070,453,2;[61434.939999999995, 1058, 1.0331674914119215, 0.9789163239667574, 81.59254104556479, 0.9860787223257509, 1.0066589320359953]
80005079,93170,391070,455,1;[71084, 1230, 1.039774817678508, 0.962871570730967, 62.27937899335388, 0.9893161576835136, 0.9988196942446043]
80005079,93170,391070,455,2;[67921.62999999999, 1244, 1.1422503464900169, 0.9468943688892444, 118.75656814889554, 0.9875349353535292, 1.0059305081907985]
80005079,93170,391070,455,3;[70457.73000000001, 1064, 1.0308388473804433, 0.9395809121696613, 52.34308447577631, 0.9932945821625428, 9999]
80005079,93170,391070,456,3;[75225.33, 1070, 1.0235308569162245, 1.0101425499941992, 135.19614995372405, 0.9820914571721429, 682.0993788819876]
80005079,93170,391070,457,2;[49287.42, 934, 1.0086326330243074, 0.8963849007330104, 125.8107355464386, 0.9916783780969779, 1.0060726778080062]
80005079,93170,391070,459,1;[72915, 1252, 1.0250745571458197, 0.986660709786786, 42.021868177746256, 0.9903196114105504, 1.0048301855590545]
80005079,93232,391321,791,1;[66892, 1394, 1.0101226919656652, 0.968671741580749, 86.71034553254066, 0.9893477800919739, 1.0023901397370096]
80005079,93232,391321,791,3;[68106.81000000001, 1008, 1.0216252978355163, 1.0125138867473573, 114.95750419542937, 0.9863291434031278, 1.0058778896251708]
80005079,93232,391321,793,2;[72321.06, 1128, 1.0343824463188496, 0.9756791756563091, 112.53393478596136, 0.984691959766753, 1.0079609911433973]
80005079,93233,391328,847,2;[77731.98999999999, 1174, 1.069098421214508, 0.9635705180906036, 127.63597414736759, 0.9838772400105289, 1.0048998115457097]
80005079,93233,391328,848,1;[73675, 1256, 1.003455836993836, 0.9835362453255524, 36.66136690911347, 0.9919002511276483, 1.002851678679108]
80005079,93233,391328,849,3;[68099.96, 1180, 1.0010508886144278, 0.798607578064129, 123.9105339870542, 0.9879546728640144, 1.002925569477231]
80005079,93249,391440,65,2;[68715.36, 1240, 1.0046962947440143, 1.0270396404915905, 120.81193031015792, 0.9901248664457482, 1.0056076068405837]
80005079,93249,391440,66,1;[65826, 1170, 1.020184116729697, 1.0269833926906278, 101.16055941599487, 0.9910208152574117, 1.003896569341396]
80005079,93249,391440,66,3;[65243.51, 1132, 1.0249649903150702, 0.9419767501941096, 80.39697055711144, 0.9899646450191338, 1.003889246076499]
80005079,93249,391440,68,3;[67328.65000000001, 1146, 1.171192059578703, 0.944211396699596, 82.26803529490755, 0.9920840407640636, 0.994515946252226]
80005079,93249,391440,69,1;[69095, 1384, 1.032749920879378, 0.9698852129582067, 64.80360322819725, 0.9924782317835283, 0.9924234263348773]
80005079,93249,391440,69,2;[69171.12999999999, 1230, 1.0467375211497232, 0.9728005817315577, 114.32240531566029, 0.9892659292521111, 1.0034699444118358]
80005079,93249,391440,73,2;[69751.84999999999, 1236, 1.0436045999334602, 0.9636919491885823, 112.28368150652278, 0.9895021635654676, 1.0058430359762847]
80005079,93249,391440,74,1;[68214, 1308, 1.0306535833067025, 0.9753245809587028, 59.01842296733483, 0.990364192628236, 0.991446531739399]
80005079,93249,391440,74,3;[64842.100000000006, 1040, 1.0282918728205217, 0.9327171402270836, 81.86962637446968, 0.9910281700250169, 1.0041264015444835]
80005079,93249,391440,75,3;[68012.28, 1082, 1.0179631484307823, 0.858923636109936, 130.7676607068303, 0.9843290712279585, 1.0024433091694769]
80005079,93249,391440,76,2;[70412.3, 1226, 1.0369124978670745, 0.9595587050649927, 111.79702000573596, 0.9893703262532265, 9999]
80005079,93249,391440,77,1;[77673, 1278, 1.2104942215573187, 0.9758789390024689, 88.4677837688119, 0.9918991163529826, 0.9990353449606421]
80005079,93264,391493,518,1;[71741, 1372, 1.018957918666664, 0.9697527706099847, 54.147911463969145, 0.9921812008064007, 0.994572488129484]
80005079,93264,391493,518,3;[67797.19, 1048, 1.0214278422096836, 1.012458299028903, 137.16842470616913, 0.9832410627172826, 9999]
80005079,93264,391493,520,2;[62697.53, 1038, 1.0054722918948846, 1.0001963231607223, 123.9086749095387, 0.9876568879943625, 1.0037339734430664]
80005079,93264,391493,521,2;[71141.77, 1132, 1.0309498427843777, 0.9786951248131618, 84.02675277024262, 0.9892278388995919, 9999]
80005079,93264,391493,522,1;[74416, 1254, 1.0525309419865871, 0.9670510273061531, 82.48234159087922, 0.9915181922247912, 1.0039732061547595]
80005079,93264,391493,523,3;[74378.67000000001, 1142, 1.0099137068802628, 1.0167355090308545, 104.14712553986163, 0.9910782457253909, 9999]
80005079,93264,391493,525,1;[73455, 1248, 1.0302937534712073, 1.033926047029319, 106.93634753317939, 0.9887669464464788, 1.004684561463498]
80005079,93264,391493,525,3;[67053.28, 1018, 1.0151937629378487, 0.844713408353875, 118.40250137221953, 0.9860419655297217, 1.000224797171643]
80005079,93264,391493,528,2;[67871.65, 1322, 1.2235635293056046, 0.9526559009786338, 106.26587616558004, 0.9912227653859359, 1.0050751581581405]
80005079,93265,391502,606,1;[69482, 1224, 1.1790738778831438, 0.9935286240347372, 91.19646001713308, 0.9909737413843229, 69482.0]
80005079,93265,391502,606,2;[77194.11, 1168, 1.0244686175045312, 1.026026493432739, 141.29399719051557, 0.9825971954143987, 1.004871852465746]
80005079,93265,391502,608,3;[63126.86000000001, 986, 1.0256874722371232, 0.9492794720504163, 70.13137033406777, 0.9891732894500204, 1.0045126550543917]
80005079,93340,391953,2,3;[66088.8, 1076, 1.1701807903838062, 0.946827564249585, 99.43282288386466, 0.9880217816849002, 0.9965500857314025]
80005079,93340,391953,3,1;[64830, 1188, 1.0233282365221006, 0.9800680509669893, 61.527350520876034, 0.9940617261872347, 0.9997763881285229]
80005079,93340,391953,5,2;[63936.32, 1214, 1.0349135928574642, 0.9149051159734511, 99.51392840554647, 0.9905917968352361, 9999]
80005079,93340,391953,6,1;[71280, 1346, 1.170285920956864, 0.9833902621982754, 85.74956891712188, 0.9923322695542675, 1.0026233059281087]
80005079,93340,391953,6,3;[70100.16, 1150, 1.0072743552114576, 1.016965813545199, 97.18357928390203, 0.990765851221699, 1.0019876043981866]
80005079,93340,391953,8,2;[73800.23, 1146, 1.0231608679089026, 1.0213793672727498, 134.85362082599323, 0.9821501871669296, 9999]
80005079,93376,392043,1,3;[73162.11, 1102, 1.0364695107325435, 0.9383454557791197, 71.02116747950538, 0.9888345833206793, 9999]
80005079,93376,392043,10,1;[70748, 1272, 1.017801764312036, 0.9769496775964193, 43.14160686363367, 0.991093086592149, 0.986846326596086]
80005079,93376,392043,2,1;[70111, 1228, 1.035700129163366, 0.9551543111491158, 80.60339136995374, 0.9890399091626845, 0.9821462341792101]
80005079,93376,392043,2,2;[66675.7, 1106, 1.0318052560035516, 0.9715868959925, 99.24549218288213, 0.9828569947454295, 1.005725978711565]
80005079,93376,392043,5,3;[68489.04000000001, 1184, 1.0473134693480297, 0.9373410278345587, 115.36388689350564, 0.9866809713963219, 0.9885507504300884]
80005079,93376,392043,7,1;[63819, 1174, 1.0226474995282882, 0.9915564247856622, 58.976217364698286, 0.9926387556564324, 0.9859794674515076]
80005079,93376,392043,7,2;[73071.95, 1150, 1.0161125577284864, 1.0105127461266685, 158.83883346216473, 0.9790469014214095, 1.0064413557988592]
00023698,93080,390528,134,1;[36900, 898, 0.9978155479327312, 1.0259673944738459, 89.73238912855744, 0.9929930238391793, 0.9837638966648005]
00023698,93080,390528,134,2;[39364.009999999995, 820, 1.0504391901326098, 1.022399976459444, 131.86334323534342, 0.9822628171354302, 1.0140555785472325]
00023698,93080,390528,134,3;[55474.04, 910, 1.2348669144335471, 0.954528904486548, 84.48481776732575, 0.9923977465338607, 26994.666666666668]
00023698,93244,391403,53,2;[43991.92, 860, 1.0139415938895173, 1.0212939734954087, 88.72411398565121, 0.9915332214735743, 9999]
00023698,93244,391403,54,1;[45368, 944, 1.0138822074695624, 0.9740646097252217, 57.91967425793741, 0.993886083647604, 1.000099198694986]
00023698,93244,391403,55,3;[38692.91, 766, 1.0128055678324268, 1.0020142613457823, 123.04365198080062, 0.9864740144323954, 0.9985680697226298]
00023892,93026,390259,210,1;[115384, 1676, 0.9705763288702812, 0.9705763288702812, 27.44450635858385, 0.9967809945790217, 0.9971869206936336]
00023892,93026,390259,211,2;[117053.15999999999, 1570, 1.0149650236071255, 0.9746772383627069, 32.01824097753799, 0.9959190027831599, 0.996711876257112]
00023892,93026,390259,211,3;[116700.71, 1438, 1.0186254340279237, 0.9437976061425024, 56.93241554978748, 0.9908537816795847, 9999]
00023892,93026,390259,212,1;[115337, 1664, 0.9804131521278897, 0.9889032468085639, 29.32303153461915, 0.9964262448288627, 0.9924920079683675]
00023892,93026,390259,212,2;[117691.0, 1554, 1.014747909288223, 0.9808503008994244, 33.38817836122004, 0.9959185983378324, 9999]
00023892,93026,390259,212,3;[114356.64000000001, 1394, 1.0039062202291396, 0.9507977939312924, 37.10296143051946, 0.9936297065684685, 9999]
00023892,93026,390259,214,1;[120043, 1634, 1.0032661182443197, 0.9887838124952426, 22.927187669422857, 0.9969424029558446, 0.9982495311986761]
00023892,93026,390259,215,3;[114305.95000000001, 1398, 1.010278510246198, 0.9543713578041263, 39.13504025500448, 0.9933049493998183, 9999]
00023892,93026,390259,216,2;[116758.04, 1568, 1.0123332269148082, 0.98091887278259, 29.98789604125521, 0.996023856518871, 0.9963240520725442]
00023892,93049,390350,751,2;[112488.31999999999, 1480, 0.9848740726439702, 0.9929826624223882, 26.49613653842162, 0.9961483784872827, 9999]
00023892,93049,390350,752,3;[118309.09000000001, 1532, 1.0130833231157215, 0.9721992345752148, 59.29260583943325, 0.9911236827270111, 9999]
00023892,93049,390350,753,1;[115862, 1658, 0.9829469492684024, 0.9978529551266063, 24.60371064380052, 0.9960469422803894, 0.9909383646292598]
00023892,93049,390350,756,2;[116076.17, 1538, 1.0085478725212538, 0.9927081192712227, 43.37188848757056, 0.9943862237694245, 9999]
00023892,93049,390350,756,3;[117833.70000000001, 1382, 1.047327962051423, 0.9430491915437306, 103.28006889242694, 0.9876476852572468, 0.9989779088945155]
00023892,93049,390350,757,1;[119330, 1636, 1.0075125795868425, 0.9942916148693116, 29.0029681718026, 0.9953227996444487, 9999]
00023892,93049,390350,758,3;[117121.3, 1400, 1.030931342867741, 0.9719735434960686, 74.73251000866165, 0.9910807744684849, 9999]
00023892,93049,390350,760,1;[119412, 1684, 1.0004737661313214, 0.9880028410604836, 28.934950571560975, 0.9954903479060804, 0.999870214146658]
00023892,93049,390350,760,2;[117228.09, 1564, 1.0405712513178689, 0.9825036010815462, 94.58212834702178, 0.9879751501300211, 0.9954779023530066]
00023892,93049,390350,761,1;[115473, 1576, 0.991677529821298, 0.9926776955103828, 36.86362273631874, 0.9942467519164607, 1.0014917476864902]
00023892,93049,390350,763,2;[118247.92, 1546, 1.0345050869305332, 0.994516715150005, 59.95186314319832, 0.9908730469999921, 9999]
00023892,93049,390350,763,3;[118310.46, 1494, 1.0361395917367435, 0.9712337522244107, 108.28824339469637, 0.9843328979744623, 0.9939059128182995]
00023892,93049,390350,766,1;[116227, 1652, 0.9751026370807013, 0.9892795240401203, 27.456611617824382, 0.9965442441576506, 0.9924685549359998]
00023892,93049,390350,767,3;[117711.77, 1466, 1.0214023858039325, 0.9691685127209577, 43.76655418360943, 0.9929606828812833, 10740.125]
00023892,93049,390350,769,2;[117706.47, 1490, 1.0202549609913965, 0.9997484379105231, 29.963769686372082, 0.995278891855519, 9999]
00023892,93049,390350,770,1;[117114, 1588, 1.0024585818836231, 0.9928265580916606, 32.869004539460455, 0.9955113006843905, 9999]
00023892,93049,390350,770,3;[118395.40000000001, 1410, 1.0424963099943128, 0.9275135170288007, 78.28360049762023, 0.9922517167138535, 9999]
00023892,93049,390350,773,2;[114238.81, 1522, 1.0044227657496143, 0.986742260703326, 36.17136856988099, 0.9948063335800724, 9999]
00023892,93099,390646,1221,2;[114072.20999999999, 1486, 1.0090858747803573, 0.9867088647928606, 38.53013999163804, 0.9934468550222741, 9999]
00023892,93099,390646,1222,1;[115757, 1704, 0.9986716907804245, 0.9931340390066832, 35.39650912607604, 0.9961712619634862, 0.989105543782897]
00023892,93099,390646,1222,3;[117585.73000000001, 1392, 1.1323117391248805, 0.9651113997953958, 50.31573890807299, 0.9940088735414381, 9999]
00023892,93103,390673,1487,1;[118131, 1640, 0.9941992381714719, 0.9832364950716539, 24.18140079113889, 0.9967673469878491, 0.9975637458357788]
00023892,93103,390673,1488,3;[117951.52, 1364, 1.034720293021279, 0.9614925636421753, 96.22023479779668, 0.98528403584093, 0.9961010262284081]
00023892,93103,390673,1489,2;[116541.45999999999, 1546, 1.014966414714585, 0.992022459678374, 40.09946663942671, 0.9947342202306876, 0.9929282227280332]
00023892,93103,390673,1491,2;[120403.01, 1514, 1.0503891899546012, 0.9843946252209498, 113.66690920960296, 0.984839104179109, 9999]
00023892,93103,390673,1492,1;[114627, 1678, 0.9987680845865211, 0.9924709850319351, 45.564953524898826, 0.9946129103177113, 0.9927122981592382]
00023892,93103,390673,1492,3;[112581.12000000001, 1362, 1.004285977747245, 0.9649001229124898, 31.23126453415144, 0.9956981357234577, 9999]
00023892,93103,390673,1495,2;[114817.15, 1510, 0.9930315460441014, 0.9870770259924616, 31.546042712339776, 0.9947702350629656, 9999]
00023892,93103,390673,1497,3;[113548.34000000001, 1404, 1.0054351093309934, 0.960491452600365, 28.91913419738997, 0.9948299282430487, 9999]
00023892,93103,390673,1498,1;[116314, 1654, 0.989772517025471, 0.9913499174139772, 25.89202116124958, 0.9956881817830718, 0.9948765321221763]
00023892,93103,390673,1499,1;[115761, 1706, 0.9962542217613665, 0.9812057965453727, 38.26655464467754, 0.9959036968410945, 0.9896936302274583]
00023892,93103,390673,1499,3;[117251.45000000001, 1500, 1.0242496834682837, 0.9748615169204323, 53.78139989410666, 0.9908513476631625, 34234.0]
00023892,93103,390673,1500,2;[113904.42, 1520, 1.0033341804562999, 0.9866325509813356, 31.931454020851525, 0.9944117262205622, 0.9918501209788144]
00023892,93122,390798,1587,3;[117843.29000000001, 1442, 1.0406381091708652, 0.97290517790024, 111.87571133625764, 0.982512094931687, 0.9956477955389904]
00023892,93122,390798,1589,1;[115972, 1698, 0.9778822539189395, 0.9908134710763481, 20.37117655163161, 0.9968449509462828, 0.9941706957446079]
00023892,93122,390798,1589,2;[117505.36, 1504, 1.0292453359150497, 0.9978651105229204, 41.27597117489877, 0.9945531923571351, 9999]
00023892,93122,390798,1590,1;[114476, 1708, 0.9714008354292216, 0.9792266459744134, 31.895664856885332, 0.9963746613606888, 0.9873600048300221]
00023892,93122,390798,1590,2;[115546.62, 1446, 1.0044099548766843, 0.9937778684089924, 34.96544073137213, 0.9941037791054449, 9999]
00023892,93122,390798,1592,3;[117977.55, 1424, 1.0384956777881869, 0.9582881772027657, 51.69301507743181, 0.993571167624946, 172230.0]
00023892,93139,390920,17,2;[116130.90999999999, 1510, 0.9981631323817355, 0.9808162066148503, 32.268889709424414, 0.993887002655094, 0.9946034641785189]
00023892,93139,390920,17,3;[117082.94, 1368, 1.01704474354301, 0.9629625559037094, 53.25214145749839, 0.9925764721536028, 9999]
00023892,93139,390920,18,1;[114291, 1656, 0.9814575364939319, 0.9959018721886728, 30.733984173391054, 0.9957475714305857, 0.9944271152817112]
00023892,93139,390920,19,1;[117141, 1708, 1.0011284673044343, 0.9784178992053928, 59.47460187917027, 0.9921109682880714, 0.9933264364697103]
00023892,93139,390920,20,3;[118051.53000000001, 1470, 1.0213625513322462, 0.9716452290970454, 85.44257796364806, 0.9849400431888099, 9999]
00023892,93139,390920,21,2;[115941.7, 1478, 1.0067750976010585, 0.9966286729292532, 25.270836994108723, 0.9955051948918705, 1.001742742428838]
00023892,93166,391047,301,1;[119197, 1602, 0.9934559797032223, 0.9948353663934025, 20.712104405988043, 0.9968702647084702, 0.9987055043296481]
00023892,93166,391047,301,2;[116151.14, 1540, 1.0002683910551358, 0.9928704150270152, 33.4848806094114, 0.9948215854848882, 9999]
00023892,93166,391047,303,3;[118637.89000000001, 1398, 1.0223579081250327, 0.9703534494557088, 42.23273852076505, 0.9934911546531924, 9999]
00023892,93166,391047,304,1;[117753, 1622, 0.9772164352433422, 0.9958620833402838, 25.766315361363983, 0.9967860458868003, 0.9972686967237064]
00023892,93166,391047,305,2;[117093.62, 1536, 1.002178459818774, 0.997850638667676, 24.4138911119299, 0.9964615269265222, 1.000127051242307]
00023892,93166,391047,305,3;[119032.45000000001, 1370, 1.0183846266174685, 0.9748323649170428, 37.875699129217296, 0.9947455224370897, 2199.6202531645567]
00023892,93166,391047,307,2;[115370.5, 1528, 1.0058060097422366, 0.9895282762600829, 39.93207841576104, 0.9944151817445519, 9999]
00023892,93166,391047,308,1;[115460, 1682, 0.9960968642594321, 0.9954651582763876, 40.582903883813906, 0.9951983391381567, 0.9932470213772635]
00023892,93166,391047,308,3;[118877.64000000001, 1454, 1.017150500848034, 0.9733966928934351, 36.44529966828555, 0.9937569319287601, 1324.7633587786258]
00023892,93166,391047,309,1;[119716, 1620, 1.0322619672169577, 0.9876387315526259, 46.38197855060344, 0.9944067144527013, 0.999419796219075]
00023892,93166,391047,309,2;[115416.90999999999, 1496, 1.0140101989435855, 0.9782871975660953, 49.76970517264166, 0.9923215994050387, 9999]
00023892,93166,391047,310,3;[117396.67000000001, 1446, 1.0322636927019022, 0.9549682020607355, 42.6314536599798, 0.9954496600959517, 9999]
00023892,93166,391047,312,2;[119097.58, 1476, 1.0286965797742729, 0.9766518066581236, 64.13464440773701, 0.9901136968339167, 100082.0]
00023892,93166,391047,313,1;[120302, 1688, 1.021004314514589, 0.9866737636844082, 42.55555215394716, 0.9931729686905908, 0.9957002685780263]
00023892,93166,391047,313,3;[119017.38, 1408, 1.0256435421473993, 0.9687818342517958, 44.27779058241403, 0.9929874755115312, 24821.14285714286]
00023892,93166,391047,315,1;[117580, 1706, 0.9911475015587408, 0.9998940038735258, 31.46718806602632, 0.9964770636421072, 0.9924037812288994]
00023892,93166,391047,315,2;[119473.62, 1562, 1.0290292751963206, 0.976969826578464, 59.39391504055549, 0.9910613417632356, 9999]
00023892,93166,391047,315,3;[120414.78000000001, 1524, 1.0420803432332637, 0.9716719340706381, 114.80932319891738, 0.9838297153742086, 0.9968696835658387]
00023892,93265,391506,609,1;[120450, 1668, 1.0130823848066772, 0.9934285035407959, 28.081715577593773, 0.9950777124707098, 9999]
00023892,93265,391506,609,3;[119976.38, 1438, 1.0627480642574758, 0.9590433977019611, 126.38952663022229, 0.9846962103710577, 0.99012968218255]
00023892,93265,391506,610,2;[119833.0, 1508, 1.0279624297293433, 0.9939602657133225, 34.05485042585448, 0.9943307197997148, 0.9989534301203803]
00023892,93265,391506,611,3;[119896.92000000001, 1368, 1.0267371543472592, 0.9680652141772095, 60.138477372720004, 0.9910185054986551, 175032.0]
00023892,93265,391506,612,2;[116885.37, 1548, 1.0145783774572443, 0.9803564738122116, 29.62078944142632, 0.9948200399301197, 9999]
00023892,93265,391506,613,1;[114481, 1610, 0.9955593575803238, 0.9902087238335712, 36.759064237107594, 0.9944111491071127, 0.9902515396858349]
00023892,93329,391882,87,1;[118271, 1616, 1.0194271800477344, 0.9951980347867928, 37.73351695185407, 0.9949972892828642, 0.9989948475377988]
00023892,93329,391882,87,2;[111247.15, 1430, 0.9892958805203751, 0.987969527216751, 25.62743346510477, 0.9960790202361292, 9999]
00023892,93329,391882,87,3;[115923.92000000001, 1414, 1.0215942370198658, 0.9563196493174627, 47.010858776237484, 0.9953242287886229, 9999]
00023892,93329,391882,89,1;[114628, 1672, 0.9914825066265023, 0.992449732020601, 46.0862142629913, 0.9941192467786226, 0.9939475920434248]
00023892,93329,391882,89,3;[114667.63, 1414, 1.0167941706478845, 0.9529070402788227, 69.36194070195396, 0.9896615259912896, 0.9922821576763485]
00023892,93329,391882,90,2;[116098.78, 1540, 1.024478526931865, 0.9929498654533664, 58.7047229351499, 0.9922725834272821, 9999]
00023892,93329,391882,92,2;[114627.93999999999, 1522, 1.0073552101636527, 0.9847883422105579, 36.85985021329225, 0.9940911230252352, 0.9904477918873066]
00023892,93329,391882,92,3;[114493.64000000001, 1356, 1.0098884038015559, 0.9575393429604518, 53.70771228318953, 0.9928164272628103, 9999]
00023892,93329,391882,93,1;[115389, 1646, 0.9791536811644996, 0.9912072497007227, 30.555962129969355, 0.9961549890584726, 0.995354855405318]
00023892,93329,391882,94,1;[116973, 1592, 0.994606233216065, 0.9965614043713638, 34.71012332712566, 0.9946580766084038, 0.9999615310636661]
00023892,93329,391882,94,2;[112866.73999999999, 1496, 1.003006582190011, 0.9923183925625743, 26.138494257660792, 0.99570058885804, 9999]
00023892,93329,391882,94,3;[114433.36000000002, 1410, 1.0214616209838423, 0.9517095185099957, 73.57692311392724, 0.9894936176987641, 0.990536726513768]
00023892,93329,391882,96,1;[115407, 1632, 0.9872182726007631, 0.9927104473525977, 23.989429741072772, 0.9960868400620199, 0.996795591563164]
00023892,93329,391882,96,2;[113005.97, 1516, 0.9882006017804126, 0.9825266807640969, 27.477798069064683, 0.9957344812378607, 0.9942780561096016]
00023892,93329,391882,96,3;[117169.25000000001, 1434, 1.0569068397282255, 0.9348208440309685, 110.45560734956277, 0.9883416942725053, 9999]
00023892,93329,391882,99,1;[118266, 1608, 1.0340711010663866, 0.9901960891665134, 40.350390802242764, 0.9941750124012475, 0.995743928467688]
00023892,93329,391882,99,2;[114010.33, 1524, 1.0088953795511193, 0.9873587254334197, 27.375748128469997, 0.9954495918170748, 9999]
00023892,93329,391882,99,3;[113752.47000000002, 1336, 1.0058340005280906, 0.9771892906538502, 25.640739364499375, 0.99607581804577, 9999]
00023892,93377,392048,3,3;[118466.64000000001, 1406, 1.047556527781869, 0.9626297559970822, 107.28162349534367, 0.988306503325163, 9999]
00023892,93377,392048,4,1;[118492, 1724, 0.9863208326474601, 0.9986424630954116, 19.764201178268063, 0.9967779664001932, 0.982353745839223]
00023892,93377,392048,4,2;[116322.5, 1540, 1.0024661578187861, 0.9812524545754474, 28.71243987076844, 0.9953319054134065, 9999]
00023892,93377,392048,5,1;[112681, 1604, 0.9750116024793062, 0.9728192778387952, 30.87669786078407, 0.9962903174522396, 0.9869450782375636]
00023892,93377,392048,5,2;[117476.79999999999, 1468, 1.0128946844061226, 0.9826118107683158, 31.69563920609115, 0.9953051589361018, 9999]
00023892,93377,392048,5,3;[119291.38, 1442, 1.0494193382007337, 0.9224995551443748, 90.97954973781846, 0.9914184377585706, 9999]
00023892,93377,392048,8,2;[114999.22, 1520, 1.0070723933409482, 0.9772014446917673, 55.95936210100426, 0.9911467610708359, 1.0000983146794165]
00023892,93377,392048,8,3;[115359.48000000001, 1394, 1.0261842013140077, 0.9530082855170431, 74.80732270330151, 0.9887307322964278, 9999]
00023892,93377,392048,9,1;[115825, 1638, 0.9752674514762388, 0.977930434245964, 26.59457846165895, 0.9966290836236483, 0.9829547624402228]
00236683,93026,390254,285,1;[64897, 1162, 0.8963368703322728, 1.2183853081758376, 597.4072147536523, 0.8989622045180786, 0.997670968584979]
00236683,93026,390254,285,2;[63899.43, 1088, 0.88279605279225, 1.1669173179368035, 687.6252383263844, 0.8561036678773236, 0.9979278366800785]
00236683,93026,390254,285,3;[62998.08, 1026, 0.8724861808634222, 1.1462304604636613, 477.53626792143336, 0.8912045056441245, 0.9973322922766608]
00236683,93027,390265,359,1;[65010, 1234, 0.8963836176640538, 1.168149733389122, 588.7646334944752, 0.876576323213372, 0.9996079064510921]
00236683,93027,390265,359,2;[63329.42, 1172, 0.8722834267262409, 1.3744132304889976, 811.2780416461782, 0.8789933373649661, 0.9967690881336567]
00236683,93027,390265,359,3;[64039.280000000006, 1110, 0.8752503306714794, 1.2607893360585687, 730.6566746111167, 0.906247409796963, 0.9980783191698339]
00236683,93032,390303,79,1;[64084, 1312, 0.883011742050798, 1.2912871714364584, 268.94763745587096, 0.9133944969761918, 0.9972688863125296]
00236683,93032,390303,79,2;[62079.92, 1082, 0.8815052374057251, 1.2447192829726832, 397.38154880436065, 0.9006467679184194, 1.0009209516500384]
00236683,93032,390303,80,3;[63635.130000000005, 1136, 0.8704188168610484, 1.2765842202638427, 618.6186577698837, 0.9267038002201853, 0.9954032595068951]
00236683,93032,390303,81,1;[65182, 1222, 0.8845825357301805, 1.253814231694861, 436.65751315797803, 0.9024325561089953, 0.9954869993509221]
00236683,93032,390303,81,2;[60467.469999999994, 1070, 0.8658963652934529, 1.3236490956893558, 415.1546219052248, 0.8831104988944727, 0.9955720135582594]
00236683,93032,390303,82,3;[60681.41, 1002, 0.8646670726583039, 1.236890745793808, 413.0430619188642, 0.895977356431816, 0.9920933566276934]
00236683,93032,390303,83,1;[65190, 1240, 0.8856361340584233, 1.336348925504289, 421.8157871130205, 0.9179699132432548, 0.9945383535729542]
00236683,93032,390303,83,2;[63473.409999999996, 1108, 0.880705724041829, 1.1517486320231045, 936.4060692327542, 0.8892920877813058, 0.9974381030742763]
00236683,93032,390303,83,3;[63620.060000000005, 1086, 0.8776824258320373, 1.2010975539393451, 632.373901310016, 0.932411605387967, 0.9935599820278568]
00236683,93051,390358,937,1;[61910, 1138, 0.8881777418456696, 1.3158803350304593, 191.94476886811364, 0.9332287887186778, 1.0035906206181056]
00236683,93051,390358,937,2;[61018.439999999995, 1108, 0.8744115177055395, 1.2886368708134575, 416.8174297521665, 0.8915586599846775, 9999]
00236683,93051,390358,937,3;[61560.950000000004, 966, 0.877243343342936, 1.162882267156796, 350.0519987317953, 0.9193836774930555, 0.9962310165170158]
00236683,93078,390512,47,1;[62003, 1166, 0.8984033152613793, 1.421216003534498, 222.0834782523327, 0.932324088329441, 0.9965764433586216]
00236683,93078,390512,47,2;[64851.43, 1158, 0.8730279854116749, 1.169443966109788, 818.8359163722441, 0.8605912354463219, 0.9972094895653209]
00236683,93078,390512,47,3;[63713.22000000001, 1070, 0.8713599068622755, 1.156260139954396, 363.6832766722085, 0.9245821144862727, 0.997929295638646]
00236683,93078,390512,49,1;[62757, 1248, 0.8806822073163417, 1.3655628375229387, 291.7005471112284, 0.9308936894344648, 0.9898424315073895]
00236683,93078,390512,49,2;[62070.399999999994, 1146, 0.8777771267882485, 1.3229664281527502, 421.0606639502385, 0.9063259873638182, 0.9963420341346475]
00236683,93078,390512,49,3;[65910.70000000001, 1050, 0.8768575047476552, 1.2247830161026592, 788.4647293313469, 0.8942845465139775, 0.9974602187321826]
00236683,93078,390512,50,1;[61924, 1150, 0.8810465426974625, 1.3914188745424354, 213.8200019221468, 0.9351294831793443, 0.9981302385557704]
00236683,93078,390512,50,2;[65937.9, 1150, 0.879228667524834, 1.179293606603073, 824.4007872140987, 0.8489372623533138, 0.9963318588844535]
00236683,93078,390512,50,3;[66360.06000000001, 1022, 0.8702875750297601, 1.1372706087217193, 861.5471674866211, 0.8701131027160595, 1.0023072227452847]
00236683,93098,390636,1213,1;[66424, 1244, 0.8823566767419234, 1.2142968859041916, 308.83078904861543, 0.8957330070359494, 0.9993380273214179]
00236683,93098,390636,1213,2;[65266.74, 1126, 0.8933927484060082, 1.2840118591047747, 875.6931159719495, 0.8581356473660497, 1.0014607603257495]
00236683,93098,390636,1213,3;[65509.29000000001, 1070, 0.873847573315857, 1.18952807666033, 761.6841148447202, 0.9046977956138212, 0.9943334823610144]
00236683,93098,390636,1214,1;[64254, 1292, 0.8798340578149664, 1.4185855049254117, 354.04704705750584, 0.9389706014256528, 0.9968196838300315]
00236683,93098,390636,1214,2;[64413.509999999995, 1112, 0.8841799100241723, 1.185020667030353, 814.5381436463231, 0.8548762815733646, 0.9979719390106749]
00236683,93098,390636,1214,3;[63554.3, 1080, 0.8725345513198169, 1.3418491871000942, 573.436488312685, 0.915630657414964, 0.9923631462981581]
00236683,93099,390639,1320,1;[65733, 1174, 0.8986561124046707, 1.1888863137764243, 524.71293379162, 0.8909896119273859, 1.000334799348663]
00236683,93099,390639,1320,2;[64945.439999999995, 1110, 0.8799012392870388, 1.211244114648881, 500.3592752505392, 0.8843490229777067, 0.9975689557476832]
00236683,93099,390639,1320,3;[64221.490000000005, 1086, 0.8771087575357576, 1.1782370262963473, 420.12826866959915, 0.914358419458132, 0.9936620315414617]
00236683,93099,390639,1321,1;[65480, 1300, 0.8724248348033831, 1.2238853834367018, 405.04023958956503, 0.9273045058082094, 0.9972965769333283]
00236683,93099,390639,1321,2;[62571.39, 1128, 0.8732663509695608, 1.2989479846148317, 506.449168846685, 0.8607900347818224, 0.995871133922991]
00236683,93099,390639,1322,3;[60664.97, 960, 0.8918258292316278, 1.1659305552185804, 304.4898032449558, 0.9395602745783597, 0.9997403623638313]
00236683,93103,390670,1523,1;[66007, 1202, 0.8862135690644956, 1.1227076770295574, 539.0951049981684, 0.8570147705480499, 0.9933781811067467]
00236683,93103,390670,1523,2;[62395.27, 1128, 0.8744661556219134, 1.3175950505831138, 451.64267112748917, 0.8726407365729938, 0.9936702863532132]
00236683,93103,390670,1523,3;[64702.36000000001, 1090, 0.8682338163167673, 1.2139867077421442, 760.4879409415294, 0.8519364279323118, 0.9934162091668244]
00236683,93103,390670,1525,2;[63179.479999999996, 1148, 0.8755774904728971, 1.3231910436666334, 440.6480455143491, 0.8949090950326803, 0.9963966669168981]
00236683,93103,390670,1525,3;[64450.280000000006, 1072, 0.8786524256469906, 1.2380248607050208, 794.7149607156023, 0.9022725765178526, 0.9949768937110709]
00236683,93103,390670,1526,1;[64594, 1280, 0.8692302139795223, 1.3064345589587993, 387.3175180665426, 0.9216866545350719, 0.9963366573347833]
00236683,93129,390840,509,1;[63851, 1282, 0.8863538304611583, 1.2824864508734586, 310.17420054510205, 0.9399106307757903, 0.9891788472412645]
00236683,93129,390840,509,2;[62792.729999999996, 1156, 0.8655992666530318, 1.2966369654810306, 598.0539074640125, 0.8907444545283135, 0.9932237845163476]
00236683,93129,390840,509,3;[65155.83, 1070, 0.8798077353627585, 1.207208180569444, 693.4138006979172, 0.9218608231747977, 0.9943860749568763]
00236683,93139,390919,100,1;[65548, 1228, 0.8895657063217315, 1.2174121974362748, 494.76634957258426, 0.901591666436485, 0.9952249003605997]
00236683,93139,390919,100,2;[64462.299999999996, 1176, 0.8687574373580252, 1.3160805760010135, 749.5912923506529, 0.8728901235789747, 0.9998523385876186]
00236683,93139,390919,100,3;[62899.44, 1048, 0.8704034933278246, 1.1903627541986614, 354.52133648183104, 0.9138656498268735, 0.9938737958653534]
00236683,93140,390930,162,1;[64174, 1274, 0.873669116798967, 1.2219762812449149, 318.14095600560046, 0.9407832771655248, 0.9941057556018558]
00236683,93140,390930,162,2;[62256.03999999999, 1108, 0.8758086297832357, 1.284617442261192, 345.67866423307373, 0.9220027450821668, 0.9939582779192158]
00236683,93140,390930,162,3;[64168.060000000005, 1070, 0.8653375047802901, 1.175778012518249, 544.2792229979488, 0.8837986711791864, 0.9959280876896416]
00236683,93140,390930,163,1;[64757, 1294, 0.8689080832153993, 1.3437099942523156, 321.5276598014192, 0.9430963941414967, 0.994830513031255]
00236683,93140,390930,163,2;[64700.299999999996, 1190, 0.8678894662354549, 1.2921604955880843, 715.6913109359365, 0.8801013288764067, 0.9996414749170336]
00236683,93140,390930,163,3;[64600.98, 1086, 0.8652007934289446, 1.1908760180148013, 721.4497155138856, 0.9086264422759408, 0.9967868769289308]
00236683,93140,390930,164,1;[66120, 1190, 0.8928024080834541, 1.1879672972458664, 349.6492563200557, 0.8948358029776258, 0.9994029580030079]
00236683,93140,390930,165,2;[62164.409999999996, 1120, 0.8752461396656094, 1.298778050862342, 346.29783056866313, 0.9093205097922705, 0.9977652991061197]
00236683,93140,390930,165,3;[62617.22000000001, 1048, 0.8756071525749004, 1.1433205584440507, 348.4088358753567, 0.9269208623011866, 0.9946249428764172]
00236683,93174,391097,943,1;[62928, 1236, 0.8851371504840055, 1.4349269202301336, 299.8036945734148, 0.9301702078122605, 0.9953969534475395]
00236683,93174,391097,943,2;[64325.45, 1168, 0.8802286326493914, 1.2679251780083614, 607.869629047859, 0.8870972782303799, 0.9962677970787449]
00236683,93174,391097,943,3;[64610.57000000001, 1052, 0.8809168323652462, 1.192026993741771, 915.8897240293949, 0.8497624850878942, 0.9998092007631969]
00236683,93203,391206,348,1;[66259, 1190, 0.8894026810814899, 1.1508446047025152, 594.0886112205731, 0.8912596097118567, 0.9980268112667571]
00236683,93203,391206,348,3;[64683.18000000001, 1094, 0.8774361244422536, 1.1828319494737503, 463.56244202686634, 0.9045813327238634, 0.9901953587869509]
00236683,93203,391206,349,2;[65912.91, 1094, 0.8899903614837441, 1.2170274147339144, 883.2863549263491, 0.8237073210150379, 1.001093469007835]
00236683,93203,391206,350,1;[62393, 1240, 0.8787493015584305, 1.3128339148304562, 295.70120819668693, 0.9335410441337777, 0.9891953166493591]
00236683,93203,391206,350,2;[64784.78999999999, 1186, 0.8806837105180522, 1.3963042186163492, 714.3957716221242, 0.8977856171105484, 0.9971061741057529]
00236683,93203,391206,350,3;[66107.98000000001, 1110, 0.8779627186987592, 1.2067523980043482, 629.3045444407546, 0.8784160439673843, 0.9945279732890899]
00236683,93203,391206,351,1;[63854, 1268, 0.871032185835836, 1.479426503068035, 318.9796186826759, 0.9362372556116996, 0.9921610976017153]
00236683,93203,391206,352,2;[60755.45, 1072, 0.8829527874848939, 1.2554864592775605, 342.8331537019416, 0.9050124376649543, 0.9934812220276318]
00236683,93203,391206,352,3;[64896.9, 1114, 0.8569397877711894, 1.2417527424010701, 692.591624038142, 0.8946675282111177, 0.9943116223421002]
00236683,93220,391265,336,1;[65533, 1310, 0.8757480096155889, 1.367463148321185, 361.0624601301009, 0.9290297774806068, 0.9930972821021845]
00236683,93220,391265,336,2;[60632.88, 1050, 0.8682370583990296, 1.2168716618617368, 346.1947867002257, 0.8994860601241726, 0.9980021154072158]
00236683,93220,391265,336,3;[64026.950000000004, 1090, 0.8629840702248537, 1.2222749057270437, 655.7167830778669, 0.908215481352808, 0.9938013673141739]
00236683,93220,391265,337,1;[61118, 1124, 0.8808351635338167, 1.2224316677897844, 151.10157403778504, 0.9337813620401505, 0.9949534414273621]
00236683,93220,391265,337,2;[64254.049999999996, 1166, 0.8722362436156592, 1.2337152288179494, 564.8185975037665, 0.8790782291139434, 0.9932763679509938]
00236683,93220,391265,337,3;[64409.18000000001, 1080, 0.8726724947670236, 1.265388216239573, 693.2371551550842, 0.9054723116006371, 0.9945737828032283]
00236683,93222,391274,426,2;[62796.299999999996, 1136, 0.8830140146854797, 1.2618411779405492, 351.3399176267912, 0.9240262330636166, 0.9985146219854868]
00236683,93222,391274,426,3;[64573.58, 1060, 0.8698739445591321, 1.2390712166734024, 806.0081702436511, 0.9022446887703707, 0.9947974377644812]
00236683,93222,391274,427,1;[65596, 1204, 0.8814352650098592, 1.1250380127803834, 426.6307949767584, 0.9036493789843961, 0.999078537540076]
00236683,93222,391274,428,3;[65283.240000000005, 1108, 0.8695688977103744, 1.2047253991752296, 663.4549987691171, 0.9024267478443797, 0.9949367881489524]
00236683,93222,391274,429,1;[65683, 1302, 0.8898643963502091, 1.2157433048057757, 263.5146465566555, 0.9138523580591842, 0.9900666244611257]
00236683,93222,391274,429,2;[65128.7, 1114, 0.8920105206580566, 1.2152927457141203, 901.9103499453104, 0.8625949441156302, 1.0004935743926293]
00236683,93260,391459,217,1;[61886, 1206, 0.88409827167143, 1.4305143674075829, 243.25219511796246, 0.9397923110539514, 0.9929323802876786]
00236683,93260,391459,217,2;[63468.649999999994, 1168, 0.8773761500382609, 1.303462920522043, 423.0964271691172, 0.9175794943361034, 0.9939989190599549]
00236683,93260,391459,217,3;[61080.08, 1002, 0.8684022285641108, 1.183091136102187, 330.8801757872058, 0.916625577751276, 0.9937478407203914]
00236683,93260,391459,218,1;[61371, 1146, 0.8861261793421696, 1.3227932692907638, 233.6975189654019, 0.9138117041258418, 0.9979592334523103]
00236683,93260,391459,218,2;[65415.49, 1146, 0.8806046328095137, 1.2456073480301915, 888.1625960645373, 0.8361238909296961, 0.9979485876116476]
00236683,93260,391459,219,3;[65165.420000000006, 1002, 0.8855295886816785, 1.201654730491485, 874.0681197302487, 0.8664653855605965, 1.0001682156524665]
00236683,93314,391804,1,1;[61200, 1184, 0.8911802629893917, 1.382171928150076, 230.7785941011806, 0.9282939375778478, 0.9964830011723329]
00236683,93314,391804,1,2;[63119.979999999996, 1172, 0.8732368986285801, 1.2855284088582624, 778.1732000879881, 0.8841258201664252, 0.9969738548578088]
00236683,93314,391804,1,3;[62554.200000000004, 1048, 0.8706816695963225, 1.2236399679595413, 396.73644698103055, 0.9037575184900603, 0.9935482467115642]
00236683,93314,391804,2,1;[60876, 1180, 0.8846231316147987, 1.3470361909588835, 237.77139752352406, 0.9341344635075844, 0.9983027082872112]
00236683,93314,391804,2,2;[63148.53999999999, 1058, 0.8865645945619125, 1.2173674482590253, 625.6957682754448, 0.8446343329217425, 1.0054568191291826]
00236683,93314,391804,2,3;[61967.840000000004, 1040, 0.8630861857690876, 1.2021879598329055, 462.1138465086889, 0.8699951446873627, 0.9957841205543386]
00236683,93331,391886,297,1;[64499, 1258, 0.8861004128455874, 1.1767130557255576, 486.22112839956037, 0.882567298345443, 0.9920557405541756]
00236683,93331,391886,297,2;[63365.119999999995, 1142, 0.8718246979181136, 1.2238753766468728, 720.7594945839151, 0.8495607612385334, 0.9981722919458998]
00236683,93331,391886,297,3;[60114.23, 962, 0.8786204077621724, 1.2399047265569842, 333.37371361298034, 0.9318307664323562, 1.000205151584226]
00236683,93341,391961,155,1;[64154, 1280, 0.8792525968196029, 1.2928483788835097, 374.536365774355, 0.935168653948244, 0.9960873210570443]
00236683,93341,391961,155,2;[62858.18, 1052, 0.8910501307441899, 1.1703169142364331, 1016.6524047850945, 0.8434156386230575, 0.9998391080909702]
00236683,93341,391961,156,3;[63548.82000000001, 1042, 0.8926078558902395, 1.1802893869861124, 792.7012788894507, 0.8845421833110562, 0.9976556618991289]
00521701,93026,390258,236,1;[65015, 1268, 0.8381775642546434, 1.2907349359759162, 250.17272954094338, 0.8658941841502674, 0.9906670222086777]
00521701,93026,390258,236,2;[63711.409999999996, 1160, 0.8328008538305073, 1.244832771554797, 383.41423372086234, 0.8778173893145765, 0.991986511399535]
00521701,93026,390258,236,3;[64650.3, 1088, 0.7961479669495897, 1.7462056904974999, 589.4067175037352, 0.9620048103930134, 9999]
00521701,93122,390796,1603,2;[62828.43, 1126, 0.819885475612702, 1.256333279056509, 299.49397662419483, 0.8638672780054223, 0.9927420416298441]
00521701,93122,390796,1604,3;[62922.73, 1048, 0.8185142145814573, 1.450235556326929, 320.0687700976941, 0.8812622518672641, 0.997166708279508]
00521701,93122,390796,1605,1;[62224, 1146, 0.8566837480585704, 1.2049831781894702, 156.220883867245, 0.9003790357456036, 0.9972993548904115]
00521701,93139,390917,48,1;[65905, 1250, 0.8177142451097035, 1.363160319113161, 272.79423457219696, 0.8735352990091628, 0.9921342817357269]
00521701,93139,390917,48,2;[63280.63, 1130, 0.8069446185618948, 1.4570263221994737, 273.2561554452453, 0.9667913955202088, 9999]
00521701,93139,390917,48,3;[62114.43000000001, 1014, 0.8202161911979294, 1.608353300801054, 300.4638342307913, 0.9710721126599146, 0.9903020771902235]
00521701,93141,390932,199,2;[64893.079999999994, 1162, 0.8456843959906979, 1.2595769526941694, 346.6162792194861, 0.8648392540420272, 0.9924382364984758]
00521701,93141,390932,199,3;[62017.16, 1054, 0.7860292950526333, 1.5138959370819465, 276.9085808237027, 0.9731655031711313, 0.9876726376191827]
00521701,93141,390932,200,1;[64754, 1262, 0.8692715981718601, 1.325863861317932, 226.1344441489002, 0.9672597308634594, 0.9923832584941227]
