00586323,93026,390257,217,1;[27751, 730, 0.820569693756897, 1.303215802032447, 1540.8863934754593, 0.6496571716603052, 1.0012447459094762]
00586323,93026,390257,217,2;[31479.07, 724, 0.8227264565937086, 1.507914473904605, 980.036872266259, 0.6051029640761081, 1.004137564530823]
00586323,93026,390257,217,3;[30989.4, 668, 0.8265330465414878, 1.8312571391235644, 494.0023808167356, 0.6289941805923294, 1.003304428821716]
00586323,93032,390302,89,1;[20937, 634, 0.8308990021749534, 1.8305687178270122, 1263.0265634113625, 0.7931069550191159, 0.9984739377175831]
00586323,93032,390302,89,2;[30888.829999999998, 714, 0.7822578754547391, 1.5705186202198196, 1780.6691551964395, 0.5992514147816074, 1.0012922637761106]
00586323,93032,390302,89,3;[22859.820000000003, 560, 0.8293930118980615, 1.466518179194032, 742.6509235539191, 0.673795369436582, 1.000509668715335]
00586323,93032,390305,90,1;[19100, 610, 0.8312755410370075, 1.879841690108567, 1359.973508551736, 0.8045838669232895, 0.9996598016381859]
00586323,93032,390305,90,2;[30975.699999999997, 716, 0.813228562057055, 1.4626740777751157, 880.3413828723085, 0.6019390658332572, 1.0043019464861007]
00586323,93032,390305,90,3;[26051.920000000002, 594, 0.8342541442982994, 1.4014343174935795, 675.095605584765, 0.6501482166627331, 1.0007367645510998]
00586323,93032,390305,91,1;[31156, 768, 0.8483909771228351, 1.3119213671099217, 979.1489714629396, 0.6558216804091311, 1.0027840808509954]
00586323,93032,390305,91,2;[31933.649999999998, 726, 0.8021282722019214, 1.559989186844116, 1247.821465128663, 0.5699919831872365, 1.0045294602081305]
00586323,93032,390305,93,3;[31203.120000000003, 666, 0.8520236683413663, 1.6503662754463202, 260.577477407481, 0.5832372025020631, 1.0021560258723106]
00586323,93049,390349,599,1;[31411, 776, 0.8245429597734862, 1.4659404977454475, 1336.4832166617607, 0.6611800663473931, 1.0031937657692185]
00586323,93049,390349,599,2;[27390.23, 664, 0.7843416399043696, 1.1330652716853442, 1804.4584587868012, 0.5850429830897577, 1.0031379385487034]
00586323,93049,390349,599,3;[29826.270000000004, 646, 0.8138794074663166, 1.88920213976394, 824.6528271344965, 0.6555470309478193, 1.002740483154089]
00586323,93049,390349,600,1;[26171, 698, 0.8718664153487354, 1.7172026800399074, 1187.4257240888458, 0.7275865139416098, 0.999427174826243]
00586323,93049,390349,600,2;[19254.2, 560, 0.8097978113682419, 1.26557845984043, 1762.6583166993203, 0.590597975451066, 1.0042827881571597]
00586323,93049,390349,600,3;[31784.000000000004, 674, 0.8343134579532767, 1.6353778084184907, 428.04204126631515, 0.5930464446316694, 1.0018352585555435]
00586323,93049,390354,597,1;[31073, 780, 0.8281687268723599, 1.306128922877735, 1381.0428700608877, 0.6354601278070651, 0.9973199813843018]
00586323,93049,390354,597,2;[25858.699999999997, 642, 0.7949484344724602, 1.2128808627601697, 1312.8322847406268, 0.5908127236949081, 1.001913456440049]
00586323,93049,390354,597,3;[30971.590000000004, 666, 0.8222284109103575, 1.71728197600417, 556.4781014481654, 0.4831701399912643, 1.0034622042700518]
00586323,93049,390354,598,1;[22706, 648, 0.8406846852237226, 1.5132674421123913, 1372.988194551095, 0.7532174343823619, 9999]
00586323,93049,390354,598,2;[20644.12, 576, 0.8149974178350009, 1.5449799535244562, 1848.7120107570058, 0.6098150761389196, 1.0038480455978938]
00586323,93049,390354,598,3;[19248.5, 520, 0.8050715095074888, 1.4862342678851834, 877.2322916772719, 0.5915588378757943, 0.9983301950474296]
00586323,93051,390362,662,2;[20714.329999999998, 584, 0.82467081488095, 1.4533246734759326, 1266.573834793386, 0.6606705629751825, 1.0010351371556732]
00586323,93051,390362,662,3;[19725.260000000002, 528, 0.8154060657876655, 1.5095751565194861, 830.2438368475063, 0.6522864479945771, 0.9978861281491492]
00586323,93051,390362,663,1;[30508, 766, 0.8379561719566564, 1.6571875228125807, 1036.2958335730596, 0.6978448011361471, 1.0009843165562045]
00586323,93052,390371,718,1;[30403, 770, 0.8296728339141429, 1.3468183918622665, 1295.1901570218054, 0.6439024201117505, 0.9983581256362263]
00586323,93052,390371,718,2;[30569.91, 696, 0.8329219674573676, 1.5559775965454317, 895.3223293854522, 0.6862545145692353, 1.0043985689988857]
00586323,93052,390371,718,3;[28527.510000000002, 630, 0.8325903449645388, 1.5038211716947576, 677.2605989178852, 0.6526738321670275, 1.0025517573423206]
00586323,93052,390371,719,1;[19216, 660, 0.8402934013941228, 1.645266693626034, 944.8901676500263, 0.8050685321626895, 0.9963704241418646]
00586323,93052,390371,719,3;[19521.13, 530, 0.8465288295645153, 1.261276552382789, 509.0779310550795, 0.6183291899978745, 1.0020041489399107]
00586323,93052,390371,720,2;[20387.079999999998, 580, 0.8024706504407785, 1.0344782474202139, 1146.553046880548, 0.5738339640668555, 1.002193688028313]
00586323,93062,390399,783,1;[20556, 632, 0.7887196950781902, 1.1283251077630532, 779.4072319155263, 0.6889810491845018, 0.998906625847365]
00586323,93062,390399,783,2;[25100.67, 630, 0.8326308282953414, 1.6375969518614975, 1344.9913212660865, 0.6921874613958962, 1.00361612028358]
00586323,93062,390399,783,3;[31619.600000000002, 668, 0.8459000593417982, 1.601427195974498, 273.20045676427924, 0.6252283825421896, 1.002824245057571]
00586323,93062,390399,785,1;[21286, 638, 0.8493479719745286, 1.8666118443543451, 1236.882389706279, 0.7987100144848193, 1.000493525416559]
00586323,93062,390399,785,2;[31802.75, 726, 0.8403293096615978, 1.5063627497550223, 788.4954843014093, 0.6626367637087237, 1.0047181337995075]
00586323,93062,390399,785,3;[30726.36, 662, 0.8279921808825244, 1.8139417488838707, 477.21983068691077, 0.6205024954755693, 1.0021447721179624]
00586323,93063,390407,854,2;[31158.96, 710, 0.7999416986006325, 1.4008341074735895, 1361.5040471383707, 0.5475986872214199, 1.0031030915986667]
00586323,93063,390409,849,1;[19498, 626, 0.8115875154134743, 1.1398644600529722, 868.3886300305533, 0.7072078431062417, 0.9909030848198405]
00586323,93063,390409,849,2;[30925.719999999998, 708, 0.7931374976677388, 1.7405892686241176, 1554.9621134811061, 0.5765416905486489, 1.0050080244407062]
00586323,93063,390409,849,3;[19047.11, 522, 0.8335833615570087, 1.3834002117189093, 665.5218765757165, 0.6418294703678226, 0.9962380423488947]
00586323,93063,390409,850,2;[30787.68, 706, 0.824671942917575, 1.5363190025928164, 968.8496909341585, 0.697991330079767, 1.0025381202410246]
00586323,93063,390409,850,3;[21928.22, 544, 0.8100745695502207, 1.635249846823782, 1530.6230612351876, 0.7101801038476854, 1.0067616441802685]
00586323,93063,390409,851,1;[28238, 728, 0.8430905124576795, 1.4047674059688242, 1106.9849440026298, 0.7553259052952123, 9999]
00586323,93063,390409,852,1;[30099, 754, 0.8658719163535238, 1.6932118785574208, 973.0163233768234, 0.7203280168690667, 0.9986065492186722]
00586323,93063,390409,852,2;[31458.84, 720, 0.8115310302131876, 1.4487534514277611, 1177.8634874739719, 0.5888183150149883, 1.0035303496184944]
00586323,93063,390409,852,3;[31627.820000000003, 672, 0.818469989940947, 1.7430314444071748, 548.4741120054451, 0.5842502060532112, 1.0036300402130203]
00586323,93064,390415,930,1;[23108, 668, 0.8294980464837511, 1.4205316247731916, 1503.9847287901434, 0.6862321693120237, 0.9979702008205571]
00586323,93064,390415,930,2;[29547.699999999997, 686, 0.7926624157627444, 1.3620754066658345, 1540.8784881993515, 0.5482798565460741, 1.0040639721789766]
00586323,93064,390415,930,3;[20645.9, 532, 0.7820611162154526, 1.6719013200200674, 1606.9750588883992, 0.689065367704685, 1.0046331788940368]
00586323,93064,390415,931,1;[25605, 696, 0.8473359583053816, 1.807733971002092, 1078.1630730388165, 0.7694676901086539, 1.00078170803205]
00586323,93064,390415,931,2;[23946.37, 620, 0.8239883956080924, 1.404618048543242, 1376.425472341303, 0.6615170309753824, 1.0021913441904478]
00586323,93064,390416,932,1;[20641, 646, 0.788554167469849, 1.2491080192461257, 1153.6437312369378, 0.6835404527015848, 0.9995157619485739]
00586323,93064,390416,932,2;[31311.28, 720, 0.8378685213713243, 1.4381730130346693, 823.2349793149898, 0.6478284037034818, 1.0037384603646906]
00586323,93064,390416,932,3;[29565.97, 638, 0.8176848695895254, 1.9244262227113274, 771.5926326023834, 0.6723637991089001, 1.0022756827048114]
00586323,93064,390416,933,1;[26710, 710, 0.8352233603548765, 1.4760196803768377, 1196.1603792456592, 0.7612947396291662, 9999]
00586323,93064,390416,933,2;[31790.85, 728, 0.8067569489166133, 1.3918522670192914, 772.29184237349, 0.647846588239627, 1.0052681091251177]
00586323,93064,390416,933,3;[28145.280000000002, 626, 0.8372886657465481, 1.411982085662557, 465.32779071545275, 0.6757524099812768, 1.0021218994658667]
00586323,93067,390432,95,1;[31759, 794, 0.8431854625015349, 1.3212470904721847, 1085.3675189007931, 0.6640576952801354, 0.9991820040899796]
00586323,93067,390432,95,2;[28293.44, 678, 0.7965432210599981, 1.2831541324250328, 1336.6855478977657, 0.5701252203658236, 0.9966256575775994]
00586323,93067,390432,95,3;[20107.49, 544, 0.8257361304272326, 1.5517433403420196, 792.2524553571991, 0.6451140419585085, 0.9985372657073851]
00586323,93067,390437,92,1;[32887, 802, 0.8414459367715486, 1.7363325818822206, 847.2295864501727, 0.7152806982996511, 0.9995441006625737]
00586323,93067,390437,92,2;[21590.17, 610, 0.7808170579541672, 1.2935201477987, 2078.991272987965, 0.602984721853939, 1.0000551207143644]
00586323,93067,390437,93,3;[28012.390000000003, 628, 0.8100983236817557, 1.8295626928081228, 795.9301220486924, 0.6320936358258051, 0.9968311232449298]
00586323,93067,390437,94,1;[31958, 798, 0.8352327813910587, 1.3049087629371479, 914.7558796612556, 0.6512580053359779, 0.9990465323475624]
00586323,93067,390437,94,2;[19750.43, 568, 0.8200468377058511, 1.4878773633866336, 1328.2961464275481, 0.5941801254971242, 0.99580008399832]
00586323,93067,390437,94,3;[24436.690000000002, 592, 0.826462725459356, 1.5606749805822102, 798.4203461351331, 0.6949822692159795, 0.9989359318996416]
00586323,93070,390458,337,1;[25728, 698, 0.862139662485112, 1.7465133180535624, 1109.6909679321668, 0.767664630692593, 1.002962731950725]
00586323,93070,390458,337,2;[31018.539999999997, 714, 0.7966521355023544, 1.381422287539353, 1331.2961148583695, 0.5722797086777293, 0.9984104184621277]
00586323,93070,390458,337,3;[19703.34, 540, 0.8299164939815978, 1.7001034912113324, 836.0805124217254, 0.7166032007301595, 0.9990969086488364]
00586323,93070,390458,338,1;[27356, 726, 0.8506201791666853, 1.7883135459009076, 1203.3469025179568, 0.7356508352052553, 0.9989410261091839]
00586323,93070,390458,338,2;[21036.82, 588, 0.82116519690604, 1.1875689613591407, 1304.3680121174375, 0.6315405330898529, 0.9935088655969877]
00586323,93070,390458,338,3;[21098.0, 550, 0.8268423038361027, 1.439170816395229, 674.4667511764954, 0.6113024366585585, 0.9790209790209791]
00586323,93070,390461,339,1;[20090, 634, 0.8445725675829375, 1.7691927645556813, 1414.9114430217946, 0.7820213080163486, 1.0000995619275188]
00586323,93070,390461,339,2;[20601.28, 598, 0.809706253575797, 1.3248502060669043, 1991.3054997439026, 0.6160732126189014, 0.9962020946023709]
00586323,93070,390461,340,3;[24654.52, 588, 0.8183044771595737, 1.4840678859197936, 867.5477378983451, 0.6294239454153835, 0.9964838450676929]
00586323,93072,390470,516,1;[20129, 670, 0.8191845406355988, 2.1021757287320497, 1224.61876211704, 0.8337121600344463, 1.0011688343985476]
00586323,93072,390470,516,2;[31570.699999999997, 732, 0.804931749734823, 1.4624840848403928, 993.3043980898929, 0.5803463458164438, 0.9996985454819504]
00586323,93072,390470,517,3;[19766.36, 536, 0.8306809838776475, 1.5824983949514686, 748.8173861287222, 0.6306625484938227, 1.0017705259503558]
00586323,93073,390480,575,1;[21243, 652, 0.8453401972504403, 1.5970121363313816, 1363.2223996417367, 0.7161919003593202, 0.9869448057981788]
00586323,93073,390480,575,2;[24936.449999999997, 640, 0.806217684385929, 1.3400582606002547, 1535.459726474357, 0.6250456842615559, 0.997595867748923]
00586323,93073,390480,576,3;[28556.280000000002, 628, 0.8370998482479026, 1.6214343256509376, 1434.006532679944, 0.6758448917133157, 1.0021153846153845]
00586323,93074,390488,658,1;[30455, 774, 0.8076711710334812, 1.3953006252757472, 1273.6044670548233, 0.6590500923027146, 0.9953590221263523]
00586323,93074,390488,658,2;[32157.37, 738, 0.828008541336775, 1.4015210288817113, 836.0855009816588, 0.5700676822361851, 0.9945347146826639]
00586323,93074,390488,658,3;[19406.050000000003, 538, 0.8229119221008473, 1.8277449378444868, 1037.4296556496408, 0.7404124738705676, 0.9994355464615818]
00586323,93075,390494,711,1;[21662, 654, 0.844983034681053, 1.6233812259805247, 1376.927487923225, 0.7624014947651715, 0.997949922834174]
00586323,93075,390494,711,2;[30596.09, 720, 0.815789269732212, 1.4394951740045205, 930.320463669615, 0.5869772271840181, 0.9948922338737762]
00586323,93075,390494,711,3;[24788.780000000002, 590, 0.8204836530345496, 1.5241648784755484, 830.1563554580134, 0.6724569307995965, 0.9980418654678839]
00586323,93078,390512,55,1;[28826, 738, 0.8175601613107477, 1.361618460443226, 1332.7117476166807, 0.6658833832245287, 0.9976810992281867]
00586323,93078,390512,55,2;[32409.649999999998, 734, 0.8059858128562477, 1.4692829467198454, 1066.2370513852588, 0.5811305798192501, 1.0004591789879695]
00586323,93078,390512,55,3;[21432.280000000002, 558, 0.7888255471892017, 1.724985858281732, 1605.6062737515822, 0.7206825965816772, 1.001216]
00586323,93080,390525,196,1;[19346, 642, 0.8435706065613099, 1.526830197451063, 978.8233733227612, 0.7090221465776924, 0.9963434104135551]
00586323,93080,390525,196,2;[30881.69, 720, 0.8044520162649331, 1.5244342958253958, 1092.9571989198826, 0.5772116541190592, 0.9992106732379724]
00586323,93080,390525,196,3;[29515.280000000002, 646, 0.8339121561326299, 1.5902096671950923, 614.0010954148513, 0.6585570984369694, 0.9995824247204566]
00586323,93080,390525,197,1;[21230, 640, 0.8526866510363211, 1.9822659125166728, 1197.599950187409, 0.8006975381568662, 1.0015804496025287]
00586323,93080,390525,197,2;[28200.62, 676, 0.7956380169445288, 1.2481401257669877, 1425.6835072767944, 0.560194685577022, 1.0008446659346228]
00586323,93080,390525,197,3;[30129.04, 658, 0.8255245482478029, 1.7498031405637187, 707.9451792151305, 0.6932890136439147, 1.0005687117541346]
00586323,93091,390586,671,1;[27896, 724, 0.8399357244678962, 1.7576393172636018, 1063.2074347681612, 0.732084545425535, 0.9994088669950739]
00586323,93091,390586,671,2;[23225.23, 600, 0.7823731072663284, 1.1461274900081446, 1585.788130064429, 0.5682642972558096, 1.0026714615977395]
00586323,93091,390586,671,3;[32026.49, 678, 0.8206395523113283, 1.8016251144434026, 597.2596724771712, 0.5269939601624164, 1.001435088996937]
00586323,93091,390586,673,1;[26187, 694, 0.8304733721801342, 1.5761547093849737, 623.2841301267324, 0.714366590648192, 1.004333819130168]
00586323,93091,390586,673,2;[31029.25, 718, 0.7983227811339544, 1.5984813434187481, 1315.0697529714407, 0.5552933486527947, 0.9989464610669476]
00586323,93091,390586,673,3;[20900.72, 542, 0.8186021819871465, 1.4313990552846656, 852.7474425560596, 0.6571969505483518, 0.9883389479139674]
00586323,93099,390640,1302,1;[19066, 612, 0.8595165641608047, 1.961731508393842, 1429.0634032145185, 0.7830047020500591, 0.9990829774412451]
00586323,93099,390640,1302,2;[31659.949999999997, 726, 0.801036190766589, 1.5346194080462645, 1454.0690770739714, 0.5484954582301765, 1.0011853914614184]
00586323,93099,390640,1302,3;[22484.440000000002, 570, 0.7789730694831297, 1.5490513775515822, 1993.4411965278573, 0.6823364186628673, 1.000914801488077]
00586323,93104,390680,1071,1;[28564, 726, 0.8517645183963121, 1.7359099177496902, 1027.2100155664755, 0.7365257466766622, 1.0022631975999579]
00586323,93104,390680,1071,2;[32158.559999999998, 736, 0.788098385196002, 1.731740950425489, 1733.240081673671, 0.575890597861962, 0.9983375817355646]
00586323,93104,390680,1071,3;[21110.33, 558, 0.7990210489423504, 1.6932068917466614, 1918.9033255267855, 0.6971566577822694, 1.001885565669701]
00586323,93104,390680,1072,1;[30686, 776, 0.8255695898546669, 1.2887686821038595, 1110.744878187922, 0.6459456523660774, 0.9936210860343878]
00586323,93104,390680,1072,2;[32245.43, 734, 0.8472560450311062, 1.536859107853259, 821.6789381630267, 0.6839395067544989, 1.002311860770497]
00586323,93104,390680,1072,3;[19891.030000000002, 550, 0.8102677498231613, 1.949520113701775, 1372.3094202778361, 0.7338045771737897, 1.0022434680564665]
00586323,93114,390740,2041,1;[31681, 778, 0.8359291832112733, 1.8097446300710722, 970.2198119157814, 0.7154382423933574, 1.002277832262963]
00586323,93114,390740,2041,3;[19466.33, 522, 0.8166539248983069, 1.7700499062868789, 851.7202268565582, 0.7247352230291403, 1.0042050955864166]
00586323,93115,390755,49,1;[20233, 636, 0.8258442042918086, 2.5033623711541555, 1704.4055182525278, 0.7987587707062647, 1.0006181845157143]
00586323,93115,390755,49,3;[21302.13, 544, 0.8091706575757979, 1.477002363736689, 1086.9518785761873, 0.5876869797090947, 0.9996785392824997]
00586323,93117,390759,139,1;[28607, 738, 0.8249296585044821, 1.4012727886606864, 1196.3366974391215, 0.7265496914269456, 1.0007521295761836]
00586323,93117,390759,139,2;[31675.42, 734, 0.7996792383582644, 1.3531424379934638, 1063.014701021143, 0.5632644337335966, 1.0007143125681417]
00586323,93117,390759,139,3;[20204.760000000002, 530, 0.8097290129198785, 1.4926113098261389, 817.4629217261178, 0.5908809923253202, 1.0012559828914762]
00586323,93117,390759,140,1;[19724, 616, 0.8217669414803839, 1.085401387428892, 858.8009013223781, 0.739463900967273, 1.0025923855029737]
00586323,93117,390759,140,2;[29265.67, 694, 0.8404665214672314, 1.7147905499547638, 1122.8271119540893, 0.6912747138213796, 1.0006510151767913]
00586323,93117,390759,140,3;[19755.4, 538, 0.8171003574466309, 1.8566547035756893, 1227.2608996008703, 0.7321478538786834, 1.0006592415252766]
00586323,93118,390771,225,1;[20374, 636, 0.8235698843145802, 2.448288800505115, 1712.9657183770205, 0.8094321601461407, 1.000245471058962]
00586323,93118,390771,225,2;[25274.41, 644, 0.8334030591614544, 1.7282721263945493, 1428.6851650304407, 0.7063022317875732, 1.0014144938469518]
00586323,93118,390771,225,3;[29875.590000000004, 650, 0.826142322210605, 1.8132777792623123, 798.6572584409782, 0.6958039321399763, 1.000412881915772]
00586323,93124,390810,1810,1;[22415, 644, 0.8508831690726965, 1.3015267638502284, 1117.9393314748147, 0.6636767604211057, 1.0047964855657163]
00586323,93124,390810,1810,2;[21328.37, 584, 0.7816064713065555, 1.3908777643178214, 2243.348485427162, 0.5993151091416178, 1.0026572683281587]
00586323,93124,390810,1811,3;[28082.260000000002, 626, 0.8183239299825434, 1.7879724716767942, 788.4418172160889, 0.6180453514485668, 1.000903342366757]
00586323,93125,390812,1844,1;[29587, 750, 0.8358095189630587, 1.408482537454374, 1177.3157271242064, 0.741652662675991, 0.9964636939242894]
00586323,93125,390812,1844,2;[32021.71, 728, 0.824698907061478, 1.6365383796761048, 990.1653634504971, 0.6843918634594175, 1.0046482107188859]
00586323,93125,390812,1844,3;[26946.530000000002, 610, 0.8302593640522712, 1.4110912577599042, 775.6580111378797, 0.6442831704680579, 1.001170721775425]
00586323,93125,390812,1845,1;[29908, 754, 0.8383854786771723, 1.365372292458887, 1293.522734756303, 0.6686091839399264, 0.9988978324037273]
00586323,93125,390812,1845,2;[19863.48, 588, 0.8180465352611999, 1.6634233247992656, 1587.2332973895084, 0.6009060685712764, 1.001169590643275]
00586323,93125,390812,1845,3;[29027.56, 634, 0.8281604641388751, 1.830219373228114, 692.816974757301, 0.6676874793222264, 1.0014415691835046]
00586323,93129,390845,492,1;[23950, 674, 0.8553394559873693, 1.8740440638682707, 1143.669861075936, 0.7920760552046874, 1.0009821745763066]
00586323,93129,390845,492,2;[22688.539999999997, 624, 0.7976296993606451, 1.437537983526303, 2258.046491956166, 0.6361919177152795, 1.0003935251987301]
00586323,93129,390845,492,3;[26097.13, 608, 0.8225680289075279, 1.4756685946286545, 807.2538590311095, 0.711800547231624, 1.0010247247694368]
00586323,93129,390846,493,1;[26778, 708, 0.8389603262536435, 1.8527865501924228, 1200.202156088669, 0.742381413076208, 1.0012151576900787]
00586323,93129,390846,493,2;[20864.27, 586, 0.8308155800393787, 1.0526822952461576, 1246.6106896094066, 0.5645439317622493, 0.9958819687029622]
00586323,93129,390846,493,3;[32003.2, 682, 0.8254327305145259, 1.876809064474765, 581.8078131402584, 0.6430850715796522, 1.001092802502732]
00586323,93129,390846,494,1;[23730, 666, 0.8458148506767069, 1.8180127735065943, 1307.7310175428904, 0.7625553893881373, 0.9988004293200329]
00586323,93129,390846,494,2;[21955.5, 612, 0.8108160775969935, 1.1349239720377309, 1543.708039708993, 0.5832733460067476, 0.9954409344735493]
00586323,93129,390846,494,3;[25084.7, 598, 0.8431824057275434, 1.4743539405794277, 669.5136621564509, 0.6461488072020172, 1.000573786169021]
00586323,93130,390853,572,1;[31838, 790, 0.8690209738537876, 1.7520018986483035, 650.7913103840759, 0.7750807788879553, 1.0022981268691957]
00586323,93130,390853,572,2;[20189.54, 592, 0.7982526571003608, 1.7142661675251243, 1917.8864989340439, 0.5967228162689326, 1.0005307542607773]
00586323,93130,390853,572,3;[21481.600000000002, 550, 0.8075003505253538, 1.4496554735006528, 866.3123194421102, 0.5827719536981995, 1.0012771392081736]
00586323,93130,390853,573,1;[31810, 788, 0.8580307436409528, 1.6569308143973192, 726.6223085452026, 0.7245886070939479, 1.0007078254030672]
00586323,93130,390853,573,2;[29514.379999999997, 694, 0.797669689948622, 1.3872892024658328, 1428.796198959222, 0.6530537950879768, 12401.0]
00586323,93130,390853,573,3;[31259.29, 666, 0.8047139598417417, 2.0063527726021917, 1010.4941322581265, 0.640743666310593, 1.0009212142481136]
00586323,93130,390854,571,1;[20855, 636, 0.8294133900009311, 1.5041481272787662, 1513.5605204660123, 0.7686855212518716, 9999]
00586323,93130,390854,571,2;[25758.739999999998, 644, 0.840135356253732, 1.6197610729531697, 1606.7660673536022, 0.673131571480424, 1.0014110244963106]
00586323,93130,390854,571,3;[26054.660000000003, 598, 0.8092503544886168, 1.6019142435867444, 901.7086204825181, 0.6150054186519966, 1.0014217260807752]
00586323,93131,390861,688,1;[21061, 626, 0.8201642083870586, 2.723785715501926, 1558.4055184891479, 0.8251542494599242, 1.0065715582956962]
00586323,93131,390861,688,2;[19811.12, 578, 0.8226499744544018, 1.3725808383138962, 1597.3699929369125, 0.6446916257878226, 1.0016847172081829]
00586323,93131,390861,688,3;[27226.010000000002, 610, 0.805903752560024, 1.7728306684568873, 804.707933478763, 0.6217456901139637, 1.0004782641528431]
00586323,93131,390861,689,1;[31866, 790, 0.8014241872123022, 1.241581431910107, 1232.7233500347393, 0.6267469633909999, 1.000455237586927]
00586323,93131,390861,689,2;[31344.6, 722, 0.799550776229814, 1.7866273418211174, 1343.2220433761672, 0.5854677013160458, 1.0007408673847382]
00586323,93131,390861,689,3;[21646.0, 560, 0.7937741306777449, 1.9184179132780974, 1575.4077853192396, 0.7367255647090813, 1.0012991539655882]
00586323,93131,390861,690,1;[21263, 636, 0.7857814114691626, 2.530907989940392, 1713.9026518099954, 0.8195228164137262, 1.0035634218289085]
00586323,93131,390861,690,3;[28508.33, 628, 0.8436618251467443, 1.4437716664135016, 585.4568764314844, 0.6514212037511722, 1.0023844504925457]
00586323,93131,390861,691,2;[31480.26, 728, 0.8149037395106956, 1.4314934104886121, 924.6197243239235, 0.6110543562555274, 0.9986975479925251]
00586323,93133,390875,823,1;[19468, 614, 0.908158988780567, 1.9242792316536002, 1349.7992093604432, 0.7827457453340041, 1.0010541200668466]
00586323,93133,390875,823,2;[32053.84, 738, 0.7753829239800384, 1.7243889054964807, 1675.5035371069969, 0.5448212891795277, 0.9995917912940216]
00586323,93133,390875,823,3;[31057.9, 664, 0.820080868649241, 1.7547930458083723, 477.9104351292425, 0.47435304905940756, 1.0022768972301435]
00586323,93134,390882,881,1;[19040, 604, 0.8193090399898373, 1.8635834592211888, 1394.0372343402798, 0.7985864936615859, 1.0033991199177887]
00586323,93134,390882,881,2;[32039.559999999998, 736, 0.8127248193593364, 1.4299639298445608, 906.5706956991809, 0.6160894119416194, 0.997794948764986]
00586323,93134,390882,881,3;[26861.590000000004, 602, 0.8269447396952178, 1.778054134339889, 715.0358648896665, 0.6817614043335374, 1.002121080473282]
00586323,93136,390899,1066,1;[19289, 622, 0.8572222114503687, 1.9616769688440778, 1147.9177420659278, 0.7540386400696553, 1.0015057113187955]
00586323,93136,390899,1066,2;[28753.969999999998, 680, 0.8355387178523389, 1.5337119511163697, 1089.9494953806204, 0.6718646875346423, 0.99993792546918]
00586323,93136,390899,1066,3;[20606.170000000002, 544, 0.8057793827134483, 1.4171000253440347, 863.8587843150914, 0.6617527514547838, 0.9723631897081165]
00586323,93136,390899,1067,1;[31470, 782, 0.8568239977997056, 1.7650580056254024, 737.3056986718815, 0.7215625316117098, 1.0038757835303125]
00586323,93136,390899,1067,2;[20156.219999999998, 586, 0.8079478280951315, 1.594275439611821, 1358.123570297367, 0.5835246290895035, 1.000177147918512]
00586323,93136,390899,1067,3;[19419.75, 526, 0.8227083983061141, 1.738982058754079, 755.9438413225107, 0.7434738896075703, 1.0039662865642043]
00586323,93136,390899,1068,1;[20486, 662, 0.7984099016340983, 2.2548190331477946, 1474.030176549037, 0.840630911593007, 0.9982701069609922]
00586323,93136,390899,1068,2;[31175.62, 720, 0.8168579552443789, 1.3751194197211787, 902.4267423856977, 0.6153405832248793, 1.0022955084551228]
00586323,93136,390899,1068,3;[22377.58, 574, 0.7924108522287523, 1.5964040062502463, 1902.1384118029068, 0.708194886159, 1.0017171593278549]
00586323,93147,390953,338,1;[19204, 664, 0.8297646400931254, 1.7018566081499866, 949.5671358232171, 0.8273569828622729, 9999]
00586323,93147,390953,338,2;[31398.149999999998, 716, 0.7927566072415896, 1.456361690982982, 1393.0050016515318, 0.5672879872399814, 1.0009673931599612]
00586323,93147,390953,338,3;[19749.920000000002, 546, 0.8328583753755009, 1.8691446173857658, 1346.8543040873783, 0.7279935214355526, 1.0010763515155723]
00586323,93148,390957,382,1;[27911, 720, 0.8527003237586167, 1.6929737945017276, 1060.6914228047647, 0.7278948276953506, 1.0007350172997975]
00586323,93148,390957,382,2;[27136.76, 664, 0.8542539225273705, 1.643755099072543, 1108.9053994001847, 0.6962336392818005, 1.0029246838922485]
00586323,93148,390957,382,3;[25654.620000000003, 598, 0.8249201325451282, 1.3672064131680188, 621.8957250055608, 0.6717348507891049, 1.0025161946571015]
00586323,93166,391045,263,1;[19183, 660, 0.8128919845491498, 1.7350556347201795, 1514.2584580580951, 0.7149796583096263, 0.9922925719015104]
00586323,93166,391045,263,2;[31332.699999999997, 726, 0.7773272110939812, 1.751658461799733, 1715.6231283156549, 0.5358227283606088, 0.9997531942361362]
00586323,93166,391045,263,3;[20219.83, 536, 0.830117669103735, 1.9434824303091158, 1059.8882604279736, 0.7433536182329854, 1.0007119368071329]
00586323,93166,391045,264,1;[19550, 616, 0.8392158901932634, 2.8483340427881703, 1457.23631972896, 0.805339127675114, 1.0022814078080542]
00586323,93166,391045,264,3;[32314.190000000002, 680, 0.8213613455981273, 1.773998587950827, 575.0062992072696, 0.6256270698800823, 1.0028699589702161]
00586323,93166,391045,265,2;[28421.96, 678, 0.7933096720642543, 1.2453657106279954, 1512.3187121935966, 0.5767603803613918, 1.0025184687709872]
00586323,93166,391046,266,1;[20131, 632, 0.8445257816080416, 1.6606786737536148, 1479.9673622050586, 0.7393608622971749, 1.0006461874937866]
00586323,93166,391046,266,2;[31305.329999999998, 720, 0.8079955160718889, 1.4461442020459223, 948.4507241259442, 0.6015921997605548, 1.0038923869490555]
00586323,93166,391046,266,3;[22659.800000000003, 566, 0.8255187352084581, 1.4607670536677027, 727.2263541426184, 0.6414471359569085, 1.0003931411981735]
00586323,93166,391046,267,1;[21868, 658, 0.8466508679942748, 1.4067361625777806, 987.3351457888433, 0.6817589425249178, 0.9986072105395347]
00586323,93166,391046,267,2;[31017.35, 724, 0.7859544378184983, 1.604011094855587, 1895.208808878435, 0.5881724577036375, 0.9978370307983845]
00586323,93166,391046,267,3;[19075.88, 524, 0.8125697239605518, 1.7546911523388116, 739.9925628794529, 0.7001835461000052, 1.0021231422505308]
00586323,93170,391065,335,1;[21252, 658, 0.7913426113158302, 1.8811041689067962, 2235.179604107657, 0.7484694262837126, 1.000941974378297]
00586323,93170,391065,335,2;[31367.21, 722, 0.8260693857865438, 1.4390712671109838, 717.3450346571634, 0.6309661172781639, 1.0033115103532277]
00586323,93170,391065,335,3;[19422.49, 528, 0.8286598493822801, 1.6842232172957075, 721.4471325508678, 0.7288574572319285, 1.0028649241325647]
00586323,93170,391065,336,1;[18952, 612, 0.837377287615994, 1.0214752800868447, 673.5269545625019, 0.741001231846351, 0.9836252757233683]
00586323,93170,391065,336,2;[27057.03, 662, 0.7849898968133521, 1.1109845424307074, 1679.4712963487332, 0.5991867079685995, 0.9996262997076345]
00586323,93170,391065,336,3;[19595.11, 562, 0.8261145862636787, 1.876585068671651, 756.1381640569349, 0.7404280020794083, 0.999580683485918]
00586323,93171,391073,410,1;[31701, 786, 0.8668998026674923, 1.6433801601287747, 609.8478061729191, 0.8018053016436798, 1.0012950094756792]
00586323,93171,391073,410,3;[31631.930000000004, 674, 0.8238878032573231, 1.7821726845145482, 679.0908047235412, 0.6149303065974908, 1.0011707570895847]
00586323,93171,391077,406,1;[20917, 658, 0.8282716990984537, 1.4192812496138085, 906.4236996333407, 0.7073215445162464, 0.9983771657677438]
00586323,93171,391077,406,2;[19819.45, 568, 0.8014983888752297, 1.52573079696677, 1424.0166633722179, 0.6113687120208365, 1.0014731968371366]
00586323,93171,391077,406,3;[31492.190000000002, 670, 0.8428325054741294, 1.4799867066100683, 338.2722311209955, 0.6688452940642644, 1.0011105546240446]
00586323,93171,391077,408,1;[18837, 654, 0.8422133921923346, 1.6230393399656133, 894.188295677077, 0.8027383289930173, 0.9907431757218745]
00586323,93171,391077,408,2;[19928.93, 570, 0.7976192573487669, 1.4715841492003372, 1483.666776802056, 0.5990709097650458, 1.0014351491957185]
00586323,93171,391077,408,3;[31105.850000000002, 664, 0.8222613731721209, 1.8558872029684113, 721.105094229101, 0.7122052319474368, 1.0011905811799982]
00586323,93171,391077,409,1;[22136, 654, 0.7677647616640121, 1.9024150621624631, 2217.6216015560763, 0.771089503636957, 1.000565010057179]
00586323,93171,391077,409,2;[19375.579999999998, 564, 0.7859407171751593, 1.396278691191018, 1528.2049409395054, 0.5824613266861175, 1.0011067388096409]
00586323,93171,391077,409,3;[19630.730000000003, 542, 0.8314144581910182, 1.8790428460088167, 842.2324404689859, 0.751356004120822, 0.9991284035840045]
00586323,93172,391079,488,1;[22030, 646, 0.805943721481156, 1.4841607685486788, 1401.0886048330362, 0.7118131642896676, 1.0017962301903094]
00586323,93172,391079,488,2;[28203.0, 678, 0.822629807290913, 1.3842461425342094, 988.3219867519742, 0.6756939344737254, 1.0003587784648502]
00586323,93172,391079,488,3;[20360.940000000002, 542, 0.8185584196752854, 1.4195267444123896, 496.4154347774224, 0.6379073213260867, 0.9991932230738201]
00586323,93172,391079,489,1;[21427, 644, 0.8691992432863705, 1.4891012586393864, 1343.707479827721, 0.7200280801939061, 0.9986018548725357]
00586323,93172,391079,489,2;[29168.09, 688, 0.8600803784877316, 1.682288424357472, 1002.4646495577279, 0.7026746319432108, 1.0023514016398472]
00586323,93172,391079,489,3;[19108.760000000002, 522, 0.8119698059643013, 1.7105556074601278, 755.696998984875, 0.7240697556732621, 1.00377820157605]
00586323,93172,391086,486,1;[19131, 606, 0.8502446688509278, 1.489135600646344, 753.1858398425543, 0.744933979946307, 1.0067092903938748]
00586323,93172,391086,486,2;[19483.87, 572, 0.8158809850931197, 1.3860901532400913, 1280.4133805032461, 0.6198447814784396, 0.9990237354323022]
00586323,93172,391086,486,3;[22668.02, 560, 0.825066380724385, 1.5460692635407909, 514.0547479421135, 0.6274951291090349, 1.0007863061755278]
00586323,93172,391086,487,1;[22620, 656, 0.8371479529644917, 1.8075691805151683, 1056.4963444805223, 0.7998828340691956, 1.0015275287241814]
00586323,93172,391086,487,2;[21834.12, 602, 0.7755418956233986, 1.2643323497147043, 2260.941148521567, 0.6119400473644754, 0.9990471264054885]
00586323,93172,391086,487,3;[31292.170000000002, 662, 0.8261826406137727, 1.8414048710405666, 684.4461715986429, 0.6950310097840315, 1.0009641088566545]
00586323,93174,391099,675,1;[19004, 656, 0.8355692849232383, 1.971941130166608, 1000.2328218481647, 0.8398484451977625, 0.9873233582709892]
00586323,93174,391099,675,2;[30640.12, 708, 0.8338938777369334, 1.7901024849472769, 1084.2315499460112, 0.6935564887009585, 1.0017507683927946]
00586323,93174,391099,675,3;[21478.86, 552, 0.7952481875699886, 1.6257255359102425, 2015.5520254317792, 0.6914984181081845, 1.0031993857179422]
00586323,93175,391108,728,1;[19670, 618, 0.849008910551764, 1.7442250219853126, 1354.2314281947438, 0.7829486511271893, 9999]
00586323,93175,391108,728,2;[22416.03, 602, 0.7962324833157052, 1.3539320486872473, 2030.1300246121023, 0.6308837997805602, 1.0006906077348066]
00586323,93175,391108,728,3;[19415.640000000003, 530, 0.8163609228154426, 1.8241586749071501, 1170.9441120707647, 0.7346965693301246, 1.0014132278123233]
00586323,93175,391108,729,1;[18507, 652, 0.8525363835864773, 1.6839308432037616, 929.9712574869966, 0.799476497872852, 7402.8]
00586323,93175,391108,729,2;[20944.0, 582, 0.8235356358169676, 1.5871409386000934, 1561.9980631234762, 0.6516192862290467, 1.0026776049678117]
00586323,93175,391108,729,3;[22654.320000000003, 568, 0.8359509414422022, 1.5893048151225633, 863.9076272066771, 0.6715862214385656, 1.0002117042189627]
00586323,93182,391157,199,1;[19263, 664, 0.8242052870929446, 2.0628152101222694, 1091.969153950803, 0.8366055767666718, 0.9958383953265955]
00586323,93182,391157,199,2;[21404.53, 620, 0.7827853907965691, 1.2611009296020677, 2159.5579371281465, 0.6354256008661702, 0.997144995426449]
00586323,93182,391157,199,3;[32068.960000000003, 678, 0.8347409079468066, 1.6108750819786593, 374.00567025510196, 0.5755165428368011, 1.0002563883428768]
00586323,93182,391158,200,1;[32102, 788, 0.8658235354121953, 1.6683746936621138, 623.98495066445, 0.7976582740927394, 1.0016537177447034]
00586323,93182,391158,200,2;[20646.5, 592, 0.7964462390921137, 1.062053640138399, 1235.3822327783198, 0.5991325513992388, 0.995438767606644]
00586323,93182,391158,200,3;[25029.9, 588, 0.8192620409169377, 1.561608471615653, 693.2070426882793, 0.6267071481863451, 1.001727115716753]
00586323,93188,391175,293,1;[19315, 660, 0.8288294822096611, 1.8971342213128355, 977.8420177587625, 0.8342752614617412, 0.997933350555412]
00586323,93188,391175,293,2;[19761.14, 568, 0.7997612684941663, 1.5585896797950698, 1722.5454600778262, 0.5887042749623399, 0.9972974596120353]
00586323,93188,391175,293,3;[20071.870000000003, 558, 0.8112351048075458, 1.8725369130074414, 1569.7493564668605, 0.705534264139684, 1.0015038621915373]
00586323,93189,391182,356,1;[19207, 644, 0.8482726887721507, 2.1942184963356883, 1074.5294457830244, 0.8470400382425727, 0.9959812284477171]
00586323,93189,391182,356,2;[31612.35, 732, 0.8290310952981075, 1.4374989410509995, 877.2755825998211, 0.6239542487934119, 1.000433087916847]
00586323,93189,391182,356,3;[19655.390000000003, 542, 0.8103411616293034, 1.8257206893983162, 1292.1103752102247, 0.7065071881544902, 1.000348626411937]
00586323,93203,391206,463,1;[19312, 660, 0.8259857340240425, 2.1299732626456787, 1117.0785144837096, 0.8460372892086769, 0.9995341856011594]
00586323,93203,391206,463,2;[32069.309999999998, 732, 0.8056220697198745, 1.4810762087240896, 1288.1240034054583, 0.5650040384665915, 1.0001484505474114]
00586323,93203,391206,463,3;[32162.120000000003, 678, 0.8179944807287972, 1.9135095422286097, 749.3660836461654, 0.6547457780958699, 1.0015999317362458]
00586323,93228,391302,550,1;[29207, 744, 0.8409657117727676, 1.687025315370555, 885.2431787603384, 0.7605280890753274, 1.001714854065919]
00586323,93228,391302,550,2;[20370.42, 582, 0.8075062765997137, 1.5277228119840882, 1779.863532449365, 0.6108082391238024, 0.9982505248425473]
00586323,93228,391302,550,3;[19618.4, 532, 0.8036769367302322, 1.4605807379968736, 738.8016289089398, 0.6571156188457041, 0.969598483309635]
00586323,93228,391302,551,1;[18548, 594, 0.844370959386834, 1.8360569685612882, 1327.482022791113, 0.7913159895275492, 1.0034081687855017]
00586323,93228,391302,551,2;[24431.89, 634, 0.818788293376794, 1.3886716632767102, 1292.7160919668509, 0.6407583376903769, 0.9945021676475575]
00586323,93228,391302,551,3;[31603.160000000003, 674, 0.8181186681202258, 1.9273366656325959, 692.5660415300093, 0.6695955238946264, 1.0022157535734457]
00586323,93230,391311,638,1;[31258, 782, 0.8720883970953089, 1.7136227305657319, 569.1425310494188, 0.7887433968807163, 1.0015861063492317]
00586323,93230,391311,638,2;[24585.399999999998, 622, 0.8084540761475668, 1.2263658260004038, 1429.6294082804195, 0.5813886475636276, 0.9994436784945456]
00586323,93230,391311,638,3;[19660.870000000003, 558, 0.8250570092120733, 1.7926790187667878, 919.5744672881782, 0.7332501060115315, 0.9990254089801601]
00586323,93230,391311,639,1;[31324, 778, 0.8315007955563954, 1.4746405713933637, 1081.8342011448244, 0.6729530828310911, 1.0015347231103722]
00586323,93230,391311,639,2;[24716.3, 636, 0.7945994442501515, 1.1008828569446882, 1629.6327189815756, 0.5907665020971726, 0.99470798113072]
00586323,93230,391311,639,3;[25697.090000000004, 594, 0.8352688681520632, 1.4467300311009332, 705.9042453640941, 0.6467867155066661, 1.0022441891530858]
00586323,93232,391319,735,1;[20847, 654, 0.8810610934864755, 1.3404532148722894, 966.5677949781525, 0.687691031997785, 0.9944190040068689]
00586323,93232,391319,735,2;[30769.829999999998, 714, 0.7979585909847239, 1.3650741902193508, 1383.0834633565257, 0.5630259824729922, 1.0015493666963629]
00586323,93232,391319,735,3;[28239.81, 620, 0.8210820426439565, 1.861941395493403, 815.4193912173612, 0.6961112953635396, 1.0021635024430562]
00586323,93232,391319,737,1;[19296, 624, 0.8355047899017273, 2.225406034025132, 1405.72367490647, 0.7916893062210131, 0.9983960262844725]
00586323,93232,391319,737,2;[19326.79, 610, 0.7967883190545192, 1.1227688058119836, 1214.57898342995, 0.5990874377155481, 1.0004620075769242]
00586323,93232,391319,737,3;[19980.08, 530, 0.8130871480957933, 1.4888083173214757, 762.4021125713217, 0.6610767640773698, 0.9999314364072678]
00586323,93232,391321,732,1;[31557, 782, 0.8311965550412884, 1.7837138343661725, 822.3994738850416, 0.7332085985239382, 0.9997465547283384]
00586323,93232,391321,732,2;[31523.1, 730, 0.8201113887797292, 1.3125495346037257, 1039.0585405054433, 0.5851192570135922, 0.9969328039440755]
00586323,93232,391321,732,3;[22870.780000000002, 554, 0.8131787836219909, 1.614009846028397, 758.5700097087254, 0.6570548707346562, 1.0036372381038265]
00586323,93232,391321,733,1;[30518, 772, 0.8603380680985728, 1.7133028977761207, 558.5224327017609, 0.7364257386296382, 1.0014931495610797]
00586323,93232,391321,733,2;[19162.57, 574, 0.8185771568690777, 1.1780932314037553, 1605.520897111581, 0.599230811879763, 0.9975221458217184]
00586323,93232,391321,734,3;[28075.410000000003, 622, 0.8298832788279324, 1.4280155010479023, 660.8227150186586, 0.6746291361914369, 1.0015884264802912]
00586323,93233,391326,801,1;[19846, 662, 0.8337270471389144, 1.4765717002056655, 1141.4321760242333, 0.7070618822666522, 0.9969607917012031]
00586323,93233,391326,801,2;[30773.399999999998, 716, 0.7901938425880147, 1.7334069329388668, 1516.6038502810663, 0.5800795136480089, 1.0009095659241771]
00586323,93233,391326,801,3;[19114.24, 522, 0.7985872794633625, 1.3996039818202635, 719.0453136707232, 0.6460152797180451, 0.9862161589029477]
00586323,93233,391326,802,1;[19790, 618, 0.8424915405077521, 1.8645953012171328, 1279.8357922539888, 0.7858846435776903, 0.9995201899037854]
00586323,93233,391326,802,2;[19837.3, 614, 0.8698368009836649, 1.5120400015544844, 1331.4793372896468, 0.692123887151943, 0.999610229964321]
00586323,93233,391326,802,3;[21562.43, 566, 0.7815344379787996, 1.6739997403980706, 1744.5365239146295, 0.72742080309364, 1.00015886632987]
00586323,93233,391328,798,1;[30910, 780, 0.8172918168700586, 1.3234840381700843, 1110.1767780190896, 0.6645016343457736, 0.9964217787950098]
00586323,93233,391328,798,2;[31900.329999999998, 730, 0.818780488018594, 1.4359629982927982, 846.0678158279408, 0.6245923205655903, 1.0012325390304027]
00586323,93233,391328,798,3;[30867.47, 654, 0.8171128250118905, 1.900751705273069, 846.065922739681, 0.6701481704001929, 1.002781672118744]
00586323,93233,391328,800,1;[19628, 608, 0.8844338085602925, 1.914158455593693, 1251.1699869680122, 0.8065763392599956, 1.0017863522686674]
00586323,93233,391328,800,2;[30652.02, 714, 0.8026380696110227, 1.4152888622408044, 1265.6596647246129, 0.5770448542196888, 1.0011855018948597]
00586323,93233,391328,800,3;[21898.08, 550, 0.7996774346715212, 1.6282434425239285, 1645.0556700260515, 0.7192776661603766, 1.004524886877828]
00586323,93243,391391,27,1;[23815, 672, 0.8475089202560411, 1.8993342240823534, 1144.3023962330938, 0.7897231871894108, 1.002103934357248]
00586323,93243,391391,27,2;[20622.7, 626, 0.7941351360931775, 1.261856225917604, 1845.3386646655663, 0.6573098087728941, 0.9962060243734192]
00586323,93243,391391,27,3;[19678.68, 544, 0.8130695703778842, 1.8843314701655485, 1220.4378457397272, 0.7430891341828576, 0.9978811351557887]
00586323,93243,391391,28,1;[27145, 714, 0.8319793233162176, 1.4565686095896275, 1291.3189306686882, 0.7373581772278315, 0.9993925225042799]
00586323,93243,391391,28,3;[30705.81, 666, 0.8314022770969897, 1.694244721236337, 318.99599849316866, 0.5343877214360463, 1.0004240408864686]
00586323,93243,391391,29,2;[30098.67, 700, 0.8015129667655407, 1.4092252059678025, 1451.1882686555289, 0.536570772011375, 0.9957481988898075]
00586323,93260,391462,225,1;[19333, 660, 0.8166400054685603, 1.8458078319580233, 1568.049178352746, 0.7421967879630527, 0.998270208865825]
00586323,93260,391462,225,2;[20027.7, 580, 0.8078729754690562, 1.2918662172224245, 1456.0399116635522, 0.6397324278063494, 0.9981910382254382]
00586323,93260,391462,225,3;[24736.72, 586, 0.8073669255487425, 1.420799036899844, 812.207930627975, 0.6525492823819635, 0.9991699407891096]
00586323,93261,391474,320,1;[31529, 782, 0.8311524723511694, 1.7357037222227218, 929.7273775952929, 0.7340653854794664, 1.0021454793954516]
00586323,93261,391474,320,2;[20183.59, 574, 0.7996419242987368, 1.5811511221645997, 1492.120034115759, 0.617847488511409, 0.9984694177900748]
00586323,93261,391474,320,3;[30771.570000000003, 658, 0.8625324062390112, 1.4951755869350358, 396.9971395322748, 0.6612871752503279, 1.0018734109460725]
00586323,93261,391474,321,1;[19258, 654, 0.8468913320383993, 1.5162066336309377, 919.4795868922328, 0.7988071407343169, 9999]
00586323,93261,391474,321,2;[22907.5, 600, 0.7880915938741689, 1.121645324794765, 1618.6666366129878, 0.5928828579581807, 1.0007017908663218]
00586323,93261,391474,321,3;[21281.58, 546, 0.8164714692389327, 1.469219125819246, 895.8347558536306, 0.6499044580773484, 0.9910680107183871]
00586323,93262,391477,421,1;[19920, 648, 0.8801536313729792, 1.3830850435317166, 1049.4659888962503, 0.7253224595356736, 0.9968223784622313]
00586323,93262,391477,421,2;[22332.73, 616, 0.7654811819633853, 1.206777375986566, 2392.3168648811434, 0.6228258559601945, 0.9970249163257716]
00586323,93262,391477,421,3;[29886.550000000003, 646, 0.8205561007735133, 1.5270905127322314, 545.2803616837908, 0.6664424931459065, 1.002228194702869]
00586323,93263,391489,498,1;[19985, 646, 0.8165242559866177, 1.376461389812399, 922.8950294015486, 0.7173779075545836, 0.9979277457368986]
00586323,93263,391489,498,2;[19637.379999999997, 566, 0.8052168102330373, 1.4722007538454516, 1343.0825265871988, 0.5851245363243669, 1.0000909063361716]
00586323,93263,391489,498,3;[22225.510000000002, 556, 0.829570375415996, 1.5502009246660184, 591.2304203617177, 0.6415416429583858, 1.0001232969607299]
00586323,93263,391490,499,1;[30994, 778, 0.8570579672161309, 1.6471514684556396, 842.3753425138141, 0.701714432793929, 1.0018262626262626]
00586323,93263,391490,499,2;[19219.69, 572, 0.8135941061611298, 1.3492834541766938, 1609.6011254879998, 0.6797940504799721, 0.9996286439314229]
00586323,93263,391490,499,3;[19917.06, 530, 0.8220710410917051, 1.4648743496828012, 766.1706439916562, 0.6594797604347902, 0.9892487751769189]
00586323,93273,391521,801,1;[18754, 632, 0.839398958268235, 1.8476827014726844, 1030.8119331108735, 0.8323029429863167, 0.9997068152136251]
00586323,93273,391521,801,2;[19512.43, 578, 0.8080870594789649, 1.2267993656375595, 1783.2683710074923, 0.5921104452979041, 0.99802185093886]
00586323,93273,391521,801,3;[22414.570000000003, 562, 0.8176791563849358, 1.4771099814201414, 885.5000728368927, 0.6352707170842943, 0.991335433834222]
00586323,93273,391521,803,1;[24739, 674, 0.8394542440011484, 1.6294058984108533, 1308.013844506888, 0.7606367281098124, 9999]
00586323,93273,391521,803,2;[19231.59, 570, 0.8036392688603288, 1.3061908799142148, 1924.788222702769, 0.5981831890275208, 1.0003714020427112]
00586323,93273,391521,803,3;[20521.230000000003, 542, 0.8227209696928233, 1.432445946232991, 667.7824963467855, 0.6246454270021815, 0.9789236349377513]
00586323,93329,391879,136,1;[18651, 604, 0.81507859457986, 1.056812246277193, 793.1465171979505, 0.6708892631845889, 1.0002145117177026]
00586323,93329,391879,136,2;[26232.36, 644, 0.7971381283316643, 1.254731697037686, 1401.3331494766987, 0.5710712580485382, 1.0037794271663403]
00586323,93329,391879,137,1;[19608, 640, 0.8141203433805833, 2.5411800749634574, 1306.641401597145, 0.8543986928212077, 1.0024027401462092]
00586323,93329,391879,137,2;[29160.949999999997, 686, 0.796993677873681, 1.336399367139884, 1447.971336355345, 0.5669793831098707, 1.0024134827783686]
00586323,93329,391879,137,3;[18681.32, 518, 0.822253871014091, 1.4171199612405294, 781.5536964857102, 0.6529698349096849, 0.988940058744606]
00586323,93329,391881,138,1;[20212, 622, 0.8466722663091788, 1.6012690151116622, 1324.9256671989597, 0.7684917726404243, 0.9985425981276091]
00586323,93329,391881,138,2;[19216.12, 586, 0.8012653380144095, 1.3106772896285572, 1826.434474178163, 0.6343695032020856, 1.0016748340673656]
00586323,93329,391881,138,3;[19104.65, 542, 0.8123537203325397, 1.898794830015479, 1348.0770003791504, 0.7428294719533419, 1.0018319623549696]
00586323,93329,391881,140,1;[25321, 682, 0.828178274579865, 1.4261633783880847, 1416.6592031575296, 0.6632372560542141, 1.000197503555064]
00586323,93329,391881,140,2;[30669.87, 708, 0.7910845451735953, 1.7768815700005227, 1471.5443313242263, 0.5819418351977376, 1.002528395830092]
00586323,93329,391881,140,3;[18844.350000000002, 518, 0.8157212510845498, 1.5119841140634442, 722.8210889356433, 0.6173274830613835, 1.0004000145459835]
00586323,93331,391890,204,1;[18087, 612, 0.8394000000073586, 2.0038616081253857, 1269.1393113667864, 0.7627598332206562, 0.994364880837846]
00586323,93331,391890,204,2;[22449.35, 600, 0.8055239113929741, 1.1303512230866146, 1463.150561205286, 0.5959854368255482, 1.0018587360594795]
00586323,93331,391890,204,3;[27139.7, 610, 0.8127295376471957, 1.4850519856535764, 729.9404524971131, 0.6541194434944629, 1.002023267577137]
00586323,93332,391899,260,1;[18030, 646, 0.8287516169705573, 1.8413853205436386, 1415.6291580923066, 0.730386492575372, 0.9587875565009306]
00586323,93332,391899,260,2;[20443.01, 576, 0.8067100654015088, 1.2274938711065004, 1341.5685021366362, 0.6187281952961702, 1.003094709797968]
00586323,93332,391899,260,3;[24968.250000000004, 586, 0.813782556566917, 1.6622712088572698, 754.1428759958219, 0.6158123364136537, 1.0012911023816717]
00586323,93332,391899,261,1;[20756, 628, 0.848765840029099, 1.3737426077111519, 1053.9215799815129, 0.6686110098123057, 1.0044521873790166]
00586323,93332,391899,261,2;[22502.899999999998, 592, 0.8596505107138277, 1.4149766023192276, 1092.1393374937247, 0.6758859048941848, 1.0032096342078038]
00586323,93332,391899,261,3;[28352.15, 626, 0.8139120220955619, 1.7306073268229958, 777.9358001046628, 0.718663525499016, 1.001330591508407]
00586323,93341,391960,153,1;[18366, 646, 0.8355936956353153, 1.8485297322350707, 1436.0048296839652, 0.7464304942335188, 0.9788152530178271]
00586323,93341,391960,153,2;[29268.05, 688, 0.8315217907855289, 1.3954284710145122, 1049.4485601516249, 0.6756209581962523, 1.0022208186467267]
00586323,93341,391960,153,3;[30741.430000000004, 658, 0.8168832970733397, 1.7821770329639004, 699.2365893588059, 0.6454371881751471, 1.0033760368457532]
00586323,93341,391966,154,1;[24979, 680, 0.8283991919210635, 1.4868062998299307, 1225.8475208361679, 0.7457195192348643, 5550.888888888889]
00586323,93341,391966,154,2;[22199.45, 602, 0.801272374442814, 1.3560029408376162, 1087.209494169218, 0.6668360552020095, 1.0023372645944713]
00586323,93341,391966,154,3;[28057.600000000002, 618, 0.8218688419738219, 1.885451604250931, 766.3697058822197, 0.6551485619599208, 1.0029628541345283]
00586323,93341,391966,156,1;[19377, 614, 0.8204746030608208, 1.6896634416432006, 1425.100859243641, 0.7610007237684235, 1.000180659147805]
00586323,93341,391966,156,2;[18963.84, 612, 0.7764827307763295, 1.1113723355263336, 1428.7365240068114, 0.5539953205678144, 1.0002824592787873]
00586323,93341,391966,156,3;[29692.010000000002, 644, 0.8352853580855115, 1.6568777494306732, 623.2240291680555, 0.649310774565962, 1.0015712371181662]
00586323,93342,391970,244,1;[18472, 598, 0.8572824708969599, 1.9682221422114548, 1258.606734300686, 0.7926581915576165, 0.9987024221453287]
00586323,93342,391970,244,2;[19204.219999999998, 558, 0.8054518652965683, 1.5656009312472916, 1797.3871587160186, 0.6000827303884022, 1.0051697290563688]
00586323,93342,391970,244,3;[19629.36, 522, 0.8111201819325339, 1.804812501371595, 1300.8294488657787, 0.7186502520148562, 1.004522031759386]
00586323,93342,391974,243,1;[23359, 662, 0.8360250397035632, 1.3735551912804134, 1520.8036700788437, 0.6684733390349951, 0.9995934698418811]
00586323,93342,391974,243,2;[19047.14, 556, 0.7901425246077707, 1.4891536503121667, 1583.334108688512, 0.556173703823963, 1.0056862806697873]
00586323,93342,391974,243,3;[29768.730000000003, 638, 0.8298180672907902, 1.5444238334542466, 499.1447498314526, 0.6655902174589186, 1.002930927049918]
00586323,93343,391981,343,1;[26291, 698, 0.8500046360089406, 1.7581903181987746, 1079.00336276375, 0.7441627244979961, 0.9980828730330467]
00586323,93343,391981,343,2;[19610.01, 564, 0.7979638349257215, 1.4414045536180031, 2255.39438925366, 0.6036358632653122, 1.0031044558071585]
00586323,93343,391981,343,3;[30307.140000000003, 654, 0.8279880971994447, 1.6575430479791842, 594.3265267305735, 0.6225041272224063, 1.0021518041178736]
00586323,93343,391981,346,1;[20058, 618, 0.8514510598925654, 1.7686620979064667, 1143.0407442269548, 0.7970763174994073, 0.9964479992051467]
00586323,93343,391981,346,2;[21953.12, 600, 0.8380414002569102, 1.4721078600515514, 1186.9146702529652, 0.7036042018825805, 1.004656228727025]
00586323,93343,391981,346,3;[20626.72, 528, 0.8116731327399954, 1.55721984976776, 744.2452408668103, 0.6401059212518402, 1.0015632795609513]
00586323,93376,392038,12,1;[23725, 662, 0.840717486726296, 1.7041117873508862, 1249.1440155230853, 0.7312781199203491, 1.0039353419092756]
00586323,93376,392038,12,2;[27284.32, 678, 0.778153526848075, 1.1357483810065967, 1563.3450676055531, 0.6190277145025923, 0.9927904912425036]
00586323,93376,392038,13,3;[19954.050000000003, 542, 0.818481019809215, 1.5138200320449762, 783.0844765931408, 0.6518720606079946, 0.9979786906026242]
00586323,93376,392038,14,1;[25207, 692, 0.8008575571900293, 1.3329091373348445, 1511.2622721110772, 0.6715811883906025, 1.0013904338153503]
00586323,93376,392038,14,2;[27918.59, 686, 0.7780156426351496, 1.212090292476231, 1636.6007865083225, 0.6082544533169043, 0.985238845144357]
00586323,93376,392038,14,3;[30882.54, 674, 0.8247912904980266, 1.6475451895396755, 311.64186130513457, 0.5907976898624295, 0.997632271912549]
00586323,93377,392048,63,1;[26093, 706, 0.8267109316871817, 1.3944044550148953, 1367.9364505501835, 0.6861338813849934, 1.001958374932801]
00586323,93377,392048,63,2;[20353.76, 596, 0.8180541191817869, 1.1439662222176223, 1291.6768613852446, 0.6029208001915357, 0.9886705202312138]
00586323,93377,392048,63,3;[21507.63, 574, 0.8578889717810506, 1.3562946145645705, 461.7010051895269, 0.7007160651660344, 0.992006571672301]
00586323,93377,392048,64,1;[19880, 660, 0.839421580689723, 1.4457419430331855, 996.8140234810751, 0.7048425256752034, 0.9952440550688361]
00586323,93377,392048,64,3;[20781.530000000002, 544, 0.8421335651596236, 1.1987810752790857, 466.4193455565916, 0.6895538750288854, 0.9965509312485629]
00586323,93377,392048,65,2;[31984.82, 740, 0.8635276823153418, 1.5737464166592123, 666.4535047325119, 0.6704018961412861, 0.9963856091638709]
00586323,93377,392048,66,1;[30564, 778, 0.8255451191335591, 1.451448915050503, 1021.191557713104, 0.6692739728215642, 1.002755905511811]
00586323,93377,392048,66,2;[19103.07, 570, 0.8042251886265204, 1.2389622917781775, 1450.7739671014174, 0.6228524118144267, 0.9992530345471522]
00586323,93377,392048,66,3;[31267.510000000002, 670, 0.8264284893445509, 1.8327761790274166, 693.7950962187546, 0.7138849348733799, 1.0005918586553848]
00586323,93378,392059,33,1;[28035, 736, 0.8544788167733208, 1.8604494594377932, 1069.5632765506696, 0.7529799178854906, 0.9976335782787396]
00586323,93378,392059,33,2;[19873.0, 578, 0.7968437929423395, 1.0474698801479918, 1245.5361514465587, 0.5781051616109545, 0.9944915885067739]
00586323,93378,392059,33,3;[19275.9, 534, 0.8259099171985284, 1.7826887008931431, 965.6792413951571, 0.7468753941574504, 0.9998578737919273]
00586323,93378,392059,35,1;[19216, 660, 0.8284057607002963, 1.8587972166314592, 1023.783072560461, 0.8319929054511075, 0.99833748960931]
00586323,93378,392059,35,2;[19873.0, 576, 0.8092384055121696, 1.4457005607187148, 1488.5288653084817, 0.6193756624929642, 0.9973424109409059]
00586323,93378,392059,35,3;[23069.43, 568, 0.8553715771757577, 1.450374583711322, 465.1266144624997, 0.7328772951189352, 0.9945368100877063]
00586323,93378,392060,36,1;[19478, 626, 0.842004128980249, 1.7436944928616636, 1362.4348416126707, 0.7919233742631888, 0.9985901412422137]
00586323,93378,392060,36,2;[31789.66, 736, 0.7983140525397227, 1.6660877166411816, 1614.7201984290796, 0.5898151863125406, 0.9924029942233037]
00586323,93378,392060,36,3;[21204.86, 550, 0.8008769921030289, 1.4174215931640852, 883.9919785434732, 0.6464108830366116, 0.9778255101396172]
00586323,93378,392060,37,1;[19787, 640, 0.8379431813582605, 2.069510518338153, 959.5942097420634, 0.8486572388978438, 1.000455051066842]
00586323,93378,392060,37,2;[20625.079999999998, 618, 0.8319782624825669, 1.750118908904486, 1642.6041954925436, 0.6351383990999324, 0.9983295893093715]
00586323,93378,392060,37,3;[19375.91, 530, 0.8201817522241787, 1.7697884170488807, 821.0949484060983, 0.7489381062950673, 0.9978832992309321]
00586323,93378,392061,32,2;[20532.26, 628, 0.7794686783666455, 1.2639782992264326, 1700.1707710120156, 0.6608907932067443, 0.9954422200426931]
00586323,93384,392076,270,1;[20754, 636, 0.8339930032001314, 2.6435199736761024, 1426.9238786114367, 0.8475617321886287, 0.9988689688364818]
00586323,93384,392076,270,3;[31538.770000000004, 680, 0.8375796122960182, 1.62743474183013, 418.29699992492647, 0.5977878840803262, 0.9974652830433934]
00586323,93384,392076,271,2;[31659.949999999997, 730, 0.8282087286071556, 1.3382906633553244, 797.3694953257302, 0.6195898578584699, 0.9916693068937883]
00586323,93384,392081,267,1;[20673, 622, 0.7779430260063429, 1.120747759083096, 1190.3133826648627, 0.6576528243264262, 1.0042749574933203]
00586323,93384,392081,267,2;[19976.53, 608, 0.8218440210511607, 1.6900506337599612, 1793.2673211962351, 0.6106325350406079, 0.9896244768024524]
00586323,93384,392081,267,3;[19060.81, 530, 0.808954758755863, 1.6409848762072992, 847.4994011846601, 0.6201089780141744, 1.0011153085087245]
00586323,93384,392081,268,1;[21072, 636, 0.834436181809958, 2.8245949095819514, 1424.4629792474666, 0.8444228955563259, 1.0013543374438663]
00586323,93384,392081,268,2;[20254.989999999998, 582, 0.7802498654197713, 0.9917673633645271, 1262.1020352159649, 0.5774448181548372, 0.9986505515137292]
00586323,93384,392081,268,3;[19618.4, 530, 0.817166723113866, 1.4819070430478671, 706.8573308911274, 0.6335992638944626, 0.9974228599289545]
00586323,93387,392102,532,1;[20001, 672, 0.8672204966575774, 1.5178271888356318, 1237.157340919344, 0.7056080640452465, 0.9978298286312953]
00586323,93387,392102,532,2;[27264.09, 664, 0.8016047303413764, 1.2594371540305074, 1533.9695797403738, 0.576106532197531, 0.9970841674645313]
00586323,93387,392102,532,3;[28694.65, 638, 0.8175229491923753, 1.8899319970713993, 816.2062424138913, 0.6684058742822623, 0.9954611344787434]
00586323,93387,392102,533,1;[27783, 730, 0.8413301800615285, 1.330636568601077, 1414.192168406595, 0.6750992702257528, 1.00001799694052]
00586323,93387,392102,533,2;[20985.649999999998, 590, 0.7958239701922273, 1.4747939932481196, 2142.596807108871, 0.6130137762488496, 0.9939691128395897]
00586323,93387,392102,533,3;[31311.350000000002, 676, 0.8326215963704667, 1.6102269925341368, 449.25399651768697, 0.5711547152878164, 0.9971858024826021]
00586323,93387,392105,534,1;[22288, 650, 0.8127779064547215, 1.5418114423922133, 1504.594579414263, 0.7494093646280908, 0.9985663082437276]
00586323,93387,392105,534,2;[22308.93, 600, 0.7777539646410833, 1.3417932952331793, 2506.1554818295467, 0.6087342461328403, 0.9961211477151966]
00586323,93387,392105,534,3;[31140.100000000002, 670, 0.8346735451840821, 1.453132880615593, 369.88985387760556, 0.667716714182029, 0.9997800747745766]
00586323,93389,392114,726,1;[23787, 664, 0.7895889551492653, 1.3788594312434146, 1556.4969606499765, 0.6869627077710045, 1.003734413570479]
00586323,93389,392114,726,2;[26858.3, 662, 0.7908382231265035, 1.1904682643534314, 1447.5395753085536, 0.6095991170998702, 0.9946894074612723]
00586323,93389,392114,726,3;[24987.43, 588, 0.813345979795802, 1.6149571870701085, 776.4613271514456, 0.6823948021007579, 0.9969663013473995]
00586323,93390,392123,795,1;[20637, 622, 0.7918142264169424, 1.0990206601493333, 1006.43751791816, 0.655747919831345, 1.0036719110959804]
00586323,93390,392123,795,2;[19565.98, 584, 0.7834386747927556, 1.3404530056352952, 1586.718236180113, 0.6102688606289935, 0.9931742675928722]
00586323,93390,392123,795,3;[31941.550000000003, 684, 0.8359177134875924, 1.6417561771184759, 413.49701897373296, 0.6224800743421633, 0.9952829181874453]
00586323,93391,392131,864,1;[19791, 620, 0.8314878451823103, 1.0969344363731228, 1009.7581822292985, 0.6718902212678766, 1.000606704080085]
00586323,93391,392131,864,2;[19632.62, 586, 0.7995549847022575, 1.3908986639079315, 1668.338441001535, 0.6120874509046969, 0.9956247548354002]
00586323,93391,392131,864,3;[30946.930000000004, 668, 0.8284937855087844, 1.6823894588318045, 438.9148294050449, 0.5181170098456853, 1.0002435406380765]
00586323,93392,392138,939,1;[22998, 658, 0.871093701201714, 1.4309301536798202, 975.488192317509, 0.703063742044291, 1.0015459989112683]
00586323,93392,392138,939,2;[31674.23, 734, 0.8051763839349786, 1.5024756478860333, 1095.7977494317142, 0.59774822261694, 0.9961824918597253]
00586323,93392,392138,939,3;[20640.420000000002, 540, 0.8147246686981365, 1.8415345861857946, 1208.9169647208028, 0.7449608153875207, 0.9982441610071228]
00023698,93080,390528,134,1;[36900, 898, 0.9978155479327312, 1.0259673944738459, 89.73238912855744, 0.9929930238391793, 0.9837638966648005]
00023698,93080,390528,134,2;[39364.009999999995, 820, 1.0504391901326098, 1.022399976459444, 131.86334323534342, 0.9822628171354302, 1.0140555785472325]
00023698,93080,390528,134,3;[55474.04, 910, 1.2348669144335471, 0.954528904486548, 84.48481776732575, 0.9923977465338607, 26994.666666666668]
00023698,93244,391403,53,2;[43991.92, 860, 1.0139415938895173, 1.0212939734954087, 88.72411398565121, 0.9915332214735743, 9999]
00023698,93244,391403,54,1;[45368, 944, 1.0138822074695624, 0.9740646097252217, 57.91967425793741, 0.993886083647604, 1.000099198694986]
00023698,93244,391403,55,3;[38692.91, 766, 1.0128055678324268, 1.0020142613457823, 123.04365198080062, 0.9864740144323954, 0.9985680697226298]
00023892,93026,390259,210,1;[115384, 1676, 0.9705763288702812, 0.9705763288702812, 27.44450635858385, 0.9967809945790217, 0.9971869206936336]
00023892,93026,390259,211,2;[117053.15999999999, 1570, 1.0149650236071255, 0.9746772383627069, 32.01824097753799, 0.9959190027831599, 0.996711876257112]
00023892,93026,390259,211,3;[116700.71, 1438, 1.0186254340279237, 0.9437976061425024, 56.93241554978748, 0.9908537816795847, 9999]
00023892,93026,390259,212,1;[115337, 1664, 0.9804131521278897, 0.9889032468085639, 29.32303153461915, 0.9964262448288627, 0.9924920079683675]
00023892,93026,390259,212,2;[117691.0, 1554, 1.014747909288223, 0.9808503008994244, 33.38817836122004, 0.9959185983378324, 9999]
00023892,93026,390259,212,3;[114356.64000000001, 1394, 1.0039062202291396, 0.9507977939312924, 37.10296143051946, 0.9936297065684685, 9999]
00023892,93026,390259,214,1;[120043, 1634, 1.0032661182443197, 0.9887838124952426, 22.927187669422857, 0.9969424029558446, 0.9982495311986761]
00023892,93026,390259,215,3;[114305.95000000001, 1398, 1.010278510246198, 0.9543713578041263, 39.13504025500448, 0.9933049493998183, 9999]
00023892,93026,390259,216,2;[116758.04, 1568, 1.0123332269148082, 0.98091887278259, 29.98789604125521, 0.996023856518871, 0.9963240520725442]
00023892,93049,390350,751,2;[112488.31999999999, 1480, 0.9848740726439702, 0.9929826624223882, 26.49613653842162, 0.9961483784872827, 9999]
00023892,93049,390350,752,3;[118309.09000000001, 1532, 1.0130833231157215, 0.9721992345752148, 59.29260583943325, 0.9911236827270111, 9999]
00023892,93049,390350,753,1;[115862, 1658, 0.9829469492684024, 0.9978529551266063, 24.60371064380052, 0.9960469422803894, 0.9909383646292598]
00023892,93049,390350,756,2;[116076.17, 1538, 1.0085478725212538, 0.9927081192712227, 43.37188848757056, 0.9943862237694245, 9999]
00023892,93049,390350,756,3;[117833.70000000001, 1382, 1.047327962051423, 0.9430491915437306, 103.28006889242694, 0.9876476852572468, 0.9989779088945155]
00023892,93049,390350,757,1;[119330, 1636, 1.0075125795868425, 0.9942916148693116, 29.0029681718026, 0.9953227996444487, 9999]
00023892,93049,390350,758,3;[117121.3, 1400, 1.030931342867741, 0.9719735434960686, 74.73251000866165, 0.9910807744684849, 9999]
00023892,93049,390350,760,1;[119412, 1684, 1.0004737661313214, 0.9880028410604836, 28.934950571560975, 0.9954903479060804, 0.999870214146658]
00023892,93049,390350,760,2;[117228.09, 1564, 1.0405712513178689, 0.9825036010815462, 94.58212834702178, 0.9879751501300211, 0.9954779023530066]
00023892,93049,390350,761,1;[115473, 1576, 0.991677529821298, 0.9926776955103828, 36.86362273631874, 0.9942467519164607, 1.0014917476864902]
00023892,93049,390350,763,2;[118247.92, 1546, 1.0345050869305332, 0.994516715150005, 59.95186314319832, 0.9908730469999921, 9999]
00023892,93049,390350,763,3;[118310.46, 1494, 1.0361395917367435, 0.9712337522244107, 108.28824339469637, 0.9843328979744623, 0.9939059128182995]
00023892,93049,390350,766,1;[116227, 1652, 0.9751026370807013, 0.9892795240401203, 27.456611617824382, 0.9965442441576506, 0.9924685549359998]
00023892,93049,390350,767,3;[117711.77, 1466, 1.0214023858039325, 0.9691685127209577, 43.76655418360943, 0.9929606828812833, 10740.125]
00023892,93049,390350,769,2;[117706.47, 1490, 1.0202549609913965, 0.9997484379105231, 29.963769686372082, 0.995278891855519, 9999]
00023892,93049,390350,770,1;[117114, 1588, 1.0024585818836231, 0.9928265580916606, 32.869004539460455, 0.9955113006843905, 9999]
00023892,93049,390350,770,3;[118395.40000000001, 1410, 1.0424963099943128, 0.9275135170288007, 78.28360049762023, 0.9922517167138535, 9999]
00023892,93049,390350,773,2;[114238.81, 1522, 1.0044227657496143, 0.986742260703326, 36.17136856988099, 0.9948063335800724, 9999]
00023892,93099,390646,1221,2;[114072.20999999999, 1486, 1.0090858747803573, 0.9867088647928606, 38.53013999163804, 0.9934468550222741, 9999]
00023892,93099,390646,1222,1;[115757, 1704, 0.9986716907804245, 0.9931340390066832, 35.39650912607604, 0.9961712619634862, 0.989105543782897]
00023892,93099,390646,1222,3;[117585.73000000001, 1392, 1.1323117391248805, 0.9651113997953958, 50.31573890807299, 0.9940088735414381, 9999]
00023892,93103,390673,1487,1;[118131, 1640, 0.9941992381714719, 0.9832364950716539, 24.18140079113889, 0.9967673469878491, 0.9975637458357788]
00023892,93103,390673,1488,3;[117951.52, 1364, 1.034720293021279, 0.9614925636421753, 96.22023479779668, 0.98528403584093, 0.9961010262284081]
00023892,93103,390673,1489,2;[116541.45999999999, 1546, 1.014966414714585, 0.992022459678374, 40.09946663942671, 0.9947342202306876, 0.9929282227280332]
00023892,93103,390673,1491,2;[120403.01, 1514, 1.0503891899546012, 0.9843946252209498, 113.66690920960296, 0.984839104179109, 9999]
00023892,93103,390673,1492,1;[114627, 1678, 0.9987680845865211, 0.9924709850319351, 45.564953524898826, 0.9946129103177113, 0.9927122981592382]
00023892,93103,390673,1492,3;[112581.12000000001, 1362, 1.004285977747245, 0.9649001229124898, 31.23126453415144, 0.9956981357234577, 9999]
00023892,93103,390673,1495,2;[114817.15, 1510, 0.9930315460441014, 0.9870770259924616, 31.546042712339776, 0.9947702350629656, 9999]
00023892,93103,390673,1497,3;[113548.34000000001, 1404, 1.0054351093309934, 0.960491452600365, 28.91913419738997, 0.9948299282430487, 9999]
00023892,93103,390673,1498,1;[116314, 1654, 0.989772517025471, 0.9913499174139772, 25.89202116124958, 0.9956881817830718, 0.9948765321221763]
00023892,93103,390673,1499,1;[115761, 1706, 0.9962542217613665, 0.9812057965453727, 38.26655464467754, 0.9959036968410945, 0.9896936302274583]
00023892,93103,390673,1499,3;[117251.45000000001, 1500, 1.0242496834682837, 0.9748615169204323, 53.78139989410666, 0.9908513476631625, 34234.0]
00023892,93103,390673,1500,2;[113904.42, 1520, 1.0033341804562999, 0.9866325509813356, 31.931454020851525, 0.9944117262205622, 0.9918501209788144]
00023892,93122,390798,1587,3;[117843.29000000001, 1442, 1.0406381091708652, 0.97290517790024, 111.87571133625764, 0.982512094931687, 0.9956477955389904]
00023892,93122,390798,1589,1;[115972, 1698, 0.9778822539189395, 0.9908134710763481, 20.37117655163161, 0.9968449509462828, 0.9941706957446079]
00023892,93122,390798,1589,2;[117505.36, 1504, 1.0292453359150497, 0.9978651105229204, 41.27597117489877, 0.9945531923571351, 9999]
00023892,93122,390798,1590,1;[114476, 1708, 0.9714008354292216, 0.9792266459744134, 31.895664856885332, 0.9963746613606888, 0.9873600048300221]
00023892,93122,390798,1590,2;[115546.62, 1446, 1.0044099548766843, 0.9937778684089924, 34.96544073137213, 0.9941037791054449, 9999]
00023892,93122,390798,1592,3;[117977.55, 1424, 1.0384956777881869, 0.9582881772027657, 51.69301507743181, 0.993571167624946, 172230.0]
00023892,93139,390920,17,2;[116130.90999999999, 1510, 0.9981631323817355, 0.9808162066148503, 32.268889709424414, 0.993887002655094, 0.9946034641785189]
00023892,93139,390920,17,3;[117082.94, 1368, 1.01704474354301, 0.9629625559037094, 53.25214145749839, 0.9925764721536028, 9999]
00023892,93139,390920,18,1;[114291, 1656, 0.9814575364939319, 0.9959018721886728, 30.733984173391054, 0.9957475714305857, 0.9944271152817112]
00023892,93139,390920,19,1;[117141, 1708, 1.0011284673044343, 0.9784178992053928, 59.47460187917027, 0.9921109682880714, 0.9933264364697103]
00023892,93139,390920,20,3;[118051.53000000001, 1470, 1.0213625513322462, 0.9716452290970454, 85.44257796364806, 0.9849400431888099, 9999]
00023892,93139,390920,21,2;[115941.7, 1478, 1.0067750976010585, 0.9966286729292532, 25.270836994108723, 0.9955051948918705, 1.001742742428838]
00023892,93166,391047,301,1;[119197, 1602, 0.9934559797032223, 0.9948353663934025, 20.712104405988043, 0.9968702647084702, 0.9987055043296481]
00023892,93166,391047,301,2;[116151.14, 1540, 1.0002683910551358, 0.9928704150270152, 33.4848806094114, 0.9948215854848882, 9999]
00023892,93166,391047,303,3;[118637.89000000001, 1398, 1.0223579081250327, 0.9703534494557088, 42.23273852076505, 0.9934911546531924, 9999]
00023892,93166,391047,304,1;[117753, 1622, 0.9772164352433422, 0.9958620833402838, 25.766315361363983, 0.9967860458868003, 0.9972686967237064]
00023892,93166,391047,305,2;[117093.62, 1536, 1.002178459818774, 0.997850638667676, 24.4138911119299, 0.9964615269265222, 1.000127051242307]
00023892,93166,391047,305,3;[119032.45000000001, 1370, 1.0183846266174685, 0.9748323649170428, 37.875699129217296, 0.9947455224370897, 2199.6202531645567]
00023892,93166,391047,307,2;[115370.5, 1528, 1.0058060097422366, 0.9895282762600829, 39.93207841576104, 0.9944151817445519, 9999]
00023892,93166,391047,308,1;[115460, 1682, 0.9960968642594321, 0.9954651582763876, 40.582903883813906, 0.9951983391381567, 0.9932470213772635]
00023892,93166,391047,308,3;[118877.64000000001, 1454, 1.017150500848034, 0.9733966928934351, 36.44529966828555, 0.9937569319287601, 1324.7633587786258]
00023892,93166,391047,309,1;[119716, 1620, 1.0322619672169577, 0.9876387315526259, 46.38197855060344, 0.9944067144527013, 0.999419796219075]
00023892,93166,391047,309,2;[115416.90999999999, 1496, 1.0140101989435855, 0.9782871975660953, 49.76970517264166, 0.9923215994050387, 9999]
00023892,93166,391047,310,3;[117396.67000000001, 1446, 1.0322636927019022, 0.9549682020607355, 42.6314536599798, 0.9954496600959517, 9999]
00023892,93166,391047,312,2;[119097.58, 1476, 1.0286965797742729, 0.9766518066581236, 64.13464440773701, 0.9901136968339167, 100082.0]
00023892,93166,391047,313,1;[120302, 1688, 1.021004314514589, 0.9866737636844082, 42.55555215394716, 0.9931729686905908, 0.9957002685780263]
00023892,93166,391047,313,3;[119017.38, 1408, 1.0256435421473993, 0.9687818342517958, 44.27779058241403, 0.9929874755115312, 24821.14285714286]
00023892,93166,391047,315,1;[117580, 1706, 0.9911475015587408, 0.9998940038735258, 31.46718806602632, 0.9964770636421072, 0.9924037812288994]
00023892,93166,391047,315,2;[119473.62, 1562, 1.0290292751963206, 0.976969826578464, 59.39391504055549, 0.9910613417632356, 9999]
00023892,93166,391047,315,3;[120414.78000000001, 1524, 1.0420803432332637, 0.9716719340706381, 114.80932319891738, 0.9838297153742086, 0.9968696835658387]
00023892,93265,391506,609,1;[120450, 1668, 1.0130823848066772, 0.9934285035407959, 28.081715577593773, 0.9950777124707098, 9999]
00023892,93265,391506,609,3;[119976.38, 1438, 1.0627480642574758, 0.9590433977019611, 126.38952663022229, 0.9846962103710577, 0.99012968218255]
00023892,93265,391506,610,2;[119833.0, 1508, 1.0279624297293433, 0.9939602657133225, 34.05485042585448, 0.9943307197997148, 0.9989534301203803]
00023892,93265,391506,611,3;[119896.92000000001, 1368, 1.0267371543472592, 0.9680652141772095, 60.138477372720004, 0.9910185054986551, 175032.0]
00023892,93265,391506,612,2;[116885.37, 1548, 1.0145783774572443, 0.9803564738122116, 29.62078944142632, 0.9948200399301197, 9999]
00023892,93265,391506,613,1;[114481, 1610, 0.9955593575803238, 0.9902087238335712, 36.759064237107594, 0.9944111491071127, 0.9902515396858349]
00023892,93329,391882,87,1;[118271, 1616, 1.0194271800477344, 0.9951980347867928, 37.73351695185407, 0.9949972892828642, 0.9989948475377988]
00023892,93329,391882,87,2;[111247.15, 1430, 0.9892958805203751, 0.987969527216751, 25.62743346510477, 0.9960790202361292, 9999]
00023892,93329,391882,87,3;[115923.92000000001, 1414, 1.0215942370198658, 0.9563196493174627, 47.010858776237484, 0.9953242287886229, 9999]
00023892,93329,391882,89,1;[114628, 1672, 0.9914825066265023, 0.992449732020601, 46.0862142629913, 0.9941192467786226, 0.9939475920434248]
00023892,93329,391882,89,3;[114667.63, 1414, 1.0167941706478845, 0.9529070402788227, 69.36194070195396, 0.9896615259912896, 0.9922821576763485]
00023892,93329,391882,90,2;[116098.78, 1540, 1.024478526931865, 0.9929498654533664, 58.7047229351499, 0.9922725834272821, 9999]
00023892,93329,391882,92,2;[114627.93999999999, 1522, 1.0073552101636527, 0.9847883422105579, 36.85985021329225, 0.9940911230252352, 0.9904477918873066]
00023892,93329,391882,92,3;[114493.64000000001, 1356, 1.0098884038015559, 0.9575393429604518, 53.70771228318953, 0.9928164272628103, 9999]
00023892,93329,391882,93,1;[115389, 1646, 0.9791536811644996, 0.9912072497007227, 30.555962129969355, 0.9961549890584726, 0.995354855405318]
00023892,93329,391882,94,1;[116973, 1592, 0.994606233216065, 0.9965614043713638, 34.71012332712566, 0.9946580766084038, 0.9999615310636661]
00023892,93329,391882,94,2;[112866.73999999999, 1496, 1.003006582190011, 0.9923183925625743, 26.138494257660792, 0.99570058885804, 9999]
00023892,93329,391882,94,3;[114433.36000000002, 1410, 1.0214616209838423, 0.9517095185099957, 73.57692311392724, 0.9894936176987641, 0.990536726513768]
00023892,93329,391882,96,1;[115407, 1632, 0.9872182726007631, 0.9927104473525977, 23.989429741072772, 0.9960868400620199, 0.996795591563164]
00023892,93329,391882,96,2;[113005.97, 1516, 0.9882006017804126, 0.9825266807640969, 27.477798069064683, 0.9957344812378607, 0.9942780561096016]
00023892,93329,391882,96,3;[117169.25000000001, 1434, 1.0569068397282255, 0.9348208440309685, 110.45560734956277, 0.9883416942725053, 9999]
00023892,93329,391882,99,1;[118266, 1608, 1.0340711010663866, 0.9901960891665134, 40.350390802242764, 0.9941750124012475, 0.995743928467688]
00023892,93329,391882,99,2;[114010.33, 1524, 1.0088953795511193, 0.9873587254334197, 27.375748128469997, 0.9954495918170748, 9999]
00023892,93329,391882,99,3;[113752.47000000002, 1336, 1.0058340005280906, 0.9771892906538502, 25.640739364499375, 0.99607581804577, 9999]
00023892,93377,392048,3,3;[118466.64000000001, 1406, 1.047556527781869, 0.9626297559970822, 107.28162349534367, 0.988306503325163, 9999]
00023892,93377,392048,4,1;[118492, 1724, 0.9863208326474601, 0.9986424630954116, 19.764201178268063, 0.9967779664001932, 0.982353745839223]
00023892,93377,392048,4,2;[116322.5, 1540, 1.0024661578187861, 0.9812524545754474, 28.71243987076844, 0.9953319054134065, 9999]
00023892,93377,392048,5,1;[112681, 1604, 0.9750116024793062, 0.9728192778387952, 30.87669786078407, 0.9962903174522396, 0.9869450782375636]
00023892,93377,392048,5,2;[117476.79999999999, 1468, 1.0128946844061226, 0.9826118107683158, 31.69563920609115, 0.9953051589361018, 9999]
00023892,93377,392048,5,3;[119291.38, 1442, 1.0494193382007337, 0.9224995551443748, 90.97954973781846, 0.9914184377585706, 9999]
00023892,93377,392048,8,2;[114999.22, 1520, 1.0070723933409482, 0.9772014446917673, 55.95936210100426, 0.9911467610708359, 1.0000983146794165]
00023892,93377,392048,8,3;[115359.48000000001, 1394, 1.0261842013140077, 0.9530082855170431, 74.80732270330151, 0.9887307322964278, 9999]
00023892,93377,392048,9,1;[115825, 1638, 0.9752674514762388, 0.977930434245964, 26.59457846165895, 0.9966290836236483, 0.9829547624402228]
00232831,93048,390346,740,1;[60347, 1074, 1.0041203919890753, 0.9799737843213558, 68.8031668473261, 0.9893269121354705, 1.0045276737411568]
00232831,93048,390346,740,2;[26282.34, 714, 1.0320528336306802, 1.014372897938292, 140.43680277580415, 0.9847081607347733, 9999]
00232831,93048,390346,740,3;[48303.46000000001, 810, 1.1451752258466206, 0.9524738607388366, 111.29907984614162, 0.9886044851043795, 1.0053033759124088]
00232831,93048,390346,741,1;[58549, 1054, 1.0054455670794802, 0.9721401613657598, 71.84338526471858, 0.9899833681219329, 1.006091640962634]
00232831,93048,390346,741,2;[26754.77, 714, 1.0341519316231074, 1.0048081338552852, 159.3327943069655, 0.9804418482813829, 1.0053435285174503]
00232831,93048,390346,741,3;[59377.170000000006, 910, 1.009236585552549, 0.9801747544230137, 119.60868056295885, 0.9820228240271109, 1.0022546741128724]
00232831,93048,390346,742,1;[60220, 1068, 1.0074655194483435, 0.9772295374079115, 65.41557014703079, 0.9913233628504808, 1.006005629755849]
00232831,93048,390346,742,2;[36023.68, 754, 1.1820072772154882, 0.975194568199687, 145.89823339616314, 0.9858882366313425, 1.007957912962408]
00232831,93048,390346,742,3;[30371.530000000002, 664, 1.0089733402220478, 0.9955065153366602, 110.20559259267367, 0.9896436106369197, 1.003848940409346]
00232831,93147,390953,359,1;[28614, 804, 1.0032679635817676, 0.9797642027110547, 76.11960080236409, 0.9935266967839056, 1.0029442691903259]
00232831,93147,390953,359,2;[32495.329999999998, 730, 1.0010910926167107, 1.0181539503852286, 138.38844875947652, 0.9872961394964037, 1.0066911209009972]
00232831,93147,390953,359,3;[44651.04, 780, 1.1265940771710539, 0.9490983104198878, 135.99181647196534, 0.9850378115291741, 1.0061277725469615]
00232831,93165,391039,287,1;[39866, 864, 1.0298398293658304, 0.9959000629021967, 86.7554628668432, 0.992586344484783, 0.9994735126733021]
00232831,93165,391039,287,2;[58477.79, 974, 1.0269415973797502, 0.9712203717647845, 110.17502078317794, 0.9861528678999373, 1.0036866453569715]
00232831,93165,391039,287,3;[47685.590000000004, 804, 1.0360607644632402, 0.94115180619928, 106.98442230112188, 0.9887037694940279, 9999]
00232831,93165,391039,289,1;[28699, 810, 1.00818441333912, 0.9786705332760606, 77.15163995602295, 0.9933617731220881, 0.9997039101280153]
00232831,93165,391039,289,2;[29376.34, 706, 1.0029025862775742, 1.0184988224387705, 115.10771404046059, 0.9898791421656763, 1.0058060178866095]
00232831,93165,391039,289,3;[29242.65, 658, 1.0054347153086407, 1.016919426240819, 136.91117619523283, 0.9875221844265234, 1.0027482207032625]
00232831,93165,391039,290,1;[29374, 836, 1.0333035036256313, 0.9688302861139513, 84.38927192001452, 0.9925713888783438, 1.00454840805718]
00232831,93165,391039,290,2;[48306.86, 868, 1.1486846561401474, 0.9733066559966124, 138.39645165229948, 0.9857525522417887, 1.0036095727848102]
00232831,93165,391039,290,3;[28849.460000000003, 652, 1.0052699092288533, 1.0203944978101065, 115.91342784668967, 0.98962519814608, 1.003669987131214]
00232831,93328,391868,72,1;[53913, 1002, 1.0197885864858176, 0.9823802569413564, 73.40299224254385, 0.9925419384832258, 1.0061398925052254]
00232831,93328,391868,72,2;[30416.399999999998, 710, 1.0438726826922544, 0.9772929921499058, 127.79972348039183, 0.989214036519754, 9999]
00232831,93328,391868,72,3;[54501.340000000004, 870, 1.009712309967718, 1.0058363780854904, 98.19940865914353, 0.988407161462243, 9999]
00232831,93328,391868,73,1;[53548, 998, 1.0189524065939604, 0.9797690597906243, 70.54455465725476, 0.9923345736926806, 1.0058606957697798]
00232831,93328,391868,73,2;[32314.449999999997, 730, 1.0032959324346369, 1.0173005886922057, 119.24168662801405, 0.9887060503406242, 1.0007739367583106]
00232831,93328,391868,73,3;[56224.8, 882, 1.0097929346542687, 1.0019868142286004, 108.93376190051036, 0.985441320762081, 9999]
00232831,93328,391868,74,1;[58872, 1058, 1.0073440151434425, 0.9871881459772484, 66.68563326524257, 0.9914655171775439, 1.0050875815208113]
00232831,93328,391868,74,2;[56247.729999999996, 944, 1.126253123694444, 0.9646773931279856, 122.14461848641795, 0.984343955618227, 1.0040039508480516]
00232831,93328,391868,74,3;[54302.69, 864, 1.013030303116915, 1.0093036032740614, 115.46933163720168, 0.98485697905831, 9999]
00441627,93067,390432,65,1;[15714, 638, 1.1674466010813829, 0.7561046669035688, 346.9259901289501, 0.8894003153109493, 9999]
00441627,93067,390432,65,2;[22807.539999999997, 598, 1.2492295671770943, 0.6873563737289509, 725.4471444585623, 0.802947111159498, 1.0071201492341242]
00441627,93067,390432,65,3;[24192.83, 574, 1.2862026293244972, 0.627518252358114, 919.6946239846145, 0.7491276827770813, 1.0014461110953583]
00441627,93067,390432,68,1;[27245, 722, 1.194274443727004, 0.7854497065170992, 253.61920328175842, 0.8218047238321838, 1.0026127916390668]
00441627,93067,390432,68,2;[19893.23, 552, 1.2279508009012952, 0.691695128853225, 746.0960470034152, 0.8021470782719747, 1.0057455704960443]
00441627,93067,390432,68,3;[24559.99, 578, 1.249334502503404, 0.6992193052806123, 637.1037281747384, 0.7989884203727122, 1.005468465184105]
00441627,93264,391493,588,1;[22012, 638, 1.1902319115508202, 0.7554629722602274, 311.47135337826666, 0.9024941265452469, 1.0028702902182332]
00441627,93264,391493,588,2;[11046.769999999999, 442, 1.2688507520906305, 0.568624318149486, 1073.9919204139494, 0.8389947737193553, 1.0008085817476147]
00441627,93264,391493,589,3;[20825.370000000003, 572, 0.8375946561742645, 0.9479367480249553, 377.22639973804326, 0.9546848765054015, 9999]
00441627,93264,391493,590,1;[26199, 702, 1.1968991048328994, 0.7830631210680268, 238.2215595066502, 0.8440536702093943, 1.002813343285296]
00441627,93264,391493,590,2;[23864.26, 612, 1.256414906920121, 0.7114798013705466, 659.404770109903, 0.8013166476486309, 1.006474278544542]
00441627,93264,391493,590,3;[22539.24, 548, 1.240577208802182, 0.6790604020814679, 731.5496162779987, 0.816163010966084, 1.007594316511514]
00441627,93264,391493,592,2;[20644.12, 564, 1.2765752460824928, 0.6418410166332688, 751.8929663106045, 0.8103749676560578, 1.006877738762007]
00441627,93264,391493,593,1;[26302, 710, 1.1869223694738409, 0.7556416865111578, 217.07387056715302, 0.8227076205914147, 1.0046216722050343]
00441627,93264,391493,593,3;[22637.88, 554, 1.2541221880604563, 0.6647905524711956, 803.3539340885751, 0.8014692819644617, 1.0067936024371669]
00441627,93264,391493,595,1;[21004, 622, 1.2261234030861412, 0.7310576484003581, 472.6180818493479, 0.823122619580244, 1.003343842552785]
00441627,93264,391493,595,2;[11633.439999999999, 446, 1.2632936905524654, 0.5825693369903253, 1041.3494470749433, 0.8378206056193052, 1.0045727791193546]
00441627,93264,391493,595,3;[17955.22, 490, 1.2818439755307773, 0.6146253616547164, 1003.9752625110541, 0.7923147851360215, 1.0054083080817766]
00441627,93264,391493,597,1;[21659, 634, 1.2205437772438723, 0.7396867577857835, 496.35626253240565, 0.8234554444576889, 1.0013407304669442]
00441627,93264,391493,597,2;[11781.0, 446, 1.2526755049413298, 0.5930250479058373, 1001.3408967567739, 0.8377018170298075, 1.0046681550639334]
00441627,93264,391493,597,3;[25829.980000000003, 598, 1.304461947657784, 0.6171348046256954, 891.4483809446956, 0.7008563082716605, 1.0046090315705343]
00441627,93264,391493,599,2;[11305.0, 440, 1.281290154903554, 0.5989384629154292, 1112.9236219185766, 0.8319700501072221, 1.0061427663630587]
00441627,93264,391493,599,3;[26054.660000000003, 596, 1.2972739183958333, 0.627373736650462, 911.3357686232492, 0.6873495394212334, 1.006776071995765]
00441627,93264,391493,600,1;[11917, 530, 1.233004992998604, 0.5924407163077953, 594.2305042806784, 0.866906872461912, 1.0063758814339399]
00441627,93384,392076,320,1;[27232, 722, 1.19797231594017, 0.7724418266403039, 293.18423867124017, 0.8440864423516885, 0.9968336475282318]
00441627,93384,392076,320,2;[26190.71, 644, 1.2443350406743297, 0.7063992727186719, 541.4603397300541, 0.7930715835509385, 1.0072077431755257]
00441627,93384,392076,320,3;[12539.61, 542, 1.257142710942477, 0.6054314665806244, 1137.5345461779932, 0.8236665273880546, 9999]
00441627,93384,392076,322,1;[27294, 720, 1.1898894599562893, 0.7924356124797725, 233.60026559868265, 0.8387704855837407, 0.9927617939111774]
00441627,93384,392076,322,2;[11972.59, 504, 1.2654479295693073, 0.604850949580783, 1069.9444021593242, 0.8422020448077775, 0.8745653685674548]
00441627,93384,392076,322,3;[26950.640000000003, 610, 1.2694555761257222, 0.6575541292758709, 733.2024652984303, 0.7600948869274285, 1.0021651086375098]
