02326795,93026,390254,220,2;[16888.48, 550, 0.9625379890937048, 0.9777174825792103, 215.53735420962323, 0.9556144001266318, 0.9632143341930229]
02326795,93026,390254,221,3;[13841.11, 442, 0.9204816441112446, 0.9819275401302693, 167.28330995161215, 0.9442964513883318, 1.0012884043607533]
02326795,93026,390254,222,1;[13788, 512, 0.9744059289009674, 0.9553150786487162, 116.20619843745133, 0.9870696414806291, 1.0012344782513978]
02326795,93026,390259,223,1;[12832, 498, 0.9687563209602023, 0.97594466923389, 67.6394693384115, 0.992586366650995, 0.9962732919254659]
02326795,93026,390259,223,3;[8659.77, 364, 0.8966653366048635, 0.9604567378074705, 279.73812257120494, 0.9481674468796741, 1.0098250658998322]
02326795,93026,390259,224,2;[17245.48, 536, 0.949031212747368, 0.9823264761987213, 163.31932088306712, 0.9732598573634598, 9999]
02326795,93027,390262,300,1;[16882, 574, 0.9443599086029176, 0.9795211366680492, 67.68760423039372, 0.9891534476057456, 9999]
02326795,93027,390262,300,3;[12767.03, 428, 0.8892684851314999, 0.9678579598154274, 206.9511091114133, 0.9519556520745157, 1.0014507549298801]
02326795,93027,390262,301,2;[10219.72, 438, 0.9450083204520453, 0.9953936647091357, 242.43583197176247, 0.9713907057180186, 1.003271028037383]
02326795,93062,390399,788,2;[16908.71, 538, 0.9603247052118025, 0.9840613961566268, 194.50163904081666, 0.9609328878767874, 0.9723201149621925]
02326795,93062,390399,789,1;[10283, 456, 0.9728593960233243, 0.9820183233075557, 100.24989356875109, 0.9911457517957848, 1.005918317437026]
02326795,93062,390399,789,3;[7792.56, 346, 0.8904515654753059, 1.0172676259855091, 173.69942943630898, 0.9663459822752853, 1.0087789305666401]
02326795,93062,390402,786,2;[16601.69, 526, 0.9527016315614336, 0.983662616128241, 241.79819565100416, 0.957884409086149, 9999]
02326795,93062,390402,786,3;[16175.590000000002, 474, 0.9108745315598069, 0.9745970780617688, 120.4540997548664, 0.9472681098991627, 0.9975077092045791]
02326795,93062,390402,787,1;[9003, 474, 0.8116055355443619, 1.0228333085789958, 157.78552425243285, 0.9847233910699326, 0.9990013315579228]
02326795,93064,390415,936,2;[16617.16, 538, 0.9342385924927807, 0.990463717604005, 234.16839048586993, 0.9583145514388793, 0.9586050662456237]
02326795,93064,390415,937,1;[17253, 570, 0.9717116384943193, 0.9917721164065569, 77.74471913996206, 0.9874585444022111, 1.0043952845291806]
02326795,93064,390415,938,3;[9662.61, 360, 0.9314287410242142, 1.1599269121663376, 140.08104258511636, 0.9763002052938291, 1.0062058634710036]
02326795,93065,390424,1,1;[17726, 590, 0.9680678273732963, 0.9816147298341275, 79.31442083156684, 0.9860272289246844, 0.991137577231681]
02326795,93065,390424,2,3;[9780.43, 390, 0.8949061139835894, 0.9823746251338167, 209.42746809912444, 0.950045225841298, 0.997624371157071]
02326795,93065,390424,4,2;[17264.52, 534, 0.9389645149256648, 0.9718861057426512, 157.37854710689626, 0.9740500817589961, 9999]
02326795,93068,390438,193,1;[17218, 586, 0.9677628628182704, 0.970094666318763, 83.1652337153561, 0.9834685408561712, 0.9930501485134239]
02326795,93068,390438,194,2;[16825.41, 528, 0.9606905818732564, 0.9918118547258156, 220.90346821223505, 0.9702355473879073, 1.0007077641729776]
02326795,93068,390438,195,3;[17237.34, 502, 0.8894190597762377, 0.942117826385873, 227.7690438473063, 0.919173202868396, 0.9780783582089553]
02326795,93069,390448,255,1;[17481, 586, 0.9453738096254619, 0.9620580168199403, 78.43549865983869, 0.9862135419310706, 0.9904529873367518]
02326795,93069,390448,255,2;[17137.19, 540, 0.9488421669065056, 0.977075654873327, 160.92125778952283, 0.9686660566724884, 0.9925563443379971]
02326795,93069,390448,256,3;[17448.32, 504, 0.8890677823416939, 0.9616102533288721, 224.34527208401005, 0.9352678141046096, 0.9838927729923906]
02326795,93069,390449,258,2;[13439.859999999999, 476, 0.9542322682749063, 0.979519605076747, 248.17609284363945, 0.9699326113196306, 0.987151472773359]
02326795,93069,390449,258,3;[7282.920000000001, 346, 0.9128102644907414, 0.9892782379810504, 268.25049181932974, 0.9536005120411463, 10632.0]
02326795,93069,390449,259,1;[9603, 470, 0.9860007506463813, 0.9614179652127424, 128.5890322855785, 0.9895139503948962, 0.9999479356484615]
02326795,93069,390452,260,1;[16972, 586, 0.9668995881744804, 0.9815386419366671, 81.13024646968924, 0.9820491241932908, 0.9836559638344732]
02326795,93069,390452,260,2;[13721.89, 480, 0.9850658457655371, 0.997352679797051, 279.8764742567096, 0.9711120397009019, 0.9992201039861351]
02326795,93069,390452,262,3;[16664.68, 492, 0.8926909527642002, 0.972337887766047, 230.67949190054773, 0.9365261516973811, 0.9881397238017872]
02326795,93075,390495,712,1;[9648, 452, 0.9725692092950244, 0.9869463276120467, 123.99439673483256, 0.989380837936202, 1.0075714061928882]
02326795,93075,390495,712,2;[17193.12, 540, 0.9582247920924225, 0.9756117187193625, 125.03002887834485, 0.9721256572877214, 9999]
02326795,93075,390495,713,3;[17055.13, 496, 0.8905643653498927, 0.9604349750541938, 205.20233737207747, 0.9415160101245346, 0.9837218490715133]
02326795,93075,390496,714,1;[9164, 476, 0.9598541437564799, 0.9616345017757707, 211.13522041207455, 0.9767912631880135, 1.0000545643040324]
02326795,93075,390496,714,3;[13209.54, 442, 0.9090555087488923, 0.9849864212839575, 164.56984455599948, 0.9564814322145753, 9999]
02326795,93075,390496,715,2;[16674.28, 532, 0.9596373960808229, 0.9853857968819014, 221.7464935229492, 0.9650851920212573, 0.9986814439970065]
02326795,93082,390545,336,1;[8450, 460, 0.9642053104621782, 0.9810275541578322, 111.84572951474128, 0.9884363918976372, 9999]
02326795,93082,390545,336,2;[17116.96, 536, 0.9449005870564984, 0.979537032251143, 161.70724174593235, 0.9730535120939573, 9999]
02326795,93082,390545,336,3;[7359.64, 334, 0.8953834762400023, 0.9398255893264028, 277.4564605137851, 0.9626839606350142, 1.0074074074074073]
02326795,93083,390552,402,2;[9574.74, 454, 0.9509772611397516, 0.9945747127751362, 356.31947742962296, 0.9592165983437357, 0.9959769759237482]
02326795,93083,390552,403,1;[16594, 562, 0.9541433761461129, 0.9557335277928256, 102.25163670779413, 0.9831944595964862, 1.0008745740221359]
02326795,93083,390552,403,3;[8121.360000000001, 336, 0.9162949068231169, 1.0330836223072197, 128.36219189431637, 0.9769308887313812, 1.005768578215134]
02326795,93083,390553,399,1;[17533, 578, 0.9613098833412512, 0.9580831555250174, 89.19656124445861, 0.983565388387025, 1.0017712261455833]
02326795,93083,390553,400,2;[16773.05, 544, 0.9891730236281345, 0.9963461291178946, 217.97253358485776, 0.9639697429610882, 0.9562739577326232]
02326795,93083,390553,400,3;[17149.66, 500, 0.8876664404678207, 0.9513675490309913, 224.6192386883194, 0.9158286507999558, 0.9816499372647428]
02326795,93084,390556,454,1;[14257, 520, 0.9658294916844408, 0.9631020289670428, 104.07703454680342, 0.9866969355752693, 1.003342834019494]
02326795,93084,390556,454,2;[8531.109999999999, 390, 0.9766855967632145, 1.0477426811457937, 346.37478053779876, 0.9752050049654082, 1.0011870679421828]
02326795,93084,390556,455,3;[9342.03, 378, 0.8957924688862131, 0.9656434728142403, 298.3338638664623, 0.9379247024553958, 1.0076843505246047]
02326795,93085,390567,570,1;[17369, 578, 0.9753701808301608, 0.9529331978185441, 90.32249395589744, 0.9833875456618171, 1.0013259541104578]
02326795,93085,390567,570,2;[8413.3, 398, 0.9702608783213149, 1.0109332930808237, 334.78447128056945, 0.9726961807839103, 1.0002829654782117]
02326795,93085,390567,570,3;[13667.12, 444, 0.9206107848572042, 0.9908878968551073, 184.6066045690865, 0.9350785098166666, 9999]
02326795,93085,390570,566,1;[17201, 574, 0.9731470055762705, 0.9562242986490622, 111.8577960827422, 0.9831040322241158, 1.0015721439385117]
02326795,93085,390570,567,2;[16414.86, 538, 0.9651167259043254, 0.9926128710212233, 217.23659385821898, 0.9548388884040461, 9999]
02326795,93085,390570,569,3;[16249.570000000002, 488, 0.8835627388730986, 0.9474892438552356, 234.3542235522344, 0.9304901915908033, 0.968758933311553]
02326795,93086,390572,614,1;[14616, 528, 0.9713274805547599, 0.9513393862251479, 104.02404109114825, 0.98663018456557, 1.0033293289857559]
02326795,93086,390572,614,2;[13756.4, 486, 0.9118392513184477, 0.9683586351215628, 227.66089957614653, 0.9698673342009132, 0.9770114942528736]
02326795,93086,390572,614,3;[17018.140000000003, 498, 0.8897115496932123, 0.9630593113405993, 125.96384780383325, 0.9215460819094689, 0.9774175780942639]
02326795,93091,390591,682,3;[13794.53, 438, 0.8854493760637153, 0.9529585970400104, 243.78914640179477, 0.9526635570421326, 0.9987105732989486]
02326795,93091,390591,683,1;[16157, 556, 0.9717701476968273, 0.9833929437545496, 67.23270775312145, 0.9909839480312969, 0.9967304133251079]
02326795,93091,390591,683,2;[16780.19, 532, 0.9942486860476284, 0.9999200177655211, 248.87317433716333, 0.9726619633279951, 0.9993975690137851]
02326795,93092,390593,768,1;[16275, 556, 0.9732471500253038, 0.9860120791160042, 97.32503358686503, 0.9871361735529364, 1.0011995939835747]
02326795,93092,390593,768,3;[7869.280000000001, 366, 0.8952726410872989, 0.9643181389688573, 296.124904796696, 0.9599013069278731, 0.99913028352757]
02326795,93092,390593,769,2;[11349.029999999999, 440, 0.983001629216292, 0.9965899553806107, 333.3150369336744, 0.9638606206909845, 1.002680965147453]
02326795,93096,390617,1005,1;[15576, 542, 0.9561580936148631, 0.9597061373648496, 103.12164040712673, 0.9839287890379868, 1.0023811056052514]
02326795,93096,390617,1005,2;[16680.23, 534, 0.9816337889841152, 0.9951174133698972, 233.63905264594212, 0.9602980887426065, 0.9649261694145183]
02326795,93096,390617,1006,3;[7970.660000000001, 392, 0.8929465942682909, 0.944114447908683, 232.9253456083572, 0.9378954132366742, 0.980038743367304]
02326795,93098,390633,1208,1;[7446, 386, 0.9827563910749787, 1.028281044210594, 113.59544111012782, 0.991510499825861, 1.0072370645924924]
02326795,93098,390633,1210,3;[9179.0, 382, 0.9000742534269822, 0.9733691938101803, 254.54625876353154, 0.9439352836717002, 1.0049497525123743]
02326795,93098,390633,1211,2;[12495.0, 460, 0.9806717975891225, 0.9928086867084607, 304.038393230267, 0.96726735965777, 0.9916887041934265]
02326795,93100,390650,1408,1;[9856, 524, 0.9428383561617968, 0.9753222393520102, 152.67941327365116, 0.9870849889088851, 1.0000507330931967]
02326795,93100,390650,1408,2;[11863.109999999999, 454, 0.923128325696237, 0.9635849395744588, 264.0434952786267, 0.9672365262228486, 0.9869319869319869]
02326795,93100,390650,1408,3;[9711.93, 388, 0.8966980571841465, 0.991244626106672, 185.95030351857133, 0.9603016149693084, 0.9994360637247991]
02326795,93101,390655,1478,3;[17030.47, 498, 0.8878705038440861, 0.9496499815212963, 198.5045489888335, 0.8985225451733261, 0.9740636263908479]
02326795,93101,390655,1479,1;[9133, 440, 0.9785485950790941, 0.7932381501003282, 116.85657942280679, 0.9901150325901066, 1.0027998902003843]
02326795,93101,390655,1480,2;[15574.72, 512, 0.9886415031430846, 1.0001642822974326, 288.31701212724045, 0.9667516390829517, 0.9966873548337966]
02326795,93101,390658,1483,2;[11290.72, 450, 0.9780017957531425, 0.9907785770460185, 275.1088527946932, 0.9683872677455206, 9999]
02326795,93101,390658,1483,3;[16244.090000000002, 488, 0.8883612237321226, 0.9432336629082126, 175.69606762618878, 0.9443310808610881, 9999]
02326795,93101,390658,1484,1;[17438, 580, 0.9571559912383351, 0.9865286961545818, 88.71019602941247, 0.9857333213524725, 1.0026448942042319]
02326795,93101,390659,1481,1;[17035, 570, 0.9567014347033675, 0.9806463110435731, 83.38705249577104, 0.9861276989397827, 1.0006461466165413]
02326795,93101,390659,1481,2;[8387.119999999999, 396, 0.9119543939620799, 1.006356689078645, 249.98986160845067, 0.9762288474992755, 0.9988662131519275]
02326795,93101,390659,1482,3;[12131.35, 424, 0.8877912894414639, 0.9567462163317422, 185.13002590459973, 0.9636264494147265, 8855.0]
02326795,93103,390671,1624,1;[16719, 570, 0.9523964732699977, 0.9644593358217699, 89.20444372549076, 0.9796129365708198, 1.0018876404494381]
02326795,93103,390671,1624,3;[16889.36, 488, 0.9193545046220442, 0.9728514738502206, 139.83579963575514, 0.9420972735944166, 0.9857274217406948]
02326795,93103,390671,1625,2;[7598.15, 368, 0.9439186905592359, 0.9716720654566829, 361.32125387840125, 0.9621712704915951, 1.0045626179987412]
02326795,93104,390678,1078,2;[9875.81, 480, 0.9216724526023329, 1.0070987396360975, 315.880899617735, 0.9721727166235237, 0.9980157537129457]
02326795,93104,390678,1078,3;[9259.83, 380, 0.8936338391212807, 0.9765817485151468, 293.9355294236095, 0.9374524289098087, 1.0056539205475377]
02326795,93104,390678,1079,1;[17237, 572, 0.9628723994978642, 0.9561843982550055, 106.17879266668814, 0.982788092132831, 1.0033470124276027]
02326795,93113,390734,1968,2;[9211.789999999999, 436, 0.979201292759555, 0.9890484148079143, 350.592758182763, 0.9673712279776593, 1.0026552684411631]
02326795,93113,390734,1968,3;[9066.66, 366, 0.8893514004996519, 1.2010728604032412, 165.45871683352263, 0.9678001784757227, 0.9824821852731591]
02326795,93113,390734,1970,1;[12990, 498, 0.9608061607299033, 0.9799584900655456, 89.91265498755243, 0.9887401962693142, 1.004290850052186]
02326795,93126,390823,1890,1;[15366, 542, 0.9674831165932779, 0.984458087938173, 70.35292862939322, 0.9903319667413365, 9999]
02326795,93126,390823,1890,2;[8757.21, 406, 0.9712918007292535, 1.0135500765824932, 339.4134238025205, 0.965074981021596, 1.0024519820187985]
02326795,93126,390823,1892,3;[17519.56, 498, 0.9011716321472589, 1.0260685745068228, 119.17084664877214, 0.929884078453231, 0.9949815211048434]
02326795,93128,390831,416,1;[8776, 470, 0.8236428081712349, 1.0195140439908954, 175.4702837305898, 0.9822041674430321, 0.9994875007118046]
02326795,93128,390831,416,3;[13257.490000000002, 440, 0.916498849700646, 0.97504558157167, 211.68310831565196, 0.9453074700036601, 0.9956273470857554]
02326795,93128,390831,417,2;[13627.88, 478, 0.9119341856027318, 1.0488143060554278, 239.6929463090672, 0.9653374273929376, 0.9943993400772804]
02326795,93130,390850,575,1;[8118, 418, 0.9624090656880402, 1.0139167735080696, 146.54184192736943, 0.9855845536657687, 1.0027793218454697]
02326795,93130,390850,575,2;[15759.17, 534, 0.9622188411010572, 0.9873214747225233, 246.02091679359293, 0.9548069239804785, 9999]
02326795,93130,390850,575,3;[9357.1, 414, 0.9005128733873402, 0.9423411685439961, 215.4491269515555, 0.9602950396890082, 9999]
02326795,93130,390852,577,1;[16738, 574, 0.9602383867670378, 0.9640824492982549, 110.56438649982071, 0.9774655907020006, 0.9951248513674198]
02326795,93130,390852,577,2;[8389.5, 378, 0.9772329837523027, 1.0421493791272667, 334.42600178249575, 0.9721717731169078, 1.0018473781440955]
02326795,93130,390852,579,3;[16246.830000000002, 484, 0.9206091970588093, 1.0185769393822837, 135.8477804450008, 0.9587305087607684, 2964.75]
02326795,93135,390884,978,1;[12997, 502, 0.961309617138038, 0.9807269648596155, 96.0826698344064, 0.9883085680816256, 1.00409456118665]
02326795,93135,390884,978,2;[17490.62, 536, 0.9830882695567691, 0.9968262057186956, 251.16855989707605, 0.9649033149244499, 0.998912600244665]
02326795,93135,390884,978,3;[12501.250000000002, 428, 0.8856496578186571, 0.957425920308178, 207.96058219152985, 0.9494372524554322, 0.998413479949669]
02326795,93135,390891,982,1;[16183, 558, 0.9551599323061374, 0.9743421050396994, 91.97844052668542, 0.9862493952204674, 0.9939807137153738]
02326795,93135,390891,982,2;[17219.3, 530, 0.9242923218861299, 0.9912383110046628, 253.37777217353656, 0.9639406471095218, 1.00103770321688]
02326795,93135,390891,982,3;[17093.49, 496, 0.8813414833100209, 0.97418100597902, 241.03773709584954, 0.9317763543520741, 0.9894528152260111]
02326795,93137,390904,1149,1;[14930, 534, 0.9602186136204238, 0.9649415495757476, 105.8685628141264, 0.9862226940046681, 1.0000334907398105]
02326795,93137,390904,1149,3;[8992.68, 372, 0.8994757022719408, 0.9740939091794983, 273.78610796626896, 0.9450702455505944, 1.0175955352298272]
02326795,93137,390904,1150,2;[16491.02, 524, 0.9242070274618492, 1.0204974885752827, 202.64291736706326, 0.9726518430610928, 0.9914860127352079]
02326795,93138,390911,1216,1;[13941, 518, 0.9594879428079642, 0.9614526829092432, 106.90850326322685, 0.9853807675330136, 1.0036355782729203]
02326795,93138,390911,1217,3;[14464.460000000001, 454, 0.929547446165203, 0.9920474568975108, 192.94971548900043, 0.9358905620169733, 0.9953334904548669]
02326795,93138,390911,1219,2;[17498.95, 540, 0.9474513706788146, 0.9711582490362747, 154.5154425183988, 0.9714329401674549, 0.9995921419346068]
02326795,93139,390919,56,2;[15311.73, 506, 0.9194036076816615, 1.0091919832651157, 215.5181087820877, 0.9700339724978533, 0.9909507489699256]
02326795,93139,390919,56,3;[13852.070000000002, 446, 0.9158750623387568, 0.9816888450390406, 172.6774266230956, 0.9398044822076963, 9999]
02326795,93139,390919,57,1;[15195, 536, 1.0015332409491196, 0.9990116427034886, 152.86362329292731, 0.9738808512986101, 0.983495145631068]
02326795,93147,390949,340,1;[11666, 482, 0.9695139799553671, 0.9898903663586415, 99.01914037188446, 0.9891802112916424, 1.0037859232490105]
02326795,93147,390949,340,3;[16653.72, 496, 0.8925279778434065, 0.9407087547113101, 197.27713383146605, 0.8908562789085318, 0.9708489737241435]
02326795,93147,390949,341,2;[17715.53, 540, 0.9844954778476253, 0.9966818051448767, 225.44259541039204, 0.9665644037346082, 1.000167959958346]
02326795,93147,390950,342,1;[15144, 542, 0.9803179242233779, 0.9666586237241076, 114.01778375720156, 0.9864537521015062, 0.9969716919025675]
02326795,93147,390950,342,3;[9484.51, 382, 0.8946242995100195, 0.961057621692914, 284.64188340683205, 0.9411055286083111, 1.009846108963606]
02326795,93147,390950,343,2;[17717.91, 546, 0.9545328577483694, 0.9795574784583293, 146.25600421596098, 0.9742302101842474, 9999]
02326795,93170,391065,339,1;[11238, 474, 0.9754126031477386, 0.9769583020491633, 72.14305027577073, 0.9929185758620337, 9999]
02326795,93170,391065,340,2;[17700.059999999998, 546, 0.9631906500791125, 0.9970864816747378, 226.1703841694292, 0.9660203632797083, 1.0002689979825152]
02326795,93170,391065,340,3;[16359.170000000002, 480, 0.8862639198073815, 0.9613894343534992, 174.4252998108417, 0.9542454512929501, 9999]
02326795,93170,391069,337,2;[9285.57, 448, 0.9487107767109997, 0.9889284492051823, 368.59389617313997, 0.9651648809647967, 0.9971247843588269]
02326795,93170,391069,338,1;[13723, 516, 0.9579640315278376, 0.9632696405945733, 95.68690727956353, 0.9879253170739941, 1.0045752351670876]
02326795,93170,391069,338,3;[17082.530000000002, 496, 0.8964683861865881, 1.0020167349171494, 97.87280623361046, 0.9353833483735203, 9999]
02326795,93172,391086,491,1;[16632, 562, 0.9336228044522464, 0.947866006886441, 87.95462608234783, 0.9839287268825081, 1.0038022813688212]
02326795,93172,391086,491,2;[17303.79, 538, 0.9506969667951888, 0.9807534750912824, 175.4175963219013, 0.9725868625312787, 0.9961635952592999]
02326795,93172,391086,494,3;[9028.300000000001, 394, 0.89058234844538, 0.9597794170329321, 319.4748193196862, 0.9436241412060428, 1.0027388922702374]
02326795,93173,391093,610,1;[11730, 484, 0.9643763111154962, 0.9847339504472956, 76.28014532170953, 0.9913987752248519, 9999]
02326795,93173,391093,611,3;[15053.560000000001, 460, 0.8964318363485715, 0.9424093899304213, 231.81636827655723, 0.9451383831447876, 0.9976846597357788]
02326795,93173,391093,612,2;[16264.92, 538, 0.9606989261303748, 0.9787712087746712, 192.84598752231375, 0.9507366905395866, 0.9546025981282302]
02326795,93189,391183,357,1;[17133, 580, 0.9327366696241254, 0.9523945549144044, 79.45866927380706, 0.9815086653255254, 0.9991543956845022]
02326795,93189,391183,357,2;[17594.149999999998, 544, 0.9831774548718637, 0.994096732276697, 233.79913269888843, 0.9692443192078654, 0.997167329871181]
02326795,93189,391183,359,3;[12008.050000000001, 420, 0.9136830901479182, 0.9846380908764883, 253.1858453665239, 0.9515761266675578, 0.9975530643600978]
02326795,93226,391291,454,1;[16061, 550, 0.9711981784022595, 0.976735034186706, 81.25654449698784, 0.9883533447799085, 1.0036556788001876]
02326795,93226,391291,454,2;[17185.98, 542, 0.9402749593703762, 0.970336529918217, 129.55767185053702, 0.9787995319734958, 9999]
02326795,93226,391291,454,3;[8737.86, 378, 0.8973275198835684, 0.9741557262187114, 268.6991219124271, 0.9478593801244727, 1.0038561422837806]
02326795,93227,391294,483,1;[11088, 468, 0.9853095731384149, 0.8647041433398707, 102.73828140354695, 0.9902030360378655, 1.0017165055560575]
02326795,93227,391294,483,2;[10621.939999999999, 432, 0.952819071146041, 0.997028919920844, 291.60762370171426, 0.9690821533711537, 1.001851955777541]
02326795,93227,391294,485,3;[16196.140000000001, 480, 0.9165345215588533, 0.9687318904141355, 155.80895125640043, 0.9428209167466114, 0.9903660886319846]
02326795,93246,391419,239,1;[12944, 508, 0.9679388967620223, 0.9669287550433153, 89.6379978654729, 0.9901581361405539, 331.8974358974359]
02326795,93246,391419,239,3;[17467.5, 510, 0.8848709092975071, 0.9408386624929573, 239.68424926378958, 0.9037046907344949, 0.9720580947661343]
02326795,93246,391419,240,2;[17778.6, 544, 0.9878646770327119, 0.9972529249038542, 231.1263481536673, 0.9688400074110413, 1.0002678093197643]
02326795,93246,391420,236,1;[17320, 584, 0.9347285697873117, 0.9465410258961753, 89.32328401529561, 0.9801277257567059, 0.9966050981069107]
02326795,93246,391420,236,2;[8603.699999999999, 410, 0.9778532591448652, 1.0051496265449793, 330.3734947352108, 0.9614484960285493, 0.9946347503095336]
02326795,93246,391420,237,3;[16838.670000000002, 490, 0.8893017491947548, 0.9606079056313274, 243.31083321319522, 0.930834249435484, 0.990850094723689]
02326795,93247,391421,288,3;[14859.02, 462, 0.9173381187915561, 0.9758552961689861, 180.43661713471505, 0.9343590711819545, 0.9890570855371147]
02326795,93247,391421,289,2;[17351.39, 544, 0.9449749764175974, 0.970661335715028, 143.3196720528376, 0.9721293104251689, 0.9907926477083546]
02326795,93247,391421,290,1;[12927, 502, 0.9736815767538369, 0.9619791947619163, 103.32499048523846, 0.987045247069302, 0.9986095017381228]
02326795,93247,391422,284,2;[9521.189999999999, 448, 0.9320071254239994, 0.9761616973539697, 362.7510419269049, 0.9680922735617854, 0.9968851233491154]
02326795,93247,391422,285,3;[16619.47, 492, 0.890530421572173, 0.9462347049129082, 168.56355099598534, 0.8847925151813599, 0.9768490558441035]
02326795,93247,391422,286,1;[7817, 388, 0.9868412306695243, 0.9332003507538272, 114.53163424815752, 0.9906366765833989, 1.007864878803507]
02326795,93248,391431,59,1;[8880, 458, 0.9390466778460956, 0.9545189824607457, 111.06755295568074, 0.9870285780737572, 1.0010709655600023]
02326795,93248,391431,59,3;[17181.170000000002, 506, 0.8962173525507818, 0.948060564658411, 149.38657543082329, 0.9362148433283879, 0.9679311542469031]
02326795,93248,391431,62,2;[9881.76, 422, 0.9755899848310253, 0.9999737048615878, 287.01924836834405, 0.9682436886689755, 1.0039898440333697]
02326795,93248,391436,55,1;[8951, 466, 0.9724461962047167, 0.9642059253608628, 112.17612737057487, 0.9888515360458713, 9999]
02326795,93248,391436,56,2;[16977.73, 536, 0.960813999505492, 0.9857835371049907, 236.12872981636943, 0.9633614114197072, 1.00376402715728]
02326795,93248,391436,57,3;[15496.070000000002, 468, 0.884581636265282, 0.9647874431703877, 248.61343403024603, 0.9451308590343537, 0.9955113536349234]
02326795,93249,391437,139,1;[17053, 582, 0.966401479647463, 0.9725022381539516, 102.83982512655409, 0.9816621734142358, 0.9933014911463187]
02326795,93249,391437,139,2;[16448.18, 520, 0.9883569680621115, 0.9979617046570616, 215.34230949843737, 0.9748921402872228, 0.9987715875424525]
02326795,93249,391437,139,3;[17219.530000000002, 502, 0.9037725491066695, 0.9983767829398701, 104.45544818660703, 0.9488073605953542, 9999]
02326795,93261,391474,322,2;[17588.2, 542, 0.9439092220401119, 0.9682228171614405, 156.4108824955765, 0.9747383121732438, 0.9986149116583899]
02326795,93261,391474,322,3;[12767.03, 438, 0.8886794794847768, 0.9806939697324827, 216.79208588639844, 0.9577081500651878, 0.9897509425946578]
02326795,93261,391474,323,1;[11891, 498, 0.9859192425204297, 0.8831485709567314, 137.34042418065113, 0.9877329307661812, 0.998949888688201]
02326795,93262,391476,423,3;[11266.880000000001, 408, 0.8909191549187038, 0.9994524345669683, 260.18469879270305, 0.9531827137656771, 1.001583241992449]
02326795,93262,391476,424,1;[15380, 544, 0.9411582962584014, 0.9570053485570276, 83.91922721695853, 0.9875930422240276, 1.0019870354083196]
02326795,93262,391476,425,2;[17629.85, 546, 0.9555387158210941, 0.9847444953156848, 197.30105860937007, 0.9682131288099376, 0.9985508711623361]
02326795,93262,391482,427,2;[17412.079999999998, 540, 0.9881522355633533, 1.0002385911870193, 270.1017210740535, 0.9643074027999882, 0.9972397341966264]
02326795,93262,391482,428,3;[16660.57, 500, 0.8861512599097399, 0.9432219299745895, 232.81821937138952, 0.9329838636537582, 0.9643551009079735]
02326795,93262,391482,429,1;[15914, 548, 0.9862897294838278, 0.9719287000450486, 93.94103266880578, 0.9880740325007251, 1.0002828498695748]
02326795,93272,391516,729,1;[16711, 566, 0.9614764679058934, 0.9795073816959959, 92.7035456918836, 0.987715607459873, 0.9996111858830566]
02326795,93272,391516,729,3;[14922.04, 460, 0.8897318308535974, 0.9416586621257533, 234.93868390056326, 0.9565633699129948, 0.9895071542130366]
02326795,93272,391516,730,2;[9762.76, 398, 0.96346296827686, 1.1588815211285926, 203.64040206267006, 0.9800641634464213, 0.970887573964497]
02326795,93273,391528,819,2;[14591.779999999999, 496, 0.9224184618653056, 0.9660648308408368, 229.64070011260017, 0.9691727277375518, 0.9915898431182274]
02326795,93273,391528,820,3;[16409.86, 484, 0.89144131100716, 0.9459427521129772, 220.337166754775, 0.9468194063603381, 0.993901174127702]
02326795,93273,391528,822,1;[11958, 508, 0.993686928908939, 1.0109375327724912, 147.4675368089025, 0.9865848555511285, 1.0022210116079286]
02326795,93340,391953,67,1;[16380, 572, 0.9842704616539245, 0.893231651383363, 116.52184139966711, 0.9859376257007386, 1.0024173066919617]
02326795,93340,391953,67,2;[17112.2, 530, 0.9400731611606626, 0.9677564365754382, 134.57659862832395, 0.9762396380017153, 9999]
02326795,93340,391953,67,3;[10139.37, 366, 0.879706614611394, 0.9748379247227947, 258.7874376627659, 0.9308481611710605, 0.994958661020367]
02326795,93342,391969,248,1;[8664, 420, 0.9747596305762095, 0.7838529919885848, 113.2709647780355, 0.9909594160449386, 1.0104968509447165]
02326795,93342,391969,248,2;[8973.789999999999, 450, 0.9692192764123121, 1.0240366304711397, 341.4694136169509, 0.9698282550213632, 1.002459288800266]
02326795,93342,391969,249,3;[17234.600000000002, 486, 0.8886582697719526, 0.9477174974043405, 199.33936173814544, 0.9310374301226676, 1.0074477456554818]
02326795,93342,391974,251,3;[15923.510000000002, 468, 0.9159845079127378, 0.9803165172062684, 141.8374729432983, 0.9377365959883236, 1.006276784554781]
02326795,93342,391974,252,2;[15954.33, 510, 0.9234119218428732, 0.991139550533941, 171.57111880358758, 0.9755606295486072, 9999]
02326795,93342,391974,254,1;[16137, 560, 0.9855282040469981, 0.9582840303026938, 105.45551888763755, 0.9825435512891334, 1.0050761421319796]
02326795,93376,392038,17,1;[17342, 584, 0.9657923409191757, 0.9599372923593922, 112.72726965756888, 0.9830206728100495, 0.991141338515174]
02326795,93376,392038,17,3;[9948.94, 434, 0.8885787576261699, 0.943259832526218, 251.2384849035338, 0.9310972388513045, 0.9802254167510293]
02326795,93376,392038,18,2;[11727.449999999999, 464, 0.9196927764477648, 0.9550460378116871, 270.1735525943656, 0.9660784612812328, 0.989159891598916]
02326795,93376,392042,15,2;[17607.239999999998, 554, 0.9534375491792675, 0.9939652562107864, 241.11292765153945, 0.9613562591372665, 1.001997765211797]
02326795,93376,392042,15,3;[9078.990000000002, 398, 0.8928824033471195, 0.9569933292633551, 198.9931943690079, 0.9510611146928915, 0.9883668903803132]
02326795,93376,392042,16,1;[9590, 452, 0.979661217746795, 0.8024356195787499, 130.213043408605, 0.989472665579542, 1.0058737151248165]
02326795,93378,392059,39,2;[10251.85, 426, 0.950165903620179, 0.9797697861604573, 262.73819944936497, 0.9701279203584557, 0.9981462171243193]
02326795,93378,392059,39,3;[9429.710000000001, 424, 0.8885505157922148, 0.9424551655678459, 311.79744926965975, 0.9541736988830449, 0.9877305015426563]
02326795,93378,392059,40,1;[15093, 544, 0.9562550269145004, 0.9612280478493375, 96.2472281417669, 0.9870324762308448, 0.999370965072008]
02326795,93379,392069,165,2;[14597.73, 512, 0.9851905189758444, 0.9956855538132063, 241.4747628805613, 0.9725235507280382, 0.9763998885660843]
02326795,93379,392069,165,3;[9096.800000000001, 424, 0.8803218145969087, 0.9407309103019709, 333.93782457500015, 0.9527386577922943, 0.9746788990825688]
02326795,93379,392069,166,1;[17462, 586, 0.962049991811895, 0.961882765618133, 98.5762382042794, 0.9809671631820993, 0.9930336375785493]
02326795,93385,392085,378,1;[9042, 416, 0.9509339682268376, 0.9638493652747617, 111.34278566846092, 0.9873107911490098, 0.9990608253687642]
02326795,93385,392085,378,2;[16956.309999999998, 544, 0.953706739408187, 0.9789811239422267, 239.04424173730132, 0.9615000355146189, 0.9924429740553717]
02326795,93385,392085,379,3;[16704.41, 500, 0.8898808886621823, 0.9593766879512841, 180.93795905064295, 0.8745273924887016, 0.9601543428616427]
02326795,93386,392093,436,1;[9860, 456, 0.9816798269462089, 1.0210892893527574, 125.30100139371581, 0.989351689044205, 1.000405844155844]
02326795,93386,392093,436,2;[9111.83, 412, 0.9699995418493621, 1.0108289446010306, 321.66034127557367, 0.9677012004533225, 9999]
02326795,93386,392093,436,3;[10872.320000000002, 412, 0.8878288066463361, 0.9819533667727869, 193.4662383413536, 0.965755410921773, 0.9935524256651017]
02326795,93386,392096,438,3;[10950.410000000002, 414, 0.8899674403983358, 0.9695786021781765, 259.38226918977523, 0.9383915556262544, 1.0056618017111223]
02326795,93386,392096,439,1;[15454, 562, 0.9970869798492101, 1.0061476569069887, 138.04456034157818, 0.985119683824603, 0.9844252635602128]
02326795,93386,392096,439,2;[17219.3, 542, 0.9565192524302654, 0.9810614496710925, 192.0240934811316, 0.9672089479941268, 0.9981031212277979]
02326795,93392,392139,940,1;[13750, 518, 0.9556901848447878, 0.9695062240718227, 93.29921968160632, 0.9877320520706774, 0.9982575867576594]
02326795,93392,392139,940,3;[16159.150000000001, 500, 0.8847491465420333, 0.9805763536613963, 245.01341451666525, 0.9447021889751233, 0.9791225667206243]
02326795,93392,392139,941,2;[14404.949999999999, 502, 0.9156787872758793, 0.9709837307285879, 222.96313519455174, 0.9686838193011127, 0.990832446590816]
00023698,93080,390528,134,1;[36900, 898, 0.9978155479327312, 1.0259673944738459, 89.73238912855744, 0.9929930238391793, 0.9837638966648005]
00023698,93080,390528,134,2;[39364.009999999995, 820, 1.0504391901326098, 1.022399976459444, 131.86334323534342, 0.9822628171354302, 1.0140555785472325]
00023698,93080,390528,134,3;[55474.04, 910, 1.2348669144335471, 0.954528904486548, 84.48481776732575, 0.9923977465338607, 26994.666666666668]
00023698,93244,391403,53,2;[43991.92, 860, 1.0139415938895173, 1.0212939734954087, 88.72411398565121, 0.9915332214735743, 9999]
00023698,93244,391403,54,1;[45368, 944, 1.0138822074695624, 0.9740646097252217, 57.91967425793741, 0.993886083647604, 1.000099198694986]
00023698,93244,391403,55,3;[38692.91, 766, 1.0128055678324268, 1.0020142613457823, 123.04365198080062, 0.9864740144323954, 0.9985680697226298]
00023892,93026,390259,210,1;[115384, 1676, 0.9705763288702812, 0.9705763288702812, 27.44450635858385, 0.9967809945790217, 0.9971869206936336]
00023892,93026,390259,211,2;[117053.15999999999, 1570, 1.0149650236071255, 0.9746772383627069, 32.01824097753799, 0.9959190027831599, 0.996711876257112]
00023892,93026,390259,211,3;[116700.71, 1438, 1.0186254340279237, 0.9437976061425024, 56.93241554978748, 0.9908537816795847, 9999]
00023892,93026,390259,212,1;[115337, 1664, 0.9804131521278897, 0.9889032468085639, 29.32303153461915, 0.9964262448288627, 0.9924920079683675]
00023892,93026,390259,212,2;[117691.0, 1554, 1.014747909288223, 0.9808503008994244, 33.38817836122004, 0.9959185983378324, 9999]
00023892,93026,390259,212,3;[114356.64000000001, 1394, 1.0039062202291396, 0.9507977939312924, 37.10296143051946, 0.9936297065684685, 9999]
00023892,93026,390259,214,1;[120043, 1634, 1.0032661182443197, 0.9887838124952426, 22.927187669422857, 0.9969424029558446, 0.9982495311986761]
00023892,93026,390259,215,3;[114305.95000000001, 1398, 1.010278510246198, 0.9543713578041263, 39.13504025500448, 0.9933049493998183, 9999]
00023892,93026,390259,216,2;[116758.04, 1568, 1.0123332269148082, 0.98091887278259, 29.98789604125521, 0.996023856518871, 0.9963240520725442]
00023892,93049,390350,751,2;[112488.31999999999, 1480, 0.9848740726439702, 0.9929826624223882, 26.49613653842162, 0.9961483784872827, 9999]
00023892,93049,390350,752,3;[118309.09000000001, 1532, 1.0130833231157215, 0.9721992345752148, 59.29260583943325, 0.9911236827270111, 9999]
00023892,93049,390350,753,1;[115862, 1658, 0.9829469492684024, 0.9978529551266063, 24.60371064380052, 0.9960469422803894, 0.9909383646292598]
00023892,93049,390350,756,2;[116076.17, 1538, 1.0085478725212538, 0.9927081192712227, 43.37188848757056, 0.9943862237694245, 9999]
00023892,93049,390350,756,3;[117833.70000000001, 1382, 1.047327962051423, 0.9430491915437306, 103.28006889242694, 0.9876476852572468, 0.9989779088945155]
00023892,93049,390350,757,1;[119330, 1636, 1.0075125795868425, 0.9942916148693116, 29.0029681718026, 0.9953227996444487, 9999]
00023892,93049,390350,758,3;[117121.3, 1400, 1.030931342867741, 0.9719735434960686, 74.73251000866165, 0.9910807744684849, 9999]
00023892,93049,390350,760,1;[119412, 1684, 1.0004737661313214, 0.9880028410604836, 28.934950571560975, 0.9954903479060804, 0.999870214146658]
00023892,93049,390350,760,2;[117228.09, 1564, 1.0405712513178689, 0.9825036010815462, 94.58212834702178, 0.9879751501300211, 0.9954779023530066]
00023892,93049,390350,761,1;[115473, 1576, 0.991677529821298, 0.9926776955103828, 36.86362273631874, 0.9942467519164607, 1.0014917476864902]
00023892,93049,390350,763,2;[118247.92, 1546, 1.0345050869305332, 0.994516715150005, 59.95186314319832, 0.9908730469999921, 9999]
00023892,93049,390350,763,3;[118310.46, 1494, 1.0361395917367435, 0.9712337522244107, 108.28824339469637, 0.9843328979744623, 0.9939059128182995]
00023892,93049,390350,766,1;[116227, 1652, 0.9751026370807013, 0.9892795240401203, 27.456611617824382, 0.9965442441576506, 0.9924685549359998]
00023892,93049,390350,767,3;[117711.77, 1466, 1.0214023858039325, 0.9691685127209577, 43.76655418360943, 0.9929606828812833, 10740.125]
00023892,93049,390350,769,2;[117706.47, 1490, 1.0202549609913965, 0.9997484379105231, 29.963769686372082, 0.995278891855519, 9999]
00023892,93049,390350,770,1;[117114, 1588, 1.0024585818836231, 0.9928265580916606, 32.869004539460455, 0.9955113006843905, 9999]
00023892,93049,390350,770,3;[118395.40000000001, 1410, 1.0424963099943128, 0.9275135170288007, 78.28360049762023, 0.9922517167138535, 9999]
00023892,93049,390350,773,2;[114238.81, 1522, 1.0044227657496143, 0.986742260703326, 36.17136856988099, 0.9948063335800724, 9999]
00023892,93099,390646,1221,2;[114072.20999999999, 1486, 1.0090858747803573, 0.9867088647928606, 38.53013999163804, 0.9934468550222741, 9999]
00023892,93099,390646,1222,1;[115757, 1704, 0.9986716907804245, 0.9931340390066832, 35.39650912607604, 0.9961712619634862, 0.989105543782897]
00023892,93099,390646,1222,3;[117585.73000000001, 1392, 1.1323117391248805, 0.9651113997953958, 50.31573890807299, 0.9940088735414381, 9999]
00023892,93103,390673,1487,1;[118131, 1640, 0.9941992381714719, 0.9832364950716539, 24.18140079113889, 0.9967673469878491, 0.9975637458357788]
00023892,93103,390673,1488,3;[117951.52, 1364, 1.034720293021279, 0.9614925636421753, 96.22023479779668, 0.98528403584093, 0.9961010262284081]
00023892,93103,390673,1489,2;[116541.45999999999, 1546, 1.014966414714585, 0.992022459678374, 40.09946663942671, 0.9947342202306876, 0.9929282227280332]
00023892,93103,390673,1491,2;[120403.01, 1514, 1.0503891899546012, 0.9843946252209498, 113.66690920960296, 0.984839104179109, 9999]
00023892,93103,390673,1492,1;[114627, 1678, 0.9987680845865211, 0.9924709850319351, 45.564953524898826, 0.9946129103177113, 0.9927122981592382]
00023892,93103,390673,1492,3;[112581.12000000001, 1362, 1.004285977747245, 0.9649001229124898, 31.23126453415144, 0.9956981357234577, 9999]
00023892,93103,390673,1495,2;[114817.15, 1510, 0.9930315460441014, 0.9870770259924616, 31.546042712339776, 0.9947702350629656, 9999]
00023892,93103,390673,1497,3;[113548.34000000001, 1404, 1.0054351093309934, 0.960491452600365, 28.91913419738997, 0.9948299282430487, 9999]
00023892,93103,390673,1498,1;[116314, 1654, 0.989772517025471, 0.9913499174139772, 25.89202116124958, 0.9956881817830718, 0.9948765321221763]
00023892,93103,390673,1499,1;[115761, 1706, 0.9962542217613665, 0.9812057965453727, 38.26655464467754, 0.9959036968410945, 0.9896936302274583]
00023892,93103,390673,1499,3;[117251.45000000001, 1500, 1.0242496834682837, 0.9748615169204323, 53.78139989410666, 0.9908513476631625, 34234.0]
00023892,93103,390673,1500,2;[113904.42, 1520, 1.0033341804562999, 0.9866325509813356, 31.931454020851525, 0.9944117262205622, 0.9918501209788144]
00023892,93122,390798,1587,3;[117843.29000000001, 1442, 1.0406381091708652, 0.97290517790024, 111.87571133625764, 0.982512094931687, 0.9956477955389904]
00023892,93122,390798,1589,1;[115972, 1698, 0.9778822539189395, 0.9908134710763481, 20.37117655163161, 0.9968449509462828, 0.9941706957446079]
00023892,93122,390798,1589,2;[117505.36, 1504, 1.0292453359150497, 0.9978651105229204, 41.27597117489877, 0.9945531923571351, 9999]
00023892,93122,390798,1590,1;[114476, 1708, 0.9714008354292216, 0.9792266459744134, 31.895664856885332, 0.9963746613606888, 0.9873600048300221]
00023892,93122,390798,1590,2;[115546.62, 1446, 1.0044099548766843, 0.9937778684089924, 34.96544073137213, 0.9941037791054449, 9999]
00023892,93122,390798,1592,3;[117977.55, 1424, 1.0384956777881869, 0.9582881772027657, 51.69301507743181, 0.993571167624946, 172230.0]
00023892,93139,390920,17,2;[116130.90999999999, 1510, 0.9981631323817355, 0.9808162066148503, 32.268889709424414, 0.993887002655094, 0.9946034641785189]
00023892,93139,390920,17,3;[117082.94, 1368, 1.01704474354301, 0.9629625559037094, 53.25214145749839, 0.9925764721536028, 9999]
00023892,93139,390920,18,1;[114291, 1656, 0.9814575364939319, 0.9959018721886728, 30.733984173391054, 0.9957475714305857, 0.9944271152817112]
00023892,93139,390920,19,1;[117141, 1708, 1.0011284673044343, 0.9784178992053928, 59.47460187917027, 0.9921109682880714, 0.9933264364697103]
00023892,93139,390920,20,3;[118051.53000000001, 1470, 1.0213625513322462, 0.9716452290970454, 85.44257796364806, 0.9849400431888099, 9999]
00023892,93139,390920,21,2;[115941.7, 1478, 1.0067750976010585, 0.9966286729292532, 25.270836994108723, 0.9955051948918705, 1.001742742428838]
00023892,93166,391047,301,1;[119197, 1602, 0.9934559797032223, 0.9948353663934025, 20.712104405988043, 0.9968702647084702, 0.9987055043296481]
00023892,93166,391047,301,2;[116151.14, 1540, 1.0002683910551358, 0.9928704150270152, 33.4848806094114, 0.9948215854848882, 9999]
00023892,93166,391047,303,3;[118637.89000000001, 1398, 1.0223579081250327, 0.9703534494557088, 42.23273852076505, 0.9934911546531924, 9999]
00023892,93166,391047,304,1;[117753, 1622, 0.9772164352433422, 0.9958620833402838, 25.766315361363983, 0.9967860458868003, 0.9972686967237064]
00023892,93166,391047,305,2;[117093.62, 1536, 1.002178459818774, 0.997850638667676, 24.4138911119299, 0.9964615269265222, 1.000127051242307]
00023892,93166,391047,305,3;[119032.45000000001, 1370, 1.0183846266174685, 0.9748323649170428, 37.875699129217296, 0.9947455224370897, 2199.6202531645567]
00023892,93166,391047,307,2;[115370.5, 1528, 1.0058060097422366, 0.9895282762600829, 39.93207841576104, 0.9944151817445519, 9999]
00023892,93166,391047,308,1;[115460, 1682, 0.9960968642594321, 0.9954651582763876, 40.582903883813906, 0.9951983391381567, 0.9932470213772635]
00023892,93166,391047,308,3;[118877.64000000001, 1454, 1.017150500848034, 0.9733966928934351, 36.44529966828555, 0.9937569319287601, 1324.7633587786258]
00023892,93166,391047,309,1;[119716, 1620, 1.0322619672169577, 0.9876387315526259, 46.38197855060344, 0.9944067144527013, 0.999419796219075]
00023892,93166,391047,309,2;[115416.90999999999, 1496, 1.0140101989435855, 0.9782871975660953, 49.76970517264166, 0.9923215994050387, 9999]
00023892,93166,391047,310,3;[117396.67000000001, 1446, 1.0322636927019022, 0.9549682020607355, 42.6314536599798, 0.9954496600959517, 9999]
00023892,93166,391047,312,2;[119097.58, 1476, 1.0286965797742729, 0.9766518066581236, 64.13464440773701, 0.9901136968339167, 100082.0]
00023892,93166,391047,313,1;[120302, 1688, 1.021004314514589, 0.9866737636844082, 42.55555215394716, 0.9931729686905908, 0.9957002685780263]
00023892,93166,391047,313,3;[119017.38, 1408, 1.0256435421473993, 0.9687818342517958, 44.27779058241403, 0.9929874755115312, 24821.14285714286]
00023892,93166,391047,315,1;[117580, 1706, 0.9911475015587408, 0.9998940038735258, 31.46718806602632, 0.9964770636421072, 0.9924037812288994]
00023892,93166,391047,315,2;[119473.62, 1562, 1.0290292751963206, 0.976969826578464, 59.39391504055549, 0.9910613417632356, 9999]
00023892,93166,391047,315,3;[120414.78000000001, 1524, 1.0420803432332637, 0.9716719340706381, 114.80932319891738, 0.9838297153742086, 0.9968696835658387]
00023892,93265,391506,609,1;[120450, 1668, 1.0130823848066772, 0.9934285035407959, 28.081715577593773, 0.9950777124707098, 9999]
00023892,93265,391506,609,3;[119976.38, 1438, 1.0627480642574758, 0.9590433977019611, 126.38952663022229, 0.9846962103710577, 0.99012968218255]
00023892,93265,391506,610,2;[119833.0, 1508, 1.0279624297293433, 0.9939602657133225, 34.05485042585448, 0.9943307197997148, 0.9989534301203803]
00023892,93265,391506,611,3;[119896.92000000001, 1368, 1.0267371543472592, 0.9680652141772095, 60.138477372720004, 0.9910185054986551, 175032.0]
00023892,93265,391506,612,2;[116885.37, 1548, 1.0145783774572443, 0.9803564738122116, 29.62078944142632, 0.9948200399301197, 9999]
00023892,93265,391506,613,1;[114481, 1610, 0.9955593575803238, 0.9902087238335712, 36.759064237107594, 0.9944111491071127, 0.9902515396858349]
00023892,93329,391882,87,1;[118271, 1616, 1.0194271800477344, 0.9951980347867928, 37.73351695185407, 0.9949972892828642, 0.9989948475377988]
00023892,93329,391882,87,2;[111247.15, 1430, 0.9892958805203751, 0.987969527216751, 25.62743346510477, 0.9960790202361292, 9999]
00023892,93329,391882,87,3;[115923.92000000001, 1414, 1.0215942370198658, 0.9563196493174627, 47.010858776237484, 0.9953242287886229, 9999]
00023892,93329,391882,89,1;[114628, 1672, 0.9914825066265023, 0.992449732020601, 46.0862142629913, 0.9941192467786226, 0.9939475920434248]
00023892,93329,391882,89,3;[114667.63, 1414, 1.0167941706478845, 0.9529070402788227, 69.36194070195396, 0.9896615259912896, 0.9922821576763485]
00023892,93329,391882,90,2;[116098.78, 1540, 1.024478526931865, 0.9929498654533664, 58.7047229351499, 0.9922725834272821, 9999]
00023892,93329,391882,92,2;[114627.93999999999, 1522, 1.0073552101636527, 0.9847883422105579, 36.85985021329225, 0.9940911230252352, 0.9904477918873066]
00023892,93329,391882,92,3;[114493.64000000001, 1356, 1.0098884038015559, 0.9575393429604518, 53.70771228318953, 0.9928164272628103, 9999]
00023892,93329,391882,93,1;[115389, 1646, 0.9791536811644996, 0.9912072497007227, 30.555962129969355, 0.9961549890584726, 0.995354855405318]
00023892,93329,391882,94,1;[116973, 1592, 0.994606233216065, 0.9965614043713638, 34.71012332712566, 0.9946580766084038, 0.9999615310636661]
00023892,93329,391882,94,2;[112866.73999999999, 1496, 1.003006582190011, 0.9923183925625743, 26.138494257660792, 0.99570058885804, 9999]
00023892,93329,391882,94,3;[114433.36000000002, 1410, 1.0214616209838423, 0.9517095185099957, 73.57692311392724, 0.9894936176987641, 0.990536726513768]
00023892,93329,391882,96,1;[115407, 1632, 0.9872182726007631, 0.9927104473525977, 23.989429741072772, 0.9960868400620199, 0.996795591563164]
00023892,93329,391882,96,2;[113005.97, 1516, 0.9882006017804126, 0.9825266807640969, 27.477798069064683, 0.9957344812378607, 0.9942780561096016]
00023892,93329,391882,96,3;[117169.25000000001, 1434, 1.0569068397282255, 0.9348208440309685, 110.45560734956277, 0.9883416942725053, 9999]
00023892,93329,391882,99,1;[118266, 1608, 1.0340711010663866, 0.9901960891665134, 40.350390802242764, 0.9941750124012475, 0.995743928467688]
00023892,93329,391882,99,2;[114010.33, 1524, 1.0088953795511193, 0.9873587254334197, 27.375748128469997, 0.9954495918170748, 9999]
00023892,93329,391882,99,3;[113752.47000000002, 1336, 1.0058340005280906, 0.9771892906538502, 25.640739364499375, 0.99607581804577, 9999]
00023892,93377,392048,3,3;[118466.64000000001, 1406, 1.047556527781869, 0.9626297559970822, 107.28162349534367, 0.988306503325163, 9999]
00023892,93377,392048,4,1;[118492, 1724, 0.9863208326474601, 0.9986424630954116, 19.764201178268063, 0.9967779664001932, 0.982353745839223]
00023892,93377,392048,4,2;[116322.5, 1540, 1.0024661578187861, 0.9812524545754474, 28.71243987076844, 0.9953319054134065, 9999]
00023892,93377,392048,5,1;[112681, 1604, 0.9750116024793062, 0.9728192778387952, 30.87669786078407, 0.9962903174522396, 0.9869450782375636]
00023892,93377,392048,5,2;[117476.79999999999, 1468, 1.0128946844061226, 0.9826118107683158, 31.69563920609115, 0.9953051589361018, 9999]
00023892,93377,392048,5,3;[119291.38, 1442, 1.0494193382007337, 0.9224995551443748, 90.97954973781846, 0.9914184377585706, 9999]
00023892,93377,392048,8,2;[114999.22, 1520, 1.0070723933409482, 0.9772014446917673, 55.95936210100426, 0.9911467610708359, 1.0000983146794165]
00023892,93377,392048,8,3;[115359.48000000001, 1394, 1.0261842013140077, 0.9530082855170431, 74.80732270330151, 0.9887307322964278, 9999]
00023892,93377,392048,9,1;[115825, 1638, 0.9752674514762388, 0.977930434245964, 26.59457846165895, 0.9966290836236483, 0.9829547624402228]
00232831,93048,390346,740,1;[60347, 1074, 1.0041203919890753, 0.9799737843213558, 68.8031668473261, 0.9893269121354705, 1.0045276737411568]
00232831,93048,390346,740,2;[26282.34, 714, 1.0320528336306802, 1.014372897938292, 140.43680277580415, 0.9847081607347733, 9999]
00232831,93048,390346,740,3;[48303.46000000001, 810, 1.1451752258466206, 0.9524738607388366, 111.29907984614162, 0.9886044851043795, 1.0053033759124088]
00232831,93048,390346,741,1;[58549, 1054, 1.0054455670794802, 0.9721401613657598, 71.84338526471858, 0.9899833681219329, 1.006091640962634]
00232831,93048,390346,741,2;[26754.77, 714, 1.0341519316231074, 1.0048081338552852, 159.3327943069655, 0.9804418482813829, 1.0053435285174503]
00232831,93048,390346,741,3;[59377.170000000006, 910, 1.009236585552549, 0.9801747544230137, 119.60868056295885, 0.9820228240271109, 1.0022546741128724]
00232831,93048,390346,742,1;[60220, 1068, 1.0074655194483435, 0.9772295374079115, 65.41557014703079, 0.9913233628504808, 1.006005629755849]
00232831,93048,390346,742,2;[36023.68, 754, 1.1820072772154882, 0.975194568199687, 145.89823339616314, 0.9858882366313425, 1.007957912962408]
00232831,93048,390346,742,3;[30371.530000000002, 664, 1.0089733402220478, 0.9955065153366602, 110.20559259267367, 0.9896436106369197, 1.003848940409346]
00232831,93147,390953,359,1;[28614, 804, 1.0032679635817676, 0.9797642027110547, 76.11960080236409, 0.9935266967839056, 1.0029442691903259]
00232831,93147,390953,359,2;[32495.329999999998, 730, 1.0010910926167107, 1.0181539503852286, 138.38844875947652, 0.9872961394964037, 1.0066911209009972]
00232831,93147,390953,359,3;[44651.04, 780, 1.1265940771710539, 0.9490983104198878, 135.99181647196534, 0.9850378115291741, 1.0061277725469615]
00232831,93165,391039,287,1;[39866, 864, 1.0298398293658304, 0.9959000629021967, 86.7554628668432, 0.992586344484783, 0.9994735126733021]
00232831,93165,391039,287,2;[58477.79, 974, 1.0269415973797502, 0.9712203717647845, 110.17502078317794, 0.9861528678999373, 1.0036866453569715]
00232831,93165,391039,287,3;[47685.590000000004, 804, 1.0360607644632402, 0.94115180619928, 106.98442230112188, 0.9887037694940279, 9999]
00232831,93165,391039,289,1;[28699, 810, 1.00818441333912, 0.9786705332760606, 77.15163995602295, 0.9933617731220881, 0.9997039101280153]
00232831,93165,391039,289,2;[29376.34, 706, 1.0029025862775742, 1.0184988224387705, 115.10771404046059, 0.9898791421656763, 1.0058060178866095]
00232831,93165,391039,289,3;[29242.65, 658, 1.0054347153086407, 1.016919426240819, 136.91117619523283, 0.9875221844265234, 1.0027482207032625]
00232831,93165,391039,290,1;[29374, 836, 1.0333035036256313, 0.9688302861139513, 84.38927192001452, 0.9925713888783438, 1.00454840805718]
00232831,93165,391039,290,2;[48306.86, 868, 1.1486846561401474, 0.9733066559966124, 138.39645165229948, 0.9857525522417887, 1.0036095727848102]
00232831,93165,391039,290,3;[28849.460000000003, 652, 1.0052699092288533, 1.0203944978101065, 115.91342784668967, 0.98962519814608, 1.003669987131214]
00232831,93328,391868,72,1;[53913, 1002, 1.0197885864858176, 0.9823802569413564, 73.40299224254385, 0.9925419384832258, 1.0061398925052254]
00232831,93328,391868,72,2;[30416.399999999998, 710, 1.0438726826922544, 0.9772929921499058, 127.79972348039183, 0.989214036519754, 9999]
00232831,93328,391868,72,3;[54501.340000000004, 870, 1.009712309967718, 1.0058363780854904, 98.19940865914353, 0.988407161462243, 9999]
00232831,93328,391868,73,1;[53548, 998, 1.0189524065939604, 0.9797690597906243, 70.54455465725476, 0.9923345736926806, 1.0058606957697798]
00232831,93328,391868,73,2;[32314.449999999997, 730, 1.0032959324346369, 1.0173005886922057, 119.24168662801405, 0.9887060503406242, 1.0007739367583106]
00232831,93328,391868,73,3;[56224.8, 882, 1.0097929346542687, 1.0019868142286004, 108.93376190051036, 0.985441320762081, 9999]
00232831,93328,391868,74,1;[58872, 1058, 1.0073440151434425, 0.9871881459772484, 66.68563326524257, 0.9914655171775439, 1.0050875815208113]
00232831,93328,391868,74,2;[56247.729999999996, 944, 1.126253123694444, 0.9646773931279856, 122.14461848641795, 0.984343955618227, 1.0040039508480516]
00232831,93328,391868,74,3;[54302.69, 864, 1.013030303116915, 1.0093036032740614, 115.46933163720168, 0.98485697905831, 9999]
00521701,93026,390258,236,1;[65015, 1268, 0.8381775642546434, 1.2907349359759162, 250.17272954094338, 0.8658941841502674, 0.9906670222086777]
00521701,93026,390258,236,2;[63711.409999999996, 1160, 0.8328008538305073, 1.244832771554797, 383.41423372086234, 0.8778173893145765, 0.991986511399535]
00521701,93026,390258,236,3;[64650.3, 1088, 0.7961479669495897, 1.7462056904974999, 589.4067175037352, 0.9620048103930134, 9999]
00521701,93122,390796,1603,2;[62828.43, 1126, 0.819885475612702, 1.256333279056509, 299.49397662419483, 0.8638672780054223, 0.9927420416298441]
00521701,93122,390796,1604,3;[62922.73, 1048, 0.8185142145814573, 1.450235556326929, 320.0687700976941, 0.8812622518672641, 0.997166708279508]
00521701,93122,390796,1605,1;[62224, 1146, 0.8566837480585704, 1.2049831781894702, 156.220883867245, 0.9003790357456036, 0.9972993548904115]
00521701,93139,390917,48,1;[65905, 1250, 0.8177142451097035, 1.363160319113161, 272.79423457219696, 0.8735352990091628, 0.9921342817357269]
00521701,93139,390917,48,2;[63280.63, 1130, 0.8069446185618948, 1.4570263221994737, 273.2561554452453, 0.9667913955202088, 9999]
00521701,93139,390917,48,3;[62114.43000000001, 1014, 0.8202161911979294, 1.608353300801054, 300.4638342307913, 0.9710721126599146, 0.9903020771902235]
00521701,93141,390932,199,2;[64893.079999999994, 1162, 0.8456843959906979, 1.2595769526941694, 346.6162792194861, 0.8648392540420272, 0.9924382364984758]
00521701,93141,390932,199,3;[62017.16, 1054, 0.7860292950526333, 1.5138959370819465, 276.9085808237027, 0.9731655031711313, 0.9876726376191827]
00521701,93141,390932,200,1;[64754, 1262, 0.8692715981718601, 1.325863861317932, 226.1344441489002, 0.9672597308634594, 0.9923832584941227]
