02307790,93025,390252,107,1;[92451, 1486, 0.7587823474843126, 1.0999215020776072, 645.1373632299836, 0.8470347370821316, 0.9901892531622521]
02307790,93025,390252,107,2;[98883.04999999999, 1470, 0.7853251411062303, 1.3340911365735906, 327.39228207301636, 0.7817777220643307, 0.9943101931901808]
02307790,93025,390252,107,3;[98498.89000000001, 1348, 0.7956227868891336, 1.4583529545935778, 185.06609490376042, 0.83649480435334, 0.993807450411224]
02307790,93048,390346,461,1;[77040, 1270, 0.8235034905515386, 1.29928998342294, 262.9926171437171, 0.8849429219419744, 0.9874454463307251]
02307790,93048,390346,461,2;[99370.95, 1452, 0.7564557397293545, 1.3563960963462587, 332.68619340953285, 0.8158636388614942, 0.9960755779278098]
02307790,93048,390346,461,3;[97023.40000000001, 1320, 0.8066391748798851, 1.4942827771322302, 139.81238751194718, 0.8458077599072232, 0.9910924828392099]
02307790,93048,390346,462,1;[97929, 1616, 0.8181227202616114, 1.3051503316874031, 227.82059300257276, 0.8863138076517958, 0.9883531988333014]
02307790,93048,390346,462,2;[95867.59, 1446, 0.8065908199271251, 1.5555962816716635, 222.83083495006483, 0.826997386371089, 0.9924850008007786]
02307790,93048,390346,462,3;[97934.45000000001, 1378, 0.7802267231413699, 1.6298501805893038, 207.97788208740076, 0.83111954872346, 0.9935786064742101]
02307790,93056,390383,392,1;[79559, 1284, 0.8401718057859031, 1.3629316766620014, 248.13724047144717, 0.8853483348103512, 0.9890108524048083]
02307790,93056,390383,392,2;[99206.73, 1494, 0.7896040432504936, 1.5529105085957933, 303.03903769142465, 0.7750272354091835, 0.9964560411649046]
02307790,93056,390383,392,3;[95408.17000000001, 1328, 0.8137222296475989, 1.5531345310023912, 170.6957173317072, 0.8175338167711079, 0.9909782995375311]
02307790,93076,390498,730,1;[94521, 1520, 0.8498896814208453, 1.2207032672005802, 236.70836879083456, 0.8828491449606879, 0.993269336864173]
02307790,93076,390498,730,3;[99168.82, 1360, 0.7903178252400916, 1.5049956993271432, 189.1928537701362, 0.8477339966671933, 9999]
02307790,93076,390498,731,2;[93144.87, 1370, 0.8130092494508773, 1.5461477992668051, 247.93365666039458, 0.8091364670621611, 0.9947512899372188]
02307790,93080,390528,146,1;[96465, 1590, 0.8889622872477451, 1.4034088042101904, 195.72480112791578, 0.899809872243346, 0.9911738111873741]
02307790,93080,390528,146,2;[98893.76, 1374, 0.7704785117350388, 1.4218765480269036, 232.4651737472601, 0.8166999411611143, 0.9986601053890201]
02307790,93080,390528,148,3;[93324.40000000001, 1250, 0.8183439825033174, 1.4215877215991142, 118.95229605780327, 0.8666847168843487, 0.9967589239334811]
02307790,93082,390545,284,1;[98422, 1554, 0.8251822154863644, 1.390272592879495, 213.81089181881472, 0.8897307346281649, 0.990968495454042]
02307790,93082,390545,284,2;[100220.61, 1504, 0.7702882566183464, 1.5658574253213546, 281.6537397939904, 0.8013083192615917, 0.9930139191029519]
02307790,93082,390545,284,3;[100475.8, 1300, 0.7711108903447071, 1.563348087087318, 211.8575128411065, 0.7976128474890676, 0.9975381183607405]
02307790,93083,390550,349,1;[86540, 1442, 0.8222679532710669, 1.2827495598923997, 238.85368498485465, 0.8911077299967215, 0.9895148472963856]
02307790,93083,390550,349,2;[96468.54, 1440, 0.8182580693905914, 1.577244143462582, 226.07116674461497, 0.8223462126708322, 0.9885374240909202]
02307790,93083,390550,349,3;[98819.47, 1358, 0.8137656616065702, 1.471044928193293, 158.3679516325662, 0.8242491173852446, 0.992091436745248]
02307790,93084,390556,404,1;[97699, 1608, 0.8264064086194134, 1.3460859340960623, 242.44939670723937, 0.884650486604706, 0.9885561064454114]
02307790,93084,390556,404,2;[97029.03, 1462, 0.8026527771677268, 1.5957710438041635, 237.92819670591567, 0.8151234125481757, 0.9873399327944783]
02307790,93084,390556,404,3;[99167.45000000001, 1394, 0.7947768428922168, 1.4466728024061624, 150.1754423144287, 0.840210639644182, 0.9926563860642755]
02307790,93096,390619,930,2;[96345.97, 1442, 0.8194832368122764, 1.6019033965816822, 224.28539627169405, 0.8204949560129265, 0.9946192307219813]
02307790,93096,390619,930,3;[99029.08, 1298, 0.7748655379023168, 1.6008700569019583, 224.8706674918747, 0.8135427446397514, 0.9977431933469064]
02307790,93096,390619,931,1;[94930, 1460, 0.8515398637308954, 1.3586156619503262, 221.82829961988443, 0.8916472183876052, 0.9951620427396571]
02307790,93102,390668,1497,2;[95725.98, 1446, 0.779566974451627, 1.3260328396008854, 312.62260085735244, 0.7911355289966949, 9999]
02307790,93102,390668,1497,3;[99055.11, 1268, 0.7639910340452184, 1.533975929713738, 262.76242818236466, 0.7779155424074262, 0.9970970922655782]
02307790,93102,390668,1498,1;[94936, 1540, 0.868319882367437, 1.2585731893958219, 243.9521971074035, 0.8886195779673152, 0.9885459619309426]
02307790,93113,390736,1897,1;[97738, 1588, 0.8335106608928758, 1.3323340009023459, 227.7124868134644, 0.8828253061110242, 0.9923294430596943]
02307790,93113,390736,1897,2;[99316.20999999999, 1446, 0.7550470535870774, 1.4756584951306952, 391.568870317083, 0.7423330421407711, 0.9930511761836203]
02307790,93113,390736,1898,3;[96456.22, 1346, 0.8134547801743011, 1.5144308583840065, 151.13889575048748, 0.8463280111615714, 0.9949760816263081]
02307790,93113,390739,1899,1;[82559, 1350, 0.836492524087398, 1.3440888076344568, 258.8002853097983, 0.8840403403005547, 0.9911877348636741]
02307790,93113,390739,1899,2;[99472.09999999999, 1476, 0.7801945931218973, 1.2981906683270579, 370.4884272520158, 0.7752228751733378, 0.9932094841465515]
02307790,93113,390739,1899,3;[94113.52, 1236, 0.8131768811329251, 1.5219073445792572, 158.63157741377688, 0.8329736488442883, 0.9943836488912049]
02307790,93113,390739,1901,1;[85918, 1378, 0.8896465697402326, 1.3482314872966024, 243.39387871831926, 0.8977252767700118, 0.987909554498991]
02307790,93113,390739,1901,2;[98021.48999999999, 1492, 0.7742321428140181, 1.2767243969348918, 286.7236016112197, 0.854306567055377, 0.9924695166032098]
02307790,93113,390739,1902,3;[94424.51000000001, 1262, 0.8115163802798071, 1.423060992892158, 134.65469920183313, 0.8627017135673685, 0.9950552583898189]
02307790,93118,390771,166,1;[88571, 1352, 0.8015459032882085, 1.5789204346878054, 347.52435461034895, 0.8422128522182497, 0.9924533164508738]
02307790,93118,390771,166,3;[93871.03000000001, 1294, 0.8165874696360306, 1.47067424413288, 143.00965290974708, 0.8514460661339766, 9999]
02307790,93118,390771,167,2;[99557.78, 1432, 0.7573575966671833, 1.3708298934967174, 381.80432811423844, 0.8094832585379715, 0.9975556535943816]
02307790,93119,390774,235,1;[97751, 1606, 0.8410413332154463, 1.4704728568183094, 277.2527823777925, 0.8772537193760823, 0.9896330043027082]
02307790,93119,390774,235,2;[99689.87, 1440, 0.7467816336383308, 1.435853373792778, 407.901257608684, 0.7239641023778884, 0.993595293726946]
02307790,93119,390774,235,3;[96017.82, 1364, 0.7698849359190512, 1.4861605772800541, 418.9748583242193, 0.8486040182945342, 0.9884702447692991]
02307790,93123,390806,1721,1;[93147, 1530, 0.8454049794342453, 1.2655075256185908, 251.8027932268458, 0.8806930234443004, 0.9866169546819474]
02307790,93123,390806,1721,2;[99724.37999999999, 1436, 0.755357507968845, 1.5627193719357035, 399.578988404122, 0.7687197168724046, 0.9940276731648587]
02307790,93123,390806,1721,3;[98515.33, 1350, 0.7768831979346309, 1.45167658821172, 225.44870895963743, 0.7800720947051971, 0.9977314509695099]
02307790,93124,390810,1797,1;[98735, 1600, 0.7772782975574921, 1.3889324652820854, 398.65233170921533, 0.8650828830704272, 0.9871180272635931]
02307790,93124,390810,1798,2;[99156.75, 1496, 0.7836835009605188, 1.5847808315769427, 337.5878892586222, 0.7837348532047445, 0.9942546222548371]
02307790,93126,390822,1859,2;[99666.06999999999, 1406, 0.7497804750077548, 1.5051274792822547, 379.14790425488957, 0.7405374093909279, 0.9943959631938261]
02307790,93126,390822,1859,3;[99825.05, 1320, 0.791107637193138, 1.490724637313057, 197.43119027514138, 0.7912961694212854, 0.9937130076644028]
02307790,93126,390822,1860,1;[92243, 1446, 0.8291118357501462, 1.3941219439283277, 239.90862638542336, 0.8826206028373671, 0.9902470706322496]
02307790,93130,390847,526,1;[92682, 1500, 0.8451814328733264, 1.3914806946943268, 233.87027677569787, 0.8940820062023752, 0.992801593932772]
02307790,93130,390847,526,2;[93698.22, 1370, 0.8072259994020249, 1.600564252434397, 236.26895461204782, 0.8262149714021633, 0.9950209776070363]
02307790,93130,390847,526,3;[98524.92000000001, 1360, 0.7773226604252723, 1.4221023275230829, 182.48970789194678, 0.812816804690172, 0.9919174643458112]
02307790,93130,390847,528,1;[97741, 1522, 0.7915321347652339, 1.3481051930915262, 301.80049811084007, 0.8490589456029743, 0.9918161292777594]
02307790,93130,390847,528,2;[99363.81, 1462, 0.7644109495065504, 1.3453517380353273, 356.3323940861636, 0.7915042106774552, 0.9941659026777316]
02307790,93130,390847,528,3;[97371.38, 1364, 0.779922215314623, 1.5524289501567776, 203.58703886109103, 0.8004056813671633, 9999]
02307790,93130,390849,525,1;[99204, 1548, 0.8116906147916163, 1.4955263860964496, 246.43910320487583, 0.8726633727310832, 0.991182627027621]
02307790,93130,390849,525,2;[94386.04, 1428, 0.8271553572363533, 1.5576630068030586, 216.45312685191172, 0.8332364876055262, 0.9967389460323843]
02307790,93130,390849,525,3;[98926.33, 1312, 0.7721511740603232, 1.5161260944418131, 220.76605615482197, 0.7778728319082558, 0.9943130180936907]
02307790,93133,390876,773,2;[98396.34, 1496, 0.7849364878318995, 1.3533858547683055, 330.6853130433386, 0.8252038690356868, 0.9920038391170031]
02307790,93133,390876,773,3;[99090.73000000001, 1306, 0.7661952167535041, 1.470970201802871, 226.65389767526935, 0.8060231078848761, 0.997256232075888]
02307790,93133,390876,774,1;[97157, 1568, 0.7918318262605013, 1.3555075990458993, 269.30278053022425, 0.869198179363197, 0.9901602588600984]
02307790,93134,390883,838,1;[98444, 1590, 0.8131489863532033, 1.467675876260159, 291.15519464070945, 0.8691703432827442, 0.9902527838411476]
02307790,93134,390883,838,2;[93432.84999999999, 1332, 0.8118589341372977, 1.5810217490186664, 235.69213841201147, 0.8296795360232221, 0.9967057867710998]
02307790,93134,390883,838,3;[94161.47, 1268, 0.8125737718227856, 1.482670761554472, 150.1199010976416, 0.8261311791854111, 0.9932799583790971]
02307790,93136,390897,1000,1;[93822, 1536, 0.8772671316447461, 1.3844438393328091, 226.47979038620753, 0.8864541307562449, 0.9882657790511502]
02307790,93136,390897,1000,2;[99150.79999999999, 1468, 0.764775802052992, 1.60928373470801, 357.8483040981254, 0.7656730418660265, 0.9946697068637224]
02307790,93136,390897,1000,3;[93602.51000000001, 1262, 0.8172674753554026, 1.4422151626365793, 139.19839021382572, 0.8495622038067933, 0.9948816518503957]
02307790,93137,390906,1103,1;[98642, 1528, 0.784969114391033, 1.546748822375757, 275.7100296849839, 0.8618327513232155, 0.9920848042321657]
02307790,93137,390906,1103,2;[95786.67, 1448, 0.8183598607276784, 1.5561889408434455, 237.96372247079236, 0.8265208998851844, 0.989215993511162]
02307790,93137,390906,1103,3;[99034.56000000001, 1312, 0.7766903287877344, 1.5335998353783276, 197.76544586065162, 0.8268601294083985, 0.9921152856407617]
02307790,93141,390934,143,1;[82996, 1402, 0.8508867759630874, 1.3864627639266909, 275.03698991722047, 0.8834325900519013, 0.9907426750147723]
02307790,93141,390934,143,2;[98678.37, 1494, 0.7760199862216075, 1.5861328515994888, 305.1936009398857, 0.8111724189958932, 0.9938694424968089]
02307790,93141,390934,143,3;[139183.78, 1698, 0.8321254380100509, 1.0667015007653602, 291.79694373584357, 0.8779149240440205, 9999]
02307790,93147,390953,260,2;[98139.29999999999, 1490, 0.7733045671496499, 1.5640475063648718, 265.6767633855312, 0.800667213521048, 0.993111919269767]
02307790,93147,390953,260,3;[98742.75000000001, 1320, 0.7957430935074928, 1.439924193381668, 169.48062187765908, 0.8267640915210983, 0.9961508427373935]
02307790,93147,390953,262,1;[93122, 1474, 0.8311331385521121, 1.1621688772729557, 204.03174911733782, 0.8920256712018583, 0.997114298410455]
02307790,93148,390956,357,2;[94276.56, 1362, 0.812265196334031, 1.5508182696233832, 205.02978724003802, 0.8326733258792804, 0.9995142721968144]
02307790,93148,390956,357,3;[99179.78000000001, 1390, 0.7737009657222697, 1.616940398630606, 191.2575410186164, 0.8413796352700065, 9999]
02307790,93148,390956,359,1;[96455, 1570, 0.8449030089619627, 1.2613116495231582, 219.74158417505174, 0.8847927746436258, 0.9911627190052921]
02307790,93163,391029,43,1;[92002, 1434, 0.8994126125335375, 1.2904800625806836, 217.78285728184238, 0.8938567103870153, 0.9933972908917167]
02307790,93163,391029,43,3;[98715.35, 1268, 0.7756735559765707, 1.550341782042251, 203.6086155467534, 0.8303562819755563, 0.9951866967757084]
02307790,93163,391029,44,2;[94632.37, 1424, 0.8286015928031429, 1.515146703940064, 216.5403994868007, 0.8406409100891911, 0.9961168940162589]
02307790,93165,391039,125,1;[82399, 1386, 0.8411887145799405, 1.4546697686372791, 281.2920895952875, 0.8775552153016146, 0.9897302231724602]
02307790,93165,391039,125,2;[97960.79999999999, 1478, 0.7695420809733993, 1.3368247105476814, 332.5318224646065, 0.811054828081928, 0.994124857348155]
02307790,93165,391039,125,3;[99283.90000000001, 1308, 0.7901889077998776, 1.4547652119505765, 201.8968517190869, 0.8088542590639113, 0.9971380610363522]
02307790,93165,391039,127,1;[76883, 1246, 0.8288530088974115, 1.1705929965851152, 270.6570438105192, 0.8865927824573645, 0.9908880010310607]
02307790,93165,391039,127,2;[98584.36, 1494, 0.75787721487323, 1.5405212987194876, 317.52136644846246, 0.8005499955790205, 0.9966315384245223]
02307790,93165,391039,127,3;[98068.71, 1348, 0.7950473244187656, 1.392935020672633, 196.5421680540069, 0.828131810406381, 0.9920794960813255]
02307790,93173,391088,525,1;[93716, 1552, 0.9039270012369955, 1.4512261983563253, 199.7389792108575, 0.9008142815229314, 0.9892802288573495]
02307790,93173,391088,525,2;[96388.81, 1466, 0.8179667333014224, 1.6490480469283746, 222.32080767075388, 0.8336622689057214, 0.992428048078219]
02307790,93173,391088,525,3;[98329.01000000001, 1296, 0.7706402333520415, 1.4942621175045423, 213.94886119589697, 0.8007368106539405, 0.9939482066195817]
02307790,93190,391185,378,2;[98368.97, 1484, 0.7724525782347035, 1.2979319116008496, 362.30212474075296, 0.7830675465677756, 0.992335071997503]
02307790,93190,391185,378,3;[99120.87000000001, 1304, 0.7663806033603738, 1.4985372668401173, 231.09414903671404, 0.7896837370851291, 0.9944607856612695]
02307790,93190,391185,379,1;[94464, 1568, 0.8519513103565172, 1.3186668264246806, 239.0239878877196, 0.8880155046617412, 0.9914253628740253]
02307790,93244,391403,47,1;[65604, 1142, 0.8184483191158564, 1.2715350382704547, 306.00890812008623, 0.8855316250652423, 0.9905331340308918]
02307790,93244,391403,47,2;[98352.31, 1474, 0.7515017152634074, 1.3016920668132992, 374.89942128123187, 0.7686520853977423, 0.9921908294767676]
02307790,93244,391403,47,3;[98352.3, 1272, 0.7700686270931261, 1.5333130712358356, 229.42351154041495, 0.8153395949183396, 0.9965988755466093]
02307790,93246,391416,182,2;[82519.36, 1362, 0.7482714434319785, 1.145436767044205, 802.2073790012946, 0.7720840394271983, 0.9912516438904454]
02307790,93246,391416,182,3;[96859.00000000001, 1360, 0.797404624690529, 1.5409477408470447, 171.32364222584758, 0.8335614976025219, 9999]
02307790,93246,391416,183,1;[99018, 1566, 0.8167998591138802, 1.5078535742990684, 275.89563417992025, 0.8738398286525696, 0.9910471662704867]
02307790,93246,391420,179,1;[92783, 1450, 0.762409299469465, 1.1348372664835462, 629.7068357302722, 0.8460018770227661, 0.9925544774762246]
02307790,93246,391420,179,2;[98811.65, 1486, 0.7842393520736399, 1.371450381551689, 323.5452002437475, 0.8117769249613167, 0.9956652857134293]
02307790,93246,391420,179,3;[93494.28000000001, 1248, 0.8133022472587819, 1.468542771280497, 142.72193612562936, 0.848332421317193, 0.9957031449477302]
02307790,93247,391421,244,1;[94314, 1562, 0.8420464795486812, 1.2692635705584716, 238.21451321019998, 0.881618886020685, 0.9866306803916646]
02307790,93247,391421,244,2;[97452.67, 1476, 0.7947053408764373, 1.388080322487193, 316.5650171595264, 0.8405332024021752, 0.9944746684801088]
02307790,93247,391421,244,3;[98826.32, 1280, 0.7736884826379224, 1.5058205477872555, 225.36190729788524, 0.7860986569701502, 0.997083500352468]
02307790,93260,391464,163,2;[95747.4, 1450, 0.8299254385113495, 1.6375476265783149, 209.19208226448825, 0.8298219132915763, 0.9891872952255669]
02307790,93260,391464,163,3;[95583.53000000001, 1324, 0.8226201411841443, 1.5155312576967888, 135.73463239685236, 0.8595380180394674, 0.9922702222222223]
02307790,93260,391464,164,1;[98629, 1600, 0.8270820190595268, 1.4150200003698066, 251.02680487848662, 0.8875941837833784, 0.9894413707658893]
02307790,93261,391469,273,3;[94428.62000000001, 1288, 0.8037951200778971, 1.4657755176276757, 165.9525684428941, 0.8275442233167694, 0.9938932508525656]
02307790,93261,391469,274,1;[96475, 1596, 0.8442385137800895, 1.3335919808163894, 247.46222012102797, 0.8801009146007435, 0.9868505173357338]
02307790,93261,391469,275,2;[95514.15999999999, 1398, 0.7504441026000206, 1.3298450311412238, 673.6100357443477, 0.7493689311762343, 0.9952755905511811]
02307790,93261,391474,268,3;[96534.31000000001, 1364, 0.797122462091027, 1.5335077721419839, 145.18737010144713, 0.8488009059899677, 35231.5]
02307790,93261,391474,271,1;[94367, 1556, 0.8365857309055131, 1.1858760092821201, 234.28580954974566, 0.8853002167803078, 0.9850726014384584]
02307790,93261,391474,272,2;[96647.04, 1472, 0.8071474683803165, 1.5724157914022423, 236.28733760790965, 0.8280788371888088, 0.9943253815216793]
02307790,93328,391868,1,1;[98798, 1478, 0.8248336847700125, 1.3362700405988435, 186.88903844227104, 0.8809232756618625, 0.9940436663648254]
02307790,93328,391868,1,2;[99860.04, 1416, 0.7578647329061854, 1.480064818996823, 360.68358628694955, 0.7425204659721233, 1.0000595869433089]
02307790,93328,391868,1,3;[96464.44, 1352, 0.787499521647559, 1.499150657260949, 157.06160410558712, 0.8372754866742713, 0.993334226805578]
02307790,93328,391868,2,1;[94672, 1534, 0.8701107465413692, 1.2615779574358539, 184.3017585159783, 0.8933643724019642, 0.9877202683387412]
02307790,93328,391868,2,2;[99683.92, 1444, 0.7625210570632446, 1.3486213373791904, 364.6178989117364, 0.7831705820994237, 0.9952889876373056]
02307790,93328,391868,2,3;[96863.11, 1356, 0.8173836286535131, 1.4172868786718185, 138.05339300153685, 0.8484725248410133, 0.9911542882776796]
02307790,93342,391968,186,1;[97975, 1484, 0.8347901428180813, 1.3361398917667104, 201.74638697190042, 0.8862220093624372, 0.9908575127175638]
02307790,93342,391968,186,2;[93199.61, 1320, 0.8145165818764308, 1.4962100703701273, 209.9380135686, 0.8313400217182603, 0.9992982366601169]
02307790,93342,391968,186,3;[95360.22, 1336, 0.7954494515251397, 1.4823800624331718, 151.8682400519137, 0.8214615523703721, 0.9896986371488898]
02307790,93342,391972,187,1;[98195, 1486, 0.7986246384557996, 1.4973419295183763, 255.8578020299809, 0.8551520346287724, 0.9934944049859366]
02307790,93342,391972,187,2;[98219.03, 1486, 0.7877445555311487, 1.5934998453282319, 242.88961531670307, 0.8177645303377749, 0.9958795103675863]
02307790,93342,391972,187,3;[96363.06000000001, 1332, 0.8059070032180967, 1.5014595532979156, 145.62803193867583, 0.8248044995768821, 0.9883513426166622]
02307790,93342,391972,189,1;[87969, 1342, 0.8313477540185833, 1.547955619708989, 261.5626504157368, 0.8709481411773055, 0.9884546021472754]
02307790,93342,391972,189,2;[98859.25, 1602, 0.7798853126276802, 1.5844561454704476, 312.37416983003055, 0.8290173054832368, 0.9929124635463976]
02307790,93342,391972,189,3;[98244.07, 1262, 0.7790091793244646, 1.5262449542397671, 199.2916298172199, 0.799246020150599, 0.9975031471473977]
02307790,93346,392002,1,2;[99564.92, 1478, 0.770780205815411, 1.3623656407516829, 337.9549803648955, 0.7615737625531376, 0.9891939183277766]
02307790,93346,392002,1,3;[98778.37000000001, 1366, 0.7789141656929829, 1.5904781736933418, 190.18432737708224, 0.8086700121136351, 72101.0]
02307790,93346,392002,2,1;[92968, 1458, 0.770402741781774, 1.6647271546586382, 831.5829431354479, 0.86316428459041, 0.989184386787183]
02307790,93379,392062,74,1;[77043, 1268, 0.7881272421795301, 1.5487612517812956, 620.6455048034893, 0.8567170541178337, 0.9995005286612222]
02307790,93379,392062,74,2;[100239.65, 1476, 0.7653572534932578, 1.4770147897039043, 330.6331842872808, 0.7433198671410844, 0.9898180408100915]
02307790,93379,392062,74,3;[96715.15000000001, 1358, 0.8011518983257984, 1.5482616572260042, 177.56965718922672, 0.8111129530115164, 9999]
02307790,93393,392141,962,1;[99345, 1496, 0.8134899207873593, 1.5616009373155795, 266.2819201586927, 0.8628857438700412, 0.9946933667083855]
02307790,93393,392141,962,2;[94389.61, 1386, 0.822464171609542, 1.5663704199062147, 224.91137336945852, 0.8240624500513971, 0.9917974366989685]
02307790,93393,392141,962,3;[99752.44, 1348, 0.7718265029741145, 1.5966881291957564, 209.81231397749028, 0.7996166771813825, 0.9946451013605814]
00023698,93080,390528,134,1;[36900, 898, 0.9978155479327312, 1.0259673944738459, 89.73238912855744, 0.9929930238391793, 0.9837638966648005]
00023698,93080,390528,134,2;[39364.009999999995, 820, 1.0504391901326098, 1.022399976459444, 131.86334323534342, 0.9822628171354302, 1.0140555785472325]
00023698,93080,390528,134,3;[55474.04, 910, 1.2348669144335471, 0.954528904486548, 84.48481776732575, 0.9923977465338607, 26994.666666666668]
00023698,93244,391403,53,2;[43991.92, 860, 1.0139415938895173, 1.0212939734954087, 88.72411398565121, 0.9915332214735743, 9999]
00023698,93244,391403,54,1;[45368, 944, 1.0138822074695624, 0.9740646097252217, 57.91967425793741, 0.993886083647604, 1.000099198694986]
00023698,93244,391403,55,3;[38692.91, 766, 1.0128055678324268, 1.0020142613457823, 123.04365198080062, 0.9864740144323954, 0.9985680697226298]
00023892,93026,390259,210,1;[115384, 1676, 0.9705763288702812, 0.9705763288702812, 27.44450635858385, 0.9967809945790217, 0.9971869206936336]
00023892,93026,390259,211,2;[117053.15999999999, 1570, 1.0149650236071255, 0.9746772383627069, 32.01824097753799, 0.9959190027831599, 0.996711876257112]
00023892,93026,390259,211,3;[116700.71, 1438, 1.0186254340279237, 0.9437976061425024, 56.93241554978748, 0.9908537816795847, 9999]
00023892,93026,390259,212,1;[115337, 1664, 0.9804131521278897, 0.9889032468085639, 29.32303153461915, 0.9964262448288627, 0.9924920079683675]
00023892,93026,390259,212,2;[117691.0, 1554, 1.014747909288223, 0.9808503008994244, 33.38817836122004, 0.9959185983378324, 9999]
00023892,93026,390259,212,3;[114356.64000000001, 1394, 1.0039062202291396, 0.9507977939312924, 37.10296143051946, 0.9936297065684685, 9999]
00023892,93026,390259,214,1;[120043, 1634, 1.0032661182443197, 0.9887838124952426, 22.927187669422857, 0.9969424029558446, 0.9982495311986761]
00023892,93026,390259,215,3;[114305.95000000001, 1398, 1.010278510246198, 0.9543713578041263, 39.13504025500448, 0.9933049493998183, 9999]
00023892,93026,390259,216,2;[116758.04, 1568, 1.0123332269148082, 0.98091887278259, 29.98789604125521, 0.996023856518871, 0.9963240520725442]
00023892,93049,390350,751,2;[112488.31999999999, 1480, 0.9848740726439702, 0.9929826624223882, 26.49613653842162, 0.9961483784872827, 9999]
00023892,93049,390350,752,3;[118309.09000000001, 1532, 1.0130833231157215, 0.9721992345752148, 59.29260583943325, 0.9911236827270111, 9999]
00023892,93049,390350,753,1;[115862, 1658, 0.9829469492684024, 0.9978529551266063, 24.60371064380052, 0.9960469422803894, 0.9909383646292598]
00023892,93049,390350,756,2;[116076.17, 1538, 1.0085478725212538, 0.9927081192712227, 43.37188848757056, 0.9943862237694245, 9999]
00023892,93049,390350,756,3;[117833.70000000001, 1382, 1.047327962051423, 0.9430491915437306, 103.28006889242694, 0.9876476852572468, 0.9989779088945155]
00023892,93049,390350,757,1;[119330, 1636, 1.0075125795868425, 0.9942916148693116, 29.0029681718026, 0.9953227996444487, 9999]
00023892,93049,390350,758,3;[117121.3, 1400, 1.030931342867741, 0.9719735434960686, 74.73251000866165, 0.9910807744684849, 9999]
00023892,93049,390350,760,1;[119412, 1684, 1.0004737661313214, 0.9880028410604836, 28.934950571560975, 0.9954903479060804, 0.999870214146658]
00023892,93049,390350,760,2;[117228.09, 1564, 1.0405712513178689, 0.9825036010815462, 94.58212834702178, 0.9879751501300211, 0.9954779023530066]
00023892,93049,390350,761,1;[115473, 1576, 0.991677529821298, 0.9926776955103828, 36.86362273631874, 0.9942467519164607, 1.0014917476864902]
00023892,93049,390350,763,2;[118247.92, 1546, 1.0345050869305332, 0.994516715150005, 59.95186314319832, 0.9908730469999921, 9999]
00023892,93049,390350,763,3;[118310.46, 1494, 1.0361395917367435, 0.9712337522244107, 108.28824339469637, 0.9843328979744623, 0.9939059128182995]
00023892,93049,390350,766,1;[116227, 1652, 0.9751026370807013, 0.9892795240401203, 27.456611617824382, 0.9965442441576506, 0.9924685549359998]
00023892,93049,390350,767,3;[117711.77, 1466, 1.0214023858039325, 0.9691685127209577, 43.76655418360943, 0.9929606828812833, 10740.125]
00023892,93049,390350,769,2;[117706.47, 1490, 1.0202549609913965, 0.9997484379105231, 29.963769686372082, 0.995278891855519, 9999]
00023892,93049,390350,770,1;[117114, 1588, 1.0024585818836231, 0.9928265580916606, 32.869004539460455, 0.9955113006843905, 9999]
00023892,93049,390350,770,3;[118395.40000000001, 1410, 1.0424963099943128, 0.9275135170288007, 78.28360049762023, 0.9922517167138535, 9999]
00023892,93049,390350,773,2;[114238.81, 1522, 1.0044227657496143, 0.986742260703326, 36.17136856988099, 0.9948063335800724, 9999]
00023892,93099,390646,1221,2;[114072.20999999999, 1486, 1.0090858747803573, 0.9867088647928606, 38.53013999163804, 0.9934468550222741, 9999]
00023892,93099,390646,1222,1;[115757, 1704, 0.9986716907804245, 0.9931340390066832, 35.39650912607604, 0.9961712619634862, 0.989105543782897]
00023892,93099,390646,1222,3;[117585.73000000001, 1392, 1.1323117391248805, 0.9651113997953958, 50.31573890807299, 0.9940088735414381, 9999]
00023892,93103,390673,1487,1;[118131, 1640, 0.9941992381714719, 0.9832364950716539, 24.18140079113889, 0.9967673469878491, 0.9975637458357788]
00023892,93103,390673,1488,3;[117951.52, 1364, 1.034720293021279, 0.9614925636421753, 96.22023479779668, 0.98528403584093, 0.9961010262284081]
00023892,93103,390673,1489,2;[116541.45999999999, 1546, 1.014966414714585, 0.992022459678374, 40.09946663942671, 0.9947342202306876, 0.9929282227280332]
00023892,93103,390673,1491,2;[120403.01, 1514, 1.0503891899546012, 0.9843946252209498, 113.66690920960296, 0.984839104179109, 9999]
00023892,93103,390673,1492,1;[114627, 1678, 0.9987680845865211, 0.9924709850319351, 45.564953524898826, 0.9946129103177113, 0.9927122981592382]
00023892,93103,390673,1492,3;[112581.12000000001, 1362, 1.004285977747245, 0.9649001229124898, 31.23126453415144, 0.9956981357234577, 9999]
00023892,93103,390673,1495,2;[114817.15, 1510, 0.9930315460441014, 0.9870770259924616, 31.546042712339776, 0.9947702350629656, 9999]
00023892,93103,390673,1497,3;[113548.34000000001, 1404, 1.0054351093309934, 0.960491452600365, 28.91913419738997, 0.9948299282430487, 9999]
00023892,93103,390673,1498,1;[116314, 1654, 0.989772517025471, 0.9913499174139772, 25.89202116124958, 0.9956881817830718, 0.9948765321221763]
00023892,93103,390673,1499,1;[115761, 1706, 0.9962542217613665, 0.9812057965453727, 38.26655464467754, 0.9959036968410945, 0.9896936302274583]
00023892,93103,390673,1499,3;[117251.45000000001, 1500, 1.0242496834682837, 0.9748615169204323, 53.78139989410666, 0.9908513476631625, 34234.0]
00023892,93103,390673,1500,2;[113904.42, 1520, 1.0033341804562999, 0.9866325509813356, 31.931454020851525, 0.9944117262205622, 0.9918501209788144]
00023892,93122,390798,1587,3;[117843.29000000001, 1442, 1.0406381091708652, 0.97290517790024, 111.87571133625764, 0.982512094931687, 0.9956477955389904]
00023892,93122,390798,1589,1;[115972, 1698, 0.9778822539189395, 0.9908134710763481, 20.37117655163161, 0.9968449509462828, 0.9941706957446079]
00023892,93122,390798,1589,2;[117505.36, 1504, 1.0292453359150497, 0.9978651105229204, 41.27597117489877, 0.9945531923571351, 9999]
00023892,93122,390798,1590,1;[114476, 1708, 0.9714008354292216, 0.9792266459744134, 31.895664856885332, 0.9963746613606888, 0.9873600048300221]
00023892,93122,390798,1590,2;[115546.62, 1446, 1.0044099548766843, 0.9937778684089924, 34.96544073137213, 0.9941037791054449, 9999]
00023892,93122,390798,1592,3;[117977.55, 1424, 1.0384956777881869, 0.9582881772027657, 51.69301507743181, 0.993571167624946, 172230.0]
00023892,93139,390920,17,2;[116130.90999999999, 1510, 0.9981631323817355, 0.9808162066148503, 32.268889709424414, 0.993887002655094, 0.9946034641785189]
00023892,93139,390920,17,3;[117082.94, 1368, 1.01704474354301, 0.9629625559037094, 53.25214145749839, 0.9925764721536028, 9999]
00023892,93139,390920,18,1;[114291, 1656, 0.9814575364939319, 0.9959018721886728, 30.733984173391054, 0.9957475714305857, 0.9944271152817112]
00023892,93139,390920,19,1;[117141, 1708, 1.0011284673044343, 0.9784178992053928, 59.47460187917027, 0.9921109682880714, 0.9933264364697103]
00023892,93139,390920,20,3;[118051.53000000001, 1470, 1.0213625513322462, 0.9716452290970454, 85.44257796364806, 0.9849400431888099, 9999]
00023892,93139,390920,21,2;[115941.7, 1478, 1.0067750976010585, 0.9966286729292532, 25.270836994108723, 0.9955051948918705, 1.001742742428838]
00023892,93166,391047,301,1;[119197, 1602, 0.9934559797032223, 0.9948353663934025, 20.712104405988043, 0.9968702647084702, 0.9987055043296481]
00023892,93166,391047,301,2;[116151.14, 1540, 1.0002683910551358, 0.9928704150270152, 33.4848806094114, 0.9948215854848882, 9999]
00023892,93166,391047,303,3;[118637.89000000001, 1398, 1.0223579081250327, 0.9703534494557088, 42.23273852076505, 0.9934911546531924, 9999]
00023892,93166,391047,304,1;[117753, 1622, 0.9772164352433422, 0.9958620833402838, 25.766315361363983, 0.9967860458868003, 0.9972686967237064]
00023892,93166,391047,305,2;[117093.62, 1536, 1.002178459818774, 0.997850638667676, 24.4138911119299, 0.9964615269265222, 1.000127051242307]
00023892,93166,391047,305,3;[119032.45000000001, 1370, 1.0183846266174685, 0.9748323649170428, 37.875699129217296, 0.9947455224370897, 2199.6202531645567]
00023892,93166,391047,307,2;[115370.5, 1528, 1.0058060097422366, 0.9895282762600829, 39.93207841576104, 0.9944151817445519, 9999]
00023892,93166,391047,308,1;[115460, 1682, 0.9960968642594321, 0.9954651582763876, 40.582903883813906, 0.9951983391381567, 0.9932470213772635]
00023892,93166,391047,308,3;[118877.64000000001, 1454, 1.017150500848034, 0.9733966928934351, 36.44529966828555, 0.9937569319287601, 1324.7633587786258]
00023892,93166,391047,309,1;[119716, 1620, 1.0322619672169577, 0.9876387315526259, 46.38197855060344, 0.9944067144527013, 0.999419796219075]
00023892,93166,391047,309,2;[115416.90999999999, 1496, 1.0140101989435855, 0.9782871975660953, 49.76970517264166, 0.9923215994050387, 9999]
00023892,93166,391047,310,3;[117396.67000000001, 1446, 1.0322636927019022, 0.9549682020607355, 42.6314536599798, 0.9954496600959517, 9999]
00023892,93166,391047,312,2;[119097.58, 1476, 1.0286965797742729, 0.9766518066581236, 64.13464440773701, 0.9901136968339167, 100082.0]
00023892,93166,391047,313,1;[120302, 1688, 1.021004314514589, 0.9866737636844082, 42.55555215394716, 0.9931729686905908, 0.9957002685780263]
00023892,93166,391047,313,3;[119017.38, 1408, 1.0256435421473993, 0.9687818342517958, 44.27779058241403, 0.9929874755115312, 24821.14285714286]
00023892,93166,391047,315,1;[117580, 1706, 0.9911475015587408, 0.9998940038735258, 31.46718806602632, 0.9964770636421072, 0.9924037812288994]
00023892,93166,391047,315,2;[119473.62, 1562, 1.0290292751963206, 0.976969826578464, 59.39391504055549, 0.9910613417632356, 9999]
00023892,93166,391047,315,3;[120414.78000000001, 1524, 1.0420803432332637, 0.9716719340706381, 114.80932319891738, 0.9838297153742086, 0.9968696835658387]
00023892,93265,391506,609,1;[120450, 1668, 1.0130823848066772, 0.9934285035407959, 28.081715577593773, 0.9950777124707098, 9999]
00023892,93265,391506,609,3;[119976.38, 1438, 1.0627480642574758, 0.9590433977019611, 126.38952663022229, 0.9846962103710577, 0.99012968218255]
00023892,93265,391506,610,2;[119833.0, 1508, 1.0279624297293433, 0.9939602657133225, 34.05485042585448, 0.9943307197997148, 0.9989534301203803]
00023892,93265,391506,611,3;[119896.92000000001, 1368, 1.0267371543472592, 0.9680652141772095, 60.138477372720004, 0.9910185054986551, 175032.0]
00023892,93265,391506,612,2;[116885.37, 1548, 1.0145783774572443, 0.9803564738122116, 29.62078944142632, 0.9948200399301197, 9999]
00023892,93265,391506,613,1;[114481, 1610, 0.9955593575803238, 0.9902087238335712, 36.759064237107594, 0.9944111491071127, 0.9902515396858349]
00023892,93329,391882,87,1;[118271, 1616, 1.0194271800477344, 0.9951980347867928, 37.73351695185407, 0.9949972892828642, 0.9989948475377988]
00023892,93329,391882,87,2;[111247.15, 1430, 0.9892958805203751, 0.987969527216751, 25.62743346510477, 0.9960790202361292, 9999]
00023892,93329,391882,87,3;[115923.92000000001, 1414, 1.0215942370198658, 0.9563196493174627, 47.010858776237484, 0.9953242287886229, 9999]
00023892,93329,391882,89,1;[114628, 1672, 0.9914825066265023, 0.992449732020601, 46.0862142629913, 0.9941192467786226, 0.9939475920434248]
00023892,93329,391882,89,3;[114667.63, 1414, 1.0167941706478845, 0.9529070402788227, 69.36194070195396, 0.9896615259912896, 0.9922821576763485]
00023892,93329,391882,90,2;[116098.78, 1540, 1.024478526931865, 0.9929498654533664, 58.7047229351499, 0.9922725834272821, 9999]
00023892,93329,391882,92,2;[114627.93999999999, 1522, 1.0073552101636527, 0.9847883422105579, 36.85985021329225, 0.9940911230252352, 0.9904477918873066]
00023892,93329,391882,92,3;[114493.64000000001, 1356, 1.0098884038015559, 0.9575393429604518, 53.70771228318953, 0.9928164272628103, 9999]
00023892,93329,391882,93,1;[115389, 1646, 0.9791536811644996, 0.9912072497007227, 30.555962129969355, 0.9961549890584726, 0.995354855405318]
00023892,93329,391882,94,1;[116973, 1592, 0.994606233216065, 0.9965614043713638, 34.71012332712566, 0.9946580766084038, 0.9999615310636661]
00023892,93329,391882,94,2;[112866.73999999999, 1496, 1.003006582190011, 0.9923183925625743, 26.138494257660792, 0.99570058885804, 9999]
00023892,93329,391882,94,3;[114433.36000000002, 1410, 1.0214616209838423, 0.9517095185099957, 73.57692311392724, 0.9894936176987641, 0.990536726513768]
00023892,93329,391882,96,1;[115407, 1632, 0.9872182726007631, 0.9927104473525977, 23.989429741072772, 0.9960868400620199, 0.996795591563164]
00023892,93329,391882,96,2;[113005.97, 1516, 0.9882006017804126, 0.9825266807640969, 27.477798069064683, 0.9957344812378607, 0.9942780561096016]
00023892,93329,391882,96,3;[117169.25000000001, 1434, 1.0569068397282255, 0.9348208440309685, 110.45560734956277, 0.9883416942725053, 9999]
00023892,93329,391882,99,1;[118266, 1608, 1.0340711010663866, 0.9901960891665134, 40.350390802242764, 0.9941750124012475, 0.995743928467688]
00023892,93329,391882,99,2;[114010.33, 1524, 1.0088953795511193, 0.9873587254334197, 27.375748128469997, 0.9954495918170748, 9999]
00023892,93329,391882,99,3;[113752.47000000002, 1336, 1.0058340005280906, 0.9771892906538502, 25.640739364499375, 0.99607581804577, 9999]
00023892,93377,392048,3,3;[118466.64000000001, 1406, 1.047556527781869, 0.9626297559970822, 107.28162349534367, 0.988306503325163, 9999]
00023892,93377,392048,4,1;[118492, 1724, 0.9863208326474601, 0.9986424630954116, 19.764201178268063, 0.9967779664001932, 0.982353745839223]
00023892,93377,392048,4,2;[116322.5, 1540, 1.0024661578187861, 0.9812524545754474, 28.71243987076844, 0.9953319054134065, 9999]
00023892,93377,392048,5,1;[112681, 1604, 0.9750116024793062, 0.9728192778387952, 30.87669786078407, 0.9962903174522396, 0.9869450782375636]
00023892,93377,392048,5,2;[117476.79999999999, 1468, 1.0128946844061226, 0.9826118107683158, 31.69563920609115, 0.9953051589361018, 9999]
00023892,93377,392048,5,3;[119291.38, 1442, 1.0494193382007337, 0.9224995551443748, 90.97954973781846, 0.9914184377585706, 9999]
00023892,93377,392048,8,2;[114999.22, 1520, 1.0070723933409482, 0.9772014446917673, 55.95936210100426, 0.9911467610708359, 1.0000983146794165]
00023892,93377,392048,8,3;[115359.48000000001, 1394, 1.0261842013140077, 0.9530082855170431, 74.80732270330151, 0.9887307322964278, 9999]
00023892,93377,392048,9,1;[115825, 1638, 0.9752674514762388, 0.977930434245964, 26.59457846165895, 0.9966290836236483, 0.9829547624402228]
00232831,93048,390346,740,1;[60347, 1074, 1.0041203919890753, 0.9799737843213558, 68.8031668473261, 0.9893269121354705, 1.0045276737411568]
00232831,93048,390346,740,2;[26282.34, 714, 1.0320528336306802, 1.014372897938292, 140.43680277580415, 0.9847081607347733, 9999]
00232831,93048,390346,740,3;[48303.46000000001, 810, 1.1451752258466206, 0.9524738607388366, 111.29907984614162, 0.9886044851043795, 1.0053033759124088]
00232831,93048,390346,741,1;[58549, 1054, 1.0054455670794802, 0.9721401613657598, 71.84338526471858, 0.9899833681219329, 1.006091640962634]
00232831,93048,390346,741,2;[26754.77, 714, 1.0341519316231074, 1.0048081338552852, 159.3327943069655, 0.9804418482813829, 1.0053435285174503]
00232831,93048,390346,741,3;[59377.170000000006, 910, 1.009236585552549, 0.9801747544230137, 119.60868056295885, 0.9820228240271109, 1.0022546741128724]
00232831,93048,390346,742,1;[60220, 1068, 1.0074655194483435, 0.9772295374079115, 65.41557014703079, 0.9913233628504808, 1.006005629755849]
00232831,93048,390346,742,2;[36023.68, 754, 1.1820072772154882, 0.975194568199687, 145.89823339616314, 0.9858882366313425, 1.007957912962408]
00232831,93048,390346,742,3;[30371.530000000002, 664, 1.0089733402220478, 0.9955065153366602, 110.20559259267367, 0.9896436106369197, 1.003848940409346]
00232831,93147,390953,359,1;[28614, 804, 1.0032679635817676, 0.9797642027110547, 76.11960080236409, 0.9935266967839056, 1.0029442691903259]
00232831,93147,390953,359,2;[32495.329999999998, 730, 1.0010910926167107, 1.0181539503852286, 138.38844875947652, 0.9872961394964037, 1.0066911209009972]
00232831,93147,390953,359,3;[44651.04, 780, 1.1265940771710539, 0.9490983104198878, 135.99181647196534, 0.9850378115291741, 1.0061277725469615]
00232831,93165,391039,287,1;[39866, 864, 1.0298398293658304, 0.9959000629021967, 86.7554628668432, 0.992586344484783, 0.9994735126733021]
00232831,93165,391039,287,2;[58477.79, 974, 1.0269415973797502, 0.9712203717647845, 110.17502078317794, 0.9861528678999373, 1.0036866453569715]
00232831,93165,391039,287,3;[47685.590000000004, 804, 1.0360607644632402, 0.94115180619928, 106.98442230112188, 0.9887037694940279, 9999]
00232831,93165,391039,289,1;[28699, 810, 1.00818441333912, 0.9786705332760606, 77.15163995602295, 0.9933617731220881, 0.9997039101280153]
00232831,93165,391039,289,2;[29376.34, 706, 1.0029025862775742, 1.0184988224387705, 115.10771404046059, 0.9898791421656763, 1.0058060178866095]
00232831,93165,391039,289,3;[29242.65, 658, 1.0054347153086407, 1.016919426240819, 136.91117619523283, 0.9875221844265234, 1.0027482207032625]
00232831,93165,391039,290,1;[29374, 836, 1.0333035036256313, 0.9688302861139513, 84.38927192001452, 0.9925713888783438, 1.00454840805718]
00232831,93165,391039,290,2;[48306.86, 868, 1.1486846561401474, 0.9733066559966124, 138.39645165229948, 0.9857525522417887, 1.0036095727848102]
00232831,93165,391039,290,3;[28849.460000000003, 652, 1.0052699092288533, 1.0203944978101065, 115.91342784668967, 0.98962519814608, 1.003669987131214]
00232831,93328,391868,72,1;[53913, 1002, 1.0197885864858176, 0.9823802569413564, 73.40299224254385, 0.9925419384832258, 1.0061398925052254]
00232831,93328,391868,72,2;[30416.399999999998, 710, 1.0438726826922544, 0.9772929921499058, 127.79972348039183, 0.989214036519754, 9999]
00232831,93328,391868,72,3;[54501.340000000004, 870, 1.009712309967718, 1.0058363780854904, 98.19940865914353, 0.988407161462243, 9999]
00232831,93328,391868,73,1;[53548, 998, 1.0189524065939604, 0.9797690597906243, 70.54455465725476, 0.9923345736926806, 1.0058606957697798]
00232831,93328,391868,73,2;[32314.449999999997, 730, 1.0032959324346369, 1.0173005886922057, 119.24168662801405, 0.9887060503406242, 1.0007739367583106]
00232831,93328,391868,73,3;[56224.8, 882, 1.0097929346542687, 1.0019868142286004, 108.93376190051036, 0.985441320762081, 9999]
00232831,93328,391868,74,1;[58872, 1058, 1.0073440151434425, 0.9871881459772484, 66.68563326524257, 0.9914655171775439, 1.0050875815208113]
00232831,93328,391868,74,2;[56247.729999999996, 944, 1.126253123694444, 0.9646773931279856, 122.14461848641795, 0.984343955618227, 1.0040039508480516]
00232831,93328,391868,74,3;[54302.69, 864, 1.013030303116915, 1.0093036032740614, 115.46933163720168, 0.98485697905831, 9999]
00392839,93125,390812,1875,1;[51889, 988, 1.0309059393434667, 0.9881457015397869, 66.6021662246079, 0.9938598095140565, 1.000183116645303]
00392839,93125,390812,1875,2;[67922.81999999999, 1040, 1.0251179795820962, 0.9769922251509997, 79.65889262657356, 0.9904856174420223, 1.0046202180742931]
00392839,93125,390812,1875,3;[47223.9, 804, 1.0044927436415503, 0.8689089479203638, 77.22670148281767, 0.9923388297456722, 783.4090909090909]
00392839,93125,390812,1876,1;[59816, 1060, 1.0313009518275629, 0.9913888737734982, 67.64309086161958, 0.9935038111279465, 1.0025812074687406]
00392839,93125,390812,1876,3;[68571.24, 978, 0.9999073898508091, 1.0032423159989259, 56.242113522491955, 0.9911021424450633, 25026.0]
00392839,93125,390812,1877,2;[49233.869999999995, 880, 1.0024682905491424, 1.0186756742744667, 89.54538128814073, 0.9909469197783566, 1.003833555744268]
00392839,93125,390812,1878,2;[45041.5, 842, 1.0466566925681924, 0.9799962827762165, 82.69384824801581, 0.991849107185083, 1.0054723196259696]
00392839,93125,390812,1878,3;[68915.11, 992, 0.9991853389079024, 1.0076475497660702, 63.48405964489052, 0.9896355006087816, 9999]
00392839,93125,390812,1879,1;[69472, 1160, 1.0032383389006212, 0.9905454860590442, 49.37223093887291, 0.9926081708822578, 1.0047873186676501]
00392839,93125,390812,1880,1;[58546, 1048, 1.0194065136830368, 0.978063295064718, 54.76103797355678, 0.9933138883679393, 1.0015995894102048]
00392839,93125,390812,1880,2;[61776.469999999994, 990, 1.0396685054476429, 0.9640065891504582, 68.57000778434717, 0.9913787465718691, 1.0040422404456135]
00392839,93125,390812,1880,3;[61839.060000000005, 922, 1.00226797473109, 1.003957854400831, 46.31605398630995, 0.9943320524651255, 30092.0]
00392839,93125,390812,1882,1;[47091, 942, 1.0018393061387822, 1.0190822067143501, 71.36608206079043, 0.9939977220558363, 1.0022240430762028]
00392839,93125,390812,1882,2;[44836.82, 838, 1.0009702603101087, 0.8579710674656572, 115.96230726808992, 0.9876716847918889, 1.0063299591357069]
00392839,93125,390812,1883,3;[62791.21000000001, 934, 1.00482507106843, 1.0049328088843685, 67.35756700581496, 0.9915650412322292, 975.1702127659574]
00392839,93125,390812,1884,1;[68599, 1154, 0.9932037603671654, 0.9900135492285574, 42.64992556418929, 0.992177609228944, 1.0038119069045999]
00392839,93125,390812,1884,2;[30768.64, 754, 1.013369899081245, 1.012417688123424, 108.34445017142966, 0.986718859546454, 1.0070104377628915]
00392839,93125,390812,1884,3;[34204.79, 714, 1.0035764021615967, 1.0148250237171672, 99.07071716554607, 0.9910482212703171, 9999]
00392839,93147,390949,355,1;[32026, 846, 1.229068255820816, 0.9928987388113769, 71.5304634986451, 0.9944599191637654, 0.9349019149929939]
00392839,93147,390949,355,2;[61595.59, 988, 1.0209785028295537, 0.9781473790336748, 63.548929192780584, 0.9922275405313156, 9999]
00392839,93147,390949,355,3;[53772.50000000001, 856, 1.0376838770447054, 0.9405489129401906, 73.3699889492052, 0.991225461724041, 9999]
00392839,93147,390949,356,3;[30368.79, 712, 1.0964074586596266, 0.9387218922318178, 107.33252862348635, 0.9886994229519999, 1.0056253685977408]
00392839,93147,390949,357,2;[67248.09, 1048, 1.0190884736638637, 0.9786403752383798, 46.87514911328612, 0.9926306928452561, 9999]
00392839,93147,390949,358,1;[68835, 1152, 0.9969934896770833, 0.983556287553443, 40.32549773103681, 0.9927301916612468, 1.0049638659756186]
