02354586,93081,390535,287,6;[78042.05, 1102, 1.0016859354638799, 0.9238482213615541, 78.8796143261151, 0.9910278230074039, 12658.888888888889]
02354586,93081,390535,287,6;[62641.880000000005, 946, 1.004622083107001, 1.003547315504057, 81.56201272196054, 0.9930880303880735, 9999]
02354586,93081,390535,288,5;[77532.06999999999, 1178, 0.9972664094896301, 0.9271538031024932, 74.286526867091, 0.9905096114158829, 1.003759108906315]
02354586,93081,390535,288,7;[75171.96, 1006, 1.0093033680809917, 0.9323800900018431, 76.20319764651458, 0.9926773788240315, 1.0075568816840466]
02354586,93081,390535,289,4;[98834, 1440, 0.9898079350787596, 0.9384753599730035, 50.2337084825619, 0.9945758148453757, 0.9921498554449084]
02354586,93081,390535,290,4;[101491, 1454, 1.0200428304284324, 0.9092714548831835, 106.59688742850561, 0.987576024177887, 0.9903445045642829]
02354586,93081,390535,292,6;[88404.73000000001, 1184, 0.9811938591603034, 0.9492553757519026, 62.36788153121269, 0.9917377001043811, 9999]
02354586,93081,390535,294,5;[99328.11, 1298, 0.9841444960864522, 0.942252467986485, 58.578533716304975, 0.9910164676960004, 1.002949887952321]
02354586,93081,390535,295,7;[96917.85, 1118, 1.0980976513671146, 0.9213069234326848, 107.67175759211806, 0.9893354166746791, 1.0047744432459869]
02354586,93081,390535,296,4;[99927, 1416, 1.0172277916507069, 0.9247435758031695, 90.31625229886387, 0.9895552835117573, 0.9986508364813815]
02354586,93081,390535,296,5;[78348.41, 1252, 0.9930422780989775, 0.9396100435453678, 70.15008081494506, 0.9917236032760862, 0.9969563900666263]
02354586,93081,390535,296,6;[79755.92000000001, 1156, 0.9850814446641262, 0.9374042477751011, 66.11110472568917, 0.992235095540631, 9999]
02354586,93081,390535,297,7;[98333.1, 1132, 1.0126273547417892, 0.9275675515925031, 108.19818287011525, 0.9876483020528759, 1.0043599881233298]
02354586,93081,390535,300,4;[101335, 1424, 1.0229534500107684, 0.9062094735490589, 95.44033766459899, 0.9916128765763191, 0.9905233885117468]
02354586,93081,390535,302,5;[86101.26, 1218, 0.987960048420027, 0.9303212975867009, 55.72131655249085, 0.9929829908288116, 9999]
02354586,93081,390535,302,6;[82168.49, 1172, 1.00306290027559, 0.9327215980969121, 102.8752274211715, 0.9879114354934762, 0.999017256312879]
02354586,93081,390535,302,7;[84286.17, 1060, 0.9980329101416304, 0.9347347394543828, 57.2620729606988, 0.9940919146138711, 9999]
02354586,93081,390535,303,4;[102190, 1424, 1.026509012072451, 0.926679530002722, 91.33845964275605, 0.9918848546011716, 0.9901700022770324]
02354586,93081,390535,304,6;[98018.02, 1202, 0.984246573983127, 0.9376721483848748, 50.723326550452, 0.9932830946165614, 9999]
02354586,93081,390535,305,5;[97895.34999999999, 1304, 0.9935666344096228, 0.93810795898265, 61.35481671182369, 0.9910549750568436, 0.9994472151183628]
02354586,93081,390535,306,7;[90525.51, 1144, 0.9875633484983471, 0.929304225057296, 52.42023029677448, 0.9946241396362847, 9999]
02354586,93081,390535,307,4;[97787, 1432, 1.0043344830486065, 0.9197124748691232, 69.70165704496762, 0.9928763266227751, 0.9813784278796698]
02354586,93081,390535,307,6;[78185.90000000001, 1140, 0.9841467836071003, 0.9423234016553562, 65.61352989848655, 0.9921198386336244, 9999]
02354586,93081,390535,307,7;[79945.56, 1094, 0.984772640228463, 0.923031898050095, 52.11584802847008, 0.9953511914738713, 1.0019558964525408]
02354586,93081,390535,309,5;[75876.78, 1166, 0.9817262430606677, 0.9401178847720473, 51.61571688543269, 0.9928188489061405, 9999]
02354586,93081,390535,310,4;[104134, 1432, 1.0038216637473238, 0.9394055373597822, 61.32969391847139, 0.9941341605899849, 0.9901916503035691]
02354586,93081,390535,311,5;[85030.26, 1208, 0.9839203409418487, 0.9425626182921686, 57.31825733251448, 0.9928889987545108, 1.0040539306264973]
02354586,93081,390535,311,6;[78269.47, 1196, 0.985607322431637, 0.9264205874522223, 59.45393907719991, 0.9942951237729196, 9999]
02354586,93081,390535,313,7;[77364.45, 1078, 0.9928658473097234, 0.9457142047740007, 52.322960962600746, 0.9933704556397652, 9999]
02354586,93081,390535,314,7;[74419.2, 1084, 1.0104112027052725, 0.9325085397314546, 70.65519756341078, 0.9921247834900413, 9999]
02354586,93081,390535,315,5;[85540.76999999999, 1282, 1.007691663478625, 0.9360821688947036, 87.26759673656953, 0.9893133562954184, 0.9854883708177101]
02354586,93081,390535,316,6;[100400.45000000001, 1222, 1.0021453787306496, 0.9253872248742958, 69.31663113478997, 0.9922366804825474, 9999]
02354586,93081,390535,317,4;[76818, 1328, 0.994583934630193, 0.9375314946760133, 56.85324452708615, 0.9928180159871052, 0.9918398967075532]
02354586,93081,390535,319,5;[76740.72, 1244, 0.9952901824261925, 0.9298705801578925, 72.49842587520689, 0.9912466750223908, 0.993422167449742]
02354586,93081,390535,319,6;[93571.00000000001, 1196, 1.008445791927713, 0.9262850933743533, 105.54200965642968, 0.9888571829617943, 1.0018849519227242]
02354586,93081,390535,320,4;[94313, 1388, 0.9968017885516025, 0.9331395447655285, 43.043159848154204, 0.9942709299472707, 1.000822407691369]
02354586,93081,390535,321,7;[74175.93000000001, 1076, 0.9988467917890133, 0.937759421432375, 60.00597936414807, 0.9928817259188121, 9696.2]
02354586,93081,390535,322,5;[91051.65999999999, 1254, 0.9854911224990065, 0.9391499040925925, 60.10928535688431, 0.9927409806622083, 1.0010073655428653]
02354586,93081,390535,322,7;[74559.96, 1082, 1.0110227064408543, 0.9341209138651118, 75.63737391911941, 0.9919092299376197, 1.0022623503763728]
02354586,93081,390535,323,4;[102521, 1456, 1.0277071766676584, 0.9256916382735524, 100.99693966526034, 0.9893563844922031, 0.9869793546958561]
02354586,93081,390535,324,6;[77174.84000000001, 1156, 0.9991144292591935, 0.9299331473770701, 75.00849610372596, 0.9911267271557447, 9999]
02354586,93081,390535,325,6;[78843.5, 1158, 1.006659261217798, 0.9383572379940444, 84.97779268801479, 0.9899945672659303, 1.001435594031409]
02354586,93081,390535,326,4;[100226, 1476, 0.9846763514474192, 0.9169867674087112, 49.68270384431193, 0.9950034937090536, 0.9867337445298232]
02354586,93081,390535,326,5;[88079.04, 1228, 0.994987689190307, 0.9353679476913118, 65.57209471983434, 0.9928120054443096, 1.0008789603926924]
02354586,93081,390535,327,7;[73355.85, 1080, 1.0063663957328355, 0.9342718498410637, 67.36030710361528, 0.9923126959057266, 9999]
02354586,93081,390535,328,4;[101226, 1452, 1.1147665779890303, 0.9092521289434154, 97.61868997654008, 0.9906036569914531, 0.9872143713976418]
02354586,93081,390535,328,6;[79498.36, 1152, 0.9890703140578095, 0.9458721767482002, 61.79722691540672, 0.9920427854657576, 9999]
02354586,93081,390535,329,5;[100831.08, 1316, 1.0118988783814362, 0.9359096276196089, 85.85979694713168, 0.9895285370502225, 0.9945362246544793]
02354586,93081,390535,329,7;[92399.76, 1096, 0.9890656393596391, 0.9457490911942983, 45.93869130508312, 0.9933966526226085, 9999]
02354586,93086,390572,637,6;[83575.48000000001, 1124, 0.9871589697842731, 0.9371071543855755, 64.45968725002899, 0.9921793387069016, 9999]
02354586,93086,390572,638,4;[98732, 1420, 1.0304427488552412, 0.9350858975612871, 98.6707870656266, 0.9887621920895323, 1.0026810740545151]
02354586,93086,390572,638,5;[81338.87999999999, 1244, 0.9805670845399208, 0.9422217040615011, 57.68202275450017, 0.9928356371784107, 0.9968498424921246]
02354586,93086,390572,639,7;[74029.05, 1090, 1.0014542093086725, 0.9272596946716761, 67.40771656564216, 0.9935925811490247, 9999]
02354586,93086,390572,643,5;[96804.12, 1286, 1.0126339991620328, 0.9431000485350242, 93.0099784649272, 0.9890971957807272, 1.0033796284875547]
02354586,93086,390572,644,6;[84900.27, 1188, 1.010748723764517, 0.9236489176385322, 97.90366993889823, 0.9885347873897585, 9999]
02354586,93086,390572,645,4;[74677, 1338, 0.9961563208211583, 0.9380000351444675, 62.66080924464043, 0.9923049382787281, 0.9890993377483444]
02354586,93086,390572,646,5;[96606.58, 1286, 0.9821790072565185, 0.9418438309908155, 45.160092463252326, 0.9928539148512239, 1.000277231870576]
02354586,93086,390572,648,4;[82075, 1376, 0.9965961787137435, 0.9400936336734671, 59.70202588970756, 0.9923524270059149, 0.9950113048801925]
02354586,93086,390572,648,7;[74628.81, 1082, 0.9986082627781889, 0.9443954045998034, 60.58962622997745, 0.9927777421706454, 0.9968017820102792]
02354586,93086,390572,649,6;[78694.17000000001, 1164, 0.9930298844353834, 0.9435845196590781, 71.39936724794296, 0.9918447408410764, 9999]
02354586,93147,390950,360,4;[88881, 1340, 0.9970378557204791, 0.9253234788495986, 66.71712818022783, 0.9924413785286192, 1.0030017491395362]
02354586,93147,390950,360,7;[97815.96, 1128, 1.0230746064602885, 0.9226928510390597, 97.32742601349551, 0.9893410156194145, 1.004469932047606]
02354586,93147,390950,361,5;[97438.39, 1312, 1.0064900597817028, 0.9365519490423142, 91.65534352615467, 0.9897218191814401, 1.0023626481245715]
02354586,93147,390950,361,6;[95531.47, 1202, 0.9761425257944003, 0.9438480239694986, 45.294199717871166, 0.9935096601021507, 9999]
02354586,93147,390950,363,5;[102019.89, 1320, 1.087516782641213, 0.9154374139496297, 99.5097430518982, 0.9882400262546429, 9999]
02354586,93147,390950,364,4;[92542, 1424, 1.020238419546844, 0.9079734185503671, 94.71308470732768, 0.9916806277302531, 0.9793477858265384]
02354586,93147,390950,365,6;[83790.57, 1142, 0.9809266563221669, 0.9540098397083857, 54.443454558530796, 0.9925608435290451, 9999]
02354586,93147,390950,367,7;[76868.73, 1100, 0.9894629314912043, 0.9206647553223735, 69.82803530732625, 0.9939136402378371, 1.001255530312089]
02354586,93244,391400,141,6;[97700.18000000001, 1212, 0.9787581933294631, 0.9402000952271806, 50.36370541815752, 0.9920325591414342, 9999]
02354586,93244,391400,141,7;[92994.93000000001, 1094, 1.0131005194448008, 0.9213621012540483, 81.84987297427689, 0.9910689997442267, 9999]
02354586,93244,391400,143,4;[92912, 1416, 0.9891260027853214, 0.9234556419196523, 55.51523415589889, 0.9933985182040845, 0.9990215369396687]
02354586,93244,391400,144,5;[79700.25, 1284, 0.995241663406931, 0.9173589985156654, 71.88799773927141, 0.9914956332969016, 9999]
02354586,93244,391400,145,5;[78399.58, 1248, 0.9919856057603865, 0.9292672193842066, 72.44594140517488, 0.9896031454807191, 0.9942351804901606]
02354586,93244,391400,145,7;[76871.79000000001, 1018, 1.0024841113848912, 0.9285958708999245, 83.36826734132403, 0.989913437670409, 1.0042574455326805]
02354586,93244,391400,146,4;[100521, 1422, 1.0035303626995133, 0.830575879974035, 100.55374341958026, 0.9907367288104285, 0.9899547965846308]
02354586,93244,391400,146,6;[97931.71, 1210, 0.9951198597324787, 0.9365102137422004, 71.9422088530007, 0.9906621056010712, 10211.857142857143]
02354586,93244,391400,147,4;[99171, 1414, 1.0242783889824456, 0.927712563038554, 99.48137849537979, 0.9879192718071224, 0.9999697501361244]
02354586,93244,391400,148,5;[101204.73999999999, 1306, 0.9868851900406722, 0.9294966344594043, 68.98889593894262, 0.9912432443587611, 9999]
02354586,93244,391400,148,6;[99048.26000000001, 1216, 0.9806995106370905, 0.9439782417431025, 62.4984039846762, 0.9901074733956317, 9999]
02354586,93244,391400,149,7;[94919.67, 1114, 1.007318159159735, 1.010353334396658, 125.41791159396422, 0.9854757596542156, 1.0059589924032981]
02354586,93244,391400,151,6;[79438.08, 1144, 0.9860834378080742, 0.9463654593773225, 73.69951491740264, 0.9895233297537245, 9999]
02354586,93244,391400,152,5;[77961.66, 1228, 0.9912597280400421, 0.9329776976136451, 73.76358354446164, 0.9888910019367054, 0.9912321181356715]
02354586,93244,391400,152,7;[76458.69, 1088, 1.0161975268400143, 0.9285102207817301, 83.60509636562205, 0.9900816374820309, 1.0025780176348444]
02354586,93244,391400,153,4;[75626, 1348, 1.0064986457450815, 0.898459826877189, 81.4350688069431, 0.9899923328156306, 0.9882909490081284]
02354586,93244,391400,155,6;[97801.56000000001, 1214, 1.0115254680418104, 0.9292233697766965, 112.93869547849496, 0.9856129765103443, 9999]
02354586,93244,391400,155,7;[90767.25, 1100, 1.0089413237039664, 0.9358000186174548, 79.46117198407924, 0.9893629008774844, 1.0062759731998983]
02354586,93244,391400,156,5;[84055.65, 1264, 0.9833289610968138, 0.9446098757807901, 60.21257242934349, 0.9909087476232153, 0.9972046927279657]
02354586,93244,391400,158,4;[104397, 1452, 1.0043152822383796, 0.9322564539578435, 73.14267131745136, 0.9914325774314947, 0.9827866190321533]
02354586,93244,391400,159,4;[109508, 1472, 1.1106463607433823, 0.8975285230263946, 93.3626348509874, 0.9925343190846436, 0.9883973337786062]
02354586,93244,391400,160,6;[79635.36, 1126, 0.9827268683438554, 0.9476276441407266, 60.17998305459667, 0.9911251407723114, 9999]
02354586,93244,391400,161,7;[74893.5, 1088, 1.005141085125288, 0.9319761137306687, 67.7029560605765, 0.991695472752917, 9999]
02354586,93244,391400,162,5;[77953.33, 1266, 0.9861346496745211, 0.925564218991721, 69.12363642650357, 0.9906777542755538, 0.9966528215193148]
02354586,93244,391400,163,4;[85320, 1328, 0.9992326523592981, 0.9353742925231386, 70.53793838372377, 0.990998028767094, 1.0023437362327523]
02354586,93244,391400,165,5;[77332.15, 1258, 0.9855029756170125, 0.9294807585727184, 68.4321757395977, 0.9900958561606126, 0.9778356255078395]
02354586,93244,391400,165,6;[101033.39000000001, 1230, 1.015138772427032, 0.9290691446121122, 107.49891296139822, 0.9858379672807946, 9999]
02354586,93244,391400,166,7;[92147.31, 1126, 1.005065737867287, 0.9269238508407504, 88.32769979286974, 0.9898560972029041, 1.001230196332685]
02354586,93244,391400,167,6;[101100.52, 1218, 1.0070296206059908, 0.9238453326241117, 106.17537610250037, 0.9864311708716598, 1.0035288598179135]
02354586,93244,391400,167,7;[76480.11, 1020, 1.0062216292312003, 0.9308737034960741, 69.83830272813294, 0.9927194229257594, 1.006523971568371]
02354586,93244,391400,169,4;[77756, 1368, 1.0103780205073039, 0.9181761120721809, 88.11486908588012, 0.9879786352708683, 0.9841908739953168]
02354586,93244,391400,169,5;[96066.31999999999, 1286, 0.9850372252362564, 0.9372512080967044, 58.40718171469731, 0.9898898121165924, 1.0041732748701682]
02354586,93244,391400,170,4;[78219, 1372, 1.0050622513437704, 0.9251165255830472, 78.7338101730864, 0.9899097190161678, 0.9862687244666364]
02354586,93244,391400,171,6;[76540.53, 1154, 0.9848771943869308, 0.9414899690774938, 73.0589387392832, 0.9903460553322948, 55869.0]
02354586,93244,391400,173,5;[99829.09999999999, 1306, 0.9811522916313655, 0.9442663517474482, 60.08881219711019, 0.9900631066665595, 1.0036249656046994]
02354586,93244,391400,174,7;[84287.7, 1092, 0.9999063276024528, 0.942829757895263, 70.39026061202495, 0.9908029065090098, 1.002876283404937]
02354586,93244,391400,175,4;[90866, 1398, 1.0189287527444713, 0.9326550287619203, 95.81266816237205, 0.9878758925032025, 1.0003412781416854]
02354586,93244,391400,178,7;[93749.22, 1112, 1.127940101153776, 0.9241910287991931, 136.11661955580539, 0.9845284995535819, 1.0059017146984708]
02354586,93244,391400,179,6;[101016.95000000001, 1216, 1.0188782420373623, 0.9230181097059972, 108.67484719838234, 0.9869497439036726, 1.004133103640808]
02354586,93244,391400,180,5;[78606.64, 1268, 0.9896225488363422, 0.9124377096628868, 72.6053401801794, 0.99036428010918, 0.9959367060934331]
02354586,93244,391400,181,4;[96212, 1406, 0.9995407778857018, 0.9438214373061048, 62.968656663624785, 0.9894410124973406, 1.0003847153626202]
02354586,93244,391400,182,7;[90296.01, 1124, 0.9885045717141123, 0.9411195717542531, 52.76881485812612, 0.9938966017000446, 1.0024885129224315]
02354586,93244,391400,183,5;[95436.81, 1278, 0.9819738239604546, 0.9432233344663019, 54.18460173425176, 0.990396022662554, 1.001523533598911]
02354586,93244,391400,183,6;[80303.92000000001, 1162, 0.9899417235600723, 0.9436512700067295, 75.2744442325986, 0.9901626608002311, 9999]
02354586,93244,391400,185,4;[93836, 1416, 1.098592674828605, 0.9045692243931046, 95.33931051687021, 0.9889966205139424, 0.9973375563975703]
02354586,93244,391400,186,6;[98038.57, 1204, 0.9864890328483926, 0.9464388350341625, 51.33574528083169, 0.9923110140133805, 9999]
02354586,93244,391400,187,5;[99188.87999999999, 1298, 1.0139260108006438, 0.9213660062176943, 94.14604653742074, 0.9884805762891582, 1.0056221798614966]
02354586,93244,391400,188,7;[94108.77, 1110, 1.0086897130141432, 0.9327340080717436, 77.06972061751148, 0.9888947285244901, 9999]
02354586,93249,391437,145,4;[98814, 1420, 1.0209446894118666, 0.9294149524739423, 99.85649692796534, 0.9880482453621174, 1.0019417475728156]
02354586,93249,391437,145,7;[92751.66, 1120, 1.0088715262218289, 0.9547210801740964, 85.43643742564603, 0.9893754155448268, 1.0017847109759725]
02354586,93249,391437,146,6;[77859.84000000001, 1112, 0.9992683625572103, 0.9315284646250122, 76.78472794623086, 0.991253020836242, 9999]
02354586,93249,391437,147,5;[100521.68, 1368, 1.0063201170565228, 0.9294407346512771, 90.00782294863377, 0.9897910173338285, 1.0006633813495072]
02354586,93249,391437,148,4;[96481, 1402, 1.0041794919197091, 0.9337196358999023, 77.15986869334611, 0.9899274934821413, 0.9968590174097226]
02354586,93249,391437,148,7;[93028.59, 1102, 0.9880878354092894, 0.9452467833038152, 43.34816411518404, 0.9938599542594846, 1.004070578715745]
02354586,93249,391437,149,5;[76652.66, 1242, 0.9885487935533243, 0.9358482143105162, 71.84648507899263, 0.990909143159268, 0.9951873681933705]
02354586,93249,391437,151,6;[100999.14000000001, 1230, 1.015572279010391, 0.9339985883698261, 101.25880145039676, 0.9879197877988815, 1.0040312695775337]
02354586,93249,391437,152,7;[91002.87, 1128, 0.9874371998296797, 0.9397509211664435, 49.28685023659736, 0.9947446721087816, 1.005630135596659]
02354586,93249,391437,153,4;[96288, 1400, 1.006687579044248, 0.9370090485004864, 73.02797946546794, 0.9907679175800279, 0.9985481395445306]
02354586,93249,391437,155,6;[84676.96, 1210, 0.9845272019715359, 0.9258882110179175, 55.6705132158943, 0.9944706896153268, 9999]
02354586,93249,391437,156,5;[101472.48999999999, 1348, 1.005999458120401, 0.9147588844409351, 72.40600653882031, 0.9928789909139338, 0.9967154479147186]
00023698,93080,390528,134,4;[50730, 1068, 1.0195976013283141, 0.9416815472712002, 106.73840478038007, 0.9824062191657561, 0.9948424293530485]
00023698,93080,390528,134,5;[32137.14, 722, 1.0078854189891433, 1.013414209980644, 116.63098906489452, 0.9895434332199322, 0.9812513625463266]
00023698,93080,390528,134,6;[38668.25, 748, 1.0119806230852137, 0.8016064169445177, 114.47467328846068, 0.9890644631038052, 9999]
00023698,93080,390528,135,7;[38513.16, 688, 1.0083897586046573, 1.0117389089138091, 162.42444615493253, 0.9858130161766707, 9999]
00023698,93244,391403,53,4;[51195, 1022, 1.0156213303600359, 0.8120712758459384, 144.89464082346188, 0.9865749572742271, 0.9854762798486992]
00023698,93244,391403,53,5;[39153.38, 806, 1.0102162086185273, 0.8219264752022125, 107.96273207170495, 0.9890131537606472, 0.9936278802887084]
00023698,93244,391403,54,7;[40517.46, 702, 1.0207061917706963, 1.0193027392126506, 179.45160421442154, 0.9815379085237981, 1.0024605367755612]
00023698,93244,391403,55,6;[32312.820000000003, 714, 1.0456990845119167, 0.9394046339370987, 200.55027481560595, 0.9796784384215971, 0.999639746551103]
00232831,93048,390346,740,4;[35082, 810, 1.110118467398255, 0.8966855239029898, 134.18906409827164, 0.9876291909512697, 1.0005276141856916]
00232831,93048,390346,740,5;[25167.309999999998, 648, 1.0308960832661387, 0.8879570816736921, 117.23466094793315, 0.9888341570667823, 1.0003310945038313]
00232831,93048,390346,740,6;[22536.5, 606, 1.0391528243866734, 0.824357386384196, 182.40214907985984, 0.9843334946268884, 1.0071634114981938]
00232831,93048,390346,740,7;[21066.57, 590, 1.0416557842090612, 0.9831097479360884, 170.9634159678804, 0.9811382585239776, 0.9690678115212725]
00232831,93048,390346,741,4;[28871, 746, 1.0373770182720765, 0.9125091797107592, 116.13176337041497, 0.9873059201901159, 1.0026219374555052]
00232831,93048,390346,741,5;[22429.12, 646, 1.022432709207157, 0.9307601111103152, 99.87645004906751, 0.9889462668987054, 1.0019403024745501]
00232831,93048,390346,741,6;[46514.240000000005, 796, 1.0340157862247972, 0.904794146472427, 161.35521825907256, 0.9769230746426791, 1.0051512818994612]
00232831,93048,390346,741,7;[44285.85, 744, 1.0340716011761808, 0.9026326660406435, 182.78410149848776, 0.9711730771859813, 1.005540984176061]
00232831,93048,390346,742,4;[28052, 740, 1.04299650260232, 0.9070084930873028, 122.16892731425881, 0.9871237504361219, 1.002501608176685]
00232831,93048,390346,742,5;[23646.489999999998, 638, 1.1561183811637026, 0.8916441037356454, 123.51226238454453, 0.9887082676972383, 1.0009822935294561]
00232831,93048,390346,742,6;[21078.820000000003, 628, 1.0015966574873403, 1.0055593804871725, 166.8629429002772, 0.982511556557207, 0.9676425269645609]
00232831,93048,390346,742,7;[18871.02, 562, 1.0189061130967212, 0.976170767925859, 131.51430344520077, 0.9736960140301792, 9999]
00232831,93147,390953,359,4;[32253, 784, 1.0343004054696603, 0.8733069936912597, 121.68613148623795, 0.9864116847929475, 0.9878709914545621]
00232831,93147,390953,359,5;[24794.84, 664, 1.0254624170033975, 0.9140017662739477, 115.93286643123287, 0.9881370400681683, 0.9700863654352027]
00232831,93147,390953,359,6;[23006.410000000003, 614, 1.0403542808348494, 0.7936519094810963, 184.9575810242322, 0.9853119038163055, 1.008255531205908]
00232831,93147,390953,359,7;[20399.49, 564, 1.0458344217317095, 0.9409468662590371, 180.0647062832945, 0.9792957967533832, 0.9650754587238971]
00232831,93165,391039,287,4;[23394, 714, 1.2136543660350467, 0.9280534807133994, 112.3622224993563, 0.9903054674567623, 0.9560277891295463]
00232831,93165,391039,287,5;[24147.48, 646, 1.0332144400492245, 0.9158190088170706, 105.50733593276681, 0.9905545724431756, 0.9994828223125231]
00232831,93165,391039,287,6;[33862.29, 678, 1.0311656565237077, 0.8961369292882885, 141.27214363359673, 0.9854905617143696, 1.003491535057448]
00232831,93165,391039,288,7;[20056.77, 560, 1.0448503370804862, 0.9272743693977548, 161.53289071593332, 0.982623862552773, 0.9656010606953447]
00232831,93165,391039,289,4;[23200, 714, 1.189700136586915, 0.9064488667465209, 106.56234521553166, 0.9903023312895308, 0.9370519215622918]
00232831,93165,391039,289,5;[36746.009999999995, 758, 1.0259681186592275, 0.8915597452783944, 126.36710395155372, 0.9863401900132293, 1.0031674869645728]
00232831,93165,391039,289,6;[22873.52, 618, 1.0290266120131455, 0.9896478693489018, 157.558959389034, 0.982821445818884, 1.0051473465579002]
00232831,93165,391039,289,7;[36810.270000000004, 662, 1.0442348109050101, 0.9157670040874, 159.8359997677306, 0.9822413565909158, 1.005874114179401]
00232831,93165,391039,290,4;[23485, 714, 1.1872933385413627, 0.9074692571034201, 114.35458041635866, 0.9894512536845533, 0.9384990409207161]
00232831,93165,391039,290,5;[48349.7, 880, 1.0222865126792062, 0.9044540200988487, 137.4322682908964, 0.9757264129574317, 1.0044623542936253]
00232831,93165,391039,290,6;[23013.260000000002, 632, 1.0323677805875555, 0.9208586490912266, 166.79623968036157, 0.9849014235217006, 0.9991672614798953]
00232831,93165,391039,290,7;[21817.8, 532, 1.211903594443001, 0.9239900944033436, 138.42233873468047, 0.9877885420707321, 1.006138432230297]
00232831,93328,391868,72,4;[22958, 686, 1.0413219567369838, 0.9258248875222747, 102.56876915992719, 0.9911504612884058, 0.9991513437057992]
00232831,93328,391868,72,5;[42099.82, 806, 1.0278789267966615, 0.8970566500260518, 135.1654690628665, 0.9845823003453007, 1.005585321831076]
00232831,93328,391868,72,6;[17820.960000000003, 552, 1.0163830549444937, 0.9838034127294123, 129.9790301133918, 0.9727344142869735, 1.0115872151800296]
00232831,93328,391868,72,7;[45021.78, 748, 1.042958758987957, 0.9011252152084682, 179.7697462518521, 0.9768465051626142, 1.005742019276779]
00232831,93328,391868,73,4;[38456, 848, 1.0338209932300544, 0.905944915256667, 116.8870415367547, 0.9862689502952457, 1.0030648043089845]
00232831,93328,391868,73,5;[35375.13, 740, 1.026320626420711, 0.9120296052473232, 121.22238275340372, 0.9859347958257803, 1.0052244483895512]
00232831,93328,391868,73,6;[48025.350000000006, 818, 1.0257304557707312, 0.9140755452622588, 155.7383419816853, 0.9782402186933676, 1.004945173081058]
00232831,93328,391868,73,7;[33623.28, 632, 1.044123190263545, 0.9299201361780877, 150.47844275182408, 0.9832834857529154, 1.0065497183163101]
00232831,93328,391868,74,4;[38410, 846, 1.0331855695467584, 0.9075748213649732, 117.10155289949085, 0.9862500653403574, 1.0029375285593054]
00232831,93328,391868,74,5;[48271.159999999996, 878, 1.0265632083108553, 0.920622989854916, 128.97499551410644, 0.9797151920577304, 1.0053035935563817]
00232831,93328,391868,74,6;[18079.890000000003, 584, 1.0084415135616849, 0.8708058675287387, 164.25316419321092, 0.9622110090676279, 0.9971288250850019]
00232831,93328,391868,74,7;[32327.37, 622, 1.0391315661943086, 0.9198033935038462, 150.6383217291742, 0.9843142006584313, 1.0051377194234337]
00236683,93026,390254,285,4;[52577, 1096, 0.8862211757298222, 1.142811977438725, 502.11518930978275, 0.942520480681904, 0.9907850601138205]
00236683,93026,390254,285,5;[53276.299999999996, 972, 0.8758447924779791, 1.1029847720315937, 508.07812785055285, 0.8969617439025638, 0.999207686556338]
00236683,93026,390254,285,6;[52834.05, 942, 0.8818427940834459, 1.1208881054748694, 568.5444708665053, 0.8783664189758349, 0.9953799297955812]
00236683,93026,390254,286,7;[48655.53, 922, 0.8835625619097367, 1.197994268897786, 707.3842538095182, 0.9246766263894225, 0.9956169186938417]
00236683,93027,390265,359,4;[55714, 1184, 0.8878782770248758, 1.2555487732632349, 391.8006134098783, 0.9635562642822302, 0.9459725618038577]
00236683,93027,390265,359,6;[52086.030000000006, 886, 0.8898584135666646, 1.1637660922020512, 669.6965407973415, 0.9075302850188324, 0.9999079492405812]
00236683,93027,390265,359,7;[48546.9, 888, 0.8814322133652133, 1.1784699135072954, 726.0298356369328, 0.9082421067596348, 0.9937985467301428]
00236683,93027,390265,360,5;[53558.329999999994, 984, 0.878247657197186, 1.078590357210907, 553.0768949716395, 0.8980300575316448, 0.9967665492879765]
00236683,93032,390303,79,4;[54816, 1196, 0.888904372575185, 1.2934701273616958, 378.65287972537624, 0.9660342743522854, 0.9493591963976447]
00236683,93032,390303,79,5;[53930.799999999996, 980, 0.8790632088107615, 1.0730474168056072, 587.4673493224348, 0.8953819539550469, 0.9981609347297015]
00236683,93032,390303,79,6;[52579.23, 934, 0.8732997317832936, 1.1516979154524813, 303.94904111450586, 0.8983970937919634, 0.9946353599751205]
00236683,93032,390303,80,7;[48606.57, 822, 0.8850859545199323, 1.05918387500515, 252.38180572968213, 0.9042999480579031, 1.0034745254114155]
00236683,93032,390303,81,4;[51138, 1030, 0.8701509551381353, 1.137200506893773, 247.55772691967408, 0.9127945715772987, 0.9981165035278963]
00236683,93032,390303,81,5;[53663.049999999996, 962, 0.8796153248595829, 1.0877844540512152, 593.6795663368949, 0.9066572911256823, 1.000077619950545]
00236683,93032,390303,81,6;[50802.340000000004, 898, 0.8817236210154215, 1.1335969358320634, 238.41582018685398, 0.9332738088203516, 0.9994474765851358]
00236683,93032,390303,81,7;[48525.48, 818, 0.8748864162762124, 1.0935561647465442, 298.15014867311663, 0.8918905826198557, 0.9987561209869157]
00236683,93032,390303,83,4;[50093, 1042, 0.8801598385112197, 1.2498116921691478, 238.8048669046948, 0.9253919183258541, 0.9939974799337242]
00236683,93032,390303,83,5;[53466.7, 1108, 0.8728988238067416, 1.2012863459406646, 515.0614612160756, 0.9197047972512877, 0.9913726528540853]
00236683,93032,390303,83,6;[51553.100000000006, 892, 0.8825073947021309, 1.184670106535934, 271.0661832487113, 0.9048220048958809, 0.9999468537414966]
00236683,93032,390303,83,7;[49385.340000000004, 864, 0.8908494900443562, 1.1542252328658154, 586.0665547587771, 0.8833588502031021, 0.9960962212038451]
00236683,93051,390358,937,4;[50056, 1130, 0.8845052986867727, 1.209182328456789, 291.4767786976812, 0.9349687600459935, 0.9887214332273293]
00236683,93051,390358,937,5;[53338.18, 980, 0.877365576109739, 1.090902446982913, 569.5160161206493, 0.8910486959705923, 0.9981405395775573]
00236683,93051,390358,937,6;[51747.64000000001, 928, 0.8772542639973726, 1.128240764091211, 279.23960958320947, 0.8994901646477651, 0.9964912280701754]
00236683,93051,390358,938,7;[48975.3, 872, 0.88618399388147, 1.1003372898417185, 465.39693323686254, 0.8911497583700823, 0.9932048775947129]
00236683,93078,390512,47,4;[56976, 1204, 0.884308089239834, 1.2299526282331041, 465.7959497996675, 0.9253646400655449, 0.9472082990449116]
00236683,93078,390512,47,5;[55313.579999999994, 1074, 0.866247929479097, 1.1573783919242993, 375.48428351214955, 0.895071386675741, 0.9883058343255656]
00236683,93078,390512,47,7;[50615.46, 866, 0.8892711702807803, 1.1246224726107188, 603.4403469673778, 0.9204933833263348, 0.9954113947855391]
00236683,93078,390512,48,6;[51732.57000000001, 924, 0.8870835487190667, 1.1727691486512413, 207.9023365769131, 0.9365714163255069, 0.9957281860612294]
00236683,93078,390512,49,4;[50734, 1034, 0.8993787141650365, 1.1114887902287192, 188.05861423977905, 0.9482086203982276, 1.0003549175802509]
00236683,93078,390512,49,5;[54125.96, 1068, 0.8797393213394995, 1.1547653142086882, 284.42710920835486, 0.9210444531642717, 0.9858358168518017]
00236683,93078,390512,49,6;[54731.50000000001, 984, 0.879834558009322, 1.147475499846527, 542.6954198804708, 0.8734858286737891, 0.9901603588866582]
00236683,93078,390512,49,7;[49322.61, 874, 0.8835265764892972, 1.1000756810605234, 233.6336359394449, 0.8995735315166424, 0.9950766286481565]
00236683,93078,390512,50,4;[50450, 1040, 0.8784162888965641, 1.146206915669922, 202.0031608183698, 0.92748962082882, 0.9897882108278317]
00236683,93078,390512,50,5;[55676.53, 1044, 0.8750726478175135, 1.1394294531009443, 533.1589217149117, 0.9052388275863833, 0.9957858891135469]
00236683,93078,390512,50,6;[52554.57000000001, 994, 0.8801390033814295, 1.1564541614522326, 308.8361007008464, 0.9228982914316806, 0.9938082901554404]
00236683,93078,390512,50,7;[50921.46, 834, 0.8956110727614838, 1.1510473556750707, 696.3709769331037, 0.8818265213361519, 1.0010075642510188]
00236683,93098,390636,1213,4;[56467, 1184, 0.8852904133911917, 1.233907998978291, 429.33486125877033, 0.9459542835807855, 0.9478304657994125]
00236683,93098,390636,1213,5;[54052.18, 1054, 0.8782312078943617, 1.1774382681583697, 499.08294242446783, 0.9146874510944828, 0.990125340599455]
00236683,93098,390636,1213,6;[52939.54, 902, 0.8868023540985288, 1.1936916707036078, 666.3344565402167, 0.8922121904448836, 0.9990175801447777]
00236683,93098,390636,1213,7;[49158.9, 818, 0.8968602090227412, 1.2224894291344504, 726.3206879082402, 0.8966149411102033, 1.00040477005947]
00236683,93098,390636,1214,4;[52395, 1074, 0.8830476926383564, 1.1013977748177695, 277.00856568610664, 0.9288022433383062, 0.9967090245015979]
00236683,93098,390636,1214,5;[54338.97, 1064, 0.8753592465124572, 1.1658948570413648, 438.73622697411906, 0.8941746706114226, 0.9925983892529916]
00236683,93098,390636,1214,6;[53567.00000000001, 970, 0.8909173181607123, 1.153854978194333, 572.9119745518187, 0.8869485279349782, 0.9975253208153685]
00236683,93098,390636,1214,7;[50122.8, 902, 0.880710020895345, 1.12581092799517, 474.29731353812963, 0.88444926329212, 0.9958203510905084]
00236683,93099,390639,1320,4;[53510, 1074, 0.886949393764135, 1.103472708990238, 582.2486327101362, 0.8872176621195892, 0.9980788241657806]
00236683,93099,390639,1320,5;[54300.89, 1066, 0.8737359876815745, 1.157886001599414, 427.27118793432754, 0.8941188344947442, 0.9946486763375585]
00236683,93099,390639,1320,6;[51259.920000000006, 894, 0.8772615400370747, 1.1286796939509243, 240.38157947816705, 0.9216837692799165, 1.0028679407113565]
00236683,93099,390639,1320,7;[50229.9, 888, 0.894896588653257, 1.1079024181044324, 567.15055877201, 0.8651763810749842, 0.9962976450594805]
00236683,93099,390639,1322,4;[51235, 1148, 0.880596753207647, 1.2177697161480874, 333.3501286508133, 0.9257533333002379, 0.9916099751299148]
00236683,93099,390639,1322,5;[53547.619999999995, 1046, 0.8639364224395616, 1.1457026144553932, 404.8452220454673, 0.8801401523846557, 0.9947387036873286]
00236683,93099,390639,1322,6;[50679.04, 898, 0.8824513559502067, 1.171441696285514, 246.70458777863863, 0.8988593894373392, 0.9948900005378947]
00236683,93099,390639,1322,7;[50350.770000000004, 894, 0.889129546709839, 1.131800783928898, 588.4938364327204, 0.8637839685404683, 0.9970460363867722]
00236683,93103,390670,1523,4;[53540, 1098, 0.8814483786883229, 1.091326195463164, 583.2890612595404, 0.8925003108166547, 0.9898683626682443]
00236683,93103,390670,1523,6;[52760.07000000001, 898, 0.8886685237149125, 1.1384671222739895, 664.3475694644986, 0.8956374636031632, 0.9992734632450245]
00236683,93103,390670,1523,7;[49559.76, 898, 0.8849739090194637, 1.1465584554131907, 429.77388085238783, 0.878833915701265, 0.9926148377409371]
00236683,93103,390670,1524,5;[53287.009999999995, 1084, 0.8749514601505815, 1.1927939090981903, 352.29274302067216, 0.9197836155426133, 0.9902367289171946]
00236683,93103,390670,1525,6;[52808.020000000004, 926, 0.8834557602430098, 1.1105067825564525, 596.9331309564569, 0.8789418949217416, 0.9970512157268494]
00236683,93103,390670,1525,7;[47474.37, 832, 0.8960694763767397, 1.120854058037875, 233.84109214020037, 0.9269261131544956, 0.995795892169448]
00236683,93103,390670,1526,4;[49607, 1040, 0.888368387064635, 1.1423263534690966, 221.29537854494612, 0.9377289374706437, 0.9927455748006284]
00236683,93103,390670,1526,5;[54116.439999999995, 1010, 0.877561512468865, 1.1633428413765627, 566.2569391555063, 0.8698488988721917, 0.9940543848911427]
00236683,93129,390840,509,4;[50220, 1082, 0.8782155057915386, 1.13930170671189, 217.12438090721648, 0.9377749195334129, 0.9839052535681749]
00236683,93129,390840,509,6;[52253.170000000006, 952, 0.8794503133701228, 1.1775017028719883, 243.20270184900593, 0.9218680025519781, 0.9937080700840226]
00236683,93129,390840,510,5;[53252.5, 1086, 0.8718151001278966, 1.1867040761069838, 366.10935331541, 0.9304138369024261, 0.9919645331116653]
00236683,93129,390840,510,7;[48311.28, 876, 0.886752157504339, 1.1438911860882877, 258.06722990743253, 0.9406191713010823, 0.9960411967887954]
00236683,93139,390919,100,4;[50648, 1062, 0.8724162912063601, 1.0918755754154672, 213.35479637612792, 0.9236650681294645, 0.9819500184183485]
00236683,93139,390919,100,5;[53560.71, 1082, 0.8718223140379071, 1.2719149037767723, 394.1707716759126, 0.9223600826856005, 0.9920432003526559]
00236683,93139,390919,100,6;[52605.26, 896, 0.883918021004128, 1.1755189257199565, 650.8226219659143, 0.8972444130713766, 0.9979208898591403]
00236683,93139,390919,101,7;[50340.06, 902, 0.8807445170450002, 1.0675197317102934, 451.4993284754688, 0.8837738406193314, 0.9952358626113522]
00236683,93140,390930,162,4;[50537, 1078, 0.890617338460394, 1.159368768130827, 198.41330463279277, 0.9438535009988425, 0.9901546841172033]
00236683,93140,390930,162,5;[52330.25, 1018, 0.8837771286957714, 1.1302814673936055, 224.9227576164802, 0.9350619067758252, 0.9904056214950113]
00236683,93140,390930,162,6;[52717.600000000006, 980, 0.8723198945956582, 1.1916407124998802, 345.97069054315045, 0.8945825872136896, 0.9916759013478339]
00236683,93140,390930,162,7;[49183.38, 904, 0.8856045382741418, 1.2412293187071277, 327.5082865258509, 0.9286376268543715, 0.9930646730819728]
00236683,93140,390930,163,4;[60891, 1166, 0.8798437417506862, 1.1471152895215986, 440.92075090667265, 0.9438720072640782, 0.9669766001540404]
00236683,93140,390930,163,5;[51817.36, 952, 0.868296999859913, 1.1346919043867796, 202.7265238161475, 0.9181484449599598, 0.9992541851686115]
00236683,93140,390930,163,6;[53092.98, 914, 0.8765991027312365, 1.0885326783148097, 536.8700950042356, 0.8890194124901043, 0.9953128812296945]
00236683,93140,390930,163,7;[47942.55, 806, 0.8861400469798484, 1.09588982736007, 188.73954945092174, 0.9364442849941348, 1.0022068700825177]
00236683,93140,390930,164,4;[52782, 1174, 0.892569068449326, 1.3012097101274098, 336.0366267791391, 0.9346678774173823, 0.9901606745894028]
00236683,93140,390930,164,6;[52673.76, 934, 0.876283072972613, 1.1540990492081529, 251.72477329648885, 0.9042599078863474, 0.9870736685365133]
00236683,93140,390930,165,5;[53959.36, 1094, 0.8733255020501959, 1.246403178783136, 391.401288011376, 0.9244857121186066, 0.9912556838055264]
00236683,93140,390930,165,7;[50047.83, 892, 0.8884578349786199, 1.0925579881202565, 420.37057123942856, 0.8952924978704627, 0.9934098639455783]
00236683,93174,391097,943,4;[52929, 1108, 0.8828460986870269, 1.0983063107026998, 510.43772215516213, 0.8934977417358362, 0.9919041996964075]
00236683,93174,391097,943,5;[53889.149999999994, 1092, 0.8773231810321965, 1.278693284797037, 449.2352388033804, 0.9147373443316961, 0.9932227924726937]
00236683,93174,391097,943,6;[51677.770000000004, 990, 0.8829695698739835, 1.2062878213296189, 312.05483063552145, 0.9324343993301389, 0.9933506260945133]
00236683,93174,391097,943,7;[48109.32, 854, 0.8797653401569392, 1.085043124738904, 265.4928540501923, 0.9219678792647472, 0.9915645743657664]
00236683,93203,391206,348,4;[54256, 1088, 0.8853528477109496, 1.074540508695602, 543.0232175486182, 0.8943895225076689, 0.996940603610639]
00236683,93203,391206,348,5;[55439.719999999994, 986, 0.8787954545685046, 1.0904494841415546, 435.6866649196918, 0.8895019258773622, 0.9990135952309473]
00236683,93203,391206,348,6;[53029.96000000001, 1004, 0.8752041450925833, 1.1549806897710804, 523.3755346154549, 0.9085616810026557, 0.9948724538970636]
00236683,93203,391206,348,7;[50116.68, 902, 0.8882899385754764, 1.1653995297789257, 503.6928382302954, 0.8873180628328166, 0.9956382315840666]
00236683,93203,391206,350,4;[51891, 1126, 0.8847759100080066, 1.1284918754883855, 239.26920912499105, 0.9310482161206578, 0.9874031929670999]
00236683,93203,391206,350,5;[53427.43, 1068, 0.8761904327473313, 1.2752535444268787, 415.81628433893343, 0.9106632034558059, 0.9898473240368186]
00236683,93203,391206,350,6;[53723.18000000001, 968, 0.8851972905436899, 1.1926498731572275, 540.618621432369, 0.8791854576013558, 0.9861931946784699]
00236683,93203,391206,350,7;[49749.48, 890, 0.8839521547037728, 1.1228375248515745, 296.5379727362551, 0.8912789826519816, 0.9939323541548855]
00236683,93203,391206,351,4;[53017, 1106, 0.8911445126943249, 1.23133518941443, 296.4491511493588, 0.9301325926923519, 0.9924095652580841]
00236683,93203,391206,351,5;[54875.659999999996, 1080, 0.8769006163309137, 1.179881152654122, 482.2721789455403, 0.9130123344963348, 0.9918375686923978]
00236683,93203,391206,351,6;[53831.41, 950, 0.8780273349075945, 1.125443336214476, 599.320406964407, 0.8756456183821748, 0.9946461795491652]
00236683,93203,391206,352,7;[47965.5, 828, 0.8819754633892878, 1.1073849397262625, 202.21514009657832, 0.9045959445803953, 0.995838759886916]
00236683,93220,391265,336,4;[53215, 1098, 0.8763063496047365, 1.1391994134856436, 349.144132807547, 0.9268970654083277, 0.9936328329225483]
00236683,93220,391265,336,5;[52300.5, 1040, 0.8883793453226698, 1.1588999681159402, 278.8441680444886, 0.9295274100544008, 0.9908579544814059]
00236683,93220,391265,336,6;[51311.98, 956, 0.8872275809985876, 1.1977528449938752, 226.56803874338215, 0.9286752514515635, 0.9864103239399526]
00236683,93220,391265,336,7;[49184.91, 880, 0.8823606478630748, 1.1066869112422093, 246.01899892276666, 0.9065194010286566, 0.9970380708691944]
00236683,93220,391265,337,4;[51284, 1112, 0.8792958679535733, 1.135395028513278, 208.51180884773677, 0.9312518226116953, 0.9783195505575109]
00236683,93220,391265,337,5;[51751.909999999996, 1018, 0.8795412029027372, 1.2159118679407275, 236.16293279109476, 0.9295342545904172, 0.9933871649325582]
00236683,93220,391265,337,6;[53231.350000000006, 912, 0.8896849003351999, 1.1858284079749826, 614.1763646798645, 0.8767342939139359, 0.9984581780804317]
00236683,93220,391265,337,7;[48049.65, 844, 0.8889535155850133, 1.0918587906435444, 209.1498399003557, 0.9311254380891433, 1.0008764241893076]
00236683,93222,391274,426,4;[57338, 1170, 0.886854668230566, 1.1854768770449802, 450.37473106748973, 0.9411922447477721, 0.9481508429312012]
00236683,93222,391274,426,5;[51654.329999999994, 968, 0.8822020112693015, 1.1571810862662657, 208.92261698253648, 0.9437407397240375, 0.9975410212805075]
00236683,93222,391274,426,6;[53103.94, 1016, 0.8748037616346733, 1.1684908908828457, 450.9741968531228, 0.9188361563374632, 0.9931462099181388]
00236683,93222,391274,426,7;[48758.04, 888, 0.8859395500693478, 1.2070252924367457, 319.6890925046437, 0.9233336288527946, 0.9914444824689668]
00236683,93222,391274,428,4;[58149, 1174, 0.8848685865961714, 1.2053997740224873, 420.89703266550043, 0.9410564679058678, 0.9572245771430923]
00236683,93222,391274,428,5;[52686.06, 1010, 0.8883825211121258, 1.203523552557576, 252.61544863457726, 0.9319205768143303, 0.9965449327556131]
00236683,93222,391274,428,6;[51548.990000000005, 936, 0.8764851434119169, 1.1642280535472393, 227.7871519363942, 0.919940861886701, 0.991279835607777]
00236683,93222,391274,428,7;[50306.4, 828, 0.8845258922856971, 1.0654625847062194, 433.07337225036747, 0.8832715233592696, 1.0014162364658048]
00236683,93260,391459,217,4;[53665, 1108, 0.8830165008314165, 1.1568747573753988, 560.9006706415589, 0.9049777943778147, 0.9922803124855545]
00236683,93260,391459,217,5;[51668.61, 1004, 0.8843871647426503, 1.2014108854212842, 232.24784617026646, 0.9403222821256002, 0.9937744615595889]
00236683,93260,391459,217,6;[50876.32000000001, 934, 0.8853029941465531, 1.1258004582934167, 227.35034790445613, 0.9344684887768305, 0.9943103471357618]
00236683,93260,391459,217,7;[50001.93, 856, 0.8983182431979138, 1.146780627596113, 658.4222844330483, 0.890841991832416, 0.9972688851253414]
00236683,93260,391459,218,4;[53342, 1128, 0.8819792317494807, 1.102433082344417, 478.9532602383751, 0.8868150826591494, 0.9829546501557116]
00236683,93260,391459,218,5;[53589.27, 1062, 0.8631423234894012, 1.1858923395628806, 387.827696471499, 0.8814800273743318, 0.9933165696135522]
00236683,93260,391459,218,6;[53253.270000000004, 906, 0.8834904157608308, 1.0996469823892665, 609.3968971852356, 0.8791265089134787, 1.001636281646589]
00236683,93260,391459,218,7;[47910.42, 854, 0.8853658361856086, 1.1426721731563114, 264.8643470650496, 0.9210327595876833, 0.9945214615787719]
00236683,93314,391804,1,4;[52647, 1060, 0.8948910356227433, 1.1324701972275442, 554.3223901414366, 0.8984986258899959, 0.9994969007185777]
00236683,93314,391804,1,5;[51775.71, 1044, 0.8764316272593112, 1.2391106086898693, 296.50920326848143, 0.9324303506693311, 0.9932654552095699]
00236683,93314,391804,1,6;[51740.79, 978, 0.8757387411673722, 1.1638873992941536, 570.2390600899009, 0.9173671892795292, 0.9911037631868997]
00236683,93314,391804,1,7;[48164.4, 840, 0.8895853416071748, 1.1947312662262433, 768.4728542441595, 0.8954328647149865, 0.9965178854067743]
00236683,93314,391804,2,4;[51977, 1184, 0.8866878884399527, 1.2572918075100872, 409.7512100340109, 0.9266140798727707, 0.9903116098732031]
00236683,93314,391804,2,6;[51187.310000000005, 904, 0.8757376093351815, 1.108246409180102, 281.47941665348213, 0.9007051103275707, 0.9996789297658862]
00236683,93314,391804,2,7;[48895.74, 918, 0.8806668559652951, 1.134164452544483, 495.0704192484552, 0.9198112615202162, 0.9985626796650419]
00236683,93314,391804,3,5;[53256.07, 1040, 0.876357870939685, 1.204689762393494, 540.2553489116442, 0.8998972922869244, 0.99148158404874]
00236683,93331,391886,297,4;[51876, 1178, 0.8844671025734807, 1.3046130879712536, 426.76966347584744, 0.9403120147329657, 0.9911348872755064]
00236683,93331,391886,297,5;[52404.03, 1020, 0.869901393624247, 1.1218932353030335, 426.13995333547257, 0.8825101242879042, 0.9975987132727726]
00236683,93331,391886,297,6;[51433.91, 956, 0.8834011774981179, 1.1505403638827827, 320.0936060864985, 0.9075473787259105, 0.99317478373588]
00236683,93331,391886,297,7;[48834.54, 916, 0.8759147574521244, 1.1330110090332117, 544.0025446573025, 0.920845549706956, 0.9945935839708334]
00236683,93341,391961,155,4;[52219, 1130, 0.8830840029174529, 1.0944282669068668, 305.9317127110463, 0.9104757759499544, 0.9901964502427184]
00236683,93341,391961,155,5;[53058.53, 986, 0.8776422228310168, 1.1126786903844337, 572.5503558877115, 0.8887730118947625, 0.9951122617506584]
00236683,93341,391961,155,6;[52317.560000000005, 944, 0.8880754911048747, 1.1325530189364938, 571.7169604046203, 0.8862491572080464, 0.9941296679552761]
00236683,93341,391961,155,7;[47579.94, 856, 0.8877516593283715, 1.1352454188535255, 247.54762138590198, 0.925214105531204, 0.9946903787103377]
00441627,93067,390432,65,6;[21472.010000000002, 544, 1.2071747550462895, 0.7669454718363042, 296.42536616290715, 0.7847001280608507, 1.0052594445513436]
00441627,93067,390432,65,7;[16773.39, 448, 1.253618130917735, 0.6973485200506362, 523.0019403456191, 0.7855477682179377, 1.0095308255444542]
00441627,93067,390432,66,4;[10210, 490, 1.205591451736173, 0.6863116563155766, 613.2121337405814, 0.8722998402899627, 0.9194470710072493]
00441627,93067,390432,67,5;[16268.49, 512, 1.220647196279767, 0.7046617065922521, 462.8704074907715, 0.8445627125533454, 0.9832775919732442]
00441627,93067,390432,68,4;[11907, 494, 1.2003262112026345, 0.7715832962863078, 531.6485128296621, 0.8717618975734283, 0.9621429437194456]
00441627,93067,390432,68,7;[8421.12, 332, 1.2311721329364465, 0.7263238471111474, 701.494559475333, 0.8791896922543819, 1.0088901108972597]
00441627,93264,391493,588,5;[20519.17, 566, 1.20625089539276, 0.7685909233089576, 315.5605880943431, 0.8317790326969933, 1.0058332847226272]
00441627,93264,391493,588,6;[18714.2, 500, 1.2130593104670668, 0.7637348278576689, 363.8229627501239, 0.8491944895920966, 1.0074860788435298]
00441627,93264,391493,589,4;[21379, 642, 1.222860004437008, 0.7367409312527542, 305.88289777479906, 0.8018732641457108, 1.0009363734257222]
00441627,93264,391493,590,5;[16612.399999999998, 508, 1.1964813574751163, 0.7937685632171995, 375.2812841427674, 0.8581445608296557, 1.005256714913228]
00441627,93264,391493,590,6;[9288.6, 376, 1.2316310760066829, 0.7078850170173268, 667.4897806596281, 0.8670318738668767, 1.0028102351723118]
00441627,93264,391493,590,7;[12282.84, 382, 1.1826867670833479, 0.7999119505441685, 387.72390592826093, 0.8875514854945041, 1.009938357026041]
00441627,93264,391493,591,4;[11012, 470, 1.193098058381541, 0.7475751573775226, 527.8687510951271, 0.8825552290357994, 0.9964258245487038]
00441627,93264,391493,592,4;[21566, 638, 1.2334162978246925, 0.7378921132659273, 367.5501605580817, 0.7903441127274271, 1.0021375464684015]
00441627,93264,391493,592,5;[20156.219999999998, 562, 1.203713359679201, 0.7846317304791915, 313.73463012416363, 0.8368775280740046, 1.0055806221800048]
00441627,93264,391493,592,6;[21159.65, 542, 1.2236697404115686, 0.7517249901352401, 314.38375842433857, 0.7571266939806515, 1.007304506619709]
00441627,93264,391493,594,7;[8350.74, 328, 1.223572353799153, 0.7204655936361108, 657.8691777124549, 0.8679768549362092, 1.0058048465861973]
00441627,93264,391493,595,6;[12464.26, 412, 1.2003801191039778, 0.7494402772998116, 518.779684832739, 0.8685443501401033, 1.0085356390644054]
00441627,93264,391493,595,7;[17913.24, 476, 1.234135554242224, 0.7230504643351645, 478.3657405746895, 0.6958753383818995, 1.0044612216884008]
00441627,93264,391493,596,4;[11219, 508, 1.2305094763677218, 0.6714866924176794, 605.7120413973133, 0.8650759920385281, 0.9012692802056556]
00441627,93264,391493,597,4;[16763, 554, 1.2381928499368817, 0.7049775672859457, 464.3131905671902, 0.8376756323112875, 0.9956049177406902]
00441627,93264,391493,597,6;[16138.6, 466, 1.2405600873349107, 0.7125649233782062, 511.9105039766774, 0.8332037135799918, 1.0062785631913893]
00441627,93264,391493,597,7;[16254.720000000001, 444, 1.2077508556362362, 0.7474599477139451, 388.7097550299453, 0.8432176119123432, 1.010125980508676]
00441627,93264,391493,598,6;[20904.83, 538, 1.228930547722823, 0.7107618040554585, 404.3079847094639, 0.7639951155568417, 1.0037825214616978]
00441627,93264,391493,599,4;[21075, 628, 1.2339627963739415, 0.6957756061847777, 428.3759556261045, 0.7821500322703572, 1.0026881080952494]
00441627,93264,391493,599,6;[18278.54, 496, 1.2417901616914273, 0.7014603540815798, 492.52759945321515, 0.8148213773926527, 1.0078942398489141]
00441627,93264,391493,601,6;[17897.68, 488, 1.2262171756865832, 0.7353354373699604, 428.58509720415935, 0.8294448048949816, 1.0083359061438715]
00441627,93264,391493,601,7;[16462.8, 446, 1.239242479305792, 0.7171955844473522, 490.42480472355714, 0.778000400107347, 1.0082458770614693]
00441627,93264,391493,602,6;[9285.86, 374, 1.2377602435906125, 0.6997581433261124, 713.459030433227, 0.8548786717681439, 1.0055633855055264]
00441627,93384,392076,320,4;[12344, 490, 1.1995487910336806, 0.7591096098133624, 513.2954542998216, 0.8662362257216014, 1.0004863024801427]
00441627,93384,392076,320,5;[20861.89, 574, 1.2111621840400428, 0.7582921315696813, 363.1884696510415, 0.8293217739685587, 1.0060832137733142]
00441627,93384,392076,320,7;[14005.62, 410, 1.2263482310292348, 0.7426608622195343, 522.0529734673636, 0.8269586639430007, 1.0075394859941664]
00441627,93384,392076,321,6;[9516.02, 402, 1.2459258908049446, 0.6729735331185407, 996.7609703993207, 0.8711938871840158, 1.0025981524249423]
00441627,93384,392076,322,4;[15087, 530, 1.227825643299695, 0.670241727937023, 463.9224341976033, 0.8457291965189534, 0.9826743958835407]
00441627,93384,392076,322,5;[14786.939999999999, 478, 1.2168679137909466, 0.6908034952506068, 421.88523733231057, 0.8408142823537349, 1.0021371829509254]
00441627,93384,392076,322,6;[9057.070000000002, 424, 1.4980199071231, 0.7611337057784305, 1635.2590209349778, 0.8533617294763073, 0.9801334321719792]
00441627,93384,392076,322,7;[15986.970000000001, 440, 1.2458601080494724, 0.7311456583295168, 551.6198462274316, 0.8090290400380505, 1.0078125]
