80018540,93032,390303,84,4;[86062, 1340, 0.6301477722334509, 1.15523989550764, 1210.1527867038315, 0.7788796234724517, 1.00058713079065]
80018540,93032,390303,85,5;[86035.81, 1256, 0.639901811973905, 1.0473756845619238, 1045.3254001300913, 0.8190359648616103, 1.00477378379693]
80018540,93032,390303,85,6;[82835.68000000001, 1088, 0.6792690445057619, 1.225728746048573, 680.4536667296319, 0.8496272812830695, 1.0053289216623575]
80018540,93032,390303,85,7;[61069.950000000004, 936, 0.6629505912573227, 0.9047666248606034, 753.9783534393248, 0.8797270866318839, 1.0043909865250815]
80018540,93032,390307,86,4;[65193, 1296, 0.6354686492523531, 1.0529013218840468, 955.6331507767801, 0.868257760417391, 0.9779047790477905]
80018540,93032,390307,87,5;[80928.33, 1184, 0.672063678578127, 1.14554136894592, 719.8780808269688, 0.8648033494759619, 1.0023730212540165]
80018540,93032,390307,87,6;[76344.62000000001, 1150, 0.6963354905404918, 1.1236266024691774, 621.6008746684364, 0.8936364399371239, 1.0017617027396275]
80018540,93032,390307,87,7;[79050.51, 1012, 0.6374384374356501, 1.1194603693654679, 1104.7503702779907, 0.7812617592019155, 0.9983479058982658]
80018540,93049,390355,841,4;[94503, 1438, 0.6276585114366919, 0.8857424174114987, 1612.1700898895265, 0.862294785366956, 0.972388140328132]
80018540,93049,390355,842,5;[67505.12999999999, 1090, 0.6752340203400685, 1.0906652635769192, 721.0383264829223, 0.8732811178452877, 1.0085427537713458]
80018540,93049,390355,842,6;[64369.450000000004, 1138, 0.6458340036385303, 0.9098672066636, 1000.0379063577602, 0.869799219073308, 1.0007667894949839]
80018540,93049,390355,842,7;[72269.55, 984, 0.6525112359775661, 0.9957487642007915, 977.6651526023026, 0.8382546092383575, 0.9989531453224629]
80018540,93055,390379,497,4;[61424, 1194, 0.6807752671586971, 1.2014493253106036, 658.2142383113946, 0.8992325527111963, 0.9989591465001301]
80018540,93055,390379,498,5;[78443.61, 1298, 0.6752644888296218, 1.2135245276114999, 841.4153808028574, 0.8844324933912502, 1.0068581029479151]
80018540,93055,390379,498,6;[63411.82000000001, 1028, 0.6633093485408524, 1.2050732631380088, 756.7341480100714, 0.8734166197714024, 1.0020675247074615]
80018540,93055,390379,498,7;[72821.88, 1020, 0.6448248628499487, 0.8479122871928603, 1024.1328503985785, 0.8542201272984357, 1.0034893159464902]
80018540,93056,390384,598,5;[87053.26, 1312, 0.6595983948806187, 1.0520367909184123, 878.3584724544785, 0.8476672303735798, 0.999624221968667]
80018540,93056,390384,598,6;[78555.8, 1120, 0.6476990792109512, 1.13869237608026, 980.7936198098055, 0.8274726606769841, 1.0024387898707179]
80018540,93056,390384,599,7;[69195.78, 970, 0.6243565395919843, 1.0613343811626927, 1374.8229560156067, 0.8001392337964762, 1.0021716007800034]
80018540,93056,390384,600,4;[62718, 1192, 0.673418293949214, 1.2024786764386493, 646.6767163028521, 0.8958857415400765, 0.998893091777822]
80018540,93056,390384,601,6;[67328.65000000001, 1130, 0.6459734303648816, 0.9736335141690701, 1251.5182875102744, 0.8671942186088152, 1.0012427675006113]
80018540,93056,390384,601,7;[78140.16, 1032, 0.5898287584224452, 0.9018979899259176, 2374.9311234317215, 0.7746864470789949, 1.0016769144773616]
80018540,93056,390384,602,5;[64323.07, 1070, 0.6220304380767288, 0.8277032957752297, 1574.2655497840992, 0.8154050005969545, 1.007971953641458]
80018540,93057,390392,664,4;[67334, 1256, 0.6486261906590303, 0.981115664496917, 1278.0625018719295, 0.8607295940595615, 1.0007431187206468]
80018540,93057,390392,665,5;[80357.12999999999, 1188, 0.6645402290329798, 1.1675774171637885, 799.0841458788129, 0.8428106045517576, 1.0001481108461572]
80018540,93057,390392,665,6;[70459.1, 1032, 0.6642817550199684, 1.215991315917224, 777.3609460368781, 0.8614470525352184, 1.0082633286609095]
80018540,93057,390392,665,7;[81815.22, 1088, 0.6239673265741176, 1.0796209725190424, 1510.7281639754615, 0.7659295571493072, 1.0025309810832599]
80018540,93057,390392,666,4;[72217, 1286, 0.646918658354461, 1.1709170285189179, 852.7381687397562, 0.8490146593089528, 0.9974792643595605]
80018540,93057,390392,667,5;[80816.47, 1180, 0.6474902237792095, 1.1304671722893767, 923.9915618916075, 0.8238029393496847, 1.003316663835068]
80018540,93057,390392,667,6;[81934.22, 1198, 0.6396241491424655, 1.0401422956066217, 1081.9184191660584, 0.7889937786967397, 1.0056076337803186]
80018540,93057,390392,667,7;[61418.79, 938, 0.6399283361103123, 0.8893093239198392, 1011.10405516529, 0.8420691818446412, 1.0031110611342253]
80018540,93057,390393,668,4;[73951, 1350, 0.6275217843613334, 0.9442064175220742, 1478.7189467144055, 0.8636923760781184, 0.966515494099042]
80018540,93057,390393,669,5;[77792.68, 1178, 0.654748291186572, 0.8825080626677363, 849.4202008803251, 0.8682985056082482, 1.0034768326285008]
80018540,93057,390393,669,6;[84856.43000000001, 1144, 0.6493349004563322, 1.086158974844269, 951.1514450119732, 0.8252746530443986, 1.00367024508811]
80018540,93057,390393,670,7;[58620.42, 894, 0.6166832843394597, 0.8876748474539556, 1756.4343441063743, 0.8464310864229887, 1.0093123114816718]
80018540,93057,390393,671,4;[88917, 1454, 0.6411468234317086, 1.0138262049289086, 1149.249962538665, 0.8564774922096601, 0.9680780411327288]
80018540,93057,390393,672,5;[83914.04, 1206, 0.670339602486737, 1.1595199739875033, 743.1860415622197, 0.8499076436876684, 0.9995251560960744]
80018540,93057,390393,672,6;[71208.49, 1060, 0.6419123415184402, 1.1198913030752253, 1174.7021663259932, 0.824305572251987, 1.0026234061842942]
80018540,93057,390393,672,7;[78521.13, 1136, 0.6226234040796885, 0.9583924444505135, 1374.0190135932976, 0.8352513397894428, 1.0028235615956542]
80018540,93063,390411,1179,4;[64290, 1176, 0.6437291093793032, 0.9058226959566712, 1151.0832962285, 0.8406617130556402, 1.004617584323653]
80018540,93063,390411,1180,5;[81762.51999999999, 1214, 0.6552314300685549, 1.0371003723696526, 798.2549577595454, 0.8510654466280152, 0.9997526373226628]
80018540,93063,390411,1180,6;[76796.72, 1160, 0.6492229087374468, 1.0597109746960476, 1273.3863409442142, 0.8539465324821384, 1.0023334614800046]
80018540,93063,390411,1180,7;[81524.52, 1098, 0.6363461468315016, 0.9997435348594174, 1175.9505777267102, 0.8176703984253256, 1.0033612337705133]
80018540,93064,390421,1301,4;[85579, 1420, 0.6281988900307881, 0.9292765810990099, 1211.2487266160388, 0.8405501357479519, 0.9629196226139106]
80018540,93064,390421,1302,5;[84400.75, 1248, 0.6440282694095636, 1.159722405634227, 1029.5264839754984, 0.7747478858708815, 1.0049236654741243]
80018540,93064,390421,1302,6;[84294.73000000001, 1190, 0.6900863306540672, 1.1426377152793237, 665.656659257213, 0.8686209879320674, 1.0018562240494993]
80018540,93064,390421,1303,7;[58640.31, 918, 0.6180715982058501, 1.1018131730958423, 1035.1210121919542, 0.9222977905137207, 0.9963087161090748]
80018540,93067,390433,77,4;[92698, 1484, 0.6314156471283938, 0.8735721706395072, 1423.4353267529889, 0.8548173062723635, 0.9494535659049707]
80018540,93067,390433,78,6;[79844.97, 1190, 0.698624583884419, 1.1651730139578587, 613.0284265259625, 0.8850684872169023, 1.00773772986245]
80018540,93067,390433,78,7;[83827.17, 1096, 0.6315294049666391, 0.97072886817234, 1194.961404062066, 0.8138450180724237, 1.0042524332349652]
80018540,93067,390433,79,5;[80535.62999999999, 1322, 0.6190807596397894, 0.8262643422643081, 1580.0222381329174, 0.837359244715449, 0.9967451176765147]
80018540,93072,390473,383,4;[64299, 1212, 0.6824332757175166, 1.0683138513881316, 661.8085122735358, 0.8894339676637273, 21433.0]
80018540,93072,390473,384,5;[85281.34999999999, 1280, 0.6544574082781879, 1.0566798734322898, 1147.7403583292812, 0.8387018648727758, 1.0040630472854641]
80018540,93072,390473,384,7;[80326.53, 1038, 0.6751733163542678, 1.1434287734614415, 696.1205594507766, 0.8456473707401142, 1.0038624065469703]
80018540,93072,390473,385,6;[71118.07, 1118, 0.663387451929935, 1.162698921714165, 760.4796598593786, 0.8489917256023163, 0.9974444700637922]
80018540,93072,390475,379,4;[67435, 1260, 0.653123244080612, 0.9723021632820459, 1180.9191441174255, 0.8686550888408703, 0.998578430646666]
80018540,93072,390475,380,5;[84305.55, 1290, 0.6565004135077794, 1.00524241030595, 764.5116881875291, 0.8401168336810261, 1.0027600849256901]
80018540,93072,390475,380,6;[71657.85, 1104, 0.6737027485646004, 1.191663786032266, 696.2346124727101, 0.8636020091927824, 0.9941175911583309]
80018540,93072,390475,380,7;[78392.61, 1108, 0.6089154427317442, 0.9326581777241235, 1618.3670367696882, 0.772417916591505, 0.9954344109418714]
80018540,93072,390475,381,4;[78287, 1296, 0.6642941035871456, 1.1233074042611948, 785.3216282800606, 0.8538788542535242, 78287.0]
80018540,93072,390475,382,5;[87545.92, 1310, 0.6580458530176386, 1.0147292042984555, 1009.3875226583542, 0.8376209352092432, 0.9992733101064227]
80018540,93072,390475,382,6;[81531.44, 1100, 0.7048824650774411, 1.144171490318747, 543.6191178148168, 0.894497856686284, 1.0050071349562193]
80018540,93072,390475,382,7;[82606.23, 1038, 0.6679785435757629, 1.16875009560073, 778.6206290745993, 0.8346728754807639, 1.0028511725098677]
80018540,93091,390591,685,4;[87683, 1352, 0.6931089876974992, 1.011100190308116, 855.0490112660318, 0.9264618180540565, 1.0021773294853844]
80018540,93091,390591,686,5;[84316.26, 1210, 0.6597578596127361, 1.1550686322748884, 787.752547576823, 0.8443255031209446, 1.0025894638536317]
80018540,93091,390591,686,6;[86012.71, 1234, 0.6667798878996855, 1.0448853722674327, 942.1857549030514, 0.8488531127445409, 1.0015713613413204]
80018540,93091,390591,686,7;[70978.23, 1020, 0.6403325047017812, 0.9412360670758904, 1362.4356157222564, 0.8417556005340376, 0.9969912531430659]
80018540,93092,390594,747,4;[82066, 1308, 0.6755029739906667, 1.1909638126956474, 667.3010526792604, 0.8665919966283278, 1.0001584341827843]
80018540,93092,390594,748,5;[88457.45999999999, 1320, 0.6814677037112902, 1.0707240053712068, 710.5529476928825, 0.844356776278365, 0.998193867205597]
80018540,93092,390594,748,6;[75718.53, 1118, 0.7155443191446665, 1.1564065614348984, 538.1656525205901, 0.8966885863822333, 1.0031672853007105]
80018540,93092,390594,749,7;[62901.36, 956, 0.6663282027588261, 1.1190855737179777, 802.4104805397039, 0.8659712066051586, 0.9938596915341101]
80018540,93097,390629,1115,4;[85923, 1326, 0.6522129334089927, 1.1998338253325707, 830.6762722526346, 0.8246483727969232, 1.0005706034422526]
80018540,93097,390629,1116,5;[64797.88, 1112, 0.637212227424369, 0.9108073906839187, 1226.2353052092387, 0.8318601022629727, 1.0007167404848105]
80018540,93097,390629,1116,6;[85815.43000000001, 1138, 0.6669668828479723, 1.1889941061150975, 741.0885462038409, 0.8406712236047967, 1.0016390427990054]
80018540,93097,390629,1116,7;[78280.92, 1058, 0.614167813817769, 1.0606969272774107, 1509.9008939158089, 0.7853007290268619, 1.0]
80018540,93099,390643,1327,4;[79962, 1344, 0.6623680641752597, 1.1051347937599965, 1165.9853591440096, 0.8866749244186989, 0.9640712787248921]
80018540,93099,390643,1328,5;[67502.75, 1094, 0.6818009343933623, 1.0633234923308805, 636.5814372095682, 0.8948947333021349, 1.0043911680861235]
80018540,93099,390643,1328,6;[82675.39, 1216, 0.6398394040753104, 0.9806680011456297, 1164.8635730292222, 0.8182873397853384, 1.002949999584507]
80018540,93099,390643,1328,7;[61628.4, 942, 0.6603289115383159, 1.0661803113317054, 839.6786279725236, 0.8690771798076198, 0.9988592967316372]
80018540,93100,390653,1345,4;[86973, 1292, 0.6510477653261714, 1.1257549481109574, 918.1054183930484, 0.8185844431854101, 1.0083884544258228]
80018540,93100,390653,1346,5;[87519.73999999999, 1228, 0.6703280266558009, 1.0986894014927342, 786.8330980047241, 0.8414824505200666, 1.0011570765440165]
80018540,93100,390653,1346,6;[86599.07, 1114, 0.6083961248945979, 1.0504306464125777, 1942.8887369298109, 0.7446270306864923, 1.0101315179698611]
80018540,93100,390653,1346,7;[79749.72, 1086, 0.6381808908484795, 0.9376292630563358, 1352.7580925641696, 0.8486893253217135, 1.0044224339766257]
80018540,93102,390666,1474,4;[86686, 1298, 0.6445704241117575, 1.1085505768836874, 1152.3939478707948, 0.798060350782144, 1.006741729622382]
80018540,93102,390666,1475,5;[84300.79, 1290, 0.6412427373843166, 0.9619124637178033, 1071.5236330827256, 0.8189690619295213, 1.0028241189668963]
80018540,93102,390666,1475,6;[72974.42000000001, 1144, 0.6470247702356889, 1.0403878010338752, 1378.9191091301484, 0.8527322119784267, 1.0060248928173456]
80018540,93102,390666,1475,7;[60942.96, 938, 0.6621432538854636, 0.8728286051166145, 697.9480675265606, 0.8924769090550616, 0.9955884374570404]
80018540,93102,390668,1471,4;[68758, 1208, 0.6318273638289943, 1.0840847857018914, 1267.8345935622774, 0.8204739275004223, 1.0022155496603795]
80018540,93102,390668,1472,5;[85707.37, 1192, 0.6417407003483535, 1.1506596018636437, 949.3418275261924, 0.7868567411866926, 1.0061818512024923]
80018540,93102,390668,1472,6;[83630.28000000001, 1098, 0.6372355925706013, 1.1505571862080446, 1148.7508252350196, 0.7632690637463893, 1.0078755758086086]
80018540,93102,390668,1473,7;[80661.6, 1056, 0.6435052812916396, 0.9975778377481178, 1035.7099143940695, 0.8232532964993149, 1.0025863380495967]
80018540,93103,390670,1530,4;[86499, 1346, 0.6434933806314445, 1.1741422879545342, 930.6935936159881, 0.8054672279952168, 1.0034162949730003]
80018540,93103,390670,1531,5;[65947.42, 1122, 0.6408399548503901, 0.9160716759838584, 1361.736917706194, 0.8334127319490331, 1.0035129653773722]
80018540,93103,390670,1531,6;[85715.42000000001, 1212, 0.63931354964063, 1.0422115384265276, 1129.9440341862608, 0.7966001449715682, 1.0018655073299225]
80018540,93103,390670,1531,7;[75920.13, 1050, 0.6382395543162757, 0.9485803271206911, 1429.8149949861468, 0.8511394590516435, 1.0029509853461345]
80018540,93103,390672,1527,4;[84519, 1458, 0.6511791174372131, 0.9668522036849853, 1079.4631772460934, 0.8562924061069436, 0.9678616211759452]
80018540,93103,390672,1528,5;[87353.14, 1298, 0.6770181237657418, 1.0505490243986841, 626.449702352129, 0.8585455863790166, 1.0007975731960872]
80018540,93103,390672,1528,7;[76821.3, 1072, 0.6244478336401011, 0.8030410514302195, 1321.1265884755585, 0.8291029792716981, 1.0001294730447081]
80018540,93103,390672,1529,6;[85879.82, 1140, 0.6539871008891421, 1.0969679631836993, 979.4993574442834, 0.8241682509062908, 1.0031284755282803]
80018540,93114,390740,2046,4;[67181, 1202, 0.6308333686833153, 1.057949280118169, 1286.018355196423, 0.8223759001801499, 1.0035402724665392]
80018540,93114,390740,2047,5;[65749.87999999999, 1116, 0.6654961076643559, 1.1656240136487521, 814.1689408583011, 0.862161587244874, 1.003669391462307]
80018540,93114,390740,2047,6;[81008.1, 1142, 0.6487527440001529, 0.9846501643174933, 963.4390830546932, 0.844292701675401, 1.0009649078259104]
80018540,93114,390740,2047,7;[60207.03, 928, 0.6716559493120756, 1.1717187279364794, 688.0446638143405, 0.8814599293855133, 0.991508768393469]
80018540,93114,390746,2043,4;[85962, 1328, 0.6725783114801359, 1.1626961802774414, 707.405780527013, 0.8510484507701369, 1.0016137771123295]
80018540,93114,390746,2044,5;[81485.25, 1190, 0.6719679563241379, 1.1500823306065207, 729.0832751259306, 0.8597439036838891, 1.0024521465432055]
80018540,93114,390746,2044,6;[85985.31000000001, 1198, 0.6388195612762533, 1.0926769493591098, 1094.6872522152762, 0.8216173114817751, 1.0069307407229147]
80018540,93114,390746,2044,7;[81711.18000000001, 1018, 0.6090556245891093, 0.9630571836998596, 1736.7007927677578, 0.7722297201501316, 1.0076888968555713]
80018540,93115,390750,93,4;[83700, 1316, 0.6294738168527589, 1.1288292360536711, 1272.1850790947597, 0.7717670572774844, 1.0002210763430388]
80018540,93115,390750,94,5;[67237.37999999999, 1136, 0.672957958049153, 1.0888412323259993, 686.5566621304117, 0.8852180584172191, 0.9987449843564952]
80018540,93115,390750,94,6;[70011.11, 1088, 0.6625934976197123, 1.1704524352248464, 779.7921163298622, 0.853602393096807, 0.9984467347237825]
80018540,93115,390750,94,7;[69510.96, 1042, 0.6345657503762065, 0.9806621195528114, 1487.6756346563982, 0.8549221449302392, 1.0048437396324066]
80018540,93115,390750,95,4;[86059, 1414, 0.6533392620679974, 1.1485893179294366, 1185.5769342035069, 0.8636290427522286, 0.9604799107142857]
80018540,93115,390750,96,5;[85644.3, 1222, 0.6574167347021785, 1.1668046376751333, 838.2454723142578, 0.831262005813145, 1.002186233690279]
80018540,93115,390750,96,6;[82669.91, 1114, 0.6310297059626402, 1.1272518253068915, 1125.2494354801827, 0.7869831426421381, 1.0046952265197049]
80018540,93115,390750,96,7;[81218.52, 1038, 0.6207378792306937, 1.043036160006922, 1305.438967199552, 0.7747201679948756, 0.9881884267058835]
80018540,93119,390773,326,4;[65711, 1184, 0.6740067615206345, 1.1004028385939664, 632.8687896374066, 0.8951250463774081, 0.9967009715070114]
80018540,93119,390773,327,5;[89009.62, 1264, 0.6319937426248906, 1.142545992465259, 1068.9449993357596, 0.7841802173496165, 1.0015733692195419]
80018540,93119,390773,327,6;[84324.87000000001, 1162, 0.6456278309421053, 1.1689982596096447, 963.652640494139, 0.8040429447238542, 1.0017821830521716]
80018540,93119,390773,327,7;[74411.55, 1046, 0.6182786784868378, 0.9139620024545366, 1650.2654667834447, 0.8383852899065288, 1.0016991915967253]
80018540,93122,390792,1690,4;[83526, 1394, 0.6507170793851642, 1.061191025559923, 1178.1925181437357, 0.8537478843975344, 1.0022438474183755]
80018540,93122,390792,1690,5;[86464.20999999999, 1228, 0.6635363680773627, 1.1443670168110047, 791.1570151279537, 0.845640192504436, 0.9998417514672391]
80018540,93122,390792,1690,6;[62228.14000000001, 1024, 0.6733450410986231, 1.2270438566798627, 713.733063352583, 0.8834341785709982, 1.002493985742347]
80018540,93122,390792,1690,7;[83372.76, 1116, 0.6371571007390389, 0.9041896942002143, 1470.0444977603765, 0.8437961747383624, 0.9988635113832166]
80018540,93122,390794,1691,4;[85505, 1330, 0.6269219750179522, 1.1622216820099607, 1234.4292636927105, 0.7861568364332339, 1.0010947003623634]
80018540,93122,390794,1692,5;[89370.19, 1274, 0.6538125246347904, 1.009050950931303, 944.6099178862023, 0.8150755957695647, 1.0035276667958364]
80018540,93122,390794,1692,6;[63842.00000000001, 1004, 0.6093833446511514, 0.8978482375087763, 1763.8318716469653, 0.7975089937004554, 1.0066642904204877]
80018540,93122,390794,1692,7;[59178.87, 922, 0.6835811425972294, 1.0777940811323863, 648.2918669979717, 0.8923621738990675, 1.0030080647252548]
80018540,93129,390841,511,4;[65215, 1176, 0.6842147675001149, 1.0791905154854187, 591.483503275318, 0.9079145063369836, 1.0032613879359413]
80018540,93129,390841,512,5;[66504.34, 1172, 0.645439495250929, 1.1250572576655573, 988.1855877362215, 0.8458463060784708, 0.9976881398898519]
80018540,93129,390841,512,6;[79209.29000000001, 1124, 0.67567847459574, 1.2197315701174218, 695.8577629555377, 0.870013320481802, 1.0008395578905458]
80018540,93129,390841,512,7;[60606.36, 924, 0.6624038113583384, 0.8926716306999337, 738.8495120332935, 0.891494610008192, 1.0018716171784106]
80018540,93134,390880,789,4;[73031, 1242, 0.6597631218156105, 1.0458769915396826, 896.3196018307118, 0.8571838944337826, 1.0019344217313761]
80018540,93134,390880,790,5;[65294.11, 1172, 0.6400614397489057, 0.9356421924780335, 1173.2542163267076, 0.828961409378021, 0.9983260857699096]
80018540,93134,390880,790,6;[83508.35, 1138, 0.6413592778317038, 1.1135956762291754, 1019.7626954689678, 0.7794926157640875, 1.002137279079326]
80018540,93134,390880,790,7;[62514.270000000004, 936, 0.6277717641179021, 0.9514399744880582, 1583.799495589145, 0.8622361437541297, 1.005784757778653]
80018540,93136,390894,978,4;[70374, 1212, 0.632669849265008, 1.000617092907295, 1293.397110113319, 0.8311997508637814, 1.0023144356693705]
80018540,93136,390894,979,5;[75084.23999999999, 1162, 0.6673346323798132, 1.1361046554047711, 750.2571808973826, 0.8664965425800639, 1.0028051716876325]
80018540,93136,390894,979,6;[63999.55, 1034, 0.6332346194749925, 1.1538186215449373, 1021.9521543625574, 0.8324214938829418, 0.9949946751863685]
80018540,93136,390894,979,7;[73280.88, 1040, 0.6140805016076032, 0.9199828748154946, 1669.3162574475593, 0.80536341348093, 1.0014950496084642]
80018540,93138,390912,1219,4;[86734, 1342, 0.6490400460410337, 1.1843978796229027, 851.5933535396518, 0.8205259181865429, 1.0033373628471118]
80018540,93138,390912,1219,5;[86965.2, 1264, 0.6435391502298451, 0.9841782684118969, 1092.1274132015055, 0.8203979783784411, 1.0017065197277792]
80018540,93138,390912,1219,6;[75745.93000000001, 1160, 0.6999953897921813, 1.1214171717788295, 624.485225907018, 0.9014941866961563, 1.0080128351215598]
80018540,93138,390912,1219,7;[70041.87, 1042, 0.6122076159678814, 0.9228973633069901, 1718.178836670938, 0.8161759091430969, 1.0044540986484114]
80018540,93138,390915,1217,4;[63833, 1184, 0.6806226257811232, 1.0927128828562716, 701.0683782320071, 0.8870455318158228, 0.996534228397471]
80018540,93138,390915,1217,5;[84855.33, 1218, 0.6631385045251066, 1.160567016929764, 749.31388403324, 0.8540567599893409, 1.001334044823906]
80018540,93138,390915,1217,6;[86105.87000000001, 1228, 0.6380469829405538, 0.9495874862960291, 1183.860178046403, 0.8271355055555271, 0.9998806843943142]
80018540,93138,390915,1217,7;[68863.77, 1066, 0.6546327132037352, 1.0006867909550867, 1065.3146842450979, 0.8814719359572157, 0.9979933258683578]
80018540,93142,390940,256,4;[78661, 1272, 0.6812704106480407, 1.0653557346577538, 652.4190638542458, 0.8793821147638318, 1.0026384887959823]
80018540,93142,390940,257,5;[86833.11, 1312, 0.6371148099615268, 0.938663254322036, 1218.8023263913492, 0.8130816387054628, 0.9980167956889241]
80018540,93142,390940,257,6;[77865.32, 1114, 0.6766443880242211, 1.107545540623802, 752.6522642632044, 0.8689896464559007, 1.0052974627010869]
80018540,93142,390940,257,7;[78798.06, 1052, 0.6762322901876041, 0.9887379862738007, 700.3835363632677, 0.867343356777843, 1.0057707517600305]
80018540,93162,391023,62,4;[94322, 1402, 0.6374439046051532, 0.8636785587182811, 1420.6846670418968, 0.8688153576644354, 0.981549508299079]
80018540,93162,391023,63,5;[67093.39, 1150, 0.6429790523124946, 0.9745185114086704, 1279.0574881434509, 0.8625514029290416, 0.99946818882842]
80018540,93162,391023,63,6;[83502.87000000001, 1188, 0.6267753180996961, 0.8391772486279898, 1389.1851292290387, 0.8220869021370827, 1.0005006524897202]
80018540,93162,391023,63,7;[81671.4, 1048, 0.6660894973889385, 1.1444210839003868, 777.1711854900554, 0.8358925778605013, 1.0032608797797262]
80018540,93163,391026,156,5;[87994.55, 1246, 0.6697340048801019, 1.1574443576687374, 675.1204582974201, 0.8280479020325486, 0.9996890547263682]
80018540,93163,391026,156,6;[84671.48000000001, 1212, 0.6416727340365214, 0.9815864423416018, 1179.896458611468, 0.8375559342671922, 1.0025955486340925]
80018540,93163,391026,156,7;[73277.82, 1030, 0.6525183027385925, 0.8517686080065069, 879.5415730528197, 0.8556073175395433, 0.9935071670089406]
80018540,93163,391026,157,4;[64752, 1222, 0.638832835347033, 0.8888555871614447, 1327.1283002898053, 0.8465195710381062, 0.9998764669549104]
80018540,93163,391026,158,5;[87078.25, 1294, 0.6585042444302271, 1.0478557012892336, 1047.752043456892, 0.8438776458686846, 1.0019992057949583]
80018540,93163,391026,158,6;[65933.99, 1022, 0.6284081896602188, 0.9653874119295156, 1386.3015888876735, 0.815398267736085, 1.0080430639046563]
80018540,93163,391026,158,7;[67443.93000000001, 968, 0.6709068583352082, 1.0363215820266198, 730.324968299992, 0.872989887052754, 0.9995804941099106]
80018540,93164,391034,216,4;[89252, 1432, 0.642385488512405, 1.0091834846125012, 1205.3772988199578, 0.8570093968816543, 0.9701198900011956]
80018540,93164,391034,217,5;[83590.36, 1206, 0.67133072736074, 1.1396149298417537, 693.4123140241337, 0.8558681841117981, 1.0002349506959525]
80018540,93164,391034,218,7;[63270.090000000004, 982, 0.6527161239479956, 0.8878667555574196, 1034.5756600279108, 0.8670891557167929, 1.0041157259582114]
80018540,93164,391034,219,6;[81382.11, 1096, 0.6487266154509225, 1.0688420334869617, 972.8192455057863, 0.8253003998254391, 1.0049143582152675]
80018540,93164,391034,220,4;[76972, 1262, 0.6308227489652809, 1.041383363478357, 1234.4366147476878, 0.8202074118931393, 1.0000194879856568]
80018540,93164,391034,221,5;[63236.6, 1116, 0.6733909245596126, 1.1683781997491782, 706.5336974096232, 0.8745942927249172, 1.0010549318061939]
80018540,93164,391034,221,6;[74633.49, 1098, 0.6321816264932665, 1.096565769213791, 1141.1000057941642, 0.80789957351876, 1.0]
80018540,93164,391034,221,7;[80341.83, 1112, 0.6276289323705867, 0.8868456775777219, 1512.32543542755, 0.8342674115341732, 1.002147008025039]
80018540,93164,391036,212,4;[69460, 1222, 0.6626839427127881, 1.1306540971968722, 814.9126458981686, 0.8579782220713358, 0.9997625096255568]
80018540,93164,391036,213,5;[64597.96, 1116, 0.6352319220868946, 0.8857355670769479, 1449.0465642462661, 0.8150203705430035, 1.0036608364456605]
80018540,93164,391036,213,6;[78876.38, 1092, 0.6150528054293626, 1.0766549880854266, 1601.1691998386332, 0.7829864447618089, 1.0040021274926105]
80018540,93164,391036,213,7;[74541.6, 1086, 0.6462749904275544, 0.9453256542585187, 1385.9922219610594, 0.8464464549610672, 0.9982072427393331]
80018540,93164,391036,214,4;[85989, 1338, 0.6327015071750386, 1.121696583934047, 1180.6696682091585, 0.7714179397932812, 0.9990124776355229]
80018540,93164,391036,215,5;[88856.11, 1314, 0.6494426204357043, 0.9999082835445107, 1048.3979889556058, 0.817247189362496, 1.001643269637072]
80018540,93164,391036,215,6;[86357.95000000001, 1154, 0.6461306537204952, 1.1907749344932053, 948.4832996878627, 0.7932735827275058, 1.0007302862404548]
80018540,93164,391036,215,7;[79387.11, 1028, 0.6320351131126111, 1.1560583502604642, 1094.9201705312912, 0.758212766707601, 0.9999614561853186]
80018540,93166,391050,394,4;[74449, 1276, 0.666138943796689, 1.1423119126229349, 795.3906116881584, 0.8561635995017594, 1.000678777125883]
80018540,93166,391050,395,5;[63907.759999999995, 1092, 0.6809520196541751, 1.216186871079521, 685.9594258937565, 0.8732900610524328, 1.0045923473348486]
80018540,93166,391050,395,6;[72833.31000000001, 1134, 0.668206403800672, 1.0681663815953637, 970.0662800018646, 0.860908996907094, 1.001148732627773]
80018540,93166,391050,395,7;[66805.92, 1018, 0.7124059699227274, 1.2091247773918286, 532.902496482296, 0.8943367821687709, 0.9977378150492425]
80018540,93171,391071,567,4;[88341, 1322, 0.6698342848516848, 0.9352719643796646, 1056.2151928564438, 0.8959293594001912, 0.9983726055263604]
80018540,93171,391071,568,5;[87820.81, 1296, 0.6508781393346446, 1.0045251486474887, 1123.565725002078, 0.8365352933379493, 1.0000677561861397]
80018540,93171,391071,568,6;[62841.9, 1064, 0.6276277597787515, 0.8708518144869717, 1536.2580847546556, 0.8295389190680016, 1.0004580252568214]
80018540,93171,391071,568,7;[65326.41, 996, 0.6377544604954846, 1.0681447514512854, 1224.2756365566702, 0.8322157921659692, 1.0041037098006937]
80018540,93172,391085,712,4;[83713, 1298, 0.6545551205103627, 1.1603713330190366, 790.4524394366815, 0.8163450571974634, 1.0019629199631355]
80018540,93172,391085,713,5;[86839.06, 1244, 0.6454357300584488, 1.1620185879672607, 942.6967791062508, 0.8062577334437482, 1.0017021276595746]
80018540,93172,391085,713,6;[83779.61, 1120, 0.6252762975334722, 1.0632516534032614, 1306.083236266783, 0.7869591215306357, 1.0026396904512067]
80018540,93172,391085,713,7;[74720.61, 1006, 0.6717728880149337, 1.1259967915490212, 745.1608955681089, 0.847641085149913, 1.0054144192366286]
80018540,93181,391152,103,4;[81204, 1304, 0.6631225609524692, 0.917358506294984, 1139.1191139201924, 0.9061834828198183, 1.001992781565228]
80018540,93181,391152,103,5;[88073.09, 1264, 0.6381056257614273, 1.1200033762790553, 1026.1054085446963, 0.7814016706981705, 1.001820606011384]
80018540,93181,391152,103,6;[75252.73000000001, 1132, 0.6548132556213401, 1.1891268456692756, 863.9944015904773, 0.8348445398979619, 0.9996906053215885]
80018540,93181,391152,103,7;[60814.44, 932, 0.6559958797614538, 1.0412896049939717, 763.4833940636447, 0.8735930722382607, 1.0049427975475633]
80018540,93181,391155,100,4;[85374, 1332, 0.6618153337404313, 1.1397764844421021, 728.109001786691, 0.8417253280449255, 0.9992099857797441]
80018540,93181,391155,100,6;[81883.53000000001, 1190, 0.6951943958174309, 1.1460684774109187, 622.1747650322244, 0.8817536653121059, 1.0073228897184605]
80018540,93181,391155,100,7;[79578.36, 1064, 0.6334261549899015, 1.1632964548570142, 1214.4341188723674, 0.7709953226951682, 1.0030083307621105]
80018540,93181,391155,101,5;[85284.92, 1242, 0.6448239005730007, 1.045850710230413, 1030.2725872711203, 0.7919176006259318, 1.0017752058260299]
80018540,93181,391155,96,4;[86007, 1324, 0.6370464366109208, 0.9489248818434962, 1389.0293824662472, 0.8163576990289398, 1.0029561475624902]
80018540,93181,391155,97,5;[63798.28, 1106, 0.6788213731974475, 1.2196549914788999, 685.5846599149179, 0.8795303488798396, 1.0014850791575212]
80018540,93181,391155,97,6;[63972.15, 1076, 0.6569613467700534, 1.1755617462387469, 799.9768109781198, 0.8687393651437805, 0.9896677793673502]
80018540,93181,391155,97,7;[63357.3, 972, 0.634365126562007, 1.036070269554639, 1176.0928457538512, 0.8327497768162812, 1.0048288078425662]
80018540,93248,391433,57,4;[89197, 1454, 0.6664715588865477, 1.046995235769348, 1055.4159490560007, 0.8668733737883569, 0.9668265452673225]
80018540,93248,391433,58,7;[73195.2, 984, 0.6452975004207182, 1.0922010542397775, 1009.7231360806151, 0.8182129953481522, 1.0057181298351834]
80018540,93248,391433,59,6;[86386.72, 1140, 0.6719429401591858, 1.1899002938902168, 729.4538174160681, 0.8323865845413058, 1.0044923057316724]
80018540,93261,391467,270,4;[89532, 1438, 0.6578641499743434, 1.0090367624456562, 1057.2210976664383, 0.8620891774424819, 0.9607829460275898]
80018540,93261,391467,271,5;[74172.7, 1146, 0.6735132115648432, 1.0962219563549738, 690.9991368744185, 0.8753371417383808, 1.0055090863627931]
80018540,93261,391467,271,6;[83453.55, 1122, 0.6721528650990907, 1.195628975134965, 712.5856146806199, 0.8550433407600302, 1.0014220307914876]
80018540,93261,391467,271,7;[61721.73, 928, 0.6160901404354775, 0.8634328032397959, 1630.621878658703, 0.8137814463562922, 1.0032953231281942]
80018540,93262,391477,417,4;[89210, 1444, 0.6591394293340875, 1.022795935705239, 1100.6619810831564, 0.8588664369018961, 0.96583158305004]
80018540,93262,391477,418,5;[76687.17, 1154, 0.6585483728614897, 1.0383260719019496, 761.2746557399322, 0.8560805563304492, 1.0034099402092675]
80018540,93262,391477,418,6;[67064.24, 1028, 0.6759880240122419, 1.1677554925679474, 702.9897521104893, 0.879711369552054, 1.0078649372040354]
80018540,93262,391477,418,7;[60035.67, 942, 0.6680118814871465, 0.8846394439291584, 687.6690879928008, 0.8922791787295663, 1.0015186513355199]
80018540,93265,391501,686,4;[84679, 1318, 0.6315532347457387, 1.0361233514362742, 1289.356456701513, 0.8031439070419706, 1.0017152861570493]
80018540,93265,391501,687,5;[79364.67, 1154, 0.6643163372260062, 1.0135580304925385, 778.3200807429547, 0.8567918327988662, 1.005078666586292]
80018540,93265,391501,687,6;[83517.94, 1156, 0.6509220611155734, 1.1033503449987678, 868.1406162987903, 0.8402347445159584, 1.0008126410835214]
80018540,93265,391501,687,7;[82485.36, 1040, 0.6174408504142223, 1.043218010078597, 1442.1440095536395, 0.7763573122647981, 0.9962947562947563]
80018540,93265,391502,688,4;[89593, 1470, 0.6254208591788227, 0.9189256900086896, 1355.9236761132026, 0.8292261206026864, 0.9590857999250656]
80018540,93265,391502,689,5;[87411.45, 1224, 0.6347592533011617, 1.1519126886070405, 1079.5018278939463, 0.770980529499931, 1.0006061803148052]
80018540,93265,391502,689,6;[80440.92000000001, 1144, 0.6619476045932453, 1.1050726688677395, 895.4680204523756, 0.8424773591161567, 1.0031521488429307]
80018540,93265,391502,689,7;[74507.94, 992, 0.6277713216991289, 0.9809836900136695, 1326.0084378678182, 0.8072569443306633, 0.997889387512551]
80018540,93272,391516,751,4;[85501, 1340, 0.6397564390438392, 0.8956285202067976, 1332.9258139118042, 0.8980081190150424, 0.9987851176917236]
80018540,93272,391516,752,5;[84197.26, 1220, 0.6356761832439357, 1.1037972177285924, 1053.943492720802, 0.8066306141829044, 1.0017627195435335]
80018540,93272,391516,752,6;[80986.18000000001, 1172, 0.6363694563312632, 1.0142167846912278, 1353.1765084942285, 0.8383244705041462, 1.0081605853109465]
80018540,93272,391516,752,7;[70037.28, 988, 0.624405480521885, 1.0675437425862846, 1481.4744617609192, 0.7996712644396298, 1.0037055715131449]
80018540,93273,391523,812,4;[91900, 1458, 0.6495810634080567, 0.9753954027972739, 1132.2028304958776, 0.8565132576766771, 0.962500196375176]
80018540,93273,391523,813,5;[64805.02, 1152, 0.6328790110546509, 0.964604572342245, 1379.6412646602917, 0.8084732477641847, 1.0033439886507052]
80018540,93273,391523,813,6;[75229.44, 1138, 0.6669682558588224, 1.2156194038301553, 742.5407100541835, 0.8568488683281684, 1.0001639254685537]
80018540,93273,391523,813,7;[79575.3, 1092, 0.6304352689271422, 1.0074835620221532, 1264.3368907309932, 0.7917533265592787, 1.0021484243282561]
80018540,93314,391804,1,4;[66497, 1296, 0.6491352399993163, 0.9362653618144343, 1238.36510812026, 0.8688213809652564, 0.9591443757707758]
80018540,93314,391804,2,5;[78356.73999999999, 1232, 0.6509638633637178, 1.0851459226695737, 1223.0527116324538, 0.8424194494409042, 0.9996432339701986]
80018540,93314,391804,2,6;[85555.13, 1164, 0.6435670134952579, 1.1495580967506767, 961.8590454835314, 0.7909994352727439, 1.0035272660072796]
80018540,93314,391804,3,7;[57102.66, 930, 0.6945623412359345, 1.1257029039723656, 616.6953858163945, 0.8936847525683406, 0.9957711343231814]
80018540,93314,391808,4,4;[86284, 1424, 0.6462063838765486, 0.9945234572846072, 1148.252465283363, 0.8484462083272936, 0.986644101907332]
80018540,93314,391808,5,5;[85209.95, 1218, 0.6733832781746781, 1.1614946654194134, 678.6386667857321, 0.8535756214719619, 1.0006987631891553]
80018540,93314,391808,5,6;[84186.5, 1140, 0.6592478859789588, 1.1952370863766815, 808.2823943273307, 0.8296456589832873, 0.9992763580482807]
80018540,93314,391808,5,7;[80519.31, 1130, 0.6372708801446785, 0.9475007644025188, 1188.5694722771734, 0.8237356587901226, 0.9952908692034194]
80018540,93329,391876,177,4;[66658, 1310, 0.6393993780445416, 0.888535298242584, 1291.4810563522624, 0.8623884489503202, 0.9602685259882447]
80018540,93329,391876,178,5;[63774.479999999996, 1094, 0.6671267244447698, 1.175385752410737, 762.7676259770412, 0.8605382048312359, 1.0016260162601627]
80018540,93329,391876,178,6;[84713.95000000001, 1196, 0.6417096089761646, 1.0471496581383009, 1113.5313809460122, 0.8074714598939751, 1.003627569528416]
80018540,93329,391876,178,7;[72942.75, 1016, 0.6464508229560966, 0.9890593164686806, 1062.741162605958, 0.8271496885373886, 0.995687269613525]
80018540,93341,391965,157,4;[64294, 1242, 0.6306852563592064, 0.94391067869757, 1359.288517106668, 0.8371260603683377, 0.9991219959440875]
80018540,93341,391965,158,5;[85983.45, 1228, 0.655386408656825, 1.194326236542763, 768.3890894600753, 0.8349467478482429, 1.0039669582253594]
80018540,93341,391965,158,6;[82997.34000000001, 1140, 0.6660827493396815, 1.2261933893837702, 704.1884108927268, 0.8608722001722946, 1.0056272098003087]
80018540,93341,391965,158,7;[77520.51, 1008, 0.607393155362283, 1.0158689189615642, 1680.762028113856, 0.7780148346993596, 1.0044306996937167]
80018540,93346,391999,1,4;[89656, 1452, 0.6547368847136702, 1.0206926538481236, 1096.0428936747437, 0.8548699946789851, 0.9731096723775825]
80018540,93346,391999,2,5;[83984.25, 1238, 0.6743223318982773, 1.222392014823494, 694.9065050439141, 0.8523853495710779, 0.9999787464666001]
80018540,93346,391999,2,6;[66717.63, 1176, 0.6367045087980048, 0.955788212992327, 1242.4494667165136, 0.8632148421202138, 0.9786874868115636]
80018540,93346,391999,2,7;[80500.95, 1066, 0.6366467111417641, 1.1726894507957848, 1108.0873710237972, 0.7743266291371584, 1.002486448379998]
80018540,93377,392047,77,4;[90317, 1432, 0.6674039540614835, 1.1233852197551604, 1049.8241445182548, 0.8834680356671072, 0.9640188711467851]
80018540,93377,392047,78,5;[85212.33, 1226, 0.6745322702355959, 1.1417221501201669, 670.8986928435831, 0.8586757330410345, 1.0007756650803967]
80018540,93377,392047,78,6;[81709.54000000001, 1100, 0.6908726127519408, 1.1537030377050659, 626.4550751581857, 0.8809643776225878, 1.0057248851228868]
80018540,93377,392047,78,7;[67688.73, 984, 0.6796986597130947, 1.1153402253276732, 703.0947862817416, 0.8784575710907314, 1.0057744333553096]
80018540,93378,392054,93,4;[87618, 1342, 0.6492278639800926, 1.094487867084854, 953.350055189182, 0.8213578123178054, 0.9989852577331342]
80018540,93378,392054,94,5;[69212.78, 1174, 0.669454849966546, 1.1510081018912515, 701.0292391714676, 0.8712100054907386, 0.9910626805142579]
80018540,93378,392054,94,6;[87005.96, 1136, 0.6716953205524671, 1.1962420547800077, 694.9549938183028, 0.8387059923001889, 1.0048416189361096]
80018540,93378,392054,94,7;[83020.86, 1104, 0.6138555360575053, 0.7879958378672349, 1780.1874022092843, 0.8081881327804296, 1.0042567367485935]
80018540,93384,392077,330,4;[89706, 1342, 0.6731790836652082, 1.1315895090817445, 676.3684750465179, 0.8715142305928456, 0.9907612447193307]
80018540,93384,392077,331,5;[69073.55, 1126, 0.6672676800054013, 1.0427364698661619, 805.328992238392, 0.8575469811522699, 0.9987697125601163]
80018540,93384,392077,332,6;[85055.08, 1218, 0.6435092348142654, 1.0170931698926677, 1209.1995281600216, 0.8283178638188946, 1.0013063884005613]
80018540,93384,392077,332,7;[77223.69, 1018, 0.6248668586795154, 0.960848477520753, 1377.844209158666, 0.8005143662276301, 1.0067417971477013]
80018540,93389,392118,630,4;[75684, 1256, 0.6415778764105144, 1.0169067385981534, 1057.305414309403, 0.8373380689918855, 1.0036001989060168]
80018540,93389,392118,631,5;[65649.92, 1096, 0.6828537224332122, 1.150760423970288, 682.3521903713839, 0.882384008335688, 0.9994474487531364]
80018540,93389,392118,631,6;[86999.11, 1160, 0.6661286307138469, 1.197878489712426, 813.7946116009783, 0.8337192941825143, 1.0005593413952023]
80018540,93389,392118,631,7;[60563.520000000004, 940, 0.6191688008688706, 0.9037803826454786, 1710.8089501563752, 0.847101363601134, 1.0080729365625078]
80018540,93389,392120,626,4;[84678, 1456, 0.6407716913786834, 0.9812371058828232, 1086.8586961827234, 0.8386528270965932, 28226.0]
80018540,93389,392120,627,5;[77817.67, 1150, 0.6417898294797395, 1.0591061851301284, 931.8220821544948, 0.828649938014758, 1.0034834115950035]
80018540,93389,392120,627,6;[85753.78000000001, 1176, 0.6260051056800235, 1.1515124762351956, 1270.4002433315748, 0.727149867211846, 1.0039053415770522]
80018540,93389,392120,627,7;[62739.18, 946, 0.6685472732303287, 0.928545786087654, 744.7488906783799, 0.8829641840414624, 1.0076174562610576]
80018540,93389,392120,628,4;[86002, 1358, 0.6300714669347893, 1.1355117014302343, 1112.2010170732492, 0.7654538239213463, 0.9991867273910214]
80018540,93389,392120,628,7;[34492.32, 652, 0.9997778702860599, 0.9718577282972258, 2.9193929269780905, 0.9684608560613431, 0.9249010236107408]
80018540,93389,392120,629,5;[65846.27, 1136, 0.6572947776468664, 1.191995356311975, 810.2655354153262, 0.8504201445571804, 0.9920308368069563]
80018540,93389,392120,629,6;[68652.07, 1074, 0.6556014275376516, 1.1327079321960458, 954.2078224572845, 0.8462628102543224, 1.005709813051288]
80018540,93389,392120,629,7;[82283.4, 1036, 0.6534861202444675, 1.0920754366836878, 922.0068460920376, 0.829782667448497, 1.0045670629769032]
00405361,93027,390264,296,4;[12839, 542, 1.0371755858225515, 0.8192541817955343, 133.9439713613636, 0.9866994722179003, 1.0054820267836166]
00405361,93027,390264,296,6;[15541.28, 466, 1.0264148717629604, 0.9162148475045279, 143.79289850071245, 0.9828454399048672, 1.0048274945746047]
00405361,93027,390264,296,7;[9938.880000000001, 412, 1.045948660085347, 0.6994546512578137, 195.51401685934454, 0.9801123542123628, 1.0040961434423061]
00405361,93027,390264,297,4;[12717, 538, 1.029695502433568, 0.8254185325048149, 124.96584145472652, 0.9873482115763039, 1.008925383791503]
00405361,93027,390264,297,6;[9739.33, 444, 1.0061753083849632, 0.9908517774573833, 203.71431003740256, 0.944313150763446, 0.9874982636477289]
00405361,93027,390264,297,7;[21579.12, 508, 1.0317608218183394, 0.9087691490008606, 255.17339805694309, 0.9572466361088711, 1.0080405960761891]
00405361,93027,390264,298,4;[12790, 540, 1.020223152623917, 0.7938414751574868, 139.75534340172658, 0.9879258944941127, 1.006809147085449]
00405361,93027,390264,298,5;[23590.559999999998, 606, 1.0158065754265095, 0.901831953766564, 132.75393684786437, 0.980788912417062, 1.007010057909174]
00405361,93027,390264,298,6;[12090.250000000002, 456, 1.0366749594071807, 0.6294036834107355, 205.80764787891334, 0.9814809841001928, 1.0111715840733315]
00405361,93027,390264,298,7;[10050.57, 412, 1.0328458033930803, 0.9214090244183114, 191.23394568293477, 0.9761225507783741, 1.0015246226558927]
00405361,93027,390264,299,4;[14475, 546, 1.0288284380297619, 0.907865184634809, 137.17033523613762, 0.985271106280948, 0.95784806776072]
00405361,93027,390264,299,5;[13963.46, 482, 1.0168138422884765, 0.8909228982114338, 134.32405742081423, 0.9838123316119957, 0.9979164009014755]
00405361,93027,390264,299,6;[9168.04, 412, 0.9349625341129458, 0.8983507479930622, 166.9486733034858, 0.9546728543580579, 1.0230851551750497]
00405361,93027,390264,299,7;[11915.64, 390, 1.035181936001088, 0.9157000238737186, 137.93764282508354, 0.9854308547060142, 1.0038669760247487]
00405361,93048,390345,677,4;[12401, 540, 1.0318801823023749, 0.8911671430880206, 141.25766747965474, 0.988013974333707, 0.998872331856625]
00405361,93048,390345,677,6;[26973.93, 610, 1.0155834897102165, 0.9068462531316985, 130.91805769374827, 0.979892562841841, 1.0074707056234968]
00405361,93048,390345,677,7;[9911.34, 414, 1.034758177453304, 0.8886566728645581, 199.65445519560095, 0.9769313816988477, 9999]
00405361,93048,390345,678,4;[12450, 538, 1.0348735692804991, 0.7493018983811571, 146.90461704647845, 0.9871340987618922, 1.0075260985676135]
00405361,93048,390345,678,6;[9535.2, 438, 1.0071427007786617, 0.9943872582860807, 187.3288435302469, 0.9520163429984299, 0.9785588752196837]
00405361,93048,390345,678,7;[9684.9, 408, 1.0417243978825468, 0.8804186249827082, 211.33049751171936, 0.9751418070322939, 1.0019786307874952]
00405361,93048,390345,679,4;[12333, 540, 1.0347767620783364, 0.9885552352041799, 140.69587157057927, 0.9876260432407916, 0.9989874853185371]
00405361,93048,390345,679,5;[15788.92, 496, 1.0166666909632907, 0.9185959631667351, 139.87033817620494, 0.9836891705175967, 1.0077089583412449]
00405361,93048,390345,679,6;[8888.560000000001, 410, 0.9253168762829784, 0.8832713783868038, 150.05070547520876, 0.9609923150504753, 1.0219736945735214]
00405361,93048,390345,679,7;[13046.31, 404, 1.0303814511235168, 0.912571582573755, 155.69241291002766, 0.9840234214306676, 1.0081579569638213]
00405361,93048,390345,680,4;[12706, 540, 1.0617434073526475, 0.6942914019682981, 155.1328559192041, 0.9869584022028678, 1.0106184132034202]
00405361,93048,390345,680,6;[26639.65, 608, 1.0162602369409526, 0.9093629974321836, 153.795344577445, 0.9736092711349132, 1.008505782895078]
00405361,93048,390345,680,7;[9926.64, 414, 1.0395795312219196, 0.8696982287874542, 230.60035486784656, 0.9739146128768502, 0.9993068925683481]
00405361,93048,390345,681,4;[24559, 684, 1.0185716347612255, 0.9157480811414772, 118.5070041841712, 0.985184099047128, 1.005136390611251]
00405361,93048,390345,681,6;[9174.890000000001, 410, 1.014441548935335, 0.9713877972726783, 150.099802888068, 0.9582286572674179, 1.022442748091603]
00405361,93048,390345,681,7;[9886.86, 412, 1.042172778015882, 0.8407511916132234, 245.98012679672627, 0.9761838873676798, 1.006150253016738]
00405361,93048,390345,682,4;[12291, 536, 1.0358257734970924, 0.845643781686201, 128.26536711921983, 0.9888347487037353, 0.9997559785261103]
00405361,93048,390345,682,5;[11914.279999999999, 492, 1.0185203675580334, 0.8284337952118688, 137.75506657727803, 0.9871844722956294, 1.0061300371821928]
00405361,93048,390345,682,6;[9631.1, 446, 1.0071512178593152, 0.9878729870136401, 159.3379622311807, 0.9629958147465367, 1757.5]
00405361,93048,390345,682,7;[9810.36, 416, 1.0605090389620107, 0.6700903936588657, 211.00709367779115, 0.9822189785250853, 0.980203317281969]
00405361,93048,390345,683,4;[12301, 542, 1.1172297172067132, 0.9980379804224224, 138.9687427726168, 0.9879813258367419, 0.9963147450694528]
00405361,93048,390345,683,6;[12358.77, 450, 1.0039692907862905, 0.9752064537570121, 144.72633928771023, 0.9771421817769969, 1.0105864560578055]
00405361,93048,390345,683,7;[9658.89, 412, 1.0439223476885846, 0.6926297269120267, 190.11582749641724, 0.9824788846041539, 1.0023021354290704]
00405361,93048,390345,684,4;[15225, 542, 1.0158263980666455, 0.9102344707064484, 103.08052778155272, 0.9865455587075882, 1.004453240969817]
00405361,93048,390345,684,5;[24706.78, 620, 1.0092203842312948, 0.9182819858526524, 119.67954842861099, 0.9841599380053977, 1.0073261850468196]
00405361,93048,390345,684,6;[8833.76, 410, 1.0173296000415504, 0.97087765294686, 170.21740380696343, 0.949250627869791, 1.0172753806105546]
00405361,93048,390345,684,7;[10078.11, 434, 1.0068373034968614, 0.999242925250667, 221.9394440004162, 0.9644572280935771, 0.9992415048543689]
00405361,93051,390360,877,4;[12509, 538, 1.0538986146076639, 0.6740040194495502, 168.2970353610904, 0.9855654876674265, 1.0090751421772275]
00405361,93051,390360,877,6;[10506.53, 436, 1.0083945534157184, 0.9651834948577694, 146.38210627087193, 0.9683679470489189, 1533.8]
00405361,93051,390360,877,7;[13829.67, 410, 1.0312635840692241, 0.9129769382511744, 160.02806099033063, 0.9829585310456739, 1.0071309192200557]
00405361,93051,390360,878,4;[12516, 540, 1.0474815414860672, 0.6636272472356172, 168.42266719033427, 0.986411963284634, 1.0086227737932145]
00405361,93051,390360,878,6;[11599.79, 452, 1.0293624958131722, 0.8750189714112285, 124.01602911258996, 0.9869538764600333, 0.9896557769855648]
00405361,93051,390360,878,7;[24180.12, 548, 1.0305477608671356, 0.9077884035535159, 168.7070256277931, 0.9734742303515413, 1.0083904929015792]
00405361,93051,390360,879,4;[12345, 544, 1.1210271712547581, 0.9924597335093241, 142.6786134045375, 0.9862562967619072, 0.9956448100653279]
00405361,93051,390360,879,6;[11825.84, 454, 1.0231808373537157, 0.8490475425623387, 134.7330606788992, 0.9858460459800858, 0.9951579432787642]
00405361,93051,390360,879,7;[9580.86, 406, 1.048850648867014, 0.6751371088958672, 170.88241867477598, 0.9827449283422974, 1.0149108589951377]
00405361,93051,390360,880,4;[12410, 536, 1.0342903213756345, 0.9682350013691629, 137.47000079320253, 0.9856037348014401, 0.9945902624724504]
00405361,93051,390360,880,6;[9232.43, 412, 1.003551213737175, 0.9666247704802431, 155.89174347630401, 0.9633049404642673, 1.020983258844027]
00405361,93051,390360,880,7;[9515.07, 408, 1.0539879005536672, 0.6848664112883673, 179.4729575299451, 0.9815727593176752, 1.0159274687576574]
00405361,93062,390398,1044,4;[26910, 710, 1.017033406208593, 0.9006965046122081, 148.06143706984645, 0.9753288696340496, 1.0058309037900874]
00405361,93062,390398,1044,6;[10562.7, 438, 1.0019050830338418, 0.9642251078670283, 153.74442557812264, 0.9658889154026341, 0.9979936573684551]
00405361,93062,390398,1044,7;[10007.73, 410, 1.0379148090834527, 0.8901882095141846, 202.4645738044937, 0.9756345846225122, 1.0000764467548353]
00405361,93062,390398,1045,4;[12266, 540, 1.1155669668854247, 0.9901893786582795, 124.6881876273823, 0.9864567033043519, 0.9941643702382882]
00405361,93062,390398,1045,6;[12210.810000000001, 454, 1.016280075338382, 0.9375262467544859, 139.07054003966925, 0.9836650765693029, 1.011404255319149]
00405361,93062,390398,1045,7;[10056.69, 412, 1.0318900565890607, 0.9501651286338416, 185.67103388820397, 0.9768431317227767, 1.0058918050348151]
00405361,93062,390398,1046,4;[15171, 546, 1.02028997355763, 0.8865683692151901, 110.4527766702868, 0.9864024868464802, 1.001650600818698]
00405361,93062,390398,1046,6;[8648.810000000001, 410, 1.0183115776468503, 0.9695673912376537, 172.82549796686013, 0.9428838641432105, 1.0087887503994886]
00405361,93062,390398,1046,7;[13554.27, 408, 1.0343535657369163, 0.9112300927658711, 170.0008915545451, 0.9825355355117391, 1.0085382513661203]
00405361,93079,390520,56,4;[13489, 550, 1.0415756823112876, 0.7085067715033103, 152.17330925572315, 0.9881318222661293, 1.0060036543983295]
00405361,93079,390520,56,5;[11645.34, 482, 1.0037766415140637, 0.9758177440905178, 138.24907929782165, 0.9782462104216536, 1.004104247896573]
00405361,93079,390520,56,6;[12775.250000000002, 452, 0.9990521939530005, 0.9747380783794982, 140.53784069622964, 0.9790606304225906, 1.008271611612694]
00405361,93079,390520,56,7;[10555.47, 414, 1.024200448080227, 0.6788096637370564, 182.87583170607667, 0.983200030875006, 1.0114352734203196]
00405361,93079,390520,57,4;[13651, 606, 1.0281416004688844, 0.7668437275807534, 129.25627135668555, 0.9885830355035664, 0.9788820766555519]
00405361,93079,390520,57,5;[12894.84, 498, 1.0324741739880676, 0.8261869601997941, 137.7310644455458, 0.9873913829738779, 1.0065954482117976]
00405361,93079,390520,57,6;[13486.28, 482, 1.0292770217870673, 0.9070224453851147, 149.20317136681336, 0.9838446982655255, 0.9131725417439703]
00405361,93079,390520,57,7;[24574.86, 548, 1.0307063012939173, 0.9041273939846092, 195.61025935370805, 0.971319002823514, 1.00907805874038]
00405361,93100,390650,1332,4;[13033, 548, 1.0282751894466673, 0.8460659022517317, 121.4762998539824, 0.9895075154532644, 1.0067202224625367]
00405361,93100,390650,1332,5;[12583.06, 496, 1.0167605810007425, 0.8628393597917582, 129.99665258575257, 0.9880123918326696, 1.005276417740172]
00405361,93100,390650,1332,6;[12242.320000000002, 456, 1.01946256828573, 0.9801086982933518, 122.71777718181154, 0.9881602897828193, 1.000111919418019]
00405361,93100,390650,1332,7;[10185.210000000001, 412, 1.044725695197524, 0.6881819788862059, 195.7155590939655, 0.9828460632216609, 1.0153283001601465]
00405361,93100,390650,1333,4;[12670, 536, 1.0267094593043662, 0.6800987730992347, 140.71221539154834, 0.9889233377469628, 1.0030876415169028]
00405361,93100,390650,1333,6;[12312.19, 454, 1.055651125762911, 0.6164111604834162, 180.79724024416961, 0.9856030673059185, 4493.5]
00405361,93100,390650,1333,7;[20352.06, 494, 1.0266721305249427, 0.9317508820381202, 173.40633925507694, 0.9726633908049416, 1.0060505218575102]
00405361,93100,390650,1334,4;[12871, 550, 1.010889446810495, 1.0120134147608788, 129.27805486840762, 0.9872057912703516, 0.9932093525735011]
00405361,93100,390650,1334,6;[19232.06, 508, 1.0253169916294764, 0.9286924941350744, 200.56826402676327, 0.9687441506607997, 1.0036462429398727]
00405361,93100,390650,1334,7;[9897.57, 408, 1.0360932438363688, 0.9170619896571873, 173.37938551768232, 0.9815336915561155, 1.001160721194769]
00405361,93114,390743,1982,4;[12844, 538, 1.0319721121509526, 0.809660307927601, 150.14903811809876, 0.9871889485505382, 1.00433983657192]
00405361,93114,390743,1982,6;[9384.5, 414, 1.0176365461653014, 0.9774705873118028, 184.87008675064166, 0.9487289773112697, 1.0272945410917818]
00405361,93114,390743,1982,7;[10368.81, 410, 1.031629186226044, 0.9885513875757996, 168.27815362596215, 0.9764788016478103, 1.00147775971627]
00405361,93114,390743,1983,4;[16092, 572, 1.0057876887274042, 0.9235387544104465, 100.12298289642212, 0.9895513860261083, 0.9998757300857463]
00405361,93114,390743,1983,5;[12366.48, 492, 1.0068671133053297, 0.8077222143121524, 140.2265305131024, 0.9867553730217331, 1.0081490104772992]
00405361,93114,390743,1983,6;[8895.41, 410, 1.0110998303709804, 0.9050596792492596, 184.17838524113648, 0.941373663309904, 1.0162779777742996]
00405361,93114,390743,1983,7;[9997.02, 410, 1.0329302235713003, 0.7165805821524617, 183.45475946641096, 0.9823992612024111, 1.0167276122306077]
00405361,93114,390743,1984,4;[12611, 544, 1.1010771762469944, 0.9876951658594176, 151.9001218199045, 0.9861727299763146, 0.9960115310192316]
00405361,93114,390743,1984,6;[24753.160000000003, 578, 1.00909647235729, 0.9098752852181039, 137.04136746435586, 0.9800835948066019, 1.0073033394659086]
00405361,93114,390743,1984,7;[10188.27, 414, 1.043322508968279, 0.8724864761298392, 212.55917564066874, 0.9759803866962162, 1.0049803803199517]
00405361,93114,390743,1985,4;[13005, 546, 1.0819624783459714, 0.6647764079607433, 175.57896830301294, 0.9861933059395026, 1.0042471042471042]
00405361,93114,390743,1985,5;[12530.699999999999, 494, 1.0217681145478013, 0.8356407120502811, 131.74661193793222, 0.9868007327139139, 1.0062111801242235]
00405361,93114,390743,1985,6;[9673.570000000002, 418, 1.0055022437708037, 0.9756680664763492, 153.15693889653164, 0.9609031535195691, 1.0137832017229003]
00405361,93114,390743,1985,7;[11816.19, 392, 1.0397788318999732, 0.9165321730576639, 138.12277368429923, 0.9858375815885618, 1.0055989583333333]
00405361,93114,390743,1986,4;[13004, 548, 1.1015070601014003, 0.9969519540388744, 142.75170588578905, 0.985716642053177, 0.998541042770483]
00405361,93114,390743,1986,5;[12440.26, 494, 1.0172509391752207, 0.8280165403410673, 135.43115763172463, 0.986068506811673, 1.0078573150156664]
00405361,93114,390743,1986,6;[12475.220000000001, 466, 1.0082133250570553, 0.9981584050700596, 168.112636156886, 0.9815819888073533, 0.9978084593469209]
00405361,93114,390743,1986,7;[10889.01, 424, 1.034299294437582, 0.8093863780939509, 192.42936146013088, 0.9841136061457252, 1.010435152977923]
00405361,93122,390796,1583,4;[12968, 544, 1.0441323808869658, 0.7011859821956559, 153.44592844336964, 0.9880150426251212, 1.007458048477315]
00405361,93122,390796,1583,5;[12396.23, 494, 1.0345884572487516, 0.8137037930822747, 136.51287130047692, 0.9878031648624265, 1.0057931833542533]
00405361,93122,390796,1583,6;[11014.800000000001, 438, 1.0025556204443196, 0.9619483952642602, 166.9178835994708, 0.9665561875017603, 0.9998756373585375]
00405361,93122,390796,1583,7;[21888.18, 512, 1.0302087667230888, 0.899033285977717, 183.38274695038535, 0.9756994315103207, 1.0088501815873911]
00405361,93122,390796,1584,4;[12633, 548, 1.1110705374621848, 0.9967491661961689, 139.61823336152344, 0.9872281275911445, 0.9931213395699855]
00405361,93122,390796,1584,6;[8925.550000000001, 410, 1.006959244037708, 0.8935925373405027, 172.26089026194308, 0.9483199884764484, 210.16129032258064]
00405361,93122,390796,1584,7;[10287.72, 416, 1.0593214172496666, 0.6674227962766471, 210.90611328071893, 0.9818071230253462, 1.005157336123776]
00405361,93122,390796,1585,4;[13192, 548, 1.0496808374944313, 0.7074125371394299, 170.67609747189334, 0.9871819604303815, 1.005641103826803]
00405361,93122,390796,1585,5;[12514.039999999999, 496, 1.030398270884302, 0.8044427375233646, 141.56291335025227, 0.9873006030966983, 1.0082454458293384]
00405361,93122,390796,1585,6;[8515.92, 408, 1.0200599219414652, 0.9758234178862256, 151.1895789319619, 0.9494424836920017, 1.0058252427184466]
00405361,93122,390796,1585,7;[10347.39, 414, 1.0352323029583215, 0.9627093132466951, 185.80975357244412, 0.9773103066397248, 1.0017033251869956]
00405361,93122,390796,1586,4;[14222, 594, 1.1512612336200758, 0.9014547388290213, 126.21777843050015, 0.9882288046440284, 0.885443904868634]
00405361,93122,390796,1586,5;[23381.12, 598, 1.013528962339595, 0.9205151092955645, 149.07686519844572, 0.9735244489329596, 1.0060935019714272]
00405361,93122,390796,1586,6;[19451.260000000002, 510, 1.0207952318420823, 0.9230970210566777, 133.54909320834003, 0.9828043108990161, 1.0072003688858937]
00405361,93122,390796,1586,7;[10039.86, 412, 1.0345794706591054, 0.6575801527352768, 197.41392185387548, 0.9823657651418684, 1.0142194744976816]
00405361,93135,390891,791,4;[14724, 608, 1.0154051760020846, 0.8975049401564639, 116.35599173945626, 0.9865702950793961, 0.8878437047756874]
00405361,93135,390891,791,5;[12727.05, 496, 1.0186126397625168, 0.9910836369312491, 144.9328471362383, 0.9848628817398569, 1.0054526652251574]
00405361,93135,390891,791,6;[10369.53, 452, 1.0059858625684697, 0.993812685503072, 179.94113475491346, 0.9517096695738729, 0.9764561697735922]
00405361,93135,390891,791,7;[10742.130000000001, 420, 1.028912314788239, 0.9922589809707337, 177.08180823824978, 0.979097015538204, 0.9960278053624627]
00405361,93135,390891,792,4;[13007, 550, 1.0964702713514103, 0.9950986677804293, 145.19352561748616, 0.9858315299408543, 0.9966286108344188]
00405361,93135,390891,792,5;[13869.449999999999, 536, 1.0004843746774503, 0.9687215184141185, 121.63888567967021, 0.9839693740155877, 0.9905660377358491]
00405361,93135,390891,792,6;[12906.77, 462, 1.012265458910573, 1.0004798903935095, 160.95020705746677, 0.9821900303518122, 1.0116510067114095]
00405361,93135,390891,792,7;[10289.25, 414, 1.0199676918350125, 0.6883974510036815, 186.28540734611073, 0.9841551266357038, 1.0063598952487842]
00405361,93138,390911,1124,4;[13037, 544, 1.011806262819433, 1.007836642817406, 120.4074144756565, 0.9875162753546592, 0.9972462326933375]
00405361,93138,390911,1124,5;[12685.4, 496, 1.017574911445995, 0.8971217057673798, 128.90866910765618, 0.9872759572915849, 1.0079425113464449]
00405361,93138,390911,1124,6;[9727.0, 418, 1.002708077929369, 0.9640271858651533, 172.26661956995082, 0.9587886056388929, 1.0182861240588024]
00405361,93138,390911,1124,7;[10298.43, 414, 1.0379622499106655, 0.6697717475461756, 200.5878863869683, 0.9825681270922391, 1.0135521758771269]
00405361,93138,390914,1125,4;[12679, 546, 1.1073646212620611, 0.9965956176200705, 138.90025185918995, 0.9879038089369581, 0.9931461246230369]
00405361,93138,390914,1125,5;[12518.8, 496, 1.032595223481745, 0.8249395681935439, 134.5013540128265, 0.9878632566165886, 1.0087256688081312]
00405361,93138,390914,1125,6;[10007.85, 450, 1.011075020784445, 0.9942157952592212, 176.37098156124463, 0.9588189598204508, 9999]
00405361,93138,390914,1125,7;[10936.44, 430, 1.0873311951042404, 0.9049807525143727, 212.94034269045596, 0.9828371406225133, 1.0055567278610114]
00405361,93138,390914,1126,4;[27407, 726, 1.0139379423311923, 0.9152207220751079, 115.38184004855825, 0.9824415924689011, 1.0019009321878998]
00405361,93138,390914,1126,6;[12753.330000000002, 458, 1.0345228187177917, 0.6132928241424132, 201.7930401274666, 0.98363400064218, 1.0093245147999566]
00405361,93138,390914,1126,7;[18174.87, 466, 1.0385659568739969, 0.9164975871953849, 249.7950154006855, 0.9687591806630906, 1.0078479616510414]
00405361,93138,390914,1127,4;[13076, 548, 1.0167558378311696, 0.7330498489560157, 149.52658308806988, 0.9880819899685656, 1.0050730207532668]
00405361,93138,390914,1127,5;[14230.019999999999, 536, 1.0056467205038329, 0.9716266444986777, 119.00552396300364, 0.9860286967722237, 0.9894911046752172]
00405361,93138,390914,1127,6;[10431.18, 450, 1.00874401115719, 0.9925071453224641, 172.4593414021695, 0.9612748703232901, 9999]
00405361,93138,390914,1127,7;[11825.37, 434, 1.0038877653931662, 0.9919383351119809, 128.20159818938853, 0.9860803215018424, 0.9954920144255538]
00405361,93138,390914,1128,4;[12874, 550, 1.1160400386527274, 0.994173236525642, 138.4816345887104, 0.9869801791812927, 0.9958230198019802]
00405361,93138,390914,1128,5;[11244.31, 476, 1.0045619588952288, 0.976938468502971, 132.80312899887664, 0.9766645152175737, 1.0047317773406348]
00405361,93138,390914,1128,6;[24453.13, 574, 1.0195281791585182, 0.9103390437459266, 146.39280821189965, 0.9773492803378203, 1.0065698576060904]
00405361,93138,390914,1128,7;[24868.62, 556, 1.0263219125953738, 0.9135932084318842, 165.24714744902582, 0.9744162083897675, 1.0079374922485427]
00405361,93139,390917,12,4;[12897, 540, 1.1217477293706062, 0.83762160707292, 156.19130819063804, 0.9866246200716198, 1.0061239614619495]
00405361,93139,390917,12,5;[12893.65, 500, 1.0023763141054527, 0.9939447059059545, 132.3388568131827, 0.9845423144815226, 0.998939750149818]
00405361,93139,390917,12,6;[12808.130000000001, 460, 1.008151353294496, 0.9840307231685136, 165.25147063501166, 0.9816316564667361, 1.0116323107720608]
00405361,93139,390917,12,7;[11386.26, 432, 1.0052440719675169, 1.0030431786721519, 203.1286850116799, 0.9740521994092084, 1.0107293222871112]
00405361,93139,390917,13,4;[12918, 544, 1.0216202932556557, 0.7983280561539711, 134.90137711865293, 0.987890631620532, 1.0079194787968635]
00405361,93139,390917,13,5;[11609.64, 484, 1.0034086448469532, 0.976680028524339, 145.41765323665095, 0.9740036938058214, 1.0]
00405361,93139,390917,13,6;[10365.42, 448, 1.0044706099862852, 0.9861568922072227, 190.30046719645017, 0.9528197939806019, 0.9908328968046097]
00405361,93139,390917,13,7;[16363.35, 442, 1.0213423532158767, 0.9373414972437402, 179.34434762651307, 0.975036085251574, 1.0084390174909246]
00405361,93139,390917,14,4;[27045, 718, 1.0104102103243722, 0.9227111301319612, 121.25041468862817, 0.981336025253053, 1.0043449197860963]
00405361,93139,390917,14,5;[26135.969999999998, 640, 1.0061608858019233, 0.9135554375532823, 161.67846618571548, 0.9648699116286612, 1.004665843282558]
00405361,93139,390917,14,6;[18338.82, 498, 1.0198927198410819, 0.9126092166668236, 145.33464676898868, 0.9818021958840771, 1.0055588942307692]
00405361,93139,390917,15,7;[10341.27, 414, 1.0215516919477812, 0.8698427834999032, 175.39196793795452, 0.9802350303421659, 1.015932661957012]
00405361,93147,390951,262,4;[13025, 542, 1.0369038545547589, 0.9186563108209076, 150.00985243744955, 0.9868855505638463, 1.0051317667939963]
00405361,93147,390951,262,5;[27135.57, 658, 1.004800806760603, 0.9092024872717797, 138.4600751158443, 0.9756602216267635, 1.0057336920566313]
00405361,93147,390951,262,6;[9310.52, 414, 1.0033188811398441, 0.9708922822714783, 173.92016192813543, 0.9565287146540974, 1.0232628171346834]
00405361,93147,390951,262,7;[11409.210000000001, 428, 1.0037518337587044, 0.9679988872012314, 165.08043900438764, 0.9730001229448809, 1.0048510982347392]
00405361,93147,390951,263,4;[13734, 584, 1.0237287607187773, 0.9098505697430317, 124.75856519370421, 0.9876481239419802, 0.8772075495800467]
00405361,93147,390951,263,5;[12587.82, 496, 1.0169631853253251, 0.8259724541806219, 139.11935851205376, 0.9874632320904605, 1.0075245261453472]
00405361,93147,390951,263,6;[10520.230000000001, 450, 1.0055051475483188, 0.9839959947949516, 164.80469664882472, 0.9642255433815323, 9999]
00405361,93147,390951,263,7;[11582.1, 422, 1.0045562464821023, 0.9569510578104018, 145.05647075710903, 0.9796848735832422, 1.0119644408796205]
00405361,93147,390951,264,4;[12960, 542, 1.0182007608431558, 0.9271241651829222, 113.5743863201472, 0.9899908717277406, 1.0054305663304888]
00405361,93147,390951,264,5;[12585.439999999999, 496, 1.0142316865375032, 0.8272640002575518, 139.62498208790197, 0.9877802405605386, 1.007094224634576]
00405361,93147,390951,264,6;[10166.77, 448, 1.006047282208041, 0.9853725783705679, 179.7013465910952, 0.9622159339228554, 0.9909200160235011]
00405361,93147,390951,264,7;[24073.02, 548, 1.021861536584849, 0.9175168075485927, 197.36619470574612, 0.9484435400186079, 1.0054316569748867]
00405361,93165,391037,226,4;[12670, 550, 1.0085640977742847, 0.8902211482631708, 121.68792781634185, 0.9884159332480823, 0.9959517352513462]
00405361,93165,391037,226,6;[12561.53, 460, 1.007785109003518, 0.9979286376722608, 133.9719467693544, 0.9861707112174579, 305.6333333333333]
00405361,93165,391037,226,7;[11071.08, 420, 1.0047931127296754, 0.963240691296954, 146.23635508309258, 0.9777408558750514, 1.00843146819037]
00405361,93165,391037,227,4;[12835, 546, 1.0379901201713937, 0.7710642464551267, 138.8450947518507, 0.9878002868936538, 1.0037145650048875]
00405361,93165,391037,227,6;[9287.230000000001, 412, 0.9241966033515461, 0.8886884268721368, 161.67531666744657, 0.9550633025863379, 147.3695652173913]
00405361,93165,391037,228,7;[10553.94, 410, 1.02545289719073, 0.9171950650010443, 174.3331163161594, 0.97668983787996, 1.0115111078524819]
00405361,93165,391037,229,4;[12762, 550, 1.0315805135390013, 0.9898311169654981, 134.41777375835207, 0.9871984418277417, 0.9939252336448599]
00405361,93165,391037,229,5;[12405.75, 490, 1.0243729934851455, 0.946919646651469, 141.61387186539815, 0.9854520667492689, 1.0021629416005768]
00405361,93165,391037,229,6;[10461.320000000002, 472, 1.0049993944919717, 0.9923249658036163, 141.30488548638732, 0.9755331565072668, 9999]
00405361,93165,391037,230,7;[10094.94, 412, 1.0283634936303603, 0.6930000044189417, 179.7231960638595, 0.9816387305212004, 1.0171111453676585]
00405361,93165,391037,231,4;[13141, 546, 1.0927328178525355, 0.6405564842305461, 194.89397778090895, 0.9857637529321904, 1.0038577594438716]
00405361,93165,391037,231,5;[12757.99, 496, 1.0066200567817334, 0.993183260971374, 129.61409587691062, 0.9859543984432585, 1.003369209171736]
00405361,93165,391037,231,6;[11516.220000000001, 476, 1.002135763817501, 0.977558662508854, 155.18152112946004, 0.9743674965627871, 0.9850588855686412]
00405361,93165,391037,232,7;[9945.0, 410, 1.0205609400681017, 0.6803066028249894, 183.99947650017887, 0.9814499584770913, 1.0119881675229643]
00405361,93165,391037,233,4;[12897, 546, 1.0223855697421584, 0.7761442500329605, 140.29269793634404, 0.9888883434464326, 1.0067129810319257]
00405361,93165,391037,233,5;[12575.92, 496, 1.014120078541665, 0.8499901360859559, 136.42677846792978, 0.9877053698720601, 1.0052794292508918]
00405361,93165,391037,233,6;[9709.19, 444, 1.0077816703847318, 0.9952723737663741, 170.8974894215395, 0.9588564188985723, 9999]
00405361,93165,391037,234,7;[10625.85, 418, 1.0330961453305956, 0.9815883793278842, 176.24982837609465, 0.9788033978350088, 1.001081081081081]
00405361,93165,391037,235,4;[12480, 538, 1.0415143711975785, 0.832924747462019, 159.2094863047925, 0.9871710391458244, 1.0035381151495657]
00405361,93165,391037,235,5;[13732.599999999999, 480, 1.021605995895131, 0.9080637940282967, 128.2308555930417, 0.9865966255222574, 0.9943561242514325]
00405361,93165,391037,235,6;[11873.79, 482, 1.0036738822089313, 0.9841408942464632, 174.69783808560837, 0.9740872505633599, 0.9918178177032672]
00405361,93165,391037,236,7;[10068.93, 408, 1.0487787163041384, 0.7508446919829403, 241.11509462281296, 0.9793923370804757, 1.009201042784849]
00405361,93165,391037,237,4;[12656, 542, 1.034466789765613, 0.9794918707830147, 135.46583848427173, 0.9881879504472135, 0.9961432506887052]
00405361,93165,391037,237,5;[12408.13, 494, 1.0335101641505697, 0.8435039994112735, 134.2539721620535, 0.9883656100891436, 1.0062243667068758]
00405361,93165,391037,237,6;[13139.670000000002, 458, 0.997155230062066, 0.9728298321394223, 135.50413836044905, 0.9801536556195974, 1.0036101083032491]
00405361,93165,391037,237,7;[22847.49, 524, 1.0230605903092256, 0.9368031391640563, 168.1521176547843, 0.9709569450106602, 1.007624831309042]
00405361,93165,391037,238,4;[12560, 546, 1.108991937722979, 0.9839879824547952, 146.69470430327448, 0.9876367317050824, 0.9910834056655883]
00405361,93165,391037,238,5;[14932.119999999999, 490, 1.0136913308136957, 0.9183392541928692, 125.7030639013519, 0.9832053463490232, 1.000518279312682]
00405361,93165,391037,238,6;[27056.13, 614, 1.0098411142448165, 0.9155524283203818, 131.99414024064527, 0.9764986948352263, 1.00721662629096]
00405361,93165,391037,239,7;[10229.58, 412, 1.041007039350762, 0.8323038631422935, 225.00637652094954, 0.9768910855888712, 1.0092075471698114]
00405361,93170,391068,432,4;[12696, 542, 1.1091914741629738, 0.9898987908902189, 137.89445435472334, 0.9868222281119127, 1.0006305170239596]
00405361,93170,391068,432,6;[9583.150000000001, 418, 1.0039959917650072, 0.9743344325034026, 146.1958777000844, 0.962789807386979, 1.0159029845327137]
00405361,93170,391068,432,7;[24103.62, 544, 1.0302297061247194, 0.9077855613226263, 248.52048417589458, 0.928949737581601, 1.0061631805843845]
00405361,93170,391068,433,4;[12918, 544, 1.0418157146456626, 0.7598918572899203, 162.14002727510476, 0.9854343337927028, 0.9976059927407522]
00405361,93170,391068,433,6;[23669.49, 562, 1.0191201564332704, 0.9081789728041724, 148.31313244341666, 0.9754010671779473, 1.0079635949943118]
00405361,93170,391068,433,7;[23967.45, 538, 1.0293436990608598, 0.9104030701191943, 222.83291322400436, 0.9509499996429865, 1.0076547021741926]
00405361,93170,391068,434,4;[26434, 710, 1.018049731318787, 0.9178049393901608, 162.9505576911102, 0.9561748156101846, 1.0039498670717812]
00405361,93170,391068,434,6;[13272.560000000001, 474, 1.0039881304326823, 0.8371205160159536, 102.35954303714715, 0.9910380157253343, 9999]
00405361,93170,391068,435,7;[10768.14, 416, 1.0319126378101282, 0.9628963481496781, 181.0339810293788, 0.9755294888160392, 1.0097560975609756]
00405361,93174,391096,876,4;[12460, 540, 1.0408237433876564, 0.9503401089027904, 150.44322740450266, 0.9863266802630388, 0.9994786026551157]
00405361,93174,391096,876,6;[25379.250000000004, 586, 1.0179165397381977, 0.9029288207999309, 160.43483556195895, 0.9726873454366415, 1.00805354519236]
00405361,93174,391096,876,7;[22388.49, 520, 1.0299856672469472, 0.9075769371935652, 257.8121857791255, 0.9585824223785325, 1.0080600716450814]
00405361,93174,391096,877,4;[12578, 536, 1.0450465940256584, 0.7413972516183207, 136.73275333499026, 0.9882490542641716, 1.0071665932658045]
00405361,93174,391096,877,5;[12429.55, 494, 1.0309462293381129, 0.9383715650826654, 148.02342876541036, 0.9839628330048865, 1.0023992322456814]
00405361,93174,391096,877,6;[14608.310000000001, 452, 1.024114502954725, 0.9122689765034309, 151.87940726854112, 0.9817812791370323, 1.0033403904963538]
00405361,93174,391096,878,7;[10569.24, 422, 1.1055649286624458, 0.9430971401690219, 225.6682207821173, 0.9757360253987056, 1.0086880338760313]
00405361,93174,391096,879,4;[12877, 544, 1.0444783947754332, 0.758741818430227, 136.21331401737802, 0.9881684118379991, 1.0063694267515924]
00405361,93174,391096,879,5;[12291.51, 490, 1.0142303120622636, 0.8097199961203962, 133.4455391237711, 0.9867577424318034, 1.0059407869107908]
00405361,93174,391096,879,7;[24559.56, 554, 1.0355668556559663, 0.8963214577976794, 268.7454319781533, 0.9393537601711659, 1.0074687754973954]
00405361,93174,391096,880,6;[10607.910000000002, 454, 1.0088046974832243, 0.9923547052382302, 156.99478291848556, 0.9656936857328658, 1106.142857142857]
00405361,93174,391096,881,4;[12788, 544, 1.0377149806709596, 0.9799995726930063, 136.35599227638954, 0.9870952862670911, 1.0029803921568627]
00405361,93174,391096,881,5;[12534.269999999999, 494, 1.0241922150106635, 0.8669987555836315, 124.39130073290598, 0.9872021164593149, 1.007653305271214]
00405361,93174,391096,882,6;[12642.36, 460, 1.0147115741212216, 1.0011841473703533, 150.19852792812654, 0.9835674247563457, 1.0111214594861118]
00405361,93174,391096,882,7;[10619.73, 422, 1.1084006575396443, 0.7942499263885744, 192.66393846797553, 0.9862075043906832, 1.0096]
00405361,93204,391209,362,4;[15617, 566, 0.9881219369710308, 0.8720449610300524, 113.21865721431735, 0.9895958280170988, 1.0007369196757554]
00405361,93204,391209,362,5;[12584.25, 496, 1.0278966466360766, 0.8540797017757898, 137.71050252841255, 0.9878879742266629, 1.0084394221141468]
00405361,93204,391209,362,6;[10562.7, 430, 1.00598188172645, 0.970615990271479, 161.0079595887545, 0.963156990272817, 1.0022098011178995]
00405361,93204,391209,362,7;[10645.74, 420, 1.0399278820609894, 0.9226867764889264, 193.85101020584764, 0.9783857586501112, 0.9979919678714859]
00405361,93204,391209,363,4;[13054, 546, 1.038715384173785, 0.8020011128722687, 135.30724903069458, 0.9882961877056654, 1.0061274037535166]
00405361,93204,391209,363,5;[12742.519999999999, 496, 1.03156662414386, 0.7782357336650764, 141.33178206429915, 0.9875330035595016, 1.0064382724752103]
00405361,93204,391209,363,6;[10077.720000000001, 448, 1.007123780020131, 0.9934224930498131, 173.18799746605006, 0.9563364593883394, 9999]
00405361,93204,391209,363,7;[10249.47, 412, 1.05367862641517, 0.689958566417744, 263.2332184247274, 0.980316827603752, 1.0101786926034835]
00405361,93220,391259,254,4;[12969, 546, 1.021141679478034, 0.7887868666277595, 140.16745522772692, 0.9866438315086654, 1.0037148827490132]
00405361,93220,391259,254,5;[13306.58, 488, 1.0200024694512748, 0.9020107790096026, 128.63616914904878, 0.984510836080005, 0.9620993762099376]
00405361,93220,391259,254,6;[27265.74, 614, 1.016699721106188, 0.9110027780101589, 162.6325286634208, 0.9680795784318929, 1.0069059725278895]
00405361,93220,391259,254,7;[9909.81, 414, 1.0400453007933903, 0.7039818769811996, 182.46007612487972, 0.9834622127248769, 0.9837484811664642]
00405361,93222,391268,338,4;[13113, 546, 1.0192462842251475, 0.735751547870993, 151.3588816540349, 0.9860336718106387, 1.0040966346337914]
00405361,93222,391268,338,5;[14871.429999999998, 518, 1.0169704448071162, 0.8828077019126581, 114.5925615801457, 0.9889411720786838, 1.0048647127407229]
00405361,93222,391268,338,6;[10201.02, 450, 1.0094547610706286, 0.991588271335596, 173.68050074531746, 0.9550268925880819, 9999]
00405361,93222,391268,338,7;[11360.25, 432, 1.0256545521745033, 0.8680203440865888, 202.99131879663292, 0.9794712154841311, 1.0084204807822899]
00405361,93328,391872,11,4;[12294, 538, 1.032129365884379, 0.6633381493978188, 181.97233396927084, 0.9863628536210295, 1.0064674580433892]
00405361,93328,391872,11,6;[11809.400000000001, 440, 1.0026877585362048, 0.9849724845195537, 151.85731158904193, 0.9763823307193848, 1.0120934601385465]
00405361,93328,391872,11,7;[23737.95, 546, 1.028875008164068, 0.896035589536289, 186.37839136840452, 0.968949704185779, 1.0079911642411643]
00405361,93328,391872,12,4;[14904, 556, 1.0033002878186839, 0.8929362887908848, 104.04389381020141, 0.9904384750329439, 1.0103036876355749]
00405361,93328,391872,12,6;[8795.400000000001, 434, 1.016992577728214, 0.923894328725297, 208.79567221128124, 0.9374189001358414, 9999]
00405361,93328,391872,13,7;[9645.12, 408, 1.030073652434697, 0.9333636052979405, 185.1142566900662, 0.9743205723802278, 1.005743458838545]
00405361,93328,391872,14,4;[12184, 532, 1.0421603062961737, 0.6782135677828487, 180.56934054637745, 0.9859355018958875, 1.0038311019567456]
00405361,93328,391872,14,6;[12384.800000000001, 470, 1.0062040685421063, 0.8559891916336012, 140.31977483220655, 0.9877570403739916, 9040.0]
00405361,93328,391872,14,7;[23110.65, 540, 1.0315951113286626, 0.8989969917220033, 181.71838312546984, 0.9707731650989435, 1.0026884397092501]
00405361,93328,391872,15,4;[12064, 546, 1.0265740335609725, 0.8181602790330537, 156.94829127372915, 0.9872693067524831, 0.9891767792718924]
00405361,93328,391872,15,5;[13461.279999999999, 472, 1.0184827535862278, 0.9005579679350133, 127.98665614372256, 0.9854720217088864, 0.999867415035135]
00405361,93328,391872,15,6;[13476.69, 438, 1.0266082814306108, 0.9092926145004294, 138.50908941374027, 0.9854810770079385, 1.0051601696214172]
00405361,93328,391872,15,7;[12558.24, 392, 1.0306086443661693, 0.9209077945507054, 141.0005563970764, 0.9836428865557987, 1.0099667774086378]
00405361,93328,391872,16,4;[12532, 548, 1.028774569880621, 0.7830106515195341, 134.39431526868745, 0.9890011028175861, 0.9981680605336519]
00405361,93328,391872,16,6;[11825.84, 452, 1.0235330408641787, 0.9387090111516, 140.0361926536242, 0.9856137895392554, 1.0118391747743523]
00405361,93328,391872,16,7;[21692.34, 512, 1.0237546747936739, 0.9289672106131912, 175.18339355430618, 0.9710313174896542, 1.0072463768115942]
00405361,93328,391872,17,4;[12043, 534, 1.0459103096062452, 0.7370519261448156, 169.42492017814595, 0.9870534682804194, 1.0006647278770253]
00405361,93328,391872,17,6;[12524.54, 430, 1.0322334079065254, 0.9219355539007268, 134.1382130429966, 0.9863559556908894, 1.0006567425569177]
00405361,93328,391872,17,7;[23188.68, 536, 1.0312411359050275, 0.9002489672860092, 252.76323378702088, 0.9338532719648699, 1.0067756078118772]
00405361,93328,391872,18,4;[12126, 534, 1.043122380452169, 0.6691513829702896, 183.43896384643784, 0.9869155775168263, 1.0002887193235719]
00405361,93328,391872,18,6;[12212.18, 472, 0.9934143218712007, 0.8109139832296604, 122.95131502350418, 0.9909192618303286, 2971.3333333333335]
00405361,93328,391872,18,7;[10223.460000000001, 424, 1.0217065744366054, 0.8198625850039124, 211.10826214186608, 0.9830569207398514, 0.9804842259721204]
00405361,93328,391872,19,4;[14255, 560, 0.989519326992291, 0.8745751176626415, 92.49303297124494, 0.992034632212357, 1.007954746331978]
00405361,93328,391872,19,6;[12239.580000000002, 454, 1.204812643747953, 0.6983688011806299, 231.1398949086345, 0.9846460260817473, 1.0079539685225927]
00405361,93328,391872,19,7;[23485.5, 538, 1.0280766609861927, 0.9135641458821755, 141.2173347951922, 0.9801275843737677, 1.010433466083007]
00405361,93331,391888,230,4;[11998, 532, 1.0617357917233348, 0.6770516087664596, 179.54394550389694, 0.985827847000211, 0.9999166597216435]
00405361,93331,391888,230,6;[11462.79, 448, 1.0185424514721273, 0.8572091866072263, 138.2298945007216, 0.9838570066078474, 1.0113011422010032]
00405361,93331,391888,230,7;[19242.81, 476, 1.0326025430304664, 0.9178664098261795, 241.51468771118823, 0.9640704733427307, 1.0091065912464396]
00405361,93331,391888,231,4;[12014, 530, 1.0406421713029947, 0.6746473040029001, 178.34681246433684, 0.9856824513295095, 1.0076745648983014]
00405361,93331,391888,231,6;[9139.27, 444, 1.0095394902498154, 0.9048830054890901, 179.4882598257511, 0.9549853725088795, 9999]
00405361,93331,391888,231,7;[10419.3, 426, 1.0061114920749106, 0.8716237529293308, 214.11001835151833, 0.9764747155444431, 1.0096367679762788]
00405361,93331,391888,232,4;[13099, 514, 1.0297590566649228, 0.9336500852409103, 113.91683538055902, 0.9868827057925886, 0.9984374404512367]
00405361,93331,391888,232,6;[12335.480000000001, 474, 1.1404023783833939, 0.9540657484808766, 130.84766315400933, 0.9869826492843774, 9999]
00405361,93331,391888,233,7;[9400.32, 418, 1.0399261378920583, 0.678807736685326, 182.626359745183, 0.9800158136915237, 0.9470520231213873]
00405361,93331,391888,234,4;[11936, 532, 1.0426817517885527, 0.6710098228855201, 150.2712266505447, 0.9863374509020425, 1.0023092748876852]
00405361,93331,391888,234,6;[9380.390000000001, 442, 1.0070787209860756, 0.9968792322783007, 176.25120615220197, 0.955623681914825, 0.9712745584793248]
00405361,93331,391888,234,7;[23124.420000000002, 534, 1.0273571753536221, 0.9238256334315738, 177.7848349168927, 0.9647018809306288, 1.008272181454303]
00405361,93376,392041,23,4;[13371, 554, 1.1018860735084377, 0.8187209386035231, 163.415377943337, 0.9867268190171345, 0.9872997120283541]
00405361,93376,392041,23,5;[13337.519999999999, 506, 1.0285777063928443, 0.837946311626383, 143.49884653055068, 0.9860609530993998, 1.002728696041154]
00405361,93376,392041,23,6;[11003.84, 440, 1.0002109367126282, 0.9715067409916992, 191.18571245265773, 0.9445648664123154, 401.6]
00405361,93376,392041,23,7;[11536.2, 436, 0.9982691220269618, 0.8545480222030734, 216.874470406968, 0.9816929040887137, 1.0049983338887039]
00405361,93376,392041,24,4;[13939, 558, 1.0224510822760253, 0.8076925295001047, 134.19110398313254, 0.9873419095425702, 1.0016527737855705]
00405361,93376,392041,24,5;[13173.3, 504, 1.0255671855494424, 0.7407127757129456, 157.91375654839717, 0.9856272142838609, 1.0026265736799203]
00405361,93376,392041,24,6;[13427.37, 512, 1.0036085257193479, 1.0085046542961824, 195.20327625686943, 0.9780625402598334, 0.9836411079887596]
00405361,93376,392041,25,7;[12111.48, 440, 1.0139292191468259, 0.8218115106017077, 192.8304016300811, 0.9851824890488773, 1.0071246819338422]
00441627,93067,390432,65,6;[21472.010000000002, 544, 1.2071747550462895, 0.7669454718363042, 296.42536616290715, 0.7847001280608507, 1.0052594445513436]
00441627,93067,390432,65,7;[16773.39, 448, 1.253618130917735, 0.6973485200506362, 523.0019403456191, 0.7855477682179377, 1.0095308255444542]
00441627,93067,390432,66,4;[10210, 490, 1.205591451736173, 0.6863116563155766, 613.2121337405814, 0.8722998402899627, 0.9194470710072493]
00441627,93067,390432,67,5;[16268.49, 512, 1.220647196279767, 0.7046617065922521, 462.8704074907715, 0.8445627125533454, 0.9832775919732442]
00441627,93067,390432,68,4;[11907, 494, 1.2003262112026345, 0.7715832962863078, 531.6485128296621, 0.8717618975734283, 0.9621429437194456]
00441627,93067,390432,68,7;[8421.12, 332, 1.2311721329364465, 0.7263238471111474, 701.494559475333, 0.8791896922543819, 1.0088901108972597]
00441627,93264,391493,588,5;[20519.17, 566, 1.20625089539276, 0.7685909233089576, 315.5605880943431, 0.8317790326969933, 1.0058332847226272]
00441627,93264,391493,588,6;[18714.2, 500, 1.2130593104670668, 0.7637348278576689, 363.8229627501239, 0.8491944895920966, 1.0074860788435298]
00441627,93264,391493,589,4;[21379, 642, 1.222860004437008, 0.7367409312527542, 305.88289777479906, 0.8018732641457108, 1.0009363734257222]
00441627,93264,391493,590,5;[16612.399999999998, 508, 1.1964813574751163, 0.7937685632171995, 375.2812841427674, 0.8581445608296557, 1.005256714913228]
00441627,93264,391493,590,6;[9288.6, 376, 1.2316310760066829, 0.7078850170173268, 667.4897806596281, 0.8670318738668767, 1.0028102351723118]
00441627,93264,391493,590,7;[12282.84, 382, 1.1826867670833479, 0.7999119505441685, 387.72390592826093, 0.8875514854945041, 1.009938357026041]
00441627,93264,391493,591,4;[11012, 470, 1.193098058381541, 0.7475751573775226, 527.8687510951271, 0.8825552290357994, 0.9964258245487038]
00441627,93264,391493,592,4;[21566, 638, 1.2334162978246925, 0.7378921132659273, 367.5501605580817, 0.7903441127274271, 1.0021375464684015]
00441627,93264,391493,592,5;[20156.219999999998, 562, 1.203713359679201, 0.7846317304791915, 313.73463012416363, 0.8368775280740046, 1.0055806221800048]
00441627,93264,391493,592,6;[21159.65, 542, 1.2236697404115686, 0.7517249901352401, 314.38375842433857, 0.7571266939806515, 1.007304506619709]
00441627,93264,391493,594,7;[8350.74, 328, 1.223572353799153, 0.7204655936361108, 657.8691777124549, 0.8679768549362092, 1.0058048465861973]
00441627,93264,391493,595,6;[12464.26, 412, 1.2003801191039778, 0.7494402772998116, 518.779684832739, 0.8685443501401033, 1.0085356390644054]
00441627,93264,391493,595,7;[17913.24, 476, 1.234135554242224, 0.7230504643351645, 478.3657405746895, 0.6958753383818995, 1.0044612216884008]
00441627,93264,391493,596,4;[11219, 508, 1.2305094763677218, 0.6714866924176794, 605.7120413973133, 0.8650759920385281, 0.9012692802056556]
00441627,93264,391493,597,4;[16763, 554, 1.2381928499368817, 0.7049775672859457, 464.3131905671902, 0.8376756323112875, 0.9956049177406902]
00441627,93264,391493,597,6;[16138.6, 466, 1.2405600873349107, 0.7125649233782062, 511.9105039766774, 0.8332037135799918, 1.0062785631913893]
00441627,93264,391493,597,7;[16254.720000000001, 444, 1.2077508556362362, 0.7474599477139451, 388.7097550299453, 0.8432176119123432, 1.010125980508676]
00441627,93264,391493,598,6;[20904.83, 538, 1.228930547722823, 0.7107618040554585, 404.3079847094639, 0.7639951155568417, 1.0037825214616978]
00441627,93264,391493,599,4;[21075, 628, 1.2339627963739415, 0.6957756061847777, 428.3759556261045, 0.7821500322703572, 1.0026881080952494]
00441627,93264,391493,599,6;[18278.54, 496, 1.2417901616914273, 0.7014603540815798, 492.52759945321515, 0.8148213773926527, 1.0078942398489141]
00441627,93264,391493,601,6;[17897.68, 488, 1.2262171756865832, 0.7353354373699604, 428.58509720415935, 0.8294448048949816, 1.0083359061438715]
00441627,93264,391493,601,7;[16462.8, 446, 1.239242479305792, 0.7171955844473522, 490.42480472355714, 0.778000400107347, 1.0082458770614693]
00441627,93264,391493,602,6;[9285.86, 374, 1.2377602435906125, 0.6997581433261124, 713.459030433227, 0.8548786717681439, 1.0055633855055264]
00441627,93384,392076,320,4;[12344, 490, 1.1995487910336806, 0.7591096098133624, 513.2954542998216, 0.8662362257216014, 1.0004863024801427]
00441627,93384,392076,320,5;[20861.89, 574, 1.2111621840400428, 0.7582921315696813, 363.1884696510415, 0.8293217739685587, 1.0060832137733142]
00441627,93384,392076,320,7;[14005.62, 410, 1.2263482310292348, 0.7426608622195343, 522.0529734673636, 0.8269586639430007, 1.0075394859941664]
00441627,93384,392076,321,6;[9516.02, 402, 1.2459258908049446, 0.6729735331185407, 996.7609703993207, 0.8711938871840158, 1.0025981524249423]
00441627,93384,392076,322,4;[15087, 530, 1.227825643299695, 0.670241727937023, 463.9224341976033, 0.8457291965189534, 0.9826743958835407]
00441627,93384,392076,322,5;[14786.939999999999, 478, 1.2168679137909466, 0.6908034952506068, 421.88523733231057, 0.8408142823537349, 1.0021371829509254]
00441627,93384,392076,322,6;[9057.070000000002, 424, 1.4980199071231, 0.7611337057784305, 1635.2590209349778, 0.8533617294763073, 0.9801334321719792]
00441627,93384,392076,322,7;[15986.970000000001, 440, 1.2458601080494724, 0.7311456583295168, 551.6198462274316, 0.8090290400380505, 1.0078125]
00023698,93080,390528,134,4;[50730, 1068, 1.0195976013283141, 0.9416815472712002, 106.73840478038007, 0.9824062191657561, 0.9948424293530485]
00023698,93080,390528,134,5;[32137.14, 722, 1.0078854189891433, 1.013414209980644, 116.63098906489452, 0.9895434332199322, 0.9812513625463266]
00023698,93080,390528,134,6;[38668.25, 748, 1.0119806230852137, 0.8016064169445177, 114.47467328846068, 0.9890644631038052, 9999]
00023698,93080,390528,135,7;[38513.16, 688, 1.0083897586046573, 1.0117389089138091, 162.42444615493253, 0.9858130161766707, 9999]
00023698,93244,391403,53,4;[51195, 1022, 1.0156213303600359, 0.8120712758459384, 144.89464082346188, 0.9865749572742271, 0.9854762798486992]
00023698,93244,391403,53,5;[39153.38, 806, 1.0102162086185273, 0.8219264752022125, 107.96273207170495, 0.9890131537606472, 0.9936278802887084]
00023698,93244,391403,54,7;[40517.46, 702, 1.0207061917706963, 1.0193027392126506, 179.45160421442154, 0.9815379085237981, 1.0024605367755612]
00023698,93244,391403,55,6;[32312.820000000003, 714, 1.0456990845119167, 0.9394046339370987, 200.55027481560595, 0.9796784384215971, 0.999639746551103]
00521701,93026,390258,236,4;[53955, 1072, 0.8245541952116149, 1.5121532370693138, 400.95734283302914, 0.9486510272421541, 0.9956817804351437]
00521701,93026,390258,236,5;[53792.759999999995, 1052, 0.8284257949363374, 1.4006956752105422, 834.8114875203339, 0.7771997101236968, 0.9881195693753757]
00521701,93026,390258,236,6;[53493.020000000004, 984, 0.8442290681692469, 1.3255574756918307, 613.227539255102, 0.7662717978676358, 0.9906129490562208]
00521701,93026,390258,237,7;[48728.97, 866, 0.8341922343136186, 1.6558367953227284, 877.3647725395533, 0.9318433099147863, 0.9878875292730966]
00521701,93122,390796,1603,5;[52546.829999999994, 1052, 0.8336818578413309, 1.342305653000687, 537.6418405923488, 0.7963770088988752, 0.9916792993094156]
00521701,93122,390796,1603,6;[52117.54, 962, 0.8461016427642302, 1.429058041392531, 554.279030859491, 0.7957384980584047, 0.9909093277070147]
00521701,93122,390796,1603,7;[48938.58, 860, 0.8233549671738932, 1.5620097199636283, 648.6992052021026, 0.9404778466055015, 0.9904012880852118]
00521701,93122,390796,1604,4;[53445, 1166, 0.8270060917211137, 1.3972242658053746, 769.8237268377036, 0.8693827530699217, 0.9872723242324601]
00521701,93139,390917,48,4;[52810, 1134, 0.860590400388816, 1.4257921408885696, 495.25119857953905, 0.7856375771337661, 0.984012819557278]
00521701,93139,390917,48,5;[53083.52, 1050, 0.842462410225307, 1.362439232035793, 501.7330486050698, 0.7863837518773227, 0.9852351661457931]
00521701,93139,390917,48,6;[52036.71000000001, 968, 0.8399141535144268, 1.4069994934564596, 372.7264260488348, 0.9452025229095787, 0.9719293756397134]
00521701,93139,390917,48,7;[50955.12, 836, 0.8345951871392052, 1.5517016068322378, 917.477751252295, 0.8296861610719414, 0.9970212702261739]
00521701,93141,390932,199,5;[53589.27, 1054, 0.834503911458803, 1.3280193341540056, 519.1073754661413, 0.7986531726288342, 0.9914358680815464]
00521701,93141,390932,199,6;[53123.12, 926, 0.7984896512432177, 1.3316125829662568, 312.60654366706933, 0.9494161858354992, 0.9894108341200786]
00521701,93141,390932,199,7;[49015.08, 862, 0.8180627478820595, 1.6892819994461168, 527.2594350646324, 0.9408950184031963, 0.993934505064921]
00521701,93141,390932,200,4;[52788, 1100, 0.8474049235878218, 1.4308887046858592, 287.4963400326995, 0.9561011477617625, 0.9766151113742322]
