02397714,93188,391170,235,1;[27776, 780, 0.9032619872105416, 1.3427815380503267, 332.3195716065541, 0.9743726030191844, 1.0004502314189494]
02397714,93188,391170,235,3;[32081.29, 712, 0.8559635332739032, 1.118918027460767, 388.1644381897872, 0.8629742241861584, 1.0011329385861782]
02397714,93188,391170,237,2;[30358.09, 790, 0.8872481468806717, 1.2014123757122392, 525.8466043499589, 0.9263268979238825, 1.0020621796256652]
02397714,93188,391170,238,1;[30531, 816, 0.914746042467555, 1.1757326312515115, 618.4946845426376, 0.9360616941341575, 0.9982833881014272]
02397714,93188,391170,238,2;[31502.87, 758, 0.8673166039515146, 1.1293299202257556, 1104.5518094403374, 0.8312638025461367, 1.0021388147559291]
02397714,93188,391170,238,3;[23487.280000000002, 588, 0.8567234730033855, 1.142050609092822, 381.0021303536702, 0.9266520455235739, 0.9948643551428986]
02397714,93226,391293,436,1;[30884, 818, 0.9025469811680353, 1.155227767499598, 459.06470269532815, 0.9562400270607194, 1.002222907303143]
02397714,93226,391293,436,2;[33612.74, 814, 0.8704064193975473, 1.2687868982036805, 544.3601698506134, 0.9309048988054932, 1.0019154370034051]
02397714,93226,391293,436,3;[32844.380000000005, 702, 0.8218186268556219, 1.2518301544102326, 674.8691698554111, 0.8118104077052118, 1.0019014982134276]
02397714,93226,391293,437,1;[32318, 858, 0.8990977697258473, 1.2458086872095562, 347.76450870038997, 0.9600316810333042, 1.0033685713842189]
02397714,93226,391293,437,2;[33020.119999999995, 760, 0.8837023407609647, 1.1582755160157303, 480.11714513934385, 0.8935451955340634, 1.0021670037561399]
02397714,93226,391293,438,3;[27161.620000000003, 704, 0.8440376125898633, 1.0783102076595679, 435.30020564887377, 0.857211904643036, 0.9991936296744279]
02397714,93227,391296,462,2;[17019.38, 558, 0.8732664279772475, 1.197454947689454, 449.9052823972083, 0.9427526607517867, 0.9968981981668003]
02397714,93227,391296,462,3;[29080.99, 668, 0.8392064965107103, 1.011711149496308, 727.5144341559023, 0.8264013652432023, 0.9993879472693032]
02397714,93227,391296,463,1;[30562, 802, 0.9098916936923346, 1.1015914458233613, 626.0854393651434, 0.9393247552630277, 0.9987092136006405]
02397714,93227,391296,464,2;[28506.449999999997, 784, 0.8789268050232395, 1.2888517211699726, 678.2480190302372, 0.926758027364114, 1.0008983224350805]
02397714,93227,391296,464,3;[26331.4, 626, 0.8334543965200272, 1.1605340797566839, 393.15474574103735, 0.9113765456755, 1.0031053469377105]
02397714,93227,391296,466,1;[31689, 816, 0.8863075451339001, 1.1802611348478276, 160.121101599293, 0.9675632279899296, 1.0065751858204688]
02397714,93247,391424,246,2;[33093.9, 752, 0.8616735523108404, 1.1821469828838003, 837.846295059413, 0.8898326063079678, 1.0002157962883038]
02397714,93247,391424,246,3;[33788.310000000005, 706, 0.8417400030590916, 1.213235033582909, 399.16941291644457, 0.8880962998638793, 1.0032134721770256]
02397714,93247,391424,247,1;[21317, 678, 0.9148924603115903, 1.2500787505742903, 158.78795611634644, 0.9844112971746118, 1.0009156004225848]
02397714,93247,391424,248,1;[20918, 630, 0.9011813244377852, 1.6754465788778123, 278.5668053041345, 0.9690160858925176, 1.0057697855563035]
02397714,93247,391424,249,2;[34373.15, 792, 0.8745034527320986, 1.4570014691761073, 369.7285615736839, 0.9634700453154748, 1.003282332713916]
02397714,93247,391424,249,3;[30764.72, 684, 0.8580661069831618, 1.15713037241433, 259.2691085676966, 0.8932671746176972, 1.0031941745404187]
02397714,93264,391495,524,2;[32151.42, 754, 0.8738666727365719, 1.1516602432050072, 525.3851402113631, 0.8878235941172983, 1.0026534058226486]
02397714,93264,391495,525,1;[31587, 848, 0.9021900700925665, 1.2133727465537212, 483.2355143742085, 0.958859763677824, 1.0016648432668982]
02397714,93264,391495,525,3;[26788.980000000003, 632, 0.8239174528457774, 1.2247709666264746, 491.3009730163564, 0.9311030465993275, 9999]
02397714,93264,391495,526,2;[31188.71, 814, 0.8519068577004701, 1.2505237631371202, 616.3376491759324, 0.9492441768001909, 0.9908697378121396]
02397714,93264,391495,527,3;[14759.010000000002, 434, 0.8335778236642873, 0.9267770460707101, 408.15258985425174, 0.8859680311619658, 1.004616030214016]
02397714,93264,391495,528,1;[32884, 878, 0.8840971006323552, 1.2550263495043597, 455.7199361077386, 0.9564132592470933, 1.003417551568412]
02397714,93264,391496,518,1;[32043, 848, 0.8919677920633187, 1.2977836112109793, 367.5177500620712, 0.9559056648069699, 1.0039005592368062]
02397714,93264,391496,519,2;[32758.32, 818, 0.8654881091219633, 1.2248512545013268, 751.194758155959, 0.9342390994707627, 1.000072658577345]
02397714,93264,391496,519,3;[24854.54, 618, 0.8188158929891773, 1.1950248611685543, 845.4188128518725, 0.8521633671102322, 0.9980470361710906]
02397714,93264,391496,521,3;[32940.280000000006, 700, 0.8514307259026941, 1.2219763604872087, 365.14893566885434, 0.9081342755160331, 1.0046169594919256]
02397714,93264,391496,522,2;[30612.75, 716, 0.8539064998522479, 1.0725204880684998, 885.775748021316, 0.908974126195856, 1.0048435607984063]
02397714,93264,391496,523,1;[30544, 822, 0.8976796396825159, 1.2375971291851902, 472.9380060347011, 0.959937253060014, 1.0010979826617066]
02397714,93340,391955,1,1;[29961, 836, 0.8887039026765974, 1.3309014767415306, 269.5001644299522, 0.9768006923531497, 1.0016548819016098]
02397714,93340,391955,2,2;[34210.119999999995, 812, 0.8489370452565036, 1.0438090180461932, 939.2526490637746, 0.9110314975390751, 1.0054209072150526]
02397714,93340,391955,2,3;[27542.480000000003, 726, 0.8420206976298631, 1.1084406384074912, 353.1572396170186, 0.889592002377264, 9999]
02397714,93340,391955,4,1;[24805, 802, 0.8909032398298994, 1.374587102206484, 339.6156822778184, 0.9697298723092774, 0.99468671679198]
02397714,93340,391955,4,2;[31987.199999999997, 758, 0.8718244002444673, 1.1522458328197633, 525.2970739855647, 0.8781543868763962, 1.004991307273849]
02397714,93340,391955,5,3;[33752.69, 724, 0.8601230964708068, 1.2652476926950809, 213.52126026869493, 0.9085120439551029, 1.002849350755078]
02397714,93340,391956,10,1;[33156, 868, 0.8982483810270694, 1.1621805510737389, 596.6275618363894, 0.9333826648910443, 1.0073524943792915]
02397714,93340,391956,10,2;[26164.53, 750, 0.8498943566051788, 1.206678789245114, 772.460773611078, 0.9036657071057037, 0.9974368861569171]
02397714,93340,391956,10,3;[30486.61, 682, 0.8509139778670894, 1.1370359354139867, 234.35913653239308, 0.8949708580698152, 1.006103626005968]
02397714,93340,391956,6,2;[30935.239999999998, 752, 0.8471273561424119, 1.1311919028970363, 1079.7252725311905, 0.8328843862790082, 1.0044240094275834]
02397714,93340,391956,8,1;[31325, 792, 0.877147646027107, 1.2018996764728238, 145.38822344912526, 0.9645798992075266, 1.0063448718978396]
02397714,93340,391956,9,3;[34391.11, 752, 0.8251143200175756, 1.0142797583275083, 438.7682364743917, 0.8450462943183208, 1.0049641699027183]
02397714,93341,391959,84,3;[31005.840000000004, 692, 0.8270991303221336, 0.9913142258685003, 547.2864958800624, 0.8888602769762428, 9999]
02397714,93341,391959,85,1;[32808, 806, 0.8834251272196977, 1.2128498924107727, 147.42697875700088, 0.9683584829705314, 1.0028274059696474]
02397714,93341,391959,86,2;[30580.62, 792, 0.8616471381752813, 1.116610384812477, 902.3349445162862, 0.8836341116121876, 1.003808519364856]
02397714,93341,391959,87,3;[33732.14, 700, 0.8419363111598913, 1.2641286979473487, 402.3889414897458, 0.8734701494179232, 1.0041393935686467]
02397714,93341,391959,89,1;[23470, 716, 0.901964943310443, 1.0660981937452014, 373.16021389293934, 0.8924930876332855, 0.9961588251522676]
02397714,93341,391959,89,2;[31066.14, 748, 0.8515051609021247, 1.1359952744797002, 1046.585144342845, 0.8563717839587939, 1.0061278760550352]
02397714,93341,391961,90,1;[32786, 848, 0.8794815572716471, 1.2472302434787907, 195.99925858605644, 0.9747711456001131, 1.0032896246767753]
02397714,93341,391961,90,2;[30696.05, 740, 0.8476435427474434, 1.1163228797032805, 993.7898493194624, 0.8734769110358027, 1.0057118350000975]
02397714,93341,391961,92,3;[30337.280000000002, 714, 0.8336689186316567, 1.1379032437207712, 481.0281474327176, 0.8053975822529152, 1.0046503187169658]
02397714,93341,391961,93,2;[34657.56, 820, 0.8638886483550989, 1.191010605175283, 777.7460303607663, 0.8624044780299438, 1.0019954586114361]
02397714,93341,391961,94,1;[15248, 512, 0.9577033500680404, 1.0655332390869554, 189.30098550170612, 0.9892159816931266, 1.0079656255164435]
02397714,93341,391961,95,3;[25619.000000000004, 612, 0.8496493408014919, 1.1541824166370214, 291.90078648199346, 0.9339193378767348, 1.0072988768886855]
02397714,93341,391964,81,1;[26185, 828, 0.883844509727163, 1.32763541876201, 379.56621347422936, 0.9683816795885083, 1.001778985022094]
02397714,93341,391964,81,2;[33434.24, 750, 0.8527240563318892, 1.0273409154738455, 944.5818406115164, 0.8867823871512972, 1.0048281534995172]
02397714,93341,391964,81,3;[30156.440000000002, 704, 0.844719044399846, 1.1078006429387608, 338.9235434488345, 0.8116230464458669, 1.0020941454975871]
02397714,93341,391964,82,1;[31374, 780, 0.8890091969766246, 1.165251201578449, 154.83813782653542, 0.9716847774492159, 1.002364217252396]
02397714,93341,391964,82,2;[32403.699999999997, 772, 0.855009358091968, 1.0872760428451018, 723.206724939446, 0.936203101599406, 1.0011765570997868]
02397714,93341,391964,83,3;[32629.29, 694, 0.8606135782634134, 1.1613680156945783, 199.61317852094274, 0.8508204008786175, 1.0043857799519251]
02397714,93342,391974,190,2;[26165.719999999998, 670, 0.8575049166351363, 1.0875244465141407, 827.1765373112314, 0.8822566118225024, 1.0117565857586563]
02397714,93342,391974,190,3;[30740.06, 724, 0.8415515325598839, 1.0793683771412637, 326.8344643174666, 0.8882969207876298, 1.004634086279075]
02397714,93342,391974,191,1;[32828, 878, 0.8878184300654492, 1.2406869670618117, 513.5618279392596, 0.9547742002458427, 1.0055287541159355]
02397714,93342,391974,192,1;[30680, 790, 0.873652284933991, 1.182937681930402, 150.44737614635707, 0.9528328701835349, 9999]
02397714,93342,391974,192,2;[21210.559999999998, 622, 0.8805371494802609, 1.3056486241719762, 345.41239803584017, 0.9591710626550422, 1.004253880609629]
02397714,93342,391974,192,3;[34365.08, 736, 0.8326408765862899, 1.2753936664372283, 552.0333616826872, 0.8552897106395391, 1.005552103585817]
02397714,93343,391976,291,1;[25191, 812, 0.8807626720608339, 1.5158861175913823, 315.46094033596097, 0.9751581145907136, 1.0005958055290753]
02397714,93343,391976,291,2;[34502.86, 812, 0.8843853279298778, 1.456678785793971, 448.95821409109635, 0.9595200611259478, 1.0055315680868404]
02397714,93343,391976,292,3;[28294.61, 718, 0.8361353123769147, 1.0092567614961183, 560.9899400284245, 0.8679347159093607, 1.0043279517603578]
02397714,93343,391976,294,2;[30922.149999999998, 788, 0.8787511144701556, 1.1501796490360967, 461.6831219947636, 0.8985266422180085, 1.0056309139108728]
02397714,93343,391976,295,1;[30609, 846, 0.895202763184809, 1.2077043030261796, 419.49896454927045, 0.9592367974174965, 1.0018820679835687]
02397714,93343,391976,296,3;[32610.110000000004, 716, 0.8096621849878873, 1.2676620405934804, 723.817432916071, 0.8748365797562039, 23803.0]
02397714,93343,391982,286,1;[22539, 722, 0.8979343095098228, 1.165831229586886, 425.737905671744, 0.9476957237491034, 0.9849239643418982]
02397714,93343,391982,286,3;[31853.870000000003, 682, 0.8574340008894978, 1.1930798655181654, 235.54835897639848, 0.8094662953047419, 1.006623950125552]
02397714,93343,391982,287,2;[27984.039999999997, 680, 0.8546939732457252, 1.3639172419201968, 543.8844538866872, 0.9493784664098186, 9999]
02397714,93343,391982,288,1;[30056, 768, 0.8867715508935409, 1.1758121068354654, 144.52268612708127, 0.9763093256709663, 1.0009657974489625]
02397714,93343,391982,289,3;[18090.850000000002, 496, 0.8427499999069377, 1.1703295445305484, 407.2067315978448, 0.9102023184925001, 1.0078229345544742]
02397714,93343,391982,290,2;[30203.39, 754, 0.8637341263106539, 1.115345764830074, 785.2535017902321, 0.8967663845019025, 1.005247836505139]
02397714,93346,392000,4,1;[27059, 814, 0.8964777967801206, 1.2704801363648592, 296.5359899751433, 0.9744235350641841, 1.0000923992386304]
02397714,93346,392000,4,2;[31883.67, 750, 0.8562171692142536, 1.2221545866743702, 809.6243404449932, 0.8889661864099323, 1.0011957699637533]
02397714,93346,392000,4,3;[17914.120000000003, 492, 0.8411273039349199, 1.2370928983701963, 491.0234167249119, 0.9041515350073231, 0.9991976464295266]
02397714,93346,392000,6,1;[26304, 802, 0.8878341923407826, 1.2684694490518362, 211.9483481243212, 0.974854768144913, 0.9993351442736926]
02397714,93346,392000,6,2;[26310.899999999998, 674, 0.8528684813906615, 1.0630990726338905, 967.4789569350444, 0.8618705314197214, 9999]
02397714,93346,392000,9,3;[19543.050000000003, 544, 0.8220619811448328, 0.9629887162126995, 592.9796196730829, 0.9230021205405735, 0.9965071603213412]
02397714,93391,392126,806,1;[34066, 824, 0.900957636938749, 1.1460332202555232, 515.1597685053982, 0.9433218835477799, 1.0033724577706433]
02397714,93391,392126,806,2;[28718.27, 718, 0.8551451587337212, 1.158833685444282, 715.2188525606517, 0.911705202734916, 1.0017225992569994]
02397714,93391,392126,806,3;[26458.81, 742, 0.8407069569948672, 1.2823024338714775, 395.04713051583434, 0.8432657653277762, 0.9898772455857102]
02397714,93391,392126,808,2;[14838.109999999999, 478, 0.8738600763641352, 1.2065010914132759, 703.4233521044674, 0.9262985761619418, 0.9991185897435897]
02397714,93391,392126,809,1;[32749, 882, 0.8880073604939949, 1.2718891231475984, 241.83184843130596, 0.9715556093321228, 1.0044781155108427]
02397714,93391,392126,809,3;[31464.79, 706, 0.8431370950026846, 1.0780482939271074, 367.18130468291787, 0.8473877142220572, 0.9962262514097336]
00023892,93026,390259,210,1;[115384, 1676, 0.9705763288702812, 0.9705763288702812, 27.44450635858385, 0.9967809945790217, 0.9971869206936336]
00023892,93026,390259,211,2;[117053.15999999999, 1570, 1.0149650236071255, 0.9746772383627069, 32.01824097753799, 0.9959190027831599, 0.996711876257112]
00023892,93026,390259,211,3;[116700.71, 1438, 1.0186254340279237, 0.9437976061425024, 56.93241554978748, 0.9908537816795847, 9999]
00023892,93026,390259,212,1;[115337, 1664, 0.9804131521278897, 0.9889032468085639, 29.32303153461915, 0.9964262448288627, 0.9924920079683675]
00023892,93026,390259,212,2;[117691.0, 1554, 1.014747909288223, 0.9808503008994244, 33.38817836122004, 0.9959185983378324, 9999]
00023892,93026,390259,212,3;[114356.64000000001, 1394, 1.0039062202291396, 0.9507977939312924, 37.10296143051946, 0.9936297065684685, 9999]
00023892,93026,390259,214,1;[120043, 1634, 1.0032661182443197, 0.9887838124952426, 22.927187669422857, 0.9969424029558446, 0.9982495311986761]
00023892,93026,390259,215,3;[114305.95000000001, 1398, 1.010278510246198, 0.9543713578041263, 39.13504025500448, 0.9933049493998183, 9999]
00023892,93026,390259,216,2;[116758.04, 1568, 1.0123332269148082, 0.98091887278259, 29.98789604125521, 0.996023856518871, 0.9963240520725442]
00023892,93049,390350,751,2;[112488.31999999999, 1480, 0.9848740726439702, 0.9929826624223882, 26.49613653842162, 0.9961483784872827, 9999]
00023892,93049,390350,752,3;[118309.09000000001, 1532, 1.0130833231157215, 0.9721992345752148, 59.29260583943325, 0.9911236827270111, 9999]
00023892,93049,390350,753,1;[115862, 1658, 0.9829469492684024, 0.9978529551266063, 24.60371064380052, 0.9960469422803894, 0.9909383646292598]
00023892,93049,390350,756,2;[116076.17, 1538, 1.0085478725212538, 0.9927081192712227, 43.37188848757056, 0.9943862237694245, 9999]
00023892,93049,390350,756,3;[117833.70000000001, 1382, 1.047327962051423, 0.9430491915437306, 103.28006889242694, 0.9876476852572468, 0.9989779088945155]
00023892,93049,390350,757,1;[119330, 1636, 1.0075125795868425, 0.9942916148693116, 29.0029681718026, 0.9953227996444487, 9999]
00023892,93049,390350,758,3;[117121.3, 1400, 1.030931342867741, 0.9719735434960686, 74.73251000866165, 0.9910807744684849, 9999]
00023892,93049,390350,760,1;[119412, 1684, 1.0004737661313214, 0.9880028410604836, 28.934950571560975, 0.9954903479060804, 0.999870214146658]
00023892,93049,390350,760,2;[117228.09, 1564, 1.0405712513178689, 0.9825036010815462, 94.58212834702178, 0.9879751501300211, 0.9954779023530066]
00023892,93049,390350,761,1;[115473, 1576, 0.991677529821298, 0.9926776955103828, 36.86362273631874, 0.9942467519164607, 1.0014917476864902]
00023892,93049,390350,763,2;[118247.92, 1546, 1.0345050869305332, 0.994516715150005, 59.95186314319832, 0.9908730469999921, 9999]
00023892,93049,390350,763,3;[118310.46, 1494, 1.0361395917367435, 0.9712337522244107, 108.28824339469637, 0.9843328979744623, 0.9939059128182995]
00023892,93049,390350,766,1;[116227, 1652, 0.9751026370807013, 0.9892795240401203, 27.456611617824382, 0.9965442441576506, 0.9924685549359998]
00023892,93049,390350,767,3;[117711.77, 1466, 1.0214023858039325, 0.9691685127209577, 43.76655418360943, 0.9929606828812833, 10740.125]
00023892,93049,390350,769,2;[117706.47, 1490, 1.0202549609913965, 0.9997484379105231, 29.963769686372082, 0.995278891855519, 9999]
00023892,93049,390350,770,1;[117114, 1588, 1.0024585818836231, 0.9928265580916606, 32.869004539460455, 0.9955113006843905, 9999]
00023892,93049,390350,770,3;[118395.40000000001, 1410, 1.0424963099943128, 0.9275135170288007, 78.28360049762023, 0.9922517167138535, 9999]
00023892,93049,390350,773,2;[114238.81, 1522, 1.0044227657496143, 0.986742260703326, 36.17136856988099, 0.9948063335800724, 9999]
00023892,93099,390646,1221,2;[114072.20999999999, 1486, 1.0090858747803573, 0.9867088647928606, 38.53013999163804, 0.9934468550222741, 9999]
00023892,93099,390646,1222,1;[115757, 1704, 0.9986716907804245, 0.9931340390066832, 35.39650912607604, 0.9961712619634862, 0.989105543782897]
00023892,93099,390646,1222,3;[117585.73000000001, 1392, 1.1323117391248805, 0.9651113997953958, 50.31573890807299, 0.9940088735414381, 9999]
00023892,93103,390673,1487,1;[118131, 1640, 0.9941992381714719, 0.9832364950716539, 24.18140079113889, 0.9967673469878491, 0.9975637458357788]
00023892,93103,390673,1488,3;[117951.52, 1364, 1.034720293021279, 0.9614925636421753, 96.22023479779668, 0.98528403584093, 0.9961010262284081]
00023892,93103,390673,1489,2;[116541.45999999999, 1546, 1.014966414714585, 0.992022459678374, 40.09946663942671, 0.9947342202306876, 0.9929282227280332]
00023892,93103,390673,1491,2;[120403.01, 1514, 1.0503891899546012, 0.9843946252209498, 113.66690920960296, 0.984839104179109, 9999]
00023892,93103,390673,1492,1;[114627, 1678, 0.9987680845865211, 0.9924709850319351, 45.564953524898826, 0.9946129103177113, 0.9927122981592382]
00023892,93103,390673,1492,3;[112581.12000000001, 1362, 1.004285977747245, 0.9649001229124898, 31.23126453415144, 0.9956981357234577, 9999]
00023892,93103,390673,1495,2;[114817.15, 1510, 0.9930315460441014, 0.9870770259924616, 31.546042712339776, 0.9947702350629656, 9999]
00023892,93103,390673,1497,3;[113548.34000000001, 1404, 1.0054351093309934, 0.960491452600365, 28.91913419738997, 0.9948299282430487, 9999]
00023892,93103,390673,1498,1;[116314, 1654, 0.989772517025471, 0.9913499174139772, 25.89202116124958, 0.9956881817830718, 0.9948765321221763]
00023892,93103,390673,1499,1;[115761, 1706, 0.9962542217613665, 0.9812057965453727, 38.26655464467754, 0.9959036968410945, 0.9896936302274583]
00023892,93103,390673,1499,3;[117251.45000000001, 1500, 1.0242496834682837, 0.9748615169204323, 53.78139989410666, 0.9908513476631625, 34234.0]
00023892,93103,390673,1500,2;[113904.42, 1520, 1.0033341804562999, 0.9866325509813356, 31.931454020851525, 0.9944117262205622, 0.9918501209788144]
00023892,93122,390798,1587,3;[117843.29000000001, 1442, 1.0406381091708652, 0.97290517790024, 111.87571133625764, 0.982512094931687, 0.9956477955389904]
00023892,93122,390798,1589,1;[115972, 1698, 0.9778822539189395, 0.9908134710763481, 20.37117655163161, 0.9968449509462828, 0.9941706957446079]
00023892,93122,390798,1589,2;[117505.36, 1504, 1.0292453359150497, 0.9978651105229204, 41.27597117489877, 0.9945531923571351, 9999]
00023892,93122,390798,1590,1;[114476, 1708, 0.9714008354292216, 0.9792266459744134, 31.895664856885332, 0.9963746613606888, 0.9873600048300221]
00023892,93122,390798,1590,2;[115546.62, 1446, 1.0044099548766843, 0.9937778684089924, 34.96544073137213, 0.9941037791054449, 9999]
00023892,93122,390798,1592,3;[117977.55, 1424, 1.0384956777881869, 0.9582881772027657, 51.69301507743181, 0.993571167624946, 172230.0]
00023892,93139,390920,17,2;[116130.90999999999, 1510, 0.9981631323817355, 0.9808162066148503, 32.268889709424414, 0.993887002655094, 0.9946034641785189]
00023892,93139,390920,17,3;[117082.94, 1368, 1.01704474354301, 0.9629625559037094, 53.25214145749839, 0.9925764721536028, 9999]
00023892,93139,390920,18,1;[114291, 1656, 0.9814575364939319, 0.9959018721886728, 30.733984173391054, 0.9957475714305857, 0.9944271152817112]
00023892,93139,390920,19,1;[117141, 1708, 1.0011284673044343, 0.9784178992053928, 59.47460187917027, 0.9921109682880714, 0.9933264364697103]
00023892,93139,390920,20,3;[118051.53000000001, 1470, 1.0213625513322462, 0.9716452290970454, 85.44257796364806, 0.9849400431888099, 9999]
00023892,93139,390920,21,2;[115941.7, 1478, 1.0067750976010585, 0.9966286729292532, 25.270836994108723, 0.9955051948918705, 1.001742742428838]
00023892,93166,391047,301,1;[119197, 1602, 0.9934559797032223, 0.9948353663934025, 20.712104405988043, 0.9968702647084702, 0.9987055043296481]
00023892,93166,391047,301,2;[116151.14, 1540, 1.0002683910551358, 0.9928704150270152, 33.4848806094114, 0.9948215854848882, 9999]
00023892,93166,391047,303,3;[118637.89000000001, 1398, 1.0223579081250327, 0.9703534494557088, 42.23273852076505, 0.9934911546531924, 9999]
00023892,93166,391047,304,1;[117753, 1622, 0.9772164352433422, 0.9958620833402838, 25.766315361363983, 0.9967860458868003, 0.9972686967237064]
00023892,93166,391047,305,2;[117093.62, 1536, 1.002178459818774, 0.997850638667676, 24.4138911119299, 0.9964615269265222, 1.000127051242307]
00023892,93166,391047,305,3;[119032.45000000001, 1370, 1.0183846266174685, 0.9748323649170428, 37.875699129217296, 0.9947455224370897, 2199.6202531645567]
00023892,93166,391047,307,2;[115370.5, 1528, 1.0058060097422366, 0.9895282762600829, 39.93207841576104, 0.9944151817445519, 9999]
00023892,93166,391047,308,1;[115460, 1682, 0.9960968642594321, 0.9954651582763876, 40.582903883813906, 0.9951983391381567, 0.9932470213772635]
00023892,93166,391047,308,3;[118877.64000000001, 1454, 1.017150500848034, 0.9733966928934351, 36.44529966828555, 0.9937569319287601, 1324.7633587786258]
00023892,93166,391047,309,1;[119716, 1620, 1.0322619672169577, 0.9876387315526259, 46.38197855060344, 0.9944067144527013, 0.999419796219075]
00023892,93166,391047,309,2;[115416.90999999999, 1496, 1.0140101989435855, 0.9782871975660953, 49.76970517264166, 0.9923215994050387, 9999]
00023892,93166,391047,310,3;[117396.67000000001, 1446, 1.0322636927019022, 0.9549682020607355, 42.6314536599798, 0.9954496600959517, 9999]
00023892,93166,391047,312,2;[119097.58, 1476, 1.0286965797742729, 0.9766518066581236, 64.13464440773701, 0.9901136968339167, 100082.0]
00023892,93166,391047,313,1;[120302, 1688, 1.021004314514589, 0.9866737636844082, 42.55555215394716, 0.9931729686905908, 0.9957002685780263]
00023892,93166,391047,313,3;[119017.38, 1408, 1.0256435421473993, 0.9687818342517958, 44.27779058241403, 0.9929874755115312, 24821.14285714286]
00023892,93166,391047,315,1;[117580, 1706, 0.9911475015587408, 0.9998940038735258, 31.46718806602632, 0.9964770636421072, 0.9924037812288994]
00023892,93166,391047,315,2;[119473.62, 1562, 1.0290292751963206, 0.976969826578464, 59.39391504055549, 0.9910613417632356, 9999]
00023892,93166,391047,315,3;[120414.78000000001, 1524, 1.0420803432332637, 0.9716719340706381, 114.80932319891738, 0.9838297153742086, 0.9968696835658387]
00023892,93265,391506,609,1;[120450, 1668, 1.0130823848066772, 0.9934285035407959, 28.081715577593773, 0.9950777124707098, 9999]
00023892,93265,391506,609,3;[119976.38, 1438, 1.0627480642574758, 0.9590433977019611, 126.38952663022229, 0.9846962103710577, 0.99012968218255]
00023892,93265,391506,610,2;[119833.0, 1508, 1.0279624297293433, 0.9939602657133225, 34.05485042585448, 0.9943307197997148, 0.9989534301203803]
00023892,93265,391506,611,3;[119896.92000000001, 1368, 1.0267371543472592, 0.9680652141772095, 60.138477372720004, 0.9910185054986551, 175032.0]
00023892,93265,391506,612,2;[116885.37, 1548, 1.0145783774572443, 0.9803564738122116, 29.62078944142632, 0.9948200399301197, 9999]
00023892,93265,391506,613,1;[114481, 1610, 0.9955593575803238, 0.9902087238335712, 36.759064237107594, 0.9944111491071127, 0.9902515396858349]
00023892,93329,391882,87,1;[118271, 1616, 1.0194271800477344, 0.9951980347867928, 37.73351695185407, 0.9949972892828642, 0.9989948475377988]
00023892,93329,391882,87,2;[111247.15, 1430, 0.9892958805203751, 0.987969527216751, 25.62743346510477, 0.9960790202361292, 9999]
00023892,93329,391882,87,3;[115923.92000000001, 1414, 1.0215942370198658, 0.9563196493174627, 47.010858776237484, 0.9953242287886229, 9999]
00023892,93329,391882,89,1;[114628, 1672, 0.9914825066265023, 0.992449732020601, 46.0862142629913, 0.9941192467786226, 0.9939475920434248]
00023892,93329,391882,89,3;[114667.63, 1414, 1.0167941706478845, 0.9529070402788227, 69.36194070195396, 0.9896615259912896, 0.9922821576763485]
00023892,93329,391882,90,2;[116098.78, 1540, 1.024478526931865, 0.9929498654533664, 58.7047229351499, 0.9922725834272821, 9999]
00023892,93329,391882,92,2;[114627.93999999999, 1522, 1.0073552101636527, 0.9847883422105579, 36.85985021329225, 0.9940911230252352, 0.9904477918873066]
00023892,93329,391882,92,3;[114493.64000000001, 1356, 1.0098884038015559, 0.9575393429604518, 53.70771228318953, 0.9928164272628103, 9999]
00023892,93329,391882,93,1;[115389, 1646, 0.9791536811644996, 0.9912072497007227, 30.555962129969355, 0.9961549890584726, 0.995354855405318]
00023892,93329,391882,94,1;[116973, 1592, 0.994606233216065, 0.9965614043713638, 34.71012332712566, 0.9946580766084038, 0.9999615310636661]
00023892,93329,391882,94,2;[112866.73999999999, 1496, 1.003006582190011, 0.9923183925625743, 26.138494257660792, 0.99570058885804, 9999]
00023892,93329,391882,94,3;[114433.36000000002, 1410, 1.0214616209838423, 0.9517095185099957, 73.57692311392724, 0.9894936176987641, 0.990536726513768]
00023892,93329,391882,96,1;[115407, 1632, 0.9872182726007631, 0.9927104473525977, 23.989429741072772, 0.9960868400620199, 0.996795591563164]
00023892,93329,391882,96,2;[113005.97, 1516, 0.9882006017804126, 0.9825266807640969, 27.477798069064683, 0.9957344812378607, 0.9942780561096016]
00023892,93329,391882,96,3;[117169.25000000001, 1434, 1.0569068397282255, 0.9348208440309685, 110.45560734956277, 0.9883416942725053, 9999]
00023892,93329,391882,99,1;[118266, 1608, 1.0340711010663866, 0.9901960891665134, 40.350390802242764, 0.9941750124012475, 0.995743928467688]
00023892,93329,391882,99,2;[114010.33, 1524, 1.0088953795511193, 0.9873587254334197, 27.375748128469997, 0.9954495918170748, 9999]
00023892,93329,391882,99,3;[113752.47000000002, 1336, 1.0058340005280906, 0.9771892906538502, 25.640739364499375, 0.99607581804577, 9999]
00023892,93377,392048,3,3;[118466.64000000001, 1406, 1.047556527781869, 0.9626297559970822, 107.28162349534367, 0.988306503325163, 9999]
00023892,93377,392048,4,1;[118492, 1724, 0.9863208326474601, 0.9986424630954116, 19.764201178268063, 0.9967779664001932, 0.982353745839223]
00023892,93377,392048,4,2;[116322.5, 1540, 1.0024661578187861, 0.9812524545754474, 28.71243987076844, 0.9953319054134065, 9999]
00023892,93377,392048,5,1;[112681, 1604, 0.9750116024793062, 0.9728192778387952, 30.87669786078407, 0.9962903174522396, 0.9869450782375636]
00023892,93377,392048,5,2;[117476.79999999999, 1468, 1.0128946844061226, 0.9826118107683158, 31.69563920609115, 0.9953051589361018, 9999]
00023892,93377,392048,5,3;[119291.38, 1442, 1.0494193382007337, 0.9224995551443748, 90.97954973781846, 0.9914184377585706, 9999]
00023892,93377,392048,8,2;[114999.22, 1520, 1.0070723933409482, 0.9772014446917673, 55.95936210100426, 0.9911467610708359, 1.0000983146794165]
00023892,93377,392048,8,3;[115359.48000000001, 1394, 1.0261842013140077, 0.9530082855170431, 74.80732270330151, 0.9887307322964278, 9999]
00023892,93377,392048,9,1;[115825, 1638, 0.9752674514762388, 0.977930434245964, 26.59457846165895, 0.9966290836236483, 0.9829547624402228]
00023698,93080,390528,134,1;[36900, 898, 0.9978155479327312, 1.0259673944738459, 89.73238912855744, 0.9929930238391793, 0.9837638966648005]
00023698,93080,390528,134,2;[39364.009999999995, 820, 1.0504391901326098, 1.022399976459444, 131.86334323534342, 0.9822628171354302, 1.0140555785472325]
00023698,93080,390528,134,3;[55474.04, 910, 1.2348669144335471, 0.954528904486548, 84.48481776732575, 0.9923977465338607, 26994.666666666668]
00023698,93244,391403,53,2;[43991.92, 860, 1.0139415938895173, 1.0212939734954087, 88.72411398565121, 0.9915332214735743, 9999]
00023698,93244,391403,54,1;[45368, 944, 1.0138822074695624, 0.9740646097252217, 57.91967425793741, 0.993886083647604, 1.000099198694986]
00023698,93244,391403,55,3;[38692.91, 766, 1.0128055678324268, 1.0020142613457823, 123.04365198080062, 0.9864740144323954, 0.9985680697226298]
00232831,93048,390346,740,1;[60347, 1074, 1.0041203919890753, 0.9799737843213558, 68.8031668473261, 0.9893269121354705, 1.0045276737411568]
00232831,93048,390346,740,2;[26282.34, 714, 1.0320528336306802, 1.014372897938292, 140.43680277580415, 0.9847081607347733, 9999]
00232831,93048,390346,740,3;[48303.46000000001, 810, 1.1451752258466206, 0.9524738607388366, 111.29907984614162, 0.9886044851043795, 1.0053033759124088]
00232831,93048,390346,741,1;[58549, 1054, 1.0054455670794802, 0.9721401613657598, 71.84338526471858, 0.9899833681219329, 1.006091640962634]
00232831,93048,390346,741,2;[26754.77, 714, 1.0341519316231074, 1.0048081338552852, 159.3327943069655, 0.9804418482813829, 1.0053435285174503]
00232831,93048,390346,741,3;[59377.170000000006, 910, 1.009236585552549, 0.9801747544230137, 119.60868056295885, 0.9820228240271109, 1.0022546741128724]
00232831,93048,390346,742,1;[60220, 1068, 1.0074655194483435, 0.9772295374079115, 65.41557014703079, 0.9913233628504808, 1.006005629755849]
00232831,93048,390346,742,2;[36023.68, 754, 1.1820072772154882, 0.975194568199687, 145.89823339616314, 0.9858882366313425, 1.007957912962408]
00232831,93048,390346,742,3;[30371.530000000002, 664, 1.0089733402220478, 0.9955065153366602, 110.20559259267367, 0.9896436106369197, 1.003848940409346]
00232831,93147,390953,359,1;[28614, 804, 1.0032679635817676, 0.9797642027110547, 76.11960080236409, 0.9935266967839056, 1.0029442691903259]
00232831,93147,390953,359,2;[32495.329999999998, 730, 1.0010910926167107, 1.0181539503852286, 138.38844875947652, 0.9872961394964037, 1.0066911209009972]
00232831,93147,390953,359,3;[44651.04, 780, 1.1265940771710539, 0.9490983104198878, 135.99181647196534, 0.9850378115291741, 1.0061277725469615]
00232831,93165,391039,287,1;[39866, 864, 1.0298398293658304, 0.9959000629021967, 86.7554628668432, 0.992586344484783, 0.9994735126733021]
00232831,93165,391039,287,2;[58477.79, 974, 1.0269415973797502, 0.9712203717647845, 110.17502078317794, 0.9861528678999373, 1.0036866453569715]
00232831,93165,391039,287,3;[47685.590000000004, 804, 1.0360607644632402, 0.94115180619928, 106.98442230112188, 0.9887037694940279, 9999]
00232831,93165,391039,289,1;[28699, 810, 1.00818441333912, 0.9786705332760606, 77.15163995602295, 0.9933617731220881, 0.9997039101280153]
00232831,93165,391039,289,2;[29376.34, 706, 1.0029025862775742, 1.0184988224387705, 115.10771404046059, 0.9898791421656763, 1.0058060178866095]
00232831,93165,391039,289,3;[29242.65, 658, 1.0054347153086407, 1.016919426240819, 136.91117619523283, 0.9875221844265234, 1.0027482207032625]
00232831,93165,391039,290,1;[29374, 836, 1.0333035036256313, 0.9688302861139513, 84.38927192001452, 0.9925713888783438, 1.00454840805718]
00232831,93165,391039,290,2;[48306.86, 868, 1.1486846561401474, 0.9733066559966124, 138.39645165229948, 0.9857525522417887, 1.0036095727848102]
00232831,93165,391039,290,3;[28849.460000000003, 652, 1.0052699092288533, 1.0203944978101065, 115.91342784668967, 0.98962519814608, 1.003669987131214]
00232831,93328,391868,72,1;[53913, 1002, 1.0197885864858176, 0.9823802569413564, 73.40299224254385, 0.9925419384832258, 1.0061398925052254]
00232831,93328,391868,72,2;[30416.399999999998, 710, 1.0438726826922544, 0.9772929921499058, 127.79972348039183, 0.989214036519754, 9999]
00232831,93328,391868,72,3;[54501.340000000004, 870, 1.009712309967718, 1.0058363780854904, 98.19940865914353, 0.988407161462243, 9999]
00232831,93328,391868,73,1;[53548, 998, 1.0189524065939604, 0.9797690597906243, 70.54455465725476, 0.9923345736926806, 1.0058606957697798]
00232831,93328,391868,73,2;[32314.449999999997, 730, 1.0032959324346369, 1.0173005886922057, 119.24168662801405, 0.9887060503406242, 1.0007739367583106]
00232831,93328,391868,73,3;[56224.8, 882, 1.0097929346542687, 1.0019868142286004, 108.93376190051036, 0.985441320762081, 9999]
00232831,93328,391868,74,1;[58872, 1058, 1.0073440151434425, 0.9871881459772484, 66.68563326524257, 0.9914655171775439, 1.0050875815208113]
00232831,93328,391868,74,2;[56247.729999999996, 944, 1.126253123694444, 0.9646773931279856, 122.14461848641795, 0.984343955618227, 1.0040039508480516]
00232831,93328,391868,74,3;[54302.69, 864, 1.013030303116915, 1.0093036032740614, 115.46933163720168, 0.98485697905831, 9999]
00496499,93080,390526,192,1;[42065, 896, 0.9595562064672525, 0.9021859075273211, 88.530325220464, 0.9715079006371974, 1.0020367083933825]
00496499,93080,390526,192,2;[19636.19, 580, 1.004369640055557, 0.8608649352424628, 261.77866867667177, 0.9768647802526156, 1.006250571698631]
00496499,93080,390526,192,3;[35577.530000000006, 694, 0.9832699791513629, 0.8281034000927051, 292.5017988690681, 0.9624139982791375, 9999]
00496499,93080,390526,193,2;[22423.17, 600, 1.0030890422889538, 0.8440986957686696, 245.20661487338168, 0.976017535707432, 1.0034882172813206]
00496499,93080,390526,193,3;[35678.91, 698, 0.9887164350323067, 0.8283187938913951, 310.5784892907396, 0.9581536327439963, 9999]
00496499,93080,390526,194,1;[41965, 898, 0.9583798200896287, 0.8838871659187826, 100.86655491813384, 0.971946137241059, 9999]
00496499,93080,390526,195,2;[19718.3, 650, 0.9794357106206135, 0.8850496942770276, 244.71863265668418, 0.9757155065890324, 9999]
00496499,93080,390526,195,3;[19493.730000000003, 564, 0.9937712032218665, 0.9368212297932338, 258.72501934423366, 0.9678019753494537, 1.0075411577270312]
00496499,93080,390526,196,1;[41532, 888, 0.959460161713364, 0.886733322929113, 133.68201457856733, 0.9727362829945339, 1.0031157162524456]
00496499,93080,390526,197,1;[37790, 838, 0.9722096031983103, 0.8773535911698845, 175.5431182631602, 0.9734374691558407, 1.0007149855678839]
00496499,93080,390526,197,2;[41459.6, 812, 0.9767062572347287, 0.8614832284465739, 255.08706300105092, 0.944324363002976, 1.005033823253667]
00496499,93080,390526,197,3;[40941.08, 754, 0.9698709486418998, 0.8120308992861215, 372.2939333627128, 0.9097971229654112, 9999]
00496499,93243,391392,32,2;[36742.439999999995, 758, 0.9808448603481242, 0.8488060304788129, 244.86790285516628, 0.9588930024568995, 1.0024512589081347]
00496499,93243,391392,32,3;[30289.33, 636, 0.9774960870032885, 0.8187040279933419, 276.74890949474235, 0.9636312515964099, 1.0052286987360188]
00496499,93243,391392,33,1;[42412, 898, 0.9540894520272496, 0.8890244824968684, 113.28402272927283, 0.9708354202698435, 1.0023633957269806]
00496499,93243,391392,34,3;[41306.87, 758, 0.9827610019905036, 0.8265777569846884, 314.39792097606085, 0.9477846527416653, 9999]
00496499,93243,391392,35,1;[34615, 798, 0.9727687820568831, 0.8861406856984688, 169.2332156107595, 0.9746229088815743, 9999]
00496499,93243,391392,35,2;[26381.11, 638, 0.9856320191175669, 0.8506140296169901, 307.27306264887187, 0.963083359404462, 1.0055108288921646]
00496499,93243,391392,36,1;[21508, 682, 0.9794870516634909, 0.8395420764898339, 133.1179788780363, 0.9900639806621243, 0.9983290011139992]
00496499,93243,391392,36,2;[39873.33, 794, 0.977996295387638, 0.8444747993288276, 240.451387791068, 0.9541986813285116, 1.0060500517932474]
00496499,93243,391392,36,3;[35111.73, 694, 0.9927718400214073, 0.8225912810311081, 343.6848236596638, 0.9533608556920057, 9999]
00496499,93243,391392,38,3;[33126.600000000006, 672, 0.988625723318533, 0.8158864658008373, 353.20831054007976, 0.9530518459008926, 1.005342702118371]
00496499,93243,391392,39,1;[39689, 864, 0.9729369271466171, 0.8961832487209997, 178.95847904910792, 0.972703440056862, 9999]
00496499,93243,391392,39,2;[41502.439999999995, 818, 0.9755544866589894, 0.8296328993480983, 309.6976602688157, 0.9262409968905199, 1.0053907578771368]
