02305011,93025,390245,100,1;[70484, 1272, 0.9336654358726895, 0.9836069283827654, 48.05556229602126, 0.9909548771999007, 9999]
02305011,93025,390245,100,3;[81105.37000000001, 1150, 0.8918971371306174, 0.8719026686975444, 90.11966348953487, 0.9891255864363845, 9999]
02305011,93025,390245,101,2;[60496.03, 1216, 0.9447908327799611, 0.961839637488266, 76.68466503566913, 0.9908204117195841, 0.9804912388979431]
02305011,93025,390247,103,1;[97900, 1398, 0.9726703426639681, 0.9866317106688808, 56.55668178532694, 0.9919096669007896, 1.008129913861014]
02305011,93025,390247,105,2;[78795.84999999999, 1206, 0.9750306577262703, 0.9770838299659681, 92.44908129418421, 0.9861071584238459, 9999]
02305011,93025,390247,106,3;[96998.74, 1180, 0.9457339686627884, 0.9484809436416081, 84.987550705256, 0.9847762844480884, 9999]
02305011,93025,390249,108,1;[58854, 1270, 0.9334299908199786, 0.9861860959609576, 108.68264575739934, 0.986510232530579, 0.99125030527087]
02305011,93025,390249,108,3;[63247.420000000006, 1050, 0.9784537837683428, 0.9573569978129303, 121.18787658183143, 0.9849863658078182, 9999]
02305011,93025,390249,109,2;[92314.25, 1326, 0.9722776384585609, 0.9722686181264316, 85.73132583118658, 0.9902439311451967, 1.00037397157816]
02305011,93032,390307,11,3;[81314.98000000001, 1268, 0.9848936125724873, 1.013825902768783, 64.51360117503819, 0.9943627299013955, 9999]
02305011,93032,390307,12,2;[74577.3, 1210, 0.9547536913967679, 0.9832948365938625, 76.83443986804087, 0.9870850990628183, 0.996454295390584]
02305011,93032,390307,9,1;[98089, 1486, 0.9628120967784206, 0.9831103680606357, 52.22178153034812, 0.9917235516382839, 1.0022171816249796]
02305011,93049,390348,796,2;[97574.04999999999, 1400, 0.9605278202641494, 0.9932634875470568, 82.97725380982386, 0.98993146090048, 1.002059235088877]
02305011,93049,390348,797,1;[99185, 1458, 0.9700114657969989, 0.9883821155470766, 48.86969001626067, 0.9917101401976223, 1.0002269002899282]
02305011,93049,390348,799,3;[93746.36, 1210, 0.959943332337548, 0.9462606516828688, 71.5526254480817, 0.9909951044720141, 9999]
02305011,93049,390354,792,1;[89101, 1454, 0.96113210015144, 0.9937030243431456, 40.36095396735324, 0.9931901695545686, 9999]
02305011,93049,390354,792,3;[92259.91, 1220, 0.9598192863580755, 0.9576124479428054, 74.64331456841163, 0.9878750611391744, 9999]
02305011,93049,390354,794,2;[97093.29, 1362, 0.9656180291664898, 0.981680116327511, 72.5304131705787, 0.9890917867396725, 1.0030056609688185]
02305011,93050,390356,861,3;[87406.0, 1132, 0.9478532644451079, 0.9539808223512432, 69.4412727949703, 0.9908113947226697, 9999]
02305011,93050,390356,863,1;[57711, 1268, 0.9383283201097027, 0.987854562860851, 99.5678897194968, 0.9874622252169623, 0.986926148557943]
02305011,93050,390356,864,2;[75019.98, 1216, 0.9581124121249147, 0.9950811123846687, 72.29443853515097, 0.9910394102332281, 1.003030953915181]
02305011,93050,390357,853,3;[95427.35, 1224, 0.9549088090793043, 0.947387672181611, 74.03539311611564, 0.9900325385510703, 9999]
02305011,93050,390357,854,2;[62905.78, 1140, 0.9689199951836163, 0.978249970663904, 113.30999811087132, 0.9835290442000791, 9999]
02305011,93050,390357,856,1;[96495, 1456, 0.9488844855458888, 0.9952866773377504, 41.62438975081159, 0.9908378026566749, 1.003567268491555]
02305011,93050,390357,857,2;[62056.119999999995, 1112, 0.9693077910924195, 0.9805572866823158, 91.95655524376578, 0.9853361440090149, 0.9791948325071353]
02305011,93050,390357,858,1;[68325, 1250, 0.9512345637317124, 0.9948562236323375, 58.202066196412424, 0.9902183649620027, 0.999802453960798]
02305011,93050,390357,859,3;[97398.78000000001, 1282, 0.9669881362664489, 0.9588157328734573, 78.19344463895185, 0.9906202070789912, 9999]
02305011,93051,390362,897,1;[84389, 1360, 0.973328371504522, 0.988576650149704, 58.497805643903526, 0.9925146814545719, 1.003854160471064]
02305011,93051,390362,897,3;[65173.64000000001, 1074, 0.9608923777820145, 0.9538251970318397, 76.06484308176798, 0.9886997993624731, 9999]
02305011,93051,390362,898,2;[96836.25, 1376, 0.963349492698452, 0.9882140933560171, 89.09003606716527, 0.987213691718516, 1.00131663139243]
02305011,93052,390366,952,2;[62446.439999999995, 1156, 0.9656782603147028, 0.9751219699871491, 93.38742253010706, 0.9878012289857776, 9999]
02305011,93052,390366,952,3;[94888.94, 1224, 0.933465436758598, 0.9463134157530818, 75.5425669185779, 0.987190668611482, 9999]
02305011,93052,390366,953,1;[62748, 1394, 0.9289174912305924, 0.9773321100304965, 80.57956028991656, 0.9923170073083413, 12549.6]
02305011,93052,390372,948,2;[63215.18, 1274, 0.9319749352069123, 0.9667572232897191, 108.20177232588172, 0.9857183524061625, 9999]
02305011,93052,390372,948,3;[94620.42000000001, 1196, 0.9268117263939993, 0.9631879029812966, 68.24727815391647, 0.9877729002891763, 9999]
02305011,93052,390372,949,1;[79977, 1348, 0.9449561638767127, 0.999070777066663, 41.92127580714215, 0.9921280462587994, 1.0003815051315568]
02305011,93056,390386,524,1;[85881, 1392, 0.9515872701834523, 0.9775421440975497, 41.2198491087782, 0.992024180636652, 9999]
02305011,93056,390386,524,3;[66375.13, 1168, 0.9858764042756073, 0.9913964234355749, 88.277165883135, 0.9883586597257387, 12112.25]
02305011,93056,390386,527,2;[62935.53, 1120, 0.9812793456852265, 0.9801545759425734, 94.55459317873368, 0.9864550984196196, 9999]
02305011,93064,390415,1197,1;[67158, 1232, 0.9511993354953929, 0.9813907790340252, 57.014873846393215, 0.9912640006113217, 0.9998362339769834]
02305011,93064,390415,1197,3;[69395.98000000001, 1150, 0.9590650649905751, 0.9696626612239982, 142.88476065082196, 0.9858032213463107, 1.002097016697001]
02305011,93064,390415,1198,3;[94477.94, 1172, 0.9458553674385107, 0.9607795479363195, 75.48213147229924, 0.988818883553676, 2378.0]
02305011,93064,390417,1200,1;[88658, 1412, 0.9491480642332388, 0.9820372782230048, 42.58778854735147, 0.9920268218321275, 9999]
02305011,93064,390417,1200,2;[44381.049999999996, 860, 0.9299042365687399, 1.0835908304621047, 108.18083340474612, 0.9916076368983339, 9999]
02305011,93064,390417,1200,3;[70792.01000000001, 1188, 0.9533980875795949, 0.9424909639280818, 99.36299726198163, 0.9849478698950749, 9999]
02305011,93068,390442,111,2;[69121.15, 1290, 0.9529537556392452, 0.9743910567515979, 94.86414010614347, 0.9837575798365177, 9999]
02305011,93068,390442,111,3;[87374.49, 1166, 0.9523205652740532, 0.9522146846411079, 78.08433081560227, 0.9903527456098516, 9999]
02305011,93068,390442,114,1;[83937, 1472, 0.9336542696211619, 1.0177980728264595, 45.7884121498222, 0.9927145189193182, 0.9922921420042795]
02305011,93071,390468,273,1;[66236, 1266, 0.9482210722221366, 0.979322039896127, 55.74311239300721, 0.9908186280297593, 0.9468507876604626]
02305011,93071,390468,273,3;[88218.41, 1172, 0.9563721325513811, 0.9507905760570599, 84.06377196932029, 0.9890046542299689, 9999]
02305011,93071,390468,274,2;[96467.34999999999, 1338, 0.9472054007152779, 0.9738387984217262, 93.40599025056744, 0.9841812235183517, 9999]
02305011,93076,390501,527,1;[97721, 1506, 0.9545251125702305, 0.9752797501586787, 47.44450787053048, 0.9909153896515634, 9999]
02305011,93076,390501,527,2;[62839.14, 1168, 0.9682306825116083, 0.9727827283560501, 85.96515841229858, 0.988333308653828, 9999]
02305011,93076,390501,528,3;[96200.03000000001, 1242, 0.9511907348211819, 0.9559105129356056, 80.14461836760071, 0.9871407869339113, 9999]
02305011,93078,390512,12,1;[85280, 1408, 0.9422127410313739, 0.9916914605685413, 43.89859380666031, 0.9920128407897264, 0.9969721413624195]
02305011,93078,390512,12,2;[96657.75, 1272, 0.9473060639751485, 0.9704379599201028, 99.61528518724373, 0.982260469341522, 1.0037691547207117]
02305011,93078,390512,14,3;[63670.75000000001, 1052, 0.9586069414280642, 0.9492070014577236, 102.74855185225672, 0.985033918051176, 9999]
02305011,93078,390512,15,2;[96478.06, 1370, 0.9410639027475386, 0.9880208282877767, 73.12083725198491, 0.9871989656241102, 1.0019154957426561]
02305011,93078,390512,16,1;[66218, 1386, 0.9399975631254516, 1.0420939937632092, 82.97833418956196, 0.9938559974607433, 9999]
02305011,93078,390512,16,3;[84490.64, 1124, 0.9571728453726049, 0.9556723510344477, 83.94561966770446, 0.9879523236223372, 8810.285714285714]
02305011,93082,390543,349,1;[86359, 1370, 0.9554550262329584, 0.981172071700386, 42.92963625258024, 0.9914839597733518, 9999]
02305011,93082,390543,349,2;[72322.25, 1172, 0.9550278585943088, 0.9750115899241077, 92.62442837347109, 0.9843468611327482, 9999]
02305011,93082,390543,351,3;[95241.03000000001, 1248, 0.9610553658632487, 0.9498549837705565, 74.02258511699277, 0.9902477426091869, 9999]
02305011,93091,390590,654,2;[91972.72, 1264, 0.9604745828888528, 0.9763293473876908, 79.4302695047109, 0.9864603409930208, 1.0043206788338714]
02305011,93091,390590,655,1;[56619, 1232, 0.9485162317044051, 1.07601888814445, 112.36206679038682, 0.9871306125537298, 9999]
02305011,93091,390590,655,3;[90336.43000000001, 1214, 0.9627839375926148, 0.947679709446987, 71.74164836128058, 0.9914714140915348, 9999]
02305011,93092,390594,714,2;[69785.17, 1154, 0.9593761548809864, 0.9916524247519338, 81.89940312594929, 0.9872456830502299, 1.002238856986601]
02305011,93092,390594,715,1;[91797, 1392, 0.965723889004357, 0.9926065191703168, 59.06042163278228, 0.9912623086586101, 1.0010414224412905]
02305011,93092,390594,715,3;[93043.55, 1260, 0.9713510487063943, 0.9562503308914629, 75.28333944633388, 0.9909495333134024, 9999]
02305011,93092,390594,717,1;[87345, 1414, 0.9513540503494611, 0.9873276875655569, 41.36562635143984, 0.9917457064731031, 9999]
02305011,93092,390594,717,2;[98327.31999999999, 1322, 0.96260778589685, 0.9828692456413596, 86.86266919898793, 0.9844652760363896, 1.0008418273103314]
02305011,93092,390594,718,3;[80245.01000000001, 1212, 0.9444962166414567, 0.9537621073849895, 64.03479652848166, 0.987535600835318, 58573.0]
02305011,93096,390621,894,1;[75480, 1276, 0.9608332229655051, 0.9773018347867116, 65.3465361995044, 0.9924213197913966, 1.0050465373297293]
02305011,93096,390621,894,3;[96504.17000000001, 1206, 0.947467965464646, 0.9660306556689023, 77.6169871165404, 0.9890109930304667, 9999]
02305011,93096,390621,896,2;[64018.43, 1136, 0.9956113269714941, 0.9822312670718034, 130.1580316558969, 0.984834776834728, 0.9937930652282342]
02305011,93099,390644,1234,1;[72122, 1274, 0.9636182463157676, 0.9804601036971813, 64.02702678070784, 0.9920740015731112, 0.994532429655881]
02305011,93099,390644,1234,2;[98217.84, 1446, 0.9779640659568765, 1.0054283232618229, 112.33133686262998, 0.9871650101045719, 1.0067391609287235]
02305011,93099,390644,1237,3;[79051.74, 1300, 0.9787685111596764, 0.8727528237130969, 77.68173728676204, 0.9916894273750458, 9999]
02305011,93101,390661,1359,3;[57082.420000000006, 1062, 0.9327131358004306, 0.956943083900711, 76.37658595915939, 0.9931652140854345, 9999]
02305011,93101,390661,1360,1;[92317, 1454, 0.9514607811182494, 0.9787087457505137, 43.563300614366376, 0.9918428149792541, 0.9978651995092661]
02305011,93101,390661,1360,2;[96814.83, 1388, 0.9577183180394206, 0.9963202543343671, 95.35497220855963, 0.9880062401932014, 9999]
02305011,93102,390663,1431,1;[75651, 1328, 0.9425208851705558, 1.0003224289253305, 41.145284271297754, 0.9931695951316752, 0.9927040823021507]
02305011,93102,390663,1431,3;[64011.880000000005, 1144, 0.9032891325328579, 0.8937208501474552, 79.647022688229, 0.9907485006502914, 15574.666666666666]
02305011,93102,390663,1432,2;[97439.58, 1380, 0.9602169928506968, 0.9931145527978283, 92.23320759245505, 0.9869555119387414, 1.0012962238309528]
02305011,93114,390740,1989,1;[70676, 1254, 0.9496676428861799, 0.9913185049463471, 47.12119241495148, 0.9911509228323083, 0.9921388062215734]
02305011,93114,390740,1989,2;[83681.98999999999, 1312, 0.9618091199992006, 0.9821254082522958, 151.498926529038, 0.9792098040038962, 0.999424401128458]
02305011,93114,390740,1989,3;[85992.16, 1172, 0.9492989578745098, 0.9564590789127999, 82.10896603317346, 0.9889932414956887, 9999]
02305011,93114,390740,1991,1;[69564, 1272, 0.9475118369558344, 0.9891238312170257, 52.402143733261, 0.991067787780535, 9999]
02305011,93114,390740,1992,2;[96489.95999999999, 1370, 0.969097789021546, 0.9796720641879255, 95.30614565945743, 0.9881608163309576, 1.0024478896224316]
02305011,93114,390740,1992,3;[93286.04000000001, 1272, 0.953532552473093, 0.9649794910461537, 90.60228741416594, 0.9864346740074839, 9999]
02305011,93114,390741,1993,1;[84324, 1324, 0.9490371471163421, 0.9870389540804358, 41.39874344005765, 0.9920525309779821, 9999]
02305011,93114,390741,1993,2;[66768.52, 1172, 0.9707088134187951, 0.9848646340325653, 122.39887594289092, 0.9857580750207133, 0.9942585766940742]
02305011,93114,390741,1994,3;[63948.86000000001, 1150, 0.9554955716810597, 0.9439438508707397, 71.78859272085315, 0.9908747172795286, 9999]
02305011,93118,390770,185,2;[96279.33, 1318, 0.9515337265894925, 0.9662216628278746, 80.55248486173326, 0.9864535865105661, 9999]
02305011,93118,390770,185,3;[75415.76000000001, 1092, 0.9719042168438253, 0.9591737091153298, 133.12097472678832, 0.9823285010990987, 1.006665630400395]
02305011,93118,390770,186,1;[86329, 1440, 0.9302820863218594, 1.0064494995817783, 44.600522006165455, 0.9929445198615514, 1.000382404746454]
02305011,93119,390773,247,3;[62545.98, 1044, 0.9748469424744569, 0.9542582223934072, 110.97134231171034, 0.9849112718173926, 0.9900354559944485]
02305011,93119,390773,248,1;[66016, 1286, 0.9785948972498864, 0.9814751390220102, 52.03677281098477, 0.9927918482705985, 0.9474303592187029]
02305011,93119,390773,248,2;[93479.26, 1296, 0.9416686564986115, 0.9690534961837193, 99.50171541730576, 0.9823676258763451, 1.0054525906205203]
02305011,93119,390773,250,2;[78372.20999999999, 1242, 0.9647577534428328, 0.9817573092093486, 84.85205312270841, 0.9889739393812069, 9999]
02305011,93119,390773,250,3;[98335.86, 1184, 0.9585672962737901, 0.9540914740229232, 83.36427107329577, 0.9863913882054223, 143556.0]
02305011,93119,390773,252,1;[75052, 1326, 0.9733924233069936, 0.9865416460502875, 65.63478482157224, 0.9920875507743842, 0.9842691619181262]
02305011,93119,390773,254,1;[77614, 1294, 0.9566442170641399, 0.9839334530824434, 41.42896410359523, 0.9920383666970012, 0.997243940201854]
02305011,93119,390773,254,3;[77173.47, 1160, 0.9631307463625547, 0.947833526371314, 118.11081381293626, 0.9809216151547139, 10242.0]
02305011,93119,390773,255,2;[96175.8, 1372, 0.9523506042234807, 0.97538182203934, 90.47124440256204, 0.9879003087101721, 0.9979502630084212]
02305011,93119,390776,260,1;[98375, 1458, 0.9490567019370186, 0.9872369321403177, 46.797639442033685, 0.990191566473375, 1.0014812250902223]
02305011,93119,390776,260,2;[68554.70999999999, 1278, 0.9474045443735272, 0.9779872201768839, 89.4235828265637, 0.985441894231192, 9999]
02305011,93119,390776,260,3;[70430.33, 1066, 0.9580658402941816, 0.9596502710641864, 101.35247074742688, 0.9852923724998097, 9999]
02305011,93122,390795,1596,2;[96933.83, 1386, 0.9621208309367332, 0.981437589005294, 90.86126699474222, 0.9875319470319087, 1.0008416422467548]
02305011,93122,390795,1597,1;[93797, 1418, 0.950731680629879, 0.983953929084499, 47.22429696007248, 0.9867373060592293, 1.000085297849428]
02305011,93122,390795,1599,1;[72567, 1256, 0.9423415592511186, 0.9894504061800943, 43.36949789866212, 0.991401259204681, 1.0012970347577719]
02305011,93122,390795,1599,3;[95352.00000000001, 1216, 0.943605704321838, 0.9644317169841827, 76.40487708063507, 0.9880103119309426, 9999]
02305011,93122,390795,1600,2;[75971.98, 1162, 0.9597438243447096, 0.9833196611598564, 74.09191959947191, 0.9876705301578691, 1.011486604242914]
02305011,93124,390810,1778,3;[96506.91, 1250, 0.9433908348359497, 0.9459286275303331, 77.42285921686776, 0.9853692349847027, 9999]
02305011,93124,390810,1779,1;[94181, 1462, 0.9222659217938224, 1.0066523615654395, 56.068394436066754, 0.9932245279528993, 1.0032436232709996]
02305011,93124,390810,1779,2;[94530.03, 1366, 0.9569401066016884, 0.9783636143990695, 100.71338940543826, 0.9869070248150137, 9999]
02305011,93125,390819,1831,1;[97707, 1474, 0.949517950175284, 0.979087847190121, 52.65352533134987, 0.9891356488715576, 9999]
02305011,93125,390819,1831,2;[96986.19, 1390, 0.9533946879414352, 0.9739806121445733, 98.79210807981839, 0.9881174194854689, 1.002090223899866]
02305011,93125,390819,1833,3;[91807.81000000001, 1278, 0.9501668893294095, 0.9622055134843466, 92.47400959673584, 0.9863555016571747, 0.9961573623302588]
02305011,93126,390822,1905,1;[96300, 1504, 0.9541685989943127, 0.9866580054935173, 55.06515738183701, 0.9898405329648122, 1.001685077700805]
02305011,93126,390822,1906,3;[93449.07, 1234, 0.9427614894562238, 0.9525382214821926, 66.2329452442326, 0.9865400652857186, 9999]
02305011,93126,390822,1907,2;[97646.64, 1390, 0.960468420731889, 0.9889835180267128, 87.5401347552705, 0.9881454092510337, 0.9992389047534965]
02305011,93133,390878,723,3;[66508.02, 1114, 0.9916074093163673, 0.9972832731967041, 92.40283603801389, 0.9907778165399649, 9999]
02305011,93133,390878,724,1;[68373, 1306, 0.9771784858223791, 0.9910443666010662, 61.195474542120046, 0.9929252571757831, 0.9572095562757684]
02305011,93133,390878,724,2;[95280.92, 1392, 0.9832887348835614, 1.0102039968867886, 105.01827093946495, 0.988191046525811, 1.004132257316102]
02305011,93136,390893,882,2;[98177.37999999999, 1338, 0.9608100884334725, 0.981408149272069, 102.93454049005116, 0.9826899752595846, 1.0004911382887771]
02305011,93136,390893,883,1;[65985, 1418, 0.9357458942886078, 0.98525603820262, 86.18335164192443, 0.9890306054674756, 0.9339372279820247]
02305011,93136,390893,884,3;[81672.55, 1130, 0.9627769704336595, 0.9467286911358791, 78.79409822418333, 0.9896830042992033, 9999]
02305011,93136,390895,878,3;[96537.05, 1248, 0.9445961250430712, 0.945720951125769, 76.94198013339968, 0.9856085301454363, 9999]
02305011,93136,390895,879,1;[68675, 1426, 0.930792000177303, 1.001149008663063, 78.79887212054085, 0.9878625893626599, 0.9519156132180084]
02305011,93136,390895,880,2;[94321.78, 1290, 0.9612926670466961, 0.9811718451729087, 75.38100630822447, 0.9864668566388499, 1.001098831701926]
02305011,93136,390897,870,1;[68996, 1416, 0.9244700754297522, 0.9826362862406187, 77.13076916384657, 0.9884072592835302, 9999]
02305011,93136,390897,870,2;[96368.58, 1320, 0.9319635600707793, 0.9677888474019523, 94.15120456415039, 0.9844705181488588, 9999]
02305011,93136,390897,872,3;[74132.07, 1086, 0.970767847215877, 0.9589398388060252, 123.97118430002368, 0.9842388741573136, 9999]
02305011,93136,390897,873,1;[71431, 1420, 0.950778033598852, 0.9990771470580178, 51.516019278410866, 0.992967749255909, 9999]
02305011,93136,390897,875,3;[90403.56000000001, 1296, 0.9855243911344003, 1.0045541081082288, 70.75260180356644, 0.9931432411220684, 3218.9268292682927]
02305011,93136,390897,877,2;[98452.26999999999, 1410, 0.9494597974013802, 0.9828480172037554, 91.71213912222728, 0.9880797800836496, 1.0031647104471821]
02305011,93139,390916,43,2;[66236.59, 1216, 0.9000268853950671, 0.900456380542927, 125.51068535825104, 0.9867785919609406, 0.9969193845933408]
02305011,93139,390916,43,3;[95650.66, 1218, 0.9537195275510083, 0.9487810815823493, 96.48976676843134, 0.9850666051652651, 9999]
02305011,93139,390916,44,1;[82923, 1352, 0.9851947280815659, 0.9866530025548035, 67.1576819950482, 0.9923914580379709, 1.0036613189220593]
02305011,93139,390918,39,3;[71929.11, 1234, 0.9160646746785223, 0.9482399146989197, 134.09841449537282, 0.986057975429649, 0.9880964703446848]
02305011,93139,390918,40,1;[88926, 1452, 0.9369256402483582, 1.0164620405396834, 46.225074877339736, 0.9934116469140305, 1.0028871095071614]
02305011,93139,390918,41,3;[97197.39000000001, 1218, 0.946526557644075, 0.9498302840188175, 79.8980188782441, 0.9867066012349144, 9999]
02305011,93140,390926,120,2;[64859.759999999995, 1212, 0.9795738475419318, 0.9780830312422232, 91.56021238298673, 0.9903956245359796, 0.9872035210693618]
02305011,93140,390926,121,1;[89456, 1506, 0.9679838536997384, 0.9845531013619978, 47.1980457043736, 0.9933480442933627, 0.9911088706326828]
02305011,93140,390926,121,3;[95083.48000000001, 1222, 0.8984989636333653, 0.8777882036382749, 79.035463841613, 0.9905454793578201, 9999]
02305011,93140,390928,117,1;[89426, 1392, 0.9471389823203629, 0.9726833001833554, 40.04006055596238, 0.9920064602192825, 1.0008785920143262]
02305011,93140,390928,117,2;[70289.73, 1184, 0.9584550591611917, 0.9873305580878166, 84.21292983744569, 0.9894240088983407, 9999]
02305011,93140,390928,117,3;[94076.53000000001, 1252, 0.9508544227779688, 0.9459419956710563, 81.93539077504519, 0.9906717554990258, 9999]
02305011,93140,390930,124,1;[99387, 1548, 0.9514980638525548, 0.9784942403751347, 41.585069921665244, 0.9918173007657204, 9999]
02305011,93140,390930,124,3;[90754.28000000001, 1168, 0.9499134761452817, 0.9458807266222728, 75.12258538890654, 0.9902645470034543, 9999]
02305011,93140,390930,125,2;[63000.979999999996, 1142, 1.0726327352907328, 0.9850004305911216, 121.35902309837951, 0.9869047626895191, 0.9929945325468204]
02305011,93141,390935,191,1;[97485, 1454, 0.9291967999181299, 1.0054384783799235, 47.92607028152804, 0.9938524057781581, 1.005062168793946]
02305011,93141,390935,192,3;[94862.91, 1206, 0.9796925972963558, 0.9078255665104192, 83.85959911605002, 0.987924119924779, 0.9993144803400178]
02305011,93141,390935,193,2;[71382.15, 1288, 0.9649008206723271, 0.9903872355081128, 93.91580450969998, 0.9896546298280396, 0.9978872770827788]
02305011,93147,390948,267,3;[72881.26000000001, 1098, 0.9575945094661052, 0.9458753480671774, 85.19511198164547, 0.9877823377987544, 17732.666666666668]
02305011,93147,390948,268,1;[99105, 1528, 0.9538343982146432, 0.9748636067337143, 49.40757445299212, 0.9918379347253509, 9999]
02305011,93147,390948,268,2;[83931.89, 1324, 0.96052442046085, 0.9775704200253373, 62.95516232843011, 0.9894382037387073, 9999]
02305011,93147,390949,270,1;[75335, 1268, 0.9633821809930523, 0.9828214172698354, 48.40177219761367, 0.9911671248651431, 1.004178802076738]
02305011,93147,390949,270,3;[75108.88, 1238, 0.9763072478537753, 1.0033323128566016, 76.57748578628808, 0.9914271808089753, 9999]
02305011,93147,390949,271,2;[90813.65999999999, 1374, 0.9506378299866263, 0.965132605382833, 85.60166741597371, 0.9897651088203976, 9999]
02305011,93163,391033,87,1;[83097, 1380, 0.9628985931004725, 0.9841514653270866, 39.98699116713278, 0.9921905906552083, 1.0003912622118956]
02305011,93163,391033,87,2;[75725.65, 1306, 0.9532868444180813, 0.9777188383091401, 73.32703875215094, 0.9865372787496358, 9999]
02305011,93163,391033,88,3;[62014.420000000006, 1176, 0.9495278989772082, 0.9438941651216314, 67.25126421092556, 0.9899933517344437, 22633.0]
02305011,93166,391045,346,2;[68187.0, 1154, 0.9778083167639073, 0.98295027667031, 75.58608943737116, 0.9889953015334905, 9999]
02305011,93166,391045,348,3;[92595.56000000001, 1278, 0.9783080465821608, 0.963947924191665, 70.58613064038188, 0.9902587252720494, 9999]
02305011,93166,391045,349,1;[85035, 1382, 0.9850214199899324, 0.9922379233311069, 59.086462948172205, 0.9922285483779928, 1.0031142725696287]
02305011,93166,391051,350,2;[96951.68, 1356, 0.977059028809362, 0.9860915247386391, 74.06172944103758, 0.9882547407572416, 1.003708220916337]
02305011,93166,391051,350,3;[63658.420000000006, 1182, 0.9613927132360435, 0.9392313861202229, 70.93243723739916, 0.9916539405315752, 860.4814814814815]
02305011,93166,391051,352,1;[70170, 1254, 0.9685966663931005, 0.9923526569473137, 48.48009695583157, 0.9919061301707829, 0.9951921031357699]
02305011,93167,391053,412,1;[70303, 1326, 0.9624142674020427, 0.9900439701833424, 41.92782336570577, 0.993264726421368, 9999]
02305011,93167,391053,413,2;[35802.34, 724, 0.9520157008798884, 1.0491456467157094, 86.17851472143317, 0.9949482670312733, 1.0082439678284183]
02305011,93167,391053,413,3;[93607.99, 1276, 0.9727934165510087, 0.9643550422647471, 70.13811122464632, 0.9906833263570453, 9999]
02305011,93167,391054,405,1;[97965, 1532, 0.9642687978167955, 0.9814206892923704, 40.448910153639105, 0.9913087741484843, 9999]
02305011,93167,391054,405,2;[98774.76, 1398, 0.974092294012039, 0.9887676817389747, 85.73072271677202, 0.9887676042589048, 9999]
02305011,93167,391054,405,3;[98715.35, 1218, 0.9761855969798299, 0.960606983296368, 72.30115320582256, 0.98947282571387, 9999]
02305011,93167,391054,408,2;[98321.37, 1356, 0.9723725521313343, 0.9926119905058756, 71.93666026150903, 0.98791927963113, 1.0030836843958286]
02305011,93167,391054,408,3;[95231.44, 1308, 0.9860369886939868, 0.9992173434973607, 74.37759472806793, 0.992025959088788, 9999]
02305011,93167,391054,411,1;[97411, 1516, 0.9640221246996483, 0.9848819566530543, 46.24969943090522, 0.9904319137116436, 9999]
02305011,93172,391081,589,1;[73985, 1312, 0.981133185998427, 1.005907156088085, 61.6613775879902, 0.9926017790410678, 0.9961157074865195]
02305011,93172,391081,589,2;[62471.43, 1206, 0.9942132824177891, 0.9913507232334471, 79.95735815169786, 0.9909878263061671, 9999]
02305011,93172,391081,589,3;[97856.36, 1280, 0.9721635603901245, 0.9566880040152141, 75.9425465072083, 0.9914320457476027, 9999]
02305011,93172,391086,586,2;[74176.26999999999, 1186, 0.9859862612907956, 0.9862640486874492, 121.30408669821935, 0.9845869372206075, 1.00338039051559]
02305011,93172,391086,587,1;[97003, 1488, 0.9559470541917353, 0.9785193761314779, 42.042074222394234, 0.9920613242804677, 1.0023974124479442]
02305011,93172,391086,587,3;[94716.32, 1278, 0.960625775657077, 0.9562847961692722, 70.74375416489497, 0.9924383876579402, 9999]
02305011,93174,391099,899,2;[62595.189999999995, 1212, 0.9926688553500778, 0.9880971630206853, 88.57871844521353, 0.9900739455075009, 0.988489762936097]
02305011,93174,391099,902,1;[72932, 1268, 0.9590299365170131, 0.9897278457911368, 39.27073173556859, 0.9929251365676401, 1.0013867721162693]
02305011,93174,391099,902,3;[89930.91, 1194, 0.9604588549095344, 0.9552023085211263, 71.35588671653198, 0.9922615980868845, 9999]
02305011,93175,391103,952,2;[72197.3, 1202, 0.9889098569254591, 0.9880176797810315, 129.10657781466125, 0.9848898199935839, 1.002081131078224]
02305011,93175,391103,953,3;[85762.0, 1128, 0.9612542334811136, 0.9554858160035843, 65.77103218832481, 0.9909552068148686, 9999]
02305011,93175,391103,954,1;[98487, 1486, 0.9525112720450696, 0.9931714104556791, 46.93458554076709, 0.9887380205396543, 9999]
02305011,93175,391107,955,2;[78467.41, 1330, 0.9727245418835747, 1.0055253725608237, 118.39537775948097, 0.989724628779477, 1.0020363194286148]
02305011,93175,391107,955,3;[95093.07, 1216, 0.9609850018324125, 0.9540344802084881, 65.18849137670632, 0.9923437374949345, 9999]
02305011,93175,391107,956,1;[98614, 1464, 0.9695903897219029, 0.9915963548553721, 52.52354165276674, 0.9917591562148818, 1.0051473361261454]
02305011,93180,391147,2,1;[98675, 1484, 0.9732352188805509, 0.9923875586017105, 51.431824307484966, 0.9911807573738508, 1.0044023716823167]
02305011,93180,391147,2,2;[62311.969999999994, 1144, 0.9832961824281566, 0.9856333691158986, 92.71197871450417, 0.9874873199260177, 9999]
02305011,93180,391147,2,3;[66171.0, 1076, 0.9691912981352447, 0.9581021776259282, 101.87170306621927, 0.9875503860585428, 0.9902715558334786]
02305011,93190,391188,259,1;[93196, 1428, 0.9562367401712883, 0.9819990401227647, 40.0277242733789, 0.9921067836863563, 9999]
02305011,93190,391188,260,2;[95339.23, 1332, 0.9784547603695558, 0.9969075732727938, 86.52016375159201, 0.9878290163804974, 1.0034505864744525]
02305011,93190,391188,260,3;[82724.71, 1170, 0.8688086694973927, 0.8609228104922637, 87.49249312472617, 0.9903248995237217, 40255.333333333336]
02305011,93203,391206,307,1;[67044, 1294, 0.9798536180992846, 0.990508624057406, 56.0403423368911, 0.992629143804306, 0.9572449438523098]
02305011,93203,391206,307,3;[96617.88, 1230, 0.9451973673825044, 0.9594118954671151, 80.36227246808686, 0.9884227702805062, 9999]
02305011,93203,391206,308,2;[82325.39, 1236, 0.9921393505252811, 0.9898821210859713, 105.15006104805411, 0.9858445905504329, 1.0049973124918286]
02305011,93203,391206,312,1;[65463, 1420, 0.9470417557949249, 1.0079835995101167, 64.56683779470437, 0.9923565549396989, 2975.590909090909]
02305011,93203,391206,312,3;[97211.09000000001, 1282, 0.9693488160485959, 0.9500345914872548, 68.87556694907951, 0.9916231372987319, 9999]
02305011,93203,391206,313,2;[89347.58, 1298, 0.9694890596032085, 1.0026171792974237, 76.46829888216273, 0.9899081986687518, 9999]
02305011,93220,391260,269,1;[94653, 1420, 0.9595552502543588, 0.9943757428312573, 37.03361579632281, 0.9920766988570402, 1.0035092555289329]
02305011,93220,391260,271,2;[65320.28999999999, 1132, 0.9857367915650593, 0.9837166251315854, 106.59743217453297, 0.985513128512525, 9999]
02305011,93220,391260,272,3;[83194.62000000001, 1122, 0.964135169402285, 0.9476375297806603, 68.83166261234524, 0.9912987862051937, 9999]
02305011,93220,391263,273,1;[100029, 1546, 0.9558029422039389, 0.981084556736692, 41.81575529145761, 0.9912666428698578, 9999]
02305011,93220,391263,274,2;[97062.34999999999, 1362, 0.9785722574756487, 0.9867646511717335, 96.99001809096374, 0.9850516625269058, 9999]
02305011,93220,391263,276,3;[96552.12000000001, 1294, 0.9732807137531758, 0.9572857397279669, 76.2016955519091, 0.9901624365689087, 46984.0]
02305011,93220,391266,277,1;[64855, 1408, 0.9513299372655396, 0.9918947096776383, 73.3020481659071, 0.9916062347381984, 0.9855334538878843]
02305011,93220,391266,277,2;[70066.01, 1230, 0.9778422872593069, 0.9899194646353123, 112.11912607884383, 0.9865238693103111, 9999]
02305011,93220,391266,277,3;[96089.06000000001, 1220, 0.9611742572967777, 0.9588833427328227, 66.50113964089357, 0.9876158699806451, 9999]
02305011,93221,391267,430,3;[72464.78, 1222, 0.9424942645147283, 0.9689154993207839, 109.6920402098502, 0.9879239299879055, 0.9932679216938172]
02305011,93221,391267,431,3;[91735.20000000001, 1168, 0.9708006286559312, 0.9572377555638022, 66.6135916818204, 0.990566942879786, 9999]
02305011,93221,391267,432,1;[81884, 1340, 0.97921837556647, 0.9960862413119825, 57.62664527052265, 0.9925488749335141, 1.0052667116812963]
02305011,93222,391269,352,1;[68164, 1262, 0.9547585575667055, 0.9891131737664433, 49.84216156161177, 0.9922344756611203, 9999]
02305011,93222,391269,354,2;[83940.22, 1218, 0.9916217648077268, 0.9896721332484061, 126.03903799868773, 0.9849840085674969, 9999]
02305011,93222,391269,355,3;[89007.53000000001, 1264, 0.9670572806091006, 0.9494928839834125, 53.57257553557115, 0.9941833747236719, 43312.666666666664]
02305011,93222,391272,356,1;[69241, 1294, 0.9715400140509085, 0.9842747947661278, 62.300051254099785, 0.9939884456023411, 0.9928804445241083]
02305011,93222,391272,356,3;[92605.15000000001, 1266, 0.9702886666740673, 0.9577987621850416, 79.51938089509486, 0.988301329150149, 9999]
02305011,93222,391272,358,2;[92365.42, 1366, 0.9727021500936084, 0.9885014823819293, 81.60929890009112, 0.9879208272125843, 9999]
02305011,93222,391275,359,1;[100333, 1522, 0.9696685005043094, 0.9886831117440777, 38.516483523546405, 0.9922044939151813, 0.9991286639680145]
02305011,93222,391275,359,3;[64629.75000000001, 1058, 0.9763690861036465, 0.959386997094884, 77.2471106297898, 0.9874763157697336, 9999]
02305011,93222,391275,362,2;[96029.43, 1356, 0.980314785757169, 0.980677887703587, 95.97128070890008, 0.9878043182359431, 9999]
02305011,93223,391276,440,1;[96982, 1414, 0.9398509320928456, 0.9918000169719222, 40.1755168323583, 0.9913142504692627, 1.0059016937549916]
02305011,93223,391276,440,2;[93906.47, 1336, 0.9457682831340032, 0.9964312765199838, 72.44742780411967, 0.9855560467929444, 1.0069672183444562]
02305011,93223,391276,440,3;[86411.38, 1272, 0.9872759013600739, 1.0116736608263484, 59.28691364552487, 0.9946753477566843, 9999]
02305011,93243,391394,1,3;[66012.08, 1204, 0.9795173203760258, 0.8626140567075786, 72.0378682475359, 0.9915738401012116, 9999]
02305011,93243,391394,3,2;[98183.33, 1308, 0.9755888552168438, 0.9779830240050169, 84.25662396260125, 0.9861954399305962, 1.0037714271810407]
02305011,93243,391394,5,1;[96722, 1460, 0.9296985939935652, 0.9780532563034208, 54.0758319624493, 0.9917206247867927, 1.0039026010420775]
02305011,93245,391412,209,3;[95150.61, 1224, 0.9563146137263155, 0.9526600747266081, 76.74482406806557, 0.9869245690451004, 9999]
02305011,93245,391412,210,1;[95817, 1408, 0.9737292297885691, 0.9897237481353123, 51.20801096671326, 0.9927360169027787, 1.0025635123257859]
02305011,93245,391412,210,2;[85896.58, 1246, 0.972111589539531, 0.982882304928661, 73.44976843359063, 0.990600432795741, 1.0032523489186636]
02305011,93272,391520,714,3;[84087.86, 1156, 0.9695981429333149, 0.9523619887901, 63.886172154077116, 0.9918167782802545, 9999]
02305011,93272,391520,715,2;[94245.62, 1290, 0.9564955574099313, 0.9760012906681036, 65.81990883992756, 0.9869134669717583, 9999]
02305011,93272,391520,716,1;[93144, 1406, 0.9395102381325541, 0.989603260312185, 53.698733214037176, 0.98503659264492, 1.0035068440020039]
02305011,93273,391523,779,2;[64915.689999999995, 1192, 0.9892981895944891, 0.9841942073820298, 116.24686565740566, 0.9852337095773863, 0.9945215718804409]
02305011,93273,391523,779,3;[95763.00000000001, 1240, 0.961109666753699, 0.957415436982379, 74.77336973451628, 0.9877619765973908, 9999]
02305011,93273,391523,780,1;[64974, 1248, 0.9816507253142391, 0.9961228247057314, 53.3318232787976, 0.9929686612072379, 0.9686840751701467]
02305011,93273,391523,783,1;[99441, 1526, 0.9597704392327218, 0.9885121222268405, 42.8667481570182, 0.9917499839289049, 9999]
02305011,93273,391523,783,2;[69000.95999999999, 1182, 0.9922344532935184, 0.9921167125034808, 114.66546103739977, 0.9861594957581127, 1.0040693345339313]
02305011,93273,391523,784,3;[88415.69, 1202, 0.9732321048287365, 0.9548535135326714, 63.476396431163394, 0.9927080678573061, 9999]
02305011,93329,391878,127,1;[77447, 1450, 0.9697917611775895, 1.0016243633457533, 41.288473572896166, 0.9948301418198816, 1.001461194300049]
02305011,93329,391878,127,2;[90247.22, 1328, 0.9608355901942688, 0.9830657472707321, 61.57747272860494, 0.9896424590078041, 9999]
02305011,93329,391878,130,3;[94873.87000000001, 1250, 0.955908761413171, 0.9541028363820843, 53.07116166962424, 0.9907445691439326, 9999]
02305011,93329,391879,123,2;[92914.01, 1366, 0.9694579120448615, 0.9955209880954371, 74.48619785730014, 0.9886153242485247, 1.0026002709418118]
02305011,93329,391879,124,1;[98463, 1486, 0.9599849074645515, 0.9932908346308635, 41.33508577039837, 0.9915163636356188, 9999]
02305011,93329,391879,124,3;[65276.39000000001, 1058, 0.9865179165304948, 0.9535433203055316, 73.6557582498256, 0.9900868850406989, 9999]
02305011,93330,391883,198,2;[49207.689999999995, 1018, 0.9850900325285138, 1.0585628969363086, 126.6927488995116, 0.9899421430418516, 1.0041281173356644]
02305011,93330,391883,199,1;[71298, 1296, 0.9906633934319612, 0.9964656574022877, 56.05241880599259, 0.9938155015801851, 1.0024323374340949]
02305011,93330,391883,199,3;[95043.75000000001, 1210, 0.9578535104436167, 0.9530203341159983, 59.43124048656677, 0.9892182371716376, 9999]
02305011,93330,391883,200,3;[63106.310000000005, 1086, 0.9958022806909995, 0.9908332388182606, 73.86012782549167, 0.9922468161398424, 9999]
02305011,93330,391883,202,1;[65943, 1290, 0.9920881709993756, 0.9940240346653455, 45.409180018693625, 0.9949059491892315, 9999]
02305011,93330,391883,204,2;[97854.89, 1402, 0.9697401213561805, 0.9921587280124659, 81.87366649499901, 0.9897417156737837, 9999]
02305011,93330,391884,188,2;[36762.67, 784, 1.0283006221046156, 1.0478763109008253, 87.03405086023594, 0.9944576322473984, 1.003491903655942]
02305011,93330,391884,189,1;[97257, 1466, 0.9608360279715178, 0.9991199865377156, 40.044088252063254, 0.9912835083921773, 1.0032131455302207]
02305011,93330,391884,189,3;[97756.35, 1288, 0.9848119429808514, 0.9000170502934699, 80.64437072789988, 0.9884713558820811, 1.0030222097272983]
02305011,93330,391884,190,2;[85599.08, 1246, 0.9841530173546055, 0.98919597121713, 74.57595416850293, 0.9894354614618048, 9999]
02305011,93330,391884,190,3;[91132.40000000001, 1202, 0.9576387049382153, 0.9553909695571513, 66.44340605772744, 0.9872677174530223, 9999]
02305011,93330,391884,193,1;[79315, 1322, 0.9889661772291084, 1.0026804522583286, 63.58457926673846, 0.9924219266897919, 0.9998235197720884]
02305011,93330,391884,194,3;[96722.00000000001, 1246, 0.9671556240570435, 0.9647792355253125, 70.15353915017926, 0.9889278900696183, 9999]
02305011,93330,391884,195,2;[93186.51999999999, 1334, 0.9545544461313712, 0.9781662792539291, 61.558827736250414, 0.9900656451086612, 1.0020538085031512]
02305011,93330,391884,197,1;[83951, 1344, 0.9636957591370148, 0.980908972080131, 40.526073560902994, 0.9918120557403282, 1.0095299939272593]
02305011,93330,391885,205,1;[82589, 1366, 0.9872257035982542, 0.9935720853888569, 58.014674455743176, 0.9928797548152523, 1.0022815257096394]
02305011,93330,391885,205,2;[95727.17, 1314, 0.9695863489287221, 0.9849169454312288, 73.51415548855422, 0.9881545612382034, 1.004294685326908]
02305011,93330,391885,205,3;[63744.73, 1060, 0.9777719281383599, 0.9532591374683168, 70.02134767261457, 0.9905951691591256, 9999]
02305011,93331,391890,251,3;[62215.810000000005, 1092, 0.9258243441422771, 0.8940548180557077, 88.18895564634288, 0.9896202650453159, 0.982869633910117]
02305011,93331,391890,252,1;[99486, 1516, 0.9766487121978709, 0.9902131360002261, 42.614979219518546, 0.993063251905322, 1.0021052207459935]
02305011,93331,391890,253,2;[95893.76999999999, 1362, 0.9798483293075162, 0.9852060336050488, 78.21362884851655, 0.9909218267287303, 1.0012176181897248]
02305011,93332,391894,311,3;[86605.92000000001, 1148, 0.9755260609445011, 0.9514450225240284, 67.63189797815518, 0.9919896559648694, 9999]
02305011,93332,391894,312,2;[63366.31, 1110, 0.9890310510658811, 0.980299033195889, 79.06233743816291, 0.9899807245337092, 9999]
02305011,93332,391894,313,1;[77293, 1294, 0.9688251157353595, 0.9865184849683641, 40.196981026862495, 0.9928184157401757, 1.005058254447103]
02305011,93332,391900,307,3;[66217.58, 1044, 0.9713468762475095, 0.9508352287906944, 75.63001206037511, 0.9890734707003894, 6904.857142857143]
02305011,93332,391900,309,2;[62394.079999999994, 1232, 0.9832102985797729, 0.9723975633616162, 70.35291423168061, 0.9915628156212285, 9999]
02305011,93332,391900,310,1;[97051, 1404, 0.9464972521704889, 0.9985320741380468, 31.001618903475315, 0.9918258731156052, 9999]
02305011,93378,392057,102,1;[96686, 1436, 0.961210207962617, 0.9954137616884563, 38.33605774009663, 0.9916716605415986, 0.9963109517332344]
02305011,93378,392057,103,3;[91178.98000000001, 1242, 0.9625363734885034, 0.9578598071720289, 57.02419006218197, 0.9888299290103739, 9999]
02305011,93378,392057,104,2;[91853.72, 1278, 0.9553457581845987, 0.9786337891093324, 80.07299854558703, 0.9828084730506391, 9999]
02305011,93378,392059,100,3;[24344.9, 600, 0.633216560587207, 1.9575202685864759, 875.6614735832611, 0.9335015197846681, 1.004749519393871]
02305011,93378,392059,96,1;[66884, 1270, 0.9520961298145277, 0.9893069622610433, 59.34631422933714, 0.9916295665215809, 0.9460990600400314]
02305011,93378,392059,97,2;[97094.48, 1310, 0.9530463586647007, 0.9727326036139818, 82.78615596933788, 0.9859042273178192, 9999]
02305011,93385,392087,364,1;[64996, 1300, 0.9813811704870665, 0.9896596025573018, 49.67544524202776, 0.9932835548508194, 0.9137828015493087]
02305011,93385,392087,365,2;[91449.12, 1334, 0.9869138952487213, 1.0108508726157948, 99.47081089401712, 0.9881404231624511, 9999]
02305011,93385,392087,365,3;[81471.16, 1124, 0.9668377651858047, 0.9613590080414377, 72.914517273625, 0.9896534588733019, 2973.4]
02305011,93388,392112,533,2;[96211.5, 1306, 0.9562274885231978, 0.9774311031293855, 76.00030646079698, 0.9859536661808909, 9999]
02305011,93388,392112,534,1;[90334, 1352, 0.9659714076855987, 0.992440486251612, 38.535651935266266, 0.9915484239323626, 1.0031705136676348]
02305011,93388,392112,537,3;[71644.15000000001, 1104, 0.964654728626477, 0.9595786688246679, 68.01074307320866, 0.9884766163080884, 9999]
02305011,93393,392144,786,1;[98506, 1444, 0.9532585381212577, 0.9977715032833269, 41.62784715767086, 0.9914076658040403, 0.9998984936457023]
02305011,93393,392144,786,3;[99015.38, 1312, 0.9733914013976811, 0.9599804439745527, 68.88851264949929, 0.9922533487198938, 144548.0]
02305011,93393,392144,787,2;[94932.25, 1306, 0.9525555606631667, 0.9756504392236623, 83.10706159636017, 0.9861814203023973, 9999]
00324019,93138,390908,1225,1;[10928, 480, 0.9307465946999409, 1.1445924735680983, 244.37861990683575, 0.9826770552266808, 1.0050121855888168]
00324019,93138,390908,1225,2;[10900.4, 450, 0.8081953982478531, 1.0663109184948858, 566.6969854650143, 0.9447261507822364, 1.0004915078368195]
00324019,93138,390908,1225,3;[12939.650000000001, 426, 0.7903627334212915, 1.0027436325393166, 485.4961326799103, 0.9079977829887398, 1.0006356605572624]
00324019,93138,390908,1227,1;[10641, 478, 0.8382316984973239, 1.042847598848473, 290.4344232552166, 0.9779079435839518, 1.0048633079937674]
00324019,93138,390908,1227,2;[11274.06, 440, 0.8391469101594834, 1.417076552696541, 519.8074233819382, 0.9618211219019046, 1.0053056027164686]
00324019,93138,390908,1227,3;[11092.890000000001, 414, 0.7611928592051219, 0.9415583319337124, 465.9852623668425, 0.9319777146884707, 1619.4]
00023892,93026,390259,210,1;[115384, 1676, 0.9705763288702812, 0.9705763288702812, 27.44450635858385, 0.9967809945790217, 0.9971869206936336]
00023892,93026,390259,211,2;[117053.15999999999, 1570, 1.0149650236071255, 0.9746772383627069, 32.01824097753799, 0.9959190027831599, 0.996711876257112]
00023892,93026,390259,211,3;[116700.71, 1438, 1.0186254340279237, 0.9437976061425024, 56.93241554978748, 0.9908537816795847, 9999]
00023892,93026,390259,212,1;[115337, 1664, 0.9804131521278897, 0.9889032468085639, 29.32303153461915, 0.9964262448288627, 0.9924920079683675]
00023892,93026,390259,212,2;[117691.0, 1554, 1.014747909288223, 0.9808503008994244, 33.38817836122004, 0.9959185983378324, 9999]
00023892,93026,390259,212,3;[114356.64000000001, 1394, 1.0039062202291396, 0.9507977939312924, 37.10296143051946, 0.9936297065684685, 9999]
00023892,93026,390259,214,1;[120043, 1634, 1.0032661182443197, 0.9887838124952426, 22.927187669422857, 0.9969424029558446, 0.9982495311986761]
00023892,93026,390259,215,3;[114305.95000000001, 1398, 1.010278510246198, 0.9543713578041263, 39.13504025500448, 0.9933049493998183, 9999]
00023892,93026,390259,216,2;[116758.04, 1568, 1.0123332269148082, 0.98091887278259, 29.98789604125521, 0.996023856518871, 0.9963240520725442]
00023892,93049,390350,751,2;[112488.31999999999, 1480, 0.9848740726439702, 0.9929826624223882, 26.49613653842162, 0.9961483784872827, 9999]
00023892,93049,390350,752,3;[118309.09000000001, 1532, 1.0130833231157215, 0.9721992345752148, 59.29260583943325, 0.9911236827270111, 9999]
00023892,93049,390350,753,1;[115862, 1658, 0.9829469492684024, 0.9978529551266063, 24.60371064380052, 0.9960469422803894, 0.9909383646292598]
00023892,93049,390350,756,2;[116076.17, 1538, 1.0085478725212538, 0.9927081192712227, 43.37188848757056, 0.9943862237694245, 9999]
00023892,93049,390350,756,3;[117833.70000000001, 1382, 1.047327962051423, 0.9430491915437306, 103.28006889242694, 0.9876476852572468, 0.9989779088945155]
00023892,93049,390350,757,1;[119330, 1636, 1.0075125795868425, 0.9942916148693116, 29.0029681718026, 0.9953227996444487, 9999]
00023892,93049,390350,758,3;[117121.3, 1400, 1.030931342867741, 0.9719735434960686, 74.73251000866165, 0.9910807744684849, 9999]
00023892,93049,390350,760,1;[119412, 1684, 1.0004737661313214, 0.9880028410604836, 28.934950571560975, 0.9954903479060804, 0.999870214146658]
00023892,93049,390350,760,2;[117228.09, 1564, 1.0405712513178689, 0.9825036010815462, 94.58212834702178, 0.9879751501300211, 0.9954779023530066]
00023892,93049,390350,761,1;[115473, 1576, 0.991677529821298, 0.9926776955103828, 36.86362273631874, 0.9942467519164607, 1.0014917476864902]
00023892,93049,390350,763,2;[118247.92, 1546, 1.0345050869305332, 0.994516715150005, 59.95186314319832, 0.9908730469999921, 9999]
00023892,93049,390350,763,3;[118310.46, 1494, 1.0361395917367435, 0.9712337522244107, 108.28824339469637, 0.9843328979744623, 0.9939059128182995]
00023892,93049,390350,766,1;[116227, 1652, 0.9751026370807013, 0.9892795240401203, 27.456611617824382, 0.9965442441576506, 0.9924685549359998]
00023892,93049,390350,767,3;[117711.77, 1466, 1.0214023858039325, 0.9691685127209577, 43.76655418360943, 0.9929606828812833, 10740.125]
00023892,93049,390350,769,2;[117706.47, 1490, 1.0202549609913965, 0.9997484379105231, 29.963769686372082, 0.995278891855519, 9999]
00023892,93049,390350,770,1;[117114, 1588, 1.0024585818836231, 0.9928265580916606, 32.869004539460455, 0.9955113006843905, 9999]
00023892,93049,390350,770,3;[118395.40000000001, 1410, 1.0424963099943128, 0.9275135170288007, 78.28360049762023, 0.9922517167138535, 9999]
00023892,93049,390350,773,2;[114238.81, 1522, 1.0044227657496143, 0.986742260703326, 36.17136856988099, 0.9948063335800724, 9999]
00023892,93099,390646,1221,2;[114072.20999999999, 1486, 1.0090858747803573, 0.9867088647928606, 38.53013999163804, 0.9934468550222741, 9999]
00023892,93099,390646,1222,1;[115757, 1704, 0.9986716907804245, 0.9931340390066832, 35.39650912607604, 0.9961712619634862, 0.989105543782897]
00023892,93099,390646,1222,3;[117585.73000000001, 1392, 1.1323117391248805, 0.9651113997953958, 50.31573890807299, 0.9940088735414381, 9999]
00023892,93103,390673,1487,1;[118131, 1640, 0.9941992381714719, 0.9832364950716539, 24.18140079113889, 0.9967673469878491, 0.9975637458357788]
00023892,93103,390673,1488,3;[117951.52, 1364, 1.034720293021279, 0.9614925636421753, 96.22023479779668, 0.98528403584093, 0.9961010262284081]
00023892,93103,390673,1489,2;[116541.45999999999, 1546, 1.014966414714585, 0.992022459678374, 40.09946663942671, 0.9947342202306876, 0.9929282227280332]
00023892,93103,390673,1491,2;[120403.01, 1514, 1.0503891899546012, 0.9843946252209498, 113.66690920960296, 0.984839104179109, 9999]
00023892,93103,390673,1492,1;[114627, 1678, 0.9987680845865211, 0.9924709850319351, 45.564953524898826, 0.9946129103177113, 0.9927122981592382]
00023892,93103,390673,1492,3;[112581.12000000001, 1362, 1.004285977747245, 0.9649001229124898, 31.23126453415144, 0.9956981357234577, 9999]
00023892,93103,390673,1495,2;[114817.15, 1510, 0.9930315460441014, 0.9870770259924616, 31.546042712339776, 0.9947702350629656, 9999]
00023892,93103,390673,1497,3;[113548.34000000001, 1404, 1.0054351093309934, 0.960491452600365, 28.91913419738997, 0.9948299282430487, 9999]
00023892,93103,390673,1498,1;[116314, 1654, 0.989772517025471, 0.9913499174139772, 25.89202116124958, 0.9956881817830718, 0.9948765321221763]
00023892,93103,390673,1499,1;[115761, 1706, 0.9962542217613665, 0.9812057965453727, 38.26655464467754, 0.9959036968410945, 0.9896936302274583]
00023892,93103,390673,1499,3;[117251.45000000001, 1500, 1.0242496834682837, 0.9748615169204323, 53.78139989410666, 0.9908513476631625, 34234.0]
00023892,93103,390673,1500,2;[113904.42, 1520, 1.0033341804562999, 0.9866325509813356, 31.931454020851525, 0.9944117262205622, 0.9918501209788144]
00023892,93122,390798,1587,3;[117843.29000000001, 1442, 1.0406381091708652, 0.97290517790024, 111.87571133625764, 0.982512094931687, 0.9956477955389904]
00023892,93122,390798,1589,1;[115972, 1698, 0.9778822539189395, 0.9908134710763481, 20.37117655163161, 0.9968449509462828, 0.9941706957446079]
00023892,93122,390798,1589,2;[117505.36, 1504, 1.0292453359150497, 0.9978651105229204, 41.27597117489877, 0.9945531923571351, 9999]
00023892,93122,390798,1590,1;[114476, 1708, 0.9714008354292216, 0.9792266459744134, 31.895664856885332, 0.9963746613606888, 0.9873600048300221]
00023892,93122,390798,1590,2;[115546.62, 1446, 1.0044099548766843, 0.9937778684089924, 34.96544073137213, 0.9941037791054449, 9999]
00023892,93122,390798,1592,3;[117977.55, 1424, 1.0384956777881869, 0.9582881772027657, 51.69301507743181, 0.993571167624946, 172230.0]
00023892,93139,390920,17,2;[116130.90999999999, 1510, 0.9981631323817355, 0.9808162066148503, 32.268889709424414, 0.993887002655094, 0.9946034641785189]
00023892,93139,390920,17,3;[117082.94, 1368, 1.01704474354301, 0.9629625559037094, 53.25214145749839, 0.9925764721536028, 9999]
00023892,93139,390920,18,1;[114291, 1656, 0.9814575364939319, 0.9959018721886728, 30.733984173391054, 0.9957475714305857, 0.9944271152817112]
00023892,93139,390920,19,1;[117141, 1708, 1.0011284673044343, 0.9784178992053928, 59.47460187917027, 0.9921109682880714, 0.9933264364697103]
00023892,93139,390920,20,3;[118051.53000000001, 1470, 1.0213625513322462, 0.9716452290970454, 85.44257796364806, 0.9849400431888099, 9999]
00023892,93139,390920,21,2;[115941.7, 1478, 1.0067750976010585, 0.9966286729292532, 25.270836994108723, 0.9955051948918705, 1.001742742428838]
00023892,93166,391047,301,1;[119197, 1602, 0.9934559797032223, 0.9948353663934025, 20.712104405988043, 0.9968702647084702, 0.9987055043296481]
00023892,93166,391047,301,2;[116151.14, 1540, 1.0002683910551358, 0.9928704150270152, 33.4848806094114, 0.9948215854848882, 9999]
00023892,93166,391047,303,3;[118637.89000000001, 1398, 1.0223579081250327, 0.9703534494557088, 42.23273852076505, 0.9934911546531924, 9999]
00023892,93166,391047,304,1;[117753, 1622, 0.9772164352433422, 0.9958620833402838, 25.766315361363983, 0.9967860458868003, 0.9972686967237064]
00023892,93166,391047,305,2;[117093.62, 1536, 1.002178459818774, 0.997850638667676, 24.4138911119299, 0.9964615269265222, 1.000127051242307]
00023892,93166,391047,305,3;[119032.45000000001, 1370, 1.0183846266174685, 0.9748323649170428, 37.875699129217296, 0.9947455224370897, 2199.6202531645567]
00023892,93166,391047,307,2;[115370.5, 1528, 1.0058060097422366, 0.9895282762600829, 39.93207841576104, 0.9944151817445519, 9999]
00023892,93166,391047,308,1;[115460, 1682, 0.9960968642594321, 0.9954651582763876, 40.582903883813906, 0.9951983391381567, 0.9932470213772635]
00023892,93166,391047,308,3;[118877.64000000001, 1454, 1.017150500848034, 0.9733966928934351, 36.44529966828555, 0.9937569319287601, 1324.7633587786258]
00023892,93166,391047,309,1;[119716, 1620, 1.0322619672169577, 0.9876387315526259, 46.38197855060344, 0.9944067144527013, 0.999419796219075]
00023892,93166,391047,309,2;[115416.90999999999, 1496, 1.0140101989435855, 0.9782871975660953, 49.76970517264166, 0.9923215994050387, 9999]
00023892,93166,391047,310,3;[117396.67000000001, 1446, 1.0322636927019022, 0.9549682020607355, 42.6314536599798, 0.9954496600959517, 9999]
00023892,93166,391047,312,2;[119097.58, 1476, 1.0286965797742729, 0.9766518066581236, 64.13464440773701, 0.9901136968339167, 100082.0]
00023892,93166,391047,313,1;[120302, 1688, 1.021004314514589, 0.9866737636844082, 42.55555215394716, 0.9931729686905908, 0.9957002685780263]
00023892,93166,391047,313,3;[119017.38, 1408, 1.0256435421473993, 0.9687818342517958, 44.27779058241403, 0.9929874755115312, 24821.14285714286]
00023892,93166,391047,315,1;[117580, 1706, 0.9911475015587408, 0.9998940038735258, 31.46718806602632, 0.9964770636421072, 0.9924037812288994]
00023892,93166,391047,315,2;[119473.62, 1562, 1.0290292751963206, 0.976969826578464, 59.39391504055549, 0.9910613417632356, 9999]
00023892,93166,391047,315,3;[120414.78000000001, 1524, 1.0420803432332637, 0.9716719340706381, 114.80932319891738, 0.9838297153742086, 0.9968696835658387]
00023892,93265,391506,609,1;[120450, 1668, 1.0130823848066772, 0.9934285035407959, 28.081715577593773, 0.9950777124707098, 9999]
00023892,93265,391506,609,3;[119976.38, 1438, 1.0627480642574758, 0.9590433977019611, 126.38952663022229, 0.9846962103710577, 0.99012968218255]
00023892,93265,391506,610,2;[119833.0, 1508, 1.0279624297293433, 0.9939602657133225, 34.05485042585448, 0.9943307197997148, 0.9989534301203803]
00023892,93265,391506,611,3;[119896.92000000001, 1368, 1.0267371543472592, 0.9680652141772095, 60.138477372720004, 0.9910185054986551, 175032.0]
00023892,93265,391506,612,2;[116885.37, 1548, 1.0145783774572443, 0.9803564738122116, 29.62078944142632, 0.9948200399301197, 9999]
00023892,93265,391506,613,1;[114481, 1610, 0.9955593575803238, 0.9902087238335712, 36.759064237107594, 0.9944111491071127, 0.9902515396858349]
00023892,93329,391882,87,1;[118271, 1616, 1.0194271800477344, 0.9951980347867928, 37.73351695185407, 0.9949972892828642, 0.9989948475377988]
00023892,93329,391882,87,2;[111247.15, 1430, 0.9892958805203751, 0.987969527216751, 25.62743346510477, 0.9960790202361292, 9999]
00023892,93329,391882,87,3;[115923.92000000001, 1414, 1.0215942370198658, 0.9563196493174627, 47.010858776237484, 0.9953242287886229, 9999]
00023892,93329,391882,89,1;[114628, 1672, 0.9914825066265023, 0.992449732020601, 46.0862142629913, 0.9941192467786226, 0.9939475920434248]
00023892,93329,391882,89,3;[114667.63, 1414, 1.0167941706478845, 0.9529070402788227, 69.36194070195396, 0.9896615259912896, 0.9922821576763485]
00023892,93329,391882,90,2;[116098.78, 1540, 1.024478526931865, 0.9929498654533664, 58.7047229351499, 0.9922725834272821, 9999]
00023892,93329,391882,92,2;[114627.93999999999, 1522, 1.0073552101636527, 0.9847883422105579, 36.85985021329225, 0.9940911230252352, 0.9904477918873066]
00023892,93329,391882,92,3;[114493.64000000001, 1356, 1.0098884038015559, 0.9575393429604518, 53.70771228318953, 0.9928164272628103, 9999]
00023892,93329,391882,93,1;[115389, 1646, 0.9791536811644996, 0.9912072497007227, 30.555962129969355, 0.9961549890584726, 0.995354855405318]
00023892,93329,391882,94,1;[116973, 1592, 0.994606233216065, 0.9965614043713638, 34.71012332712566, 0.9946580766084038, 0.9999615310636661]
00023892,93329,391882,94,2;[112866.73999999999, 1496, 1.003006582190011, 0.9923183925625743, 26.138494257660792, 0.99570058885804, 9999]
00023892,93329,391882,94,3;[114433.36000000002, 1410, 1.0214616209838423, 0.9517095185099957, 73.57692311392724, 0.9894936176987641, 0.990536726513768]
00023892,93329,391882,96,1;[115407, 1632, 0.9872182726007631, 0.9927104473525977, 23.989429741072772, 0.9960868400620199, 0.996795591563164]
00023892,93329,391882,96,2;[113005.97, 1516, 0.9882006017804126, 0.9825266807640969, 27.477798069064683, 0.9957344812378607, 0.9942780561096016]
00023892,93329,391882,96,3;[117169.25000000001, 1434, 1.0569068397282255, 0.9348208440309685, 110.45560734956277, 0.9883416942725053, 9999]
00023892,93329,391882,99,1;[118266, 1608, 1.0340711010663866, 0.9901960891665134, 40.350390802242764, 0.9941750124012475, 0.995743928467688]
00023892,93329,391882,99,2;[114010.33, 1524, 1.0088953795511193, 0.9873587254334197, 27.375748128469997, 0.9954495918170748, 9999]
00023892,93329,391882,99,3;[113752.47000000002, 1336, 1.0058340005280906, 0.9771892906538502, 25.640739364499375, 0.99607581804577, 9999]
00023892,93377,392048,3,3;[118466.64000000001, 1406, 1.047556527781869, 0.9626297559970822, 107.28162349534367, 0.988306503325163, 9999]
00023892,93377,392048,4,1;[118492, 1724, 0.9863208326474601, 0.9986424630954116, 19.764201178268063, 0.9967779664001932, 0.982353745839223]
00023892,93377,392048,4,2;[116322.5, 1540, 1.0024661578187861, 0.9812524545754474, 28.71243987076844, 0.9953319054134065, 9999]
00023892,93377,392048,5,1;[112681, 1604, 0.9750116024793062, 0.9728192778387952, 30.87669786078407, 0.9962903174522396, 0.9869450782375636]
00023892,93377,392048,5,2;[117476.79999999999, 1468, 1.0128946844061226, 0.9826118107683158, 31.69563920609115, 0.9953051589361018, 9999]
00023892,93377,392048,5,3;[119291.38, 1442, 1.0494193382007337, 0.9224995551443748, 90.97954973781846, 0.9914184377585706, 9999]
00023892,93377,392048,8,2;[114999.22, 1520, 1.0070723933409482, 0.9772014446917673, 55.95936210100426, 0.9911467610708359, 1.0000983146794165]
00023892,93377,392048,8,3;[115359.48000000001, 1394, 1.0261842013140077, 0.9530082855170431, 74.80732270330151, 0.9887307322964278, 9999]
00023892,93377,392048,9,1;[115825, 1638, 0.9752674514762388, 0.977930434245964, 26.59457846165895, 0.9966290836236483, 0.9829547624402228]
00648043,93069,390451,157,1;[50324, 1022, 1.095365404772092, 0.9469500398477338, 105.40430734163456, 0.9665292267171741, 1.002220562608912]
00648043,93069,390451,157,2;[52079.159999999996, 948, 1.1952335488385175, 0.8555003728986341, 648.4161613594061, 0.8881709866931354, 1.0091427912607367]
00648043,93069,390451,157,3;[52212.07000000001, 912, 1.3191322455565446, 0.8207761353266172, 696.4700130145977, 0.9097276868529607, 1.0034623941863374]
00648043,93069,390451,159,1;[48723, 1050, 1.100165552856711, 0.8979412635288846, 111.06657452961267, 0.9567457727657024, 1.0033153494501874]
00648043,93069,390451,160,3;[46140.23, 928, 1.1589575307672428, 0.8644538883890613, 437.32671893369695, 0.9227726401542887, 0.9951687966314545]
00648043,93069,390451,161,2;[46501.63, 908, 1.175207168713646, 0.8735556186077288, 463.88977127131517, 0.8788130581231022, 1.0066851291299028]
00648043,93070,390461,200,2;[47510.75, 932, 1.193106167698431, 0.8490350029051185, 680.8405989132664, 0.8877528341078107, 1.0083216527130607]
00648043,93070,390461,200,3;[50944.82000000001, 886, 1.1548278900950302, 0.8521342306555121, 366.1676259801925, 0.8726302781572586, 1.0060602781234782]
00648043,93070,390461,201,1;[46354, 1048, 1.0998326976351498, 0.8853348831209816, 130.0480558320805, 0.9539464345197964, 1.0005288207297727]
00648043,93070,390461,202,2;[46523.049999999996, 928, 1.190646721859921, 0.8821882050831011, 598.8188086871771, 0.8806236257501416, 1.0023844931029178]
00648043,93070,390461,203,1;[49507, 1026, 1.1093835894296833, 0.8946408431982321, 105.27859485597293, 0.9391118652574383, 1.0034761986804634]
00648043,93070,390461,204,3;[51736.68000000001, 928, 1.3024335155143034, 0.7942318356315198, 695.8879713154752, 0.9068802445564805, 0.9990476190476191]
00648043,93071,390464,267,1;[51263, 1042, 1.0934650203213558, 0.9332714799418584, 156.65898421425513, 0.965454246885668, 1.0048613152994217]
00648043,93071,390464,267,2;[47828.479999999996, 912, 1.1492399820224046, 0.8921459135837112, 252.86764565308115, 0.8952694947996147, 1.0097985025878096]
00648043,93071,390464,269,3;[49055.590000000004, 958, 1.3418075798535627, 0.8650048679157265, 460.3488922095231, 0.9554035118899459, 0.995357758381053]
00648043,93081,390531,208,1;[48500, 1034, 1.1478478706439936, 0.9110323405232756, 209.43453275374276, 0.9224541079356445, 1.0044735316046725]
00648043,93081,390531,208,2;[47751.13, 976, 1.1668272857571167, 0.8982979759743642, 503.03544704123317, 0.917856559426678, 1.001060260200327]
00648043,93081,390531,209,3;[49735.11, 878, 1.1580177325418672, 0.8589603435840185, 409.4402100522153, 0.8658936951445616, 1.007674905971993]
00648043,93081,390531,210,1;[45401, 1034, 1.0952877627811755, 0.8655377100269005, 172.3373519771306, 0.9660364640355277, 0.9963023513534272]
00648043,93081,390531,210,2;[47456.009999999995, 978, 1.1760115494079433, 0.9067663351460987, 525.8527774607454, 0.9180889601870222, 1.002765973496945]
00648043,93081,390531,210,3;[46552.600000000006, 830, 1.2078320338431963, 0.8392760762591721, 806.0004129466504, 0.8703067686040401, 1.0036922168069708]
00648043,93133,390871,706,2;[47707.1, 918, 1.151328678506029, 0.8708357399795098, 309.5828935389888, 0.8766804745570203, 1.0036551171640296]
00648043,93133,390871,706,3;[47044.43, 850, 1.150137062079503, 0.8559507066862381, 332.91713988426403, 0.9049151650654375, 1.0094806931930094]
00648043,93133,390871,708,1;[46781, 1050, 1.122910000629885, 0.9434700232008175, 166.99139341912445, 0.9455796743004368, 1.002915639404009]
00648043,93133,390871,711,2;[45267.6, 950, 1.1851746956298903, 0.8899826627797877, 545.2984683762237, 0.8895701444949226, 1.000039433731614]
00648043,93133,390871,711,3;[47284.18, 912, 1.182661036802091, 0.8670205407281176, 538.1235304171812, 0.9111035077009204, 0.9991604666647367]
00648043,93133,390871,712,1;[46242, 1018, 1.1245926826154666, 0.8583987947082393, 143.1227789232176, 0.9332126486284683, 1.0010499312673862]
00648043,93138,390911,1116,1;[50343, 1024, 1.0928266252731524, 0.955135696979189, 157.8320120065629, 0.9626008600183871, 1.008503861293909]
00648043,93138,390911,1116,2;[46063.71, 930, 1.2061823000278782, 0.8759486495848219, 712.4818700782853, 0.8756535200977298, 1.0053371771397406]
00648043,93138,390911,1118,3;[47734.91, 848, 1.1536424943474177, 0.8593874390093138, 340.74769342422917, 0.8836760597998488, 1.0090499703160973]
00648043,93138,390911,1121,1;[52911, 1092, 1.1588926254077445, 0.9028207084333176, 219.6420333122502, 0.9135961533221911, 9999]
00648043,93138,390911,1122,2;[44791.6, 896, 1.1428389356674544, 0.8903125437640994, 269.7661379196699, 0.8924848985397164, 1.0101443830175514]
00648043,93138,390911,1122,3;[52160.01, 920, 1.335440815362223, 0.86775705454633, 585.6861134216481, 0.9244646544421244, 1.004538138835387]
00648043,93244,391398,48,1;[51620, 1018, 1.1535090619234778, 0.90895286282341, 258.9334059937912, 0.9409341065677436, 1.0012996333869997]
00648043,93244,391398,48,3;[46149.82000000001, 878, 1.1857337005223878, 0.859981330386952, 698.6633015358898, 0.8770264581838487, 1.0022165032801273]
00648043,93244,391398,49,2;[48807.85, 948, 1.1309587007585216, 0.8998701452968143, 331.81755234933433, 0.9166364414526265, 1.006886054818397]
00648043,93244,391398,51,1;[52484, 1048, 1.1447355682669218, 0.9045464807435676, 209.49921857562487, 0.9330000067022561, 9999]
00648043,93244,391398,51,3;[48736.380000000005, 876, 1.130210311063442, 0.8835757221016587, 322.9333167769055, 0.9189589240030536, 1.0045321699351941]
00648043,93244,391398,52,2;[48497.259999999995, 920, 1.1348489276866023, 0.9093647139086056, 267.8207767172977, 0.8900914777494151, 1.004065140801695]
00648043,93264,391493,509,2;[46264.82, 928, 1.131637553180968, 0.9111881954657104, 281.56920185594385, 0.9159863772086914, 1.0055608721516696]
00648043,93264,391493,510,1;[50070, 1098, 1.1100792890629678, 0.9626013538178779, 174.23900800840522, 0.9750723680928067, 0.9981360949694499]
00648043,93264,391493,510,3;[50948.93000000001, 878, 1.1351928652964167, 0.8791774012626576, 334.1923222457298, 0.9240308467777888, 1.006468200270636]
00648043,93264,391493,511,3;[46199.14000000001, 896, 1.1535810581525061, 0.8665636625413756, 358.7342696654275, 0.8926889438539131, 1.0012618952181593]
00648043,93264,391493,514,1;[46838, 1064, 1.1367530663013612, 0.871657475340459, 164.88349235955087, 0.9323425280620642, 0.9994665300983718]
00648043,93264,391493,514,2;[49509.95, 980, 1.1251949749367385, 0.9064619472705332, 245.97350039712867, 0.9267767691476009, 1.0048667383192242]
00648043,93386,392095,402,3;[49733.740000000005, 922, 1.1567312822889453, 0.8453157013638216, 338.5072367856675, 0.8836936517419526, 9999]
00648043,93386,392095,403,1;[52323, 1058, 1.161597772712448, 0.9011309435434066, 278.84552906013266, 0.9261531442399963, 0.9960688755841955]
00648043,93386,392095,403,2;[51637.67, 934, 1.2060658897622853, 0.8507604206275341, 743.7948996242429, 0.8829472366395277, 1.0084359749012317]
00648043,93386,392095,407,1;[45341, 996, 1.0910233464750798, 0.9327598746034542, 62.581592731284225, 0.9423007624855377, 0.9766399931072364]
00648043,93386,392095,409,3;[45479.89000000001, 830, 1.1396881407076958, 0.884048665292877, 289.4946917970509, 0.8940583086999158, 1.001236578598142]
00648043,93386,392095,410,2;[51008.159999999996, 956, 1.1348163988249969, 0.9119195513790394, 312.16530274463537, 0.9049001627022613, 1.0010158685676254]
00648043,93387,392105,453,1;[49481, 1092, 1.126249486201961, 0.9430528294016324, 238.48092145321286, 0.9659127571566872, 16493.666666666668]
00648043,93387,392105,453,2;[51753.1, 974, 1.1680010648116648, 0.8374077546826166, 601.6670503418816, 0.8878306872149265, 1.006060886462478]
00648043,93387,392105,453,3;[48654.18, 934, 1.1586120704481722, 0.8507432082419784, 351.78506576331085, 0.8868731149958745, 0.9731596037650541]
00648043,93387,392105,458,1;[50592, 1036, 1.1756877127441447, 0.918748422981628, 363.0044641481166, 0.92872544242061, 9999]
00648043,93387,392105,458,2;[47381.04, 978, 1.1508618693034478, 0.9190346808325189, 327.78596629124263, 0.8730525423052904, 1.0011440640675877]
00648043,93387,392105,459,3;[45555.240000000005, 904, 1.1780251728949263, 0.8299363297491675, 595.3556786500367, 0.8447647815830617, 9999]
00648043,93388,392108,528,1;[47000, 1080, 1.1061725975669132, 0.9394482938717643, 145.31414159054864, 0.9588731660074876, 0.9592228254214458]
00648043,93388,392108,528,2;[46079.18, 948, 1.1435468839651357, 0.8759849291087378, 261.12898687741796, 0.8999259398239394, 1.000723626402026]
00648043,93388,392108,528,3;[46780.020000000004, 932, 1.1926477288068198, 0.8624230223501466, 680.7054007472652, 0.8769517919442926, 0.9615070537549629]
02011239,93051,390358,939,1;[116627, 1616, 1.226767054368351, 0.7894687830108843, 532.2675009887437, 0.9050921283062553, 0.9979207666638145]
02011239,93051,390358,940,2;[117272.12, 1552, 1.3092563299230477, 0.6068035466539268, 1228.139150718081, 0.8174875198029596, 1.0004923882862349]
02011239,93051,390358,940,3;[115392.36000000002, 1382, 1.318292950488103, 0.6057554136872206, 1168.9718829789124, 0.8214685434610559, 0.9951617190961454]
02011239,93067,390431,80,1;[118920, 1686, 1.2542632538325544, 0.7423580549697025, 569.507972460711, 0.9015609841400498, 0.9991975835080305]
02011239,93067,390431,80,2;[118553.75, 1466, 1.357853043853108, 0.531559173981394, 1633.6718951822672, 0.7669681218218305, 1.0011808155164184]
02011239,93067,390431,80,3;[118391.29000000001, 1452, 1.356266852165266, 0.5166416962040419, 1919.7424933362652, 0.746146720538869, 0.9946822592341072]
02011239,93067,390431,82,1;[118641, 1708, 1.2449748672074326, 0.7181549743029295, 893.282505245612, 0.8829947529564313, 0.9961502777089745]
02011239,93067,390431,82,2;[119248.70999999999, 1564, 1.3446848026017544, 0.5648885938993163, 1580.933163534961, 0.7894495725574902, 0.995040140603822]
02011239,93067,390431,82,3;[119714.71, 1434, 1.3542826948477997, 0.526979916014058, 2056.993155723269, 0.7251234012138238, 0.9949672644463422]
02011239,93096,390617,985,1;[116692, 1658, 1.24249198816296, 0.808200761305186, 593.4487026027602, 0.8906043572037874, 0.9970990716174705]
02011239,93096,390617,985,3;[115455.38, 1418, 1.3282275388581455, 0.6374442312904417, 1521.3487987242136, 0.7646659289135507, 0.9979868315096395]
02011239,93096,390617,986,2;[117091.23999999999, 1448, 1.3084930659141252, 0.6856419639128749, 1196.286329035447, 0.797253268629796, 1.0005084090862872]
02011239,93139,390919,102,1;[117379, 1712, 1.2282330911093862, 0.8078462631369242, 796.7003448656235, 0.8873595373247152, 0.9936678320790335]
02011239,93139,390919,102,2;[119220.15, 1512, 1.3770401088012958, 0.5089472011458898, 2095.068297686564, 0.7324270604301623, 0.9965384500611739]
02011239,93139,390919,102,3;[117903.57, 1412, 1.328656210046723, 0.5504035843614692, 1529.9069438810973, 0.7524930977388753, 0.9987698306776376]
02011239,93148,390958,452,1;[120294, 1614, 1.3278159476202218, 0.6225550249135221, 1261.0238793044919, 0.8281432758629721, 1.0027006751687921]
02011239,93148,390958,452,2;[116936.54, 1552, 1.321941468035762, 0.5742586742951914, 1317.463211886172, 0.8025810084082484, 0.9964407759311275]
02011239,93148,390958,452,3;[118457.05, 1462, 1.3390552445604098, 0.5392057778748746, 1591.021355224359, 0.7571806126754217, 0.9930116510763894]
02011239,93174,391097,944,1;[115789, 1634, 1.2360602781567875, 0.8085765807006626, 672.0021418727636, 0.9007379482195105, 0.9966731367629147]
02011239,93174,391097,944,2;[114926.62999999999, 1510, 1.3172811742534574, 0.6155551151938757, 1127.705228653941, 0.829468573790128, 0.9990379642081307]
02011239,93174,391097,944,3;[114674.48000000001, 1340, 1.3182123949532747, 0.6040507108458479, 1368.6495021835508, 0.803896915688656, 0.997194407877102]
02011239,93260,391459,220,1;[117062, 1700, 1.2413619639702593, 0.8204951892970752, 811.6401863374552, 0.885596061152482, 0.9971209540034072]
02011239,93260,391459,220,2;[115490.68999999999, 1464, 1.303444379783877, 0.6934132068266222, 1109.904663449888, 0.8164462635119065, 1.0005928232304226]
02011239,93260,391459,220,3;[118018.65000000001, 1430, 1.3548914329395276, 0.5815690308035358, 1793.5499390521295, 0.718576095141085, 0.9962472316828477]
02011239,93331,391886,298,1;[115718, 1646, 1.2205921459485618, 0.776693578962552, 697.2344406097402, 0.8936117073027604, 0.9979087706589744]
02011239,93331,391886,298,2;[117548.2, 1516, 1.3756616519061167, 0.5263497741207048, 2075.71238533834, 0.7315982624785673, 0.9965245726334054]
02011239,93331,391886,298,3;[118015.91, 1438, 1.3613632176448651, 0.5285279880511179, 2108.9797357386424, 0.7677025621574034, 0.9949181710035457]
02011239,93384,392075,333,1;[118950, 1684, 1.2319641615433563, 0.7375010922312449, 791.620269400836, 0.8865421919322041, 0.9976390467284233]
02011239,93384,392075,333,2;[120223.31999999999, 1582, 1.3319880322540039, 0.576774218032224, 1347.0331949162971, 0.8118873856839522, 0.9940374284196234]
02011239,93384,392075,334,3;[118057.01000000001, 1356, 1.2886390062202722, 0.648564078171752, 1157.7760607880286, 0.8337871472995934, 1.001016431338611]
02011239,93384,392075,336,3;[119116.02, 1420, 1.302945538818725, 0.5854081184562107, 1263.462135025676, 0.8089841962454187, 0.9971729219829687]
02011239,93384,392075,337,1;[118922, 1740, 1.2492116154755224, 0.7638034722072186, 859.3511361250377, 0.8920772312301488, 0.9940235880204285]
02011239,93384,392075,337,2;[117304.25, 1536, 1.3201723334547275, 0.6181872204919716, 1179.1622391595006, 0.8197647229250431, 0.9941004437273094]
