02276720,93048,390341,522,1;[36858, 846, 0.9562335431200615, 0.9818408052200197, 60.86562505571567, 0.9945010988206234, 1.003280027220143]
02276720,93048,390341,522,2;[36761.479999999996, 788, 0.9616100491572661, 1.0005696217829896, 219.00830431214018, 0.9749669422502956, 9999]
02276720,93048,390341,523,1;[29930, 752, 0.9707514528450314, 0.9992938308241174, 46.67657275774497, 0.9959041107044849, 1.0042781645835082]
02276720,93048,390341,523,2;[19322.03, 584, 0.8849448539574226, 1.017218893496578, 266.3219694272709, 0.9773069128201523, 1.0055426536615575]
02276720,93048,390341,523,3;[21487.08, 556, 0.9045796852737675, 0.9724644778445604, 137.82089578186478, 0.9800172411576734, 9999]
02276720,93055,390380,384,1;[34161, 806, 0.9648134114952783, 0.9718738323729517, 55.361798472700244, 0.9947979962823786, 1.0033041103132296]
02276720,93055,390380,384,2;[21383.11, 614, 0.9833640961083052, 1.0153378315292356, 231.85984835120024, 0.9740192231032196, 1.0038827900220677]
02276720,93055,390380,384,3;[20751.390000000003, 590, 0.9531462637435241, 0.9822927927601154, 202.31644138301633, 0.9793013858446027, 1.0011897679952408]
02276720,93055,390380,385,1;[37209, 850, 0.9555289956729347, 0.9588541587914867, 46.59074991368959, 0.9953221335376525, 1.0035466253118468]
02276720,93055,390380,385,2;[32913.02, 728, 0.929685091781103, 0.9885355382040217, 154.530801235583, 0.9792993545800962, 1.0000723170378942]
02276720,93055,390380,385,3;[34780.19, 698, 0.9164054644918106, 1.007338784763678, 91.14040326128004, 0.9814906289572154, 9999]
02276720,93063,390406,855,1;[24183, 680, 0.9454856091634438, 0.7725109850529509, 92.70075569255677, 0.9939877299264215, 1.002154904479715]
02276720,93063,390406,855,2;[36122.45, 764, 0.9858998072790585, 1.0012796425207884, 232.19620635685658, 0.9688818737802747, 1.0042678488718322]
02276720,93063,390406,855,3;[35881.670000000006, 702, 0.8943059057327762, 0.9714455635567817, 173.96993921613827, 0.9541459480954069, 1.0055670736389464]
02276720,93063,390413,856,1;[19781, 640, 1.2458858740302559, 0.9879547756858486, 69.03620519909273, 0.9945625115458143, 9999]
02276720,93063,390413,856,2;[20739.32, 614, 0.9828815952530326, 1.0174002062754577, 243.59525133710122, 0.9782757439674364, 1.006090344927118]
02276720,93063,390413,856,3;[36796.83, 714, 0.8953591479892923, 0.9685099713670918, 174.14384080320653, 0.9449250880881779, 1.0058420402202]
02276720,93063,390413,857,2;[29134.77, 690, 0.9892509880692152, 0.9969425856758694, 239.5141052821796, 0.9775717276768157, 1.004204179569738]
02276720,93063,390413,857,3;[19603.33, 548, 0.9046255091850887, 0.9706966835491403, 157.65720421502968, 0.9770789366203481, 9999]
02276720,93063,390413,858,1;[36884, 850, 0.9862941902014134, 1.0024605558570332, 82.1525388147515, 0.9925466412991434, 0.9999593336134796]
02276720,93071,390465,426,1;[23754, 682, 1.1985529935973287, 0.9974354500006894, 96.51373408637133, 0.992268080939218, 1.0020670744568656]
02276720,93071,390465,426,2;[37168.46, 790, 0.9467395831274446, 1.002495508738993, 214.64808917978584, 0.9760970694502128, 1.0057639671550476]
02276720,93071,390465,426,3;[26978.04, 626, 0.9182422303268969, 0.9888758245645737, 162.2736667263863, 0.977980374333921, 9999]
02276720,93071,390465,427,1;[20264, 654, 1.2330853661782735, 0.9716457452434322, 91.98800623691258, 0.9931212309360534, 1.0050340979541228]
02276720,93071,390465,427,2;[33174.82, 734, 0.9324546432098487, 0.9851425456887367, 188.1913284388891, 0.9785763844615386, 1.0021929036200885]
02276720,93071,390465,427,3;[31645.63, 676, 0.9201582086305363, 1.0024784470093304, 140.885459684277, 0.9794525457669347, 9999]
02276720,93071,390465,428,1;[20113, 652, 0.9383087736113022, 0.9792510721438286, 150.74023824499545, 0.9849342418787962, 1.001518735217229]
02276720,93071,390465,428,2;[35489.369999999995, 768, 0.9897498545916794, 0.9979972286830294, 229.32904957653668, 0.9745745541400461, 1.002386394191987]
02276720,93071,390465,428,3;[22720.08, 580, 0.9594773721029908, 0.9917658787041523, 185.86359555466547, 0.979514160861475, 1.0027208416470161]
02276720,93071,390465,429,1;[22576, 680, 0.9950443662563028, 1.182859039649029, 122.18378556672307, 0.992831972895272, 1.002308648552655]
02276720,93071,390465,429,2;[19987.239999999998, 598, 0.8910412511961529, 1.01558537668688, 324.6669724855828, 0.9676060106608289, 1.0061702510034145]
02276720,93071,390465,429,3;[20060.91, 558, 0.8998969877166879, 0.9613940374329377, 213.10290718025095, 0.973166159486988, 0.9978194207836456]
02276720,93074,390484,660,1;[20099, 660, 0.9444922495199964, 0.999596014876434, 153.60522222001657, 0.9846961893837466, 1.0018692520499464]
02276720,93074,390484,660,2;[19913.46, 600, 0.9581983203676371, 1.017608565107194, 312.8953210973584, 0.9642974216026272, 1.0014362657091562]
02276720,93074,390484,660,3;[20004.74, 554, 0.8972230045914581, 0.9566087902098455, 190.62920933944804, 0.9742595535537684, 9999]
02276720,93078,390514,56,1;[37358, 854, 0.9897842611109959, 1.0163111798571745, 88.22834201154348, 0.9921650587175002, 0.9975700285721915]
02276720,93078,390514,56,2;[20149.079999999998, 626, 0.9777950965204221, 1.0276914238238033, 270.63362253970706, 0.9790263222537676, 1.0016267857671035]
02276720,93078,390514,56,3;[20381.49, 558, 0.7841531099245397, 0.9723940835924331, 156.42855623159556, 0.9821588739448205, 1.0013461667900654]
02276720,93096,390620,998,1;[37460, 856, 0.9646049763869278, 0.973865229026074, 49.453361168534215, 0.9951102551929811, 1.0062724134688998]
02276720,93096,390620,998,2;[36527.049999999996, 778, 0.9781736230561172, 1.0027447467899597, 222.28473842392674, 0.9719988849286639, 1.0021057442744976]
02276720,93096,390620,999,3;[24551.77, 598, 0.9629061993817103, 0.9993705803002131, 147.36083462323214, 0.9829275710077428, 1.0022089869418114]
02276720,93098,390635,1204,1;[22046, 668, 0.9758954056133837, 1.0589328606747126, 111.86194391813184, 0.99169725298098, 1.002273140571013]
02276720,93098,390635,1204,2;[21211.75, 612, 0.9844589493466462, 1.1355093883619622, 266.38973930996474, 0.9802185729481813, 1.0064366777708769]
02276720,93098,390635,1204,3;[32945.76, 688, 0.8846403329137279, 0.9684305290339695, 168.90781986543527, 0.9662453751720574, 1023.3191489361702]
02276720,93100,390647,1406,1;[31803, 778, 0.9754933178213221, 0.9714684208441855, 55.87047481285762, 0.995188649974817, 9999]
02276720,93100,390647,1406,2;[19663.559999999998, 592, 0.8860891827116902, 1.0231951273034365, 317.43351781841596, 0.9733249852452157, 1.0044984802431611]
02276720,93100,390647,1406,3;[37392.780000000006, 732, 0.9004154429085953, 0.9882116481093931, 154.89641971643425, 0.933477498314642, 1.001853653164975]
02276720,93101,390655,1475,1;[19874, 636, 0.9642576768903105, 1.0574548079055663, 96.0889310476335, 0.9920326452285859, 9999]
02276720,93101,390655,1475,2;[36797.18, 788, 0.9662297686061064, 1.098439151632912, 251.5828139941317, 0.9692472067160216, 1.002577612061279]
02276720,93101,390655,1475,3;[32126.500000000004, 664, 0.8957234689891301, 0.9701978790235478, 149.47025870026494, 0.9681827599539573, 46900.0]
02276720,93101,390659,1477,1;[37132, 850, 0.9566161046949058, 0.9759986421241027, 49.553484961469735, 0.9955272118627742, 6188.666666666667]
02276720,93101,390659,1477,2;[38119.27, 798, 0.9580699822603261, 1.016740504687694, 249.52521144382956, 0.9747185372081714, 1.0042164992084268]
02276720,93101,390659,1477,3;[21976.170000000002, 572, 0.9034298697885076, 0.9847359154839445, 138.7460293181489, 0.9816082572359254, 9999]
02276720,93102,390662,1551,1;[21310, 698, 0.9886207267657516, 1.079415920148842, 124.0531925718228, 0.990904197507532, 0.9976591760299626]
02276720,93102,390662,1551,2;[37788.45, 798, 0.9799472684635052, 1.00108284102151, 269.574923223298, 0.9683401290873165, 1.003824998419422]
02276720,93102,390662,1551,3;[20266.41, 560, 0.9161042717500659, 0.9762072910025507, 198.52622099034838, 0.9750750831533304, 1.002473486260292]
02276720,93102,390666,1545,1;[20128, 650, 0.9705008346320028, 1.0586136821920076, 111.01298616641277, 0.9903676312930679, 6709.333333333333]
02276720,93102,390666,1545,2;[29346.59, 692, 0.9228489778255983, 0.987973120474018, 191.6608843772025, 0.9784218701355557, 1.0048897762927347]
02276720,93102,390666,1545,3;[30231.79, 656, 0.9177254844955869, 0.992251371163784, 140.92813656880497, 0.9784416532540059, 9999]
02276720,93102,390666,1546,1;[19869, 636, 0.9846231844996159, 1.0226866294688808, 82.65647660772377, 0.9939916047278143, 1.0047280726151044]
02276720,93102,390666,1546,2;[20453.719999999998, 654, 0.9854110219061214, 1.0301262966914542, 286.8188440363437, 0.9791217372618546, 1.0024787845207197]
02276720,93102,390666,1546,3;[23435.22, 580, 0.9650084957989942, 0.9927693014423129, 168.71975834170328, 0.9815329321453891, 1.0068275456150677]
02276720,93102,390666,1547,1;[19618, 700, 0.9712752203936192, 1.067825237952074, 147.53490185664748, 0.9896370965937616, 1.0037349705807113]
02276720,93102,390666,1547,2;[24779.37, 646, 0.9908040958575652, 1.013625616656792, 241.17352251677738, 0.9794294356103591, 1.0030830001445157]
02276720,93102,390666,1547,3;[19459.480000000003, 552, 0.8980808682163645, 0.9650256169223886, 170.3361946595832, 0.9797019409977875, 591.8333333333334]
02276720,93102,390666,1549,1;[19555, 638, 0.9566711865311993, 1.045644018695635, 122.93528271217656, 0.9889946437171658, 1.0038243371576705]
02276720,93102,390666,1549,2;[19814.69, 592, 0.9736996445122357, 0.9949967052082939, 304.8343201024267, 0.9768068297807684, 1.0042822677925212]
02276720,93102,390666,1549,3;[37711.990000000005, 734, 0.9064559838596293, 1.0081041979892928, 137.29757396317, 0.9482837361469485, 1.0049651345332409]
02276720,93103,390671,1606,1;[18914, 646, 0.9499905842643436, 0.9408354922261916, 95.85642284664631, 0.9907287796831139, 1.0013235216263434]
02276720,93103,390671,1606,2;[19524.329999999998, 592, 0.9761432709249315, 1.0277097566640185, 316.4521638829791, 0.9729242518599963, 1.0067805970607187]
02276720,93103,390671,1606,3;[19337.550000000003, 544, 0.9115867017575012, 0.9768849378128942, 159.87358073869052, 0.9792286816414433, 0.9973855285472019]
02276720,93103,390671,1608,1;[35253, 820, 0.9876270073792635, 1.0002546088486723, 59.2025749066607, 0.9944103849124845, 9999]
02276720,93103,390671,1608,2;[19627.86, 612, 0.9783577348283033, 1.0254882338249989, 289.65999738720313, 0.977434886391523, 1.0007887870881622]
02276720,93103,390671,1609,1;[19310, 634, 0.9792673278147336, 1.0171620989457533, 69.64425592929423, 0.9946091279077791, 9999]
02276720,93103,390671,1609,2;[21529.48, 618, 0.9818323667645088, 1.0173064105492586, 290.9813187806253, 0.96811678916872, 1.003438713255685]
02276720,93103,390671,1610,3;[19662.24, 550, 0.9133778971904335, 0.9698953660955009, 208.2012939620754, 0.9722472280865545, 9999]
02276720,93104,390678,1073,1;[19092, 650, 0.9423464485656577, 0.9627087131511405, 92.92633688711297, 0.991247788854294, 1.0002881617897468]
02276720,93104,390678,1073,2;[19799.219999999998, 594, 0.9729306058135292, 0.9967533790059899, 285.69711448850484, 0.976189709601322, 1.0034981905910736]
02276720,93104,390678,1073,3;[19448.52, 564, 0.902571094068585, 0.9267394888460019, 181.8635334620439, 0.9738045903502104, 1.0007754670426507]
02276720,93117,390762,142,1;[19337, 690, 0.9742585211438705, 1.0087563660101861, 120.87657872332908, 0.9914863189741697, 0.9999482883441928]
02276720,93117,390762,142,2;[20034.84, 630, 0.9715080003283583, 1.0301867730444532, 267.3632976110829, 0.9811639669419334, 1.003247623871525]
02276720,93117,390762,142,3;[33149.89, 684, 0.9058228975407253, 0.9752535480734601, 146.63576818743076, 0.9725793701330144, 9999]
02276720,93122,390798,1710,1;[30176, 758, 0.9691675930132904, 0.9709264448757008, 55.79271381357849, 0.9949119931455471, 9999]
02276720,93122,390798,1710,2;[19485.059999999998, 588, 0.9731129863068146, 1.0199763165360405, 305.29198203965973, 0.9708704151107779, 1.0031244256570484]
02276720,93122,390798,1710,3;[19425.230000000003, 546, 0.8979958932938873, 0.9339204593850241, 182.6885364241272, 0.9725456612129934, 1.0024391106083637]
02276720,93128,390838,409,1;[21503, 670, 0.982335721761946, 1.0530224026130357, 105.39836921087561, 0.9922980745688423, 9999]
02276720,93128,390838,409,2;[23810.71, 654, 0.9826367211996094, 1.0198290806773895, 234.9416362748079, 0.9800759589530761, 1.0004249893752657]
02276720,93128,390838,409,3;[36320.07, 720, 0.8950405401619196, 0.9693555051868374, 188.84171934447247, 0.9549312055134561, 0.9964481028358798]
02276720,93130,390851,574,1;[25466, 702, 0.9676764344238658, 0.9779112635828047, 55.828516488865034, 0.995415276567188, 9999]
02276720,93130,390851,574,2;[19819.45, 634, 0.9789057289474403, 1.0429276643335224, 306.19574410656094, 0.9771274511978769, 1.0008412955952166]
02276720,93130,390851,574,3;[23701.000000000004, 598, 0.9729970651962592, 0.9929054027516433, 187.17554471601858, 0.9812299484302807, 1.0037713954163041]
02276720,93135,390884,976,1;[19848, 638, 0.9877222940999211, 1.018605062814796, 70.47059666353782, 0.994784221719459, 9999]
02276720,93135,390884,976,2;[19463.64, 598, 0.9765991061664699, 1.0062150052579053, 262.88227661833224, 0.9773177060867455, 1.002420862317286]
02276720,93135,390884,976,3;[21170.61, 568, 0.9034878109038532, 0.9745664293138663, 154.11394132079488, 0.9776625728762626, 1818.0]
02276720,93141,390937,205,1;[21019, 698, 0.9762958599677688, 1.0674969121112583, 120.74698855636225, 0.9915118449221796, 0.9983138996414068]
02276720,93141,390937,205,2;[37734.9, 796, 0.8772465647893848, 0.9966618926154417, 234.6895717978464, 0.9711880405996798, 1.0029890401859847]
02276720,93141,390937,205,3;[20382.86, 554, 0.8966444684101424, 0.9539708425241974, 190.14302963533535, 0.9780988950025054, 1.0035750421585161]
02276720,93142,390940,256,1;[32546, 782, 0.9729270397648634, 0.959977491814519, 60.362077047014424, 0.9946324459497926, 9999]
02276720,93142,390940,256,2;[20845.23, 660, 0.9855995897368691, 1.0210762009126426, 274.7556501055411, 0.9789415301033629, 1.003322068847013]
02276720,93142,390940,256,3;[23695.52, 578, 0.9103868929954523, 0.9831000726450467, 179.6368630589423, 0.9754746185017941, 1.0028992230082339]
02276720,93162,391020,35,1;[19097, 630, 0.982991620089939, 1.0087386024676033, 72.37703610696698, 0.9942880368567659, 9999]
02276720,93162,391020,35,2;[30735.32, 704, 0.9855024852371178, 0.9957890342922378, 229.38346141459303, 0.975457025245504, 1.00443338259314]
02276720,93162,391020,35,3;[32393.65, 668, 0.8971837964683812, 0.9743653166343628, 164.929601346557, 0.964900451623158, 1.0048233219301788]
02276720,93162,391020,36,1;[21747, 680, 0.9844776667097414, 1.0536300142418975, 106.8128930767632, 0.991721823045149, 0.9966772840807534]
02276720,93162,391020,36,2;[36090.32, 778, 0.9512251353830136, 0.9849319026738435, 207.4153597047598, 0.9754184502921037, 1.0018333470972005]
02276720,93162,391020,36,3;[21954.25, 564, 0.898048240075022, 0.9688706019009445, 172.05913649762425, 0.9711874972920307, 9999]
02276720,93165,391040,189,1;[30768, 762, 0.9745386301605563, 0.9667408719536026, 64.72571184282246, 0.9943894683154493, 9999]
02276720,93165,391040,189,2;[37615.9, 798, 0.9870857723876143, 0.9989749636913904, 218.55238684820745, 0.9694678261286891, 1.001536682350332]
02276720,93165,391040,189,3;[19236.170000000002, 554, 0.8965325433910457, 0.9265682693869052, 152.45033961088072, 0.9785961411938906, 9999]
02276720,93165,391040,190,1;[22023, 678, 0.9813243880212661, 1.0562215777564223, 109.82430204375174, 0.9920609429147635, 1.0000454091363182]
02276720,93165,391040,190,2;[24742.48, 642, 0.9844221597222811, 1.0209127718612814, 227.85957827436022, 0.980978558591175, 1.004978490985548]
02276720,93165,391040,190,3;[19733.480000000003, 564, 0.9060666736565977, 0.9761643642992227, 170.3098997020852, 0.9770564895922309, 1.0008685682520932]
02276720,93171,391074,411,1;[35877, 832, 0.9568854699366952, 0.9685268308337647, 53.56749342096167, 0.9948071304394764, 9999]
02276720,93171,391074,411,2;[31661.14, 712, 0.9827129600516387, 0.9971028252966384, 235.2189773177859, 0.9745450249975863, 1.0049290853808237]
02276720,93171,391074,411,3;[24612.050000000003, 588, 0.9178042597608138, 0.9913970494262901, 171.32066325244296, 0.9741312260128083, 1.0022035647541212]
02276720,93171,391075,412,1;[37482, 852, 0.9583286730037925, 0.9893977115442456, 45.33260789628457, 0.9954677605017626, 1.0050679752232323]
02276720,93171,391075,412,2;[23992.78, 634, 0.9857238762896402, 1.0115968459992222, 242.96866815879918, 0.9779786701909555, 1.0055358834970824]
02276720,93171,391075,412,3;[32236.100000000002, 676, 0.9182210130084262, 0.9752522693115564, 141.90700046180606, 0.9765201798125064, 0.9943794108946457]
02276720,93171,391075,413,1;[24306, 690, 0.9827769641863746, 0.9993979007448074, 84.27433845790497, 0.9933991560439954, 9999]
02276720,93171,391075,413,2;[24361.68, 646, 0.983867703052329, 1.0192863005580304, 229.1838088041057, 0.9804852160884542, 1.0047607361963191]
02276720,93171,391075,413,3;[35720.01, 716, 0.8941914702621157, 0.9662792909218371, 184.8519962322007, 0.9514285223788421, 0.9942987892077414]
02276720,93180,391143,47,1;[20336, 642, 0.9789470790504075, 0.7996556989229964, 63.76806828382461, 0.9948917620912613, 1.0028355154473951]
02276720,93180,391143,47,2;[25625.46, 662, 0.9661498921625871, 1.177361079351555, 213.7868378861457, 0.9828380723636756, 1.0029575464008755]
02276720,93180,391143,47,3;[20197.91, 604, 0.9007207966034261, 1.069542389139222, 213.32881969625626, 0.9747549556595865, 1.0042231455622914]
02276720,93180,391143,48,1;[37202, 856, 0.9533346158499096, 0.9726351031873782, 54.959473153430615, 0.9947460791519442, 1.0048484029981768]
02276720,93180,391143,48,2;[24205.789999999997, 648, 0.950698879398751, 1.4271483188679586, 198.14584671422006, 0.9861250113257339, 0.9975234779197214]
02276720,93180,391143,48,3;[32400.500000000004, 674, 0.9229981771716015, 1.0267773955750101, 115.66968816327224, 0.9833349128975158, 9999]
02276720,93180,391143,49,1;[19602, 646, 0.9335481191717449, 1.005162985701741, 95.89970396118142, 0.9906867743257306, 9999]
02276720,93180,391143,49,2;[20363.28, 602, 0.9685687395923607, 1.0868793841869533, 290.1396648658554, 0.9774550334288988, 1.004019127526623]
02276720,93180,391143,49,3;[23191.36, 596, 0.9370970873720426, 1.3681161004154896, 143.75754156151226, 0.9798672211104785, 0.9899415204678362]
02276720,93180,391143,50,1;[35505, 822, 0.980632128721777, 0.9851752336779456, 51.907545581086666, 0.9951416157101315, 9999]
02276720,93180,391143,50,2;[26503.68, 668, 0.983412573304794, 0.9957373527769733, 231.9138707013181, 0.9790126867228751, 0.9983638523432772]
02276720,93180,391143,51,3;[37480.46000000001, 732, 0.9073966216154529, 0.9832146362155525, 118.03378221740887, 0.9678458672785044, 0.9988681587498631]
02276720,93188,391171,294,1;[37546, 858, 0.9634323090536216, 0.9892855362976362, 47.36317002960228, 0.995306448140393, 1.003970853666689]
02276720,93188,391171,294,2;[21057.05, 606, 0.9500456120952298, 1.123946459442299, 275.3695518055842, 0.9792819403873073, 1.0043135251716897]
02276720,93188,391171,294,3;[23643.460000000003, 582, 0.9237495548506652, 1.0114444790525734, 179.66922401017248, 0.977532824301308, 1.0017995007836535]
02276720,93203,391208,464,1;[24034, 696, 0.9900289463924377, 1.067239335642442, 107.78557645731665, 0.9926357337372962, 1.0028582754376083]
02276720,93203,391208,464,2;[21243.879999999997, 658, 0.9875761636471466, 1.0160955374215561, 279.55229947664606, 0.9782424338699595, 1.0032313355250218]
02276720,93203,391208,464,3;[24932.63, 594, 0.9008097991533581, 0.986736348499865, 149.4137245123266, 0.9785607201132783, 4044.222222222222]
02276720,93328,391867,66,1;[21467, 684, 0.9807564149716269, 1.0240408291983858, 92.4974245698564, 0.9932605169872395, 1.003646734302679]
02276720,93328,391867,66,2;[21779.379999999997, 612, 0.9494107623399548, 1.473123794886442, 208.96267499298796, 0.9859986882230524, 1.009097425153002]
02276720,93328,391867,66,3;[36644.76, 714, 0.8925544613063073, 0.9674360701935508, 173.89297423878025, 0.94206001665774, 1.003903317820147]
02276720,93328,391867,68,1;[36625, 848, 0.9885504024687962, 0.9981122970541171, 66.03451537787369, 0.9943539138023952, 1.0052975406236275]
02276720,93328,391867,68,2;[37363.619999999995, 788, 0.9612091839101256, 0.9965939250158715, 225.8295443009519, 0.9743495282284598, 1.0084956718647116]
02276720,93328,391867,68,3;[19010.120000000003, 570, 0.8919197093169936, 0.9896704499596451, 205.71497586701955, 0.9767737274635657, 1.0048155255440097]
02276720,93340,391954,59,1;[24106, 688, 0.9835895651030654, 1.0552130412839853, 93.77807996960314, 0.993995920964651, 1.0071233105638069]
02276720,93340,391954,59,2;[19095.93, 580, 0.9761063962330382, 0.9978570241005343, 214.65306146743808, 0.9821276880716988, 1.0023110555902561]
02276720,93340,391954,59,3;[19114.24, 580, 0.9105933969698644, 0.9722636919400791, 136.15428369739703, 0.9799661643853208, 1.0028391734052111]
02276720,93342,391967,245,1;[34079, 802, 1.16144514770495, 0.9778394328423591, 67.27941177756318, 0.9937961887002837, 1.0039771388168748]
02276720,93342,391967,245,2;[19074.51, 636, 0.9832606277106843, 1.0636172259131706, 250.74611217606915, 0.9812966198960703, 1.0018125]
02276720,93377,392052,67,1;[22581, 716, 0.9806038891571639, 1.0513339735270046, 132.69197684998184, 0.9903594785533734, 1.0017301038062283]
02276720,93377,392052,67,2;[19757.57, 610, 0.9651130820698203, 1.0131416087872565, 250.9834158075079, 0.9763483962933853, 1.0028388499637593]
02276720,93377,392052,67,3;[35163.79, 718, 0.9096702376345267, 0.9813060950343978, 100.81037911553861, 0.9798781880945957, 9999]
02276720,93377,392053,68,1;[21419, 706, 0.9708435366772402, 1.0544792820231863, 142.90473665149977, 0.9892716564413397, 1.003255345558444]
02276720,93377,392053,68,2;[32174.03, 732, 0.9810309625461554, 0.9965543908974726, 219.44144797038823, 0.9755844847582988, 1.0066272013105477]
02276720,93377,392053,68,3;[36933.83, 742, 0.8948235278925599, 0.9678636370009366, 165.35578846013317, 0.9225122405261097, 0.986082408237166]
02276720,93377,392053,69,3;[23202.320000000003, 602, 0.8103535831082755, 1.0043132578881024, 182.38131094671252, 0.978182671237962, 0.9998228939134541]
02276720,93377,392053,70,1;[20742, 704, 0.981907785558728, 1.0726507543160606, 131.3995461761619, 0.9902146786925451, 0.9995662859621223]
02276720,93377,392053,70,2;[32716.67, 742, 0.9251573933393036, 0.9856698891633946, 180.91540714765992, 0.9770772405403858, 9999]
02276720,93388,392109,621,1;[27682, 726, 0.9870953499935206, 0.9685930317758251, 83.5425719709166, 0.9931221761078208, 1.0027348631662834]
02276720,93388,392109,621,2;[19630.239999999998, 598, 0.9755011145812563, 0.9961175813780456, 291.95319456921504, 0.978166927839713, 1.0003941902422755]
02276720,93388,392109,621,3;[38039.420000000006, 746, 0.9187866546188346, 1.0045949783524437, 113.13037020892784, 0.9488039000534498, 1.000666726732138]
02276720,93388,392109,622,1;[32416, 788, 0.9731645836759844, 0.9662859325109323, 73.95438245552798, 0.9934446792367067, 1.0051161204303742]
02276720,93388,392109,622,2;[19679.03, 600, 0.8634410864443678, 1.0227422071520103, 302.31937614414164, 0.9754690299697888, 1.0022727961453377]
02276720,93388,392109,622,3;[19880.070000000003, 562, 0.9032753417423274, 0.9598716723539346, 182.30343058510482, 0.9757276822155727, 0.9974224146819259]
02276720,93388,392109,623,1;[38012, 868, 0.9604803133857428, 0.9705501207781463, 74.38208765993998, 0.993141744857801, 1.004134141670299]
02276720,93388,392109,623,2;[37863.42, 794, 0.9823324867744899, 0.9993953888150133, 250.09454538739303, 0.9666780601002907, 9999]
02276720,93388,392109,623,3;[22209.070000000003, 606, 0.9624830166312741, 0.9837579722585419, 202.79029870003882, 0.9806023099887449, 0.9967106274401304]
02276720,93388,392109,625,1;[20302, 706, 0.9802644129409425, 1.0622645033357478, 143.60176741794123, 0.9895564985665302, 0.9974207177773957]
02276720,93388,392109,625,2;[22680.21, 624, 0.8679288782887157, 1.524092832017769, 252.836972497717, 0.9835311395074737, 1.0038185026202828]
02276720,93388,392109,625,3;[22810.5, 588, 0.9118299411917433, 0.96576811302169, 205.0407755322702, 0.9713318750939343, 0.9906291834002677]
02276720,93391,392127,865,1;[22832, 700, 0.9431884194236134, 1.0395584939410916, 116.71499091636612, 0.9916936877796547, 0.992846737547018]
02276720,93391,392127,865,2;[19516.0, 588, 0.8709070891906565, 1.0183530966734275, 296.2021239826143, 0.9735005414251303, 1.0060423887372327]
02276720,93391,392127,865,3;[19704.710000000003, 554, 0.8955922494636628, 0.9542361517448028, 206.59616933179495, 0.9699211361306808, 0.997364953886693]
00023892,93026,390259,210,1;[115384, 1676, 0.9705763288702812, 0.9705763288702812, 27.44450635858385, 0.9967809945790217, 0.9971869206936336]
00023892,93026,390259,211,2;[117053.15999999999, 1570, 1.0149650236071255, 0.9746772383627069, 32.01824097753799, 0.9959190027831599, 0.996711876257112]
00023892,93026,390259,211,3;[116700.71, 1438, 1.0186254340279237, 0.9437976061425024, 56.93241554978748, 0.9908537816795847, 9999]
00023892,93026,390259,212,1;[115337, 1664, 0.9804131521278897, 0.9889032468085639, 29.32303153461915, 0.9964262448288627, 0.9924920079683675]
00023892,93026,390259,212,2;[117691.0, 1554, 1.014747909288223, 0.9808503008994244, 33.38817836122004, 0.9959185983378324, 9999]
00023892,93026,390259,212,3;[114356.64000000001, 1394, 1.0039062202291396, 0.9507977939312924, 37.10296143051946, 0.9936297065684685, 9999]
00023892,93026,390259,214,1;[120043, 1634, 1.0032661182443197, 0.9887838124952426, 22.927187669422857, 0.9969424029558446, 0.9982495311986761]
00023892,93026,390259,215,3;[114305.95000000001, 1398, 1.010278510246198, 0.9543713578041263, 39.13504025500448, 0.9933049493998183, 9999]
00023892,93026,390259,216,2;[116758.04, 1568, 1.0123332269148082, 0.98091887278259, 29.98789604125521, 0.996023856518871, 0.9963240520725442]
00023892,93049,390350,751,2;[112488.31999999999, 1480, 0.9848740726439702, 0.9929826624223882, 26.49613653842162, 0.9961483784872827, 9999]
00023892,93049,390350,752,3;[118309.09000000001, 1532, 1.0130833231157215, 0.9721992345752148, 59.29260583943325, 0.9911236827270111, 9999]
00023892,93049,390350,753,1;[115862, 1658, 0.9829469492684024, 0.9978529551266063, 24.60371064380052, 0.9960469422803894, 0.9909383646292598]
00023892,93049,390350,756,2;[116076.17, 1538, 1.0085478725212538, 0.9927081192712227, 43.37188848757056, 0.9943862237694245, 9999]
00023892,93049,390350,756,3;[117833.70000000001, 1382, 1.047327962051423, 0.9430491915437306, 103.28006889242694, 0.9876476852572468, 0.9989779088945155]
00023892,93049,390350,757,1;[119330, 1636, 1.0075125795868425, 0.9942916148693116, 29.0029681718026, 0.9953227996444487, 9999]
00023892,93049,390350,758,3;[117121.3, 1400, 1.030931342867741, 0.9719735434960686, 74.73251000866165, 0.9910807744684849, 9999]
00023892,93049,390350,760,1;[119412, 1684, 1.0004737661313214, 0.9880028410604836, 28.934950571560975, 0.9954903479060804, 0.999870214146658]
00023892,93049,390350,760,2;[117228.09, 1564, 1.0405712513178689, 0.9825036010815462, 94.58212834702178, 0.9879751501300211, 0.9954779023530066]
00023892,93049,390350,761,1;[115473, 1576, 0.991677529821298, 0.9926776955103828, 36.86362273631874, 0.9942467519164607, 1.0014917476864902]
00023892,93049,390350,763,2;[118247.92, 1546, 1.0345050869305332, 0.994516715150005, 59.95186314319832, 0.9908730469999921, 9999]
00023892,93049,390350,763,3;[118310.46, 1494, 1.0361395917367435, 0.9712337522244107, 108.28824339469637, 0.9843328979744623, 0.9939059128182995]
00023892,93049,390350,766,1;[116227, 1652, 0.9751026370807013, 0.9892795240401203, 27.456611617824382, 0.9965442441576506, 0.9924685549359998]
00023892,93049,390350,767,3;[117711.77, 1466, 1.0214023858039325, 0.9691685127209577, 43.76655418360943, 0.9929606828812833, 10740.125]
00023892,93049,390350,769,2;[117706.47, 1490, 1.0202549609913965, 0.9997484379105231, 29.963769686372082, 0.995278891855519, 9999]
00023892,93049,390350,770,1;[117114, 1588, 1.0024585818836231, 0.9928265580916606, 32.869004539460455, 0.9955113006843905, 9999]
00023892,93049,390350,770,3;[118395.40000000001, 1410, 1.0424963099943128, 0.9275135170288007, 78.28360049762023, 0.9922517167138535, 9999]
00023892,93049,390350,773,2;[114238.81, 1522, 1.0044227657496143, 0.986742260703326, 36.17136856988099, 0.9948063335800724, 9999]
00023892,93099,390646,1221,2;[114072.20999999999, 1486, 1.0090858747803573, 0.9867088647928606, 38.53013999163804, 0.9934468550222741, 9999]
00023892,93099,390646,1222,1;[115757, 1704, 0.9986716907804245, 0.9931340390066832, 35.39650912607604, 0.9961712619634862, 0.989105543782897]
00023892,93099,390646,1222,3;[117585.73000000001, 1392, 1.1323117391248805, 0.9651113997953958, 50.31573890807299, 0.9940088735414381, 9999]
00023892,93103,390673,1487,1;[118131, 1640, 0.9941992381714719, 0.9832364950716539, 24.18140079113889, 0.9967673469878491, 0.9975637458357788]
00023892,93103,390673,1488,3;[117951.52, 1364, 1.034720293021279, 0.9614925636421753, 96.22023479779668, 0.98528403584093, 0.9961010262284081]
00023892,93103,390673,1489,2;[116541.45999999999, 1546, 1.014966414714585, 0.992022459678374, 40.09946663942671, 0.9947342202306876, 0.9929282227280332]
00023892,93103,390673,1491,2;[120403.01, 1514, 1.0503891899546012, 0.9843946252209498, 113.66690920960296, 0.984839104179109, 9999]
00023892,93103,390673,1492,1;[114627, 1678, 0.9987680845865211, 0.9924709850319351, 45.564953524898826, 0.9946129103177113, 0.9927122981592382]
00023892,93103,390673,1492,3;[112581.12000000001, 1362, 1.004285977747245, 0.9649001229124898, 31.23126453415144, 0.9956981357234577, 9999]
00023892,93103,390673,1495,2;[114817.15, 1510, 0.9930315460441014, 0.9870770259924616, 31.546042712339776, 0.9947702350629656, 9999]
00023892,93103,390673,1497,3;[113548.34000000001, 1404, 1.0054351093309934, 0.960491452600365, 28.91913419738997, 0.9948299282430487, 9999]
00023892,93103,390673,1498,1;[116314, 1654, 0.989772517025471, 0.9913499174139772, 25.89202116124958, 0.9956881817830718, 0.9948765321221763]
00023892,93103,390673,1499,1;[115761, 1706, 0.9962542217613665, 0.9812057965453727, 38.26655464467754, 0.9959036968410945, 0.9896936302274583]
00023892,93103,390673,1499,3;[117251.45000000001, 1500, 1.0242496834682837, 0.9748615169204323, 53.78139989410666, 0.9908513476631625, 34234.0]
00023892,93103,390673,1500,2;[113904.42, 1520, 1.0033341804562999, 0.9866325509813356, 31.931454020851525, 0.9944117262205622, 0.9918501209788144]
00023892,93122,390798,1587,3;[117843.29000000001, 1442, 1.0406381091708652, 0.97290517790024, 111.87571133625764, 0.982512094931687, 0.9956477955389904]
00023892,93122,390798,1589,1;[115972, 1698, 0.9778822539189395, 0.9908134710763481, 20.37117655163161, 0.9968449509462828, 0.9941706957446079]
00023892,93122,390798,1589,2;[117505.36, 1504, 1.0292453359150497, 0.9978651105229204, 41.27597117489877, 0.9945531923571351, 9999]
00023892,93122,390798,1590,1;[114476, 1708, 0.9714008354292216, 0.9792266459744134, 31.895664856885332, 0.9963746613606888, 0.9873600048300221]
00023892,93122,390798,1590,2;[115546.62, 1446, 1.0044099548766843, 0.9937778684089924, 34.96544073137213, 0.9941037791054449, 9999]
00023892,93122,390798,1592,3;[117977.55, 1424, 1.0384956777881869, 0.9582881772027657, 51.69301507743181, 0.993571167624946, 172230.0]
00023892,93139,390920,17,2;[116130.90999999999, 1510, 0.9981631323817355, 0.9808162066148503, 32.268889709424414, 0.993887002655094, 0.9946034641785189]
00023892,93139,390920,17,3;[117082.94, 1368, 1.01704474354301, 0.9629625559037094, 53.25214145749839, 0.9925764721536028, 9999]
00023892,93139,390920,18,1;[114291, 1656, 0.9814575364939319, 0.9959018721886728, 30.733984173391054, 0.9957475714305857, 0.9944271152817112]
00023892,93139,390920,19,1;[117141, 1708, 1.0011284673044343, 0.9784178992053928, 59.47460187917027, 0.9921109682880714, 0.9933264364697103]
00023892,93139,390920,20,3;[118051.53000000001, 1470, 1.0213625513322462, 0.9716452290970454, 85.44257796364806, 0.9849400431888099, 9999]
00023892,93139,390920,21,2;[115941.7, 1478, 1.0067750976010585, 0.9966286729292532, 25.270836994108723, 0.9955051948918705, 1.001742742428838]
00023892,93166,391047,301,1;[119197, 1602, 0.9934559797032223, 0.9948353663934025, 20.712104405988043, 0.9968702647084702, 0.9987055043296481]
00023892,93166,391047,301,2;[116151.14, 1540, 1.0002683910551358, 0.9928704150270152, 33.4848806094114, 0.9948215854848882, 9999]
00023892,93166,391047,303,3;[118637.89000000001, 1398, 1.0223579081250327, 0.9703534494557088, 42.23273852076505, 0.9934911546531924, 9999]
00023892,93166,391047,304,1;[117753, 1622, 0.9772164352433422, 0.9958620833402838, 25.766315361363983, 0.9967860458868003, 0.9972686967237064]
00023892,93166,391047,305,2;[117093.62, 1536, 1.002178459818774, 0.997850638667676, 24.4138911119299, 0.9964615269265222, 1.000127051242307]
00023892,93166,391047,305,3;[119032.45000000001, 1370, 1.0183846266174685, 0.9748323649170428, 37.875699129217296, 0.9947455224370897, 2199.6202531645567]
00023892,93166,391047,307,2;[115370.5, 1528, 1.0058060097422366, 0.9895282762600829, 39.93207841576104, 0.9944151817445519, 9999]
00023892,93166,391047,308,1;[115460, 1682, 0.9960968642594321, 0.9954651582763876, 40.582903883813906, 0.9951983391381567, 0.9932470213772635]
00023892,93166,391047,308,3;[118877.64000000001, 1454, 1.017150500848034, 0.9733966928934351, 36.44529966828555, 0.9937569319287601, 1324.7633587786258]
00023892,93166,391047,309,1;[119716, 1620, 1.0322619672169577, 0.9876387315526259, 46.38197855060344, 0.9944067144527013, 0.999419796219075]
00023892,93166,391047,309,2;[115416.90999999999, 1496, 1.0140101989435855, 0.9782871975660953, 49.76970517264166, 0.9923215994050387, 9999]
00023892,93166,391047,310,3;[117396.67000000001, 1446, 1.0322636927019022, 0.9549682020607355, 42.6314536599798, 0.9954496600959517, 9999]
00023892,93166,391047,312,2;[119097.58, 1476, 1.0286965797742729, 0.9766518066581236, 64.13464440773701, 0.9901136968339167, 100082.0]
00023892,93166,391047,313,1;[120302, 1688, 1.021004314514589, 0.9866737636844082, 42.55555215394716, 0.9931729686905908, 0.9957002685780263]
00023892,93166,391047,313,3;[119017.38, 1408, 1.0256435421473993, 0.9687818342517958, 44.27779058241403, 0.9929874755115312, 24821.14285714286]
00023892,93166,391047,315,1;[117580, 1706, 0.9911475015587408, 0.9998940038735258, 31.46718806602632, 0.9964770636421072, 0.9924037812288994]
00023892,93166,391047,315,2;[119473.62, 1562, 1.0290292751963206, 0.976969826578464, 59.39391504055549, 0.9910613417632356, 9999]
00023892,93166,391047,315,3;[120414.78000000001, 1524, 1.0420803432332637, 0.9716719340706381, 114.80932319891738, 0.9838297153742086, 0.9968696835658387]
00023892,93265,391506,609,1;[120450, 1668, 1.0130823848066772, 0.9934285035407959, 28.081715577593773, 0.9950777124707098, 9999]
00023892,93265,391506,609,3;[119976.38, 1438, 1.0627480642574758, 0.9590433977019611, 126.38952663022229, 0.9846962103710577, 0.99012968218255]
00023892,93265,391506,610,2;[119833.0, 1508, 1.0279624297293433, 0.9939602657133225, 34.05485042585448, 0.9943307197997148, 0.9989534301203803]
00023892,93265,391506,611,3;[119896.92000000001, 1368, 1.0267371543472592, 0.9680652141772095, 60.138477372720004, 0.9910185054986551, 175032.0]
00023892,93265,391506,612,2;[116885.37, 1548, 1.0145783774572443, 0.9803564738122116, 29.62078944142632, 0.9948200399301197, 9999]
00023892,93265,391506,613,1;[114481, 1610, 0.9955593575803238, 0.9902087238335712, 36.759064237107594, 0.9944111491071127, 0.9902515396858349]
00023892,93329,391882,87,1;[118271, 1616, 1.0194271800477344, 0.9951980347867928, 37.73351695185407, 0.9949972892828642, 0.9989948475377988]
00023892,93329,391882,87,2;[111247.15, 1430, 0.9892958805203751, 0.987969527216751, 25.62743346510477, 0.9960790202361292, 9999]
00023892,93329,391882,87,3;[115923.92000000001, 1414, 1.0215942370198658, 0.9563196493174627, 47.010858776237484, 0.9953242287886229, 9999]
00023892,93329,391882,89,1;[114628, 1672, 0.9914825066265023, 0.992449732020601, 46.0862142629913, 0.9941192467786226, 0.9939475920434248]
00023892,93329,391882,89,3;[114667.63, 1414, 1.0167941706478845, 0.9529070402788227, 69.36194070195396, 0.9896615259912896, 0.9922821576763485]
00023892,93329,391882,90,2;[116098.78, 1540, 1.024478526931865, 0.9929498654533664, 58.7047229351499, 0.9922725834272821, 9999]
00023892,93329,391882,92,2;[114627.93999999999, 1522, 1.0073552101636527, 0.9847883422105579, 36.85985021329225, 0.9940911230252352, 0.9904477918873066]
00023892,93329,391882,92,3;[114493.64000000001, 1356, 1.0098884038015559, 0.9575393429604518, 53.70771228318953, 0.9928164272628103, 9999]
00023892,93329,391882,93,1;[115389, 1646, 0.9791536811644996, 0.9912072497007227, 30.555962129969355, 0.9961549890584726, 0.995354855405318]
00023892,93329,391882,94,1;[116973, 1592, 0.994606233216065, 0.9965614043713638, 34.71012332712566, 0.9946580766084038, 0.9999615310636661]
00023892,93329,391882,94,2;[112866.73999999999, 1496, 1.003006582190011, 0.9923183925625743, 26.138494257660792, 0.99570058885804, 9999]
00023892,93329,391882,94,3;[114433.36000000002, 1410, 1.0214616209838423, 0.9517095185099957, 73.57692311392724, 0.9894936176987641, 0.990536726513768]
00023892,93329,391882,96,1;[115407, 1632, 0.9872182726007631, 0.9927104473525977, 23.989429741072772, 0.9960868400620199, 0.996795591563164]
00023892,93329,391882,96,2;[113005.97, 1516, 0.9882006017804126, 0.9825266807640969, 27.477798069064683, 0.9957344812378607, 0.9942780561096016]
00023892,93329,391882,96,3;[117169.25000000001, 1434, 1.0569068397282255, 0.9348208440309685, 110.45560734956277, 0.9883416942725053, 9999]
00023892,93329,391882,99,1;[118266, 1608, 1.0340711010663866, 0.9901960891665134, 40.350390802242764, 0.9941750124012475, 0.995743928467688]
00023892,93329,391882,99,2;[114010.33, 1524, 1.0088953795511193, 0.9873587254334197, 27.375748128469997, 0.9954495918170748, 9999]
00023892,93329,391882,99,3;[113752.47000000002, 1336, 1.0058340005280906, 0.9771892906538502, 25.640739364499375, 0.99607581804577, 9999]
00023892,93377,392048,3,3;[118466.64000000001, 1406, 1.047556527781869, 0.9626297559970822, 107.28162349534367, 0.988306503325163, 9999]
00023892,93377,392048,4,1;[118492, 1724, 0.9863208326474601, 0.9986424630954116, 19.764201178268063, 0.9967779664001932, 0.982353745839223]
00023892,93377,392048,4,2;[116322.5, 1540, 1.0024661578187861, 0.9812524545754474, 28.71243987076844, 0.9953319054134065, 9999]
00023892,93377,392048,5,1;[112681, 1604, 0.9750116024793062, 0.9728192778387952, 30.87669786078407, 0.9962903174522396, 0.9869450782375636]
00023892,93377,392048,5,2;[117476.79999999999, 1468, 1.0128946844061226, 0.9826118107683158, 31.69563920609115, 0.9953051589361018, 9999]
00023892,93377,392048,5,3;[119291.38, 1442, 1.0494193382007337, 0.9224995551443748, 90.97954973781846, 0.9914184377585706, 9999]
00023892,93377,392048,8,2;[114999.22, 1520, 1.0070723933409482, 0.9772014446917673, 55.95936210100426, 0.9911467610708359, 1.0000983146794165]
00023892,93377,392048,8,3;[115359.48000000001, 1394, 1.0261842013140077, 0.9530082855170431, 74.80732270330151, 0.9887307322964278, 9999]
00023892,93377,392048,9,1;[115825, 1638, 0.9752674514762388, 0.977930434245964, 26.59457846165895, 0.9966290836236483, 0.9829547624402228]
00023698,93080,390528,134,1;[36900, 898, 0.9978155479327312, 1.0259673944738459, 89.73238912855744, 0.9929930238391793, 0.9837638966648005]
00023698,93080,390528,134,2;[39364.009999999995, 820, 1.0504391901326098, 1.022399976459444, 131.86334323534342, 0.9822628171354302, 1.0140555785472325]
00023698,93080,390528,134,3;[55474.04, 910, 1.2348669144335471, 0.954528904486548, 84.48481776732575, 0.9923977465338607, 26994.666666666668]
00023698,93244,391403,53,2;[43991.92, 860, 1.0139415938895173, 1.0212939734954087, 88.72411398565121, 0.9915332214735743, 9999]
00023698,93244,391403,54,1;[45368, 944, 1.0138822074695624, 0.9740646097252217, 57.91967425793741, 0.993886083647604, 1.000099198694986]
00023698,93244,391403,55,3;[38692.91, 766, 1.0128055678324268, 1.0020142613457823, 123.04365198080062, 0.9864740144323954, 0.9985680697226298]
02011239,93051,390358,939,1;[116627, 1616, 1.226767054368351, 0.7894687830108843, 532.2675009887437, 0.9050921283062553, 0.9979207666638145]
02011239,93051,390358,940,2;[117272.12, 1552, 1.3092563299230477, 0.6068035466539268, 1228.139150718081, 0.8174875198029596, 1.0004923882862349]
02011239,93051,390358,940,3;[115392.36000000002, 1382, 1.318292950488103, 0.6057554136872206, 1168.9718829789124, 0.8214685434610559, 0.9951617190961454]
02011239,93067,390431,80,1;[118920, 1686, 1.2542632538325544, 0.7423580549697025, 569.507972460711, 0.9015609841400498, 0.9991975835080305]
02011239,93067,390431,80,2;[118553.75, 1466, 1.357853043853108, 0.531559173981394, 1633.6718951822672, 0.7669681218218305, 1.0011808155164184]
02011239,93067,390431,80,3;[118391.29000000001, 1452, 1.356266852165266, 0.5166416962040419, 1919.7424933362652, 0.746146720538869, 0.9946822592341072]
02011239,93067,390431,82,1;[118641, 1708, 1.2449748672074326, 0.7181549743029295, 893.282505245612, 0.8829947529564313, 0.9961502777089745]
02011239,93067,390431,82,2;[119248.70999999999, 1564, 1.3446848026017544, 0.5648885938993163, 1580.933163534961, 0.7894495725574902, 0.995040140603822]
02011239,93067,390431,82,3;[119714.71, 1434, 1.3542826948477997, 0.526979916014058, 2056.993155723269, 0.7251234012138238, 0.9949672644463422]
02011239,93096,390617,985,1;[116692, 1658, 1.24249198816296, 0.808200761305186, 593.4487026027602, 0.8906043572037874, 0.9970990716174705]
02011239,93096,390617,985,3;[115455.38, 1418, 1.3282275388581455, 0.6374442312904417, 1521.3487987242136, 0.7646659289135507, 0.9979868315096395]
02011239,93096,390617,986,2;[117091.23999999999, 1448, 1.3084930659141252, 0.6856419639128749, 1196.286329035447, 0.797253268629796, 1.0005084090862872]
02011239,93139,390919,102,1;[117379, 1712, 1.2282330911093862, 0.8078462631369242, 796.7003448656235, 0.8873595373247152, 0.9936678320790335]
02011239,93139,390919,102,2;[119220.15, 1512, 1.3770401088012958, 0.5089472011458898, 2095.068297686564, 0.7324270604301623, 0.9965384500611739]
02011239,93139,390919,102,3;[117903.57, 1412, 1.328656210046723, 0.5504035843614692, 1529.9069438810973, 0.7524930977388753, 0.9987698306776376]
02011239,93148,390958,452,1;[120294, 1614, 1.3278159476202218, 0.6225550249135221, 1261.0238793044919, 0.8281432758629721, 1.0027006751687921]
02011239,93148,390958,452,2;[116936.54, 1552, 1.321941468035762, 0.5742586742951914, 1317.463211886172, 0.8025810084082484, 0.9964407759311275]
02011239,93148,390958,452,3;[118457.05, 1462, 1.3390552445604098, 0.5392057778748746, 1591.021355224359, 0.7571806126754217, 0.9930116510763894]
02011239,93174,391097,944,1;[115789, 1634, 1.2360602781567875, 0.8085765807006626, 672.0021418727636, 0.9007379482195105, 0.9966731367629147]
02011239,93174,391097,944,2;[114926.62999999999, 1510, 1.3172811742534574, 0.6155551151938757, 1127.705228653941, 0.829468573790128, 0.9990379642081307]
02011239,93174,391097,944,3;[114674.48000000001, 1340, 1.3182123949532747, 0.6040507108458479, 1368.6495021835508, 0.803896915688656, 0.997194407877102]
02011239,93260,391459,220,1;[117062, 1700, 1.2413619639702593, 0.8204951892970752, 811.6401863374552, 0.885596061152482, 0.9971209540034072]
02011239,93260,391459,220,2;[115490.68999999999, 1464, 1.303444379783877, 0.6934132068266222, 1109.904663449888, 0.8164462635119065, 1.0005928232304226]
02011239,93260,391459,220,3;[118018.65000000001, 1430, 1.3548914329395276, 0.5815690308035358, 1793.5499390521295, 0.718576095141085, 0.9962472316828477]
02011239,93331,391886,298,1;[115718, 1646, 1.2205921459485618, 0.776693578962552, 697.2344406097402, 0.8936117073027604, 0.9979087706589744]
02011239,93331,391886,298,2;[117548.2, 1516, 1.3756616519061167, 0.5263497741207048, 2075.71238533834, 0.7315982624785673, 0.9965245726334054]
02011239,93331,391886,298,3;[118015.91, 1438, 1.3613632176448651, 0.5285279880511179, 2108.9797357386424, 0.7677025621574034, 0.9949181710035457]
02011239,93384,392075,333,1;[118950, 1684, 1.2319641615433563, 0.7375010922312449, 791.620269400836, 0.8865421919322041, 0.9976390467284233]
02011239,93384,392075,333,2;[120223.31999999999, 1582, 1.3319880322540039, 0.576774218032224, 1347.0331949162971, 0.8118873856839522, 0.9940374284196234]
02011239,93384,392075,334,3;[118057.01000000001, 1356, 1.2886390062202722, 0.648564078171752, 1157.7760607880286, 0.8337871472995934, 1.001016431338611]
02011239,93384,392075,336,3;[119116.02, 1420, 1.302945538818725, 0.5854081184562107, 1263.462135025676, 0.8089841962454187, 0.9971729219829687]
02011239,93384,392075,337,1;[118922, 1740, 1.2492116154755224, 0.7638034722072186, 859.3511361250377, 0.8920772312301488, 0.9940235880204285]
02011239,93384,392075,337,2;[117304.25, 1536, 1.3201723334547275, 0.6181872204919716, 1179.1622391595006, 0.8197647229250431, 0.9941004437273094]
02231472,93055,390380,488,1;[63495, 1256, 1.3407823839033928, 0.6465611453331287, 1075.3570215227141, 0.7944839537020634, 0.9908630550635529]
02231472,93055,390380,488,2;[63622.159999999996, 1108, 1.4115008942726675, 0.5546894823222367, 1875.8320045818266, 0.664127007382937, 0.992279138827023]
02231472,93055,390380,488,3;[62846.01, 1040, 1.3678301105385766, 0.5336528505488789, 1193.4621484004247, 0.7060857415339453, 0.9913020929001307]
02231472,93162,391020,54,1;[64691, 1206, 1.3544542242697641, 0.5848097380430619, 819.3238441088762, 0.7330800159068281, 0.9965032810622632]
02231472,93162,391020,54,2;[62914.11, 1138, 1.3548558082743067, 0.5751294605193159, 999.6607080394244, 0.7448493214552928, 0.9961093159744138]
02231472,93162,391020,54,3;[63151.520000000004, 1034, 1.3743971910069543, 0.5414914591780629, 1137.2768554201061, 0.7115469461877397, 0.9926139667090161]
