02230839,93028,390269,313,1;[42856, 914, 0.9467980653859138, 1.4766713817457988, 1038.1841109552317, 0.8460083627154756, 1.0006187324157414]
02230839,93028,390269,313,2;[20463.239999999998, 612, 0.941202443377434, 1.7229814378828296, 1201.1060748004968, 0.867883993700146, 1.0069094741773041]
02230839,93028,390269,313,3;[43187.880000000005, 786, 0.8715044762401524, 1.5135263437348245, 882.106931205217, 0.5036612380306433, 1.0053417951620875]
02230839,93028,390269,314,1;[28321, 742, 0.9583422160485021, 1.351504031476422, 814.4523503268288, 0.9117015882277193, 1.0045045045045045]
02230839,93028,390269,314,2;[19733.77, 628, 0.9063925098411038, 1.1838882345126998, 1172.2642143323458, 0.8997377756287407, 1.0042390843577786]
02230839,93028,390269,314,3;[42975.530000000006, 784, 0.8764236473717912, 1.4487804480659454, 714.3004124776674, 0.5339131109959807, 1.0044186865614293]
02230839,93028,390269,315,1;[42955, 916, 0.9277015361745393, 1.5809950552678167, 932.0139962175567, 0.854874772769192, 1.0031527323680522]
02230839,93028,390269,315,2;[21649.67, 624, 0.8937869340336198, 1.459098539508566, 889.1487834782839, 0.8871527276357731, 1.0019275250578257]
02230839,93028,390269,315,3;[17519.56, 550, 0.8709850007833498, 1.4628824051253195, 913.6164175301788, 0.8977566194365447, 1.005227370986126]
02230839,93028,390269,316,1;[39319, 868, 0.9494332662855355, 1.4253971217370949, 829.1656672513868, 0.8854507336270997, 9999]
02230839,93028,390269,316,2;[24565.17, 644, 0.8874709265849088, 1.3508669149568049, 847.083109240281, 0.880626998330257, 1.0044277929155314]
02230839,93028,390269,316,3;[43460.51, 784, 0.882926148115436, 1.386032685675046, 737.5151236832838, 0.6302658474409291, 1.0047031623620326]
02230839,93028,390269,317,1;[42976, 916, 0.9476930319128275, 1.480242886828561, 1056.6941278444008, 0.8454754442331474, 1.0021803766105055]
02230839,93028,390269,317,2;[19174.469999999998, 616, 0.9051126814662124, 1.2102898491367422, 1169.8028136213636, 0.8990048528355723, 1.0043319724499018]
02230839,93028,390269,317,3;[43713.96000000001, 786, 0.8705711302645197, 1.5490474094632523, 971.8126474320404, 0.5932050946260453, 1.006228220936283]
02230839,93032,390301,25,1;[18988, 644, 0.9438657205923344, 1.3441584983406882, 641.9607498513694, 0.9406144125042414, 1.0043903729172177]
02230839,93032,390301,25,2;[24153.43, 650, 0.9147125873783393, 1.278175181868938, 1595.0328092587176, 0.8230746265415188, 1.002494258266861]
02230839,93032,390301,25,3;[26335.510000000002, 618, 0.8862135062290873, 1.31740825812401, 1392.6727407767924, 0.7649888272891461, 1.0027647365675534]
02230839,93032,390301,26,1;[33708, 804, 0.9328351956882309, 1.383284032565217, 982.6254478094886, 0.8845170779255039, 1.003348662767335]
02230839,93032,390301,26,2;[43280.299999999996, 848, 0.9173151082672147, 1.2887539905095815, 1603.0601539118193, 0.7395680755766855, 1.0038919097960197]
02230839,93032,390301,26,3;[32300.49, 676, 0.88078681915218, 1.2687807523548564, 1126.159592124583, 0.7964898901989734, 1.004837300487992]
02230839,93032,390301,27,1;[39770, 874, 0.9337736192872707, 1.4284109636950224, 983.0988125666843, 0.8803777903048443, 1.0034187387251006]
02230839,93032,390301,27,2;[20522.739999999998, 626, 0.9093775331288875, 1.1831436716099057, 983.0335815727364, 0.9219400496187214, 1.0027618687676252]
02230839,93032,390301,27,3;[17446.95, 560, 0.8594141843146126, 1.2996016177501497, 944.4306326869785, 0.914363930566794, 1.0039020929407592]
02230839,93032,390301,28,1;[18454, 644, 0.9367375939756429, 1.3595607100081084, 600.3787048373371, 0.9468268185008033, 1.0032892054258298]
02230839,93032,390301,28,2;[18133.219999999998, 626, 0.8938309431833136, 1.6414077621799044, 867.3401049153001, 0.9298589598596302, 1.0062070787110406]
02230839,93032,390301,28,3;[20640.420000000002, 562, 0.8691038084454226, 1.3633579834509646, 1207.1471732373516, 0.7695893094331944, 1.0041322314049588]
02230839,93032,390301,29,1;[18203, 668, 0.9403771944618854, 1.5016492370292385, 1010.3931976395269, 0.8952977291304136, 0.99266530334015]
02230839,93032,390301,29,2;[40974.08, 816, 0.9179157708216649, 1.306386230726349, 1839.7764711884397, 0.7221826142018511, 1.0048151282575073]
02230839,93032,390301,29,3;[34597.98, 696, 0.8953990629047377, 1.2964472124696835, 1020.1634176111324, 0.7915890960721803, 1.0063559744167048]
02230839,93032,390301,31,1;[42265, 908, 0.9311529663432074, 1.457752056076348, 1062.090809918129, 0.8660287720845414, 1.000094649913632]
02230839,93032,390301,31,2;[36068.9, 768, 0.8982021142261544, 1.2757276547837333, 907.4508797990286, 0.8546972307424338, 1.0046736716497067]
02230839,93032,390301,31,3;[21703.54, 578, 0.8771600455120846, 1.3849405298225885, 1162.183026736681, 0.7636999535819609, 1.0008845084660096]
02230839,93032,390301,32,1;[42490, 908, 0.9378744502172728, 1.520114902074239, 907.5381004609433, 0.8788967544310184, 9999]
02230839,93032,390301,32,2;[43427.86, 848, 0.9125206419209831, 1.3106594792270547, 1589.110639492389, 0.743121120098594, 1.0037681876942541]
02230839,93032,390301,32,3;[17612.72, 540, 0.8718593302817289, 1.3988666170694581, 1322.3932449666072, 0.7777215987682676, 0.9889611138889958]
02230839,93032,390301,33,1;[43151, 922, 0.9384393286517001, 1.464737627847211, 1089.9495436543027, 0.8540155183024194, 1.0028352971251946]
02230839,93032,390301,33,2;[20581.05, 618, 0.9080037786761125, 1.3047843066370752, 877.8868493806666, 0.9317769424763149, 1.0069575849320254]
02230839,93032,390301,33,3;[18881.34, 570, 0.8980029192641965, 1.3050523932833273, 857.23113449135, 0.8168402438282099, 1.001125921621327]
02230839,93032,390306,22,1;[42674, 908, 0.9195946047141594, 1.4695346577597104, 925.6934033236399, 0.8617938587454372, 1.005418904909999]
02230839,93032,390306,22,2;[20838.09, 620, 0.9100616645717452, 1.276948066867521, 820.6415954651353, 0.935815399195792, 1.0019454139726498]
02230839,93032,390306,22,3;[32907.4, 676, 0.8921441178246079, 1.27904930468869, 1020.844306200757, 0.7930868067943678, 1.0064316091592818]
02230839,93032,390306,23,1;[18305, 642, 0.9444825458002554, 1.317937429846066, 652.2499774125506, 0.9403663893536395, 1.0033435650076739]
02230839,93032,390306,23,2;[24674.649999999998, 652, 0.9196154162603956, 1.2392334440034463, 1547.3815639713418, 0.8223674104664407, 0.9998553380268107]
02230839,93032,390306,23,3;[21822.730000000003, 574, 0.8853509243969654, 1.3049627296417896, 1376.8064846146249, 0.7591632437120285, 1.0027699087189172]
02230839,93032,390306,24,1;[18041, 648, 0.9516716438566901, 1.449272566008115, 590.1996537510474, 0.9593774323962374, 1.0004436311207232]
02230839,93032,390306,24,2;[36160.53, 766, 0.9167116095699451, 1.2710849053769484, 1803.1765262661304, 0.7561822093135521, 1.0048278826758374]
02230839,93032,390306,24,3;[23442.070000000003, 590, 0.9185073169898166, 1.5690222782635874, 730.9838738379196, 0.7995586499271956, 1.0058785491740638]
02230839,93051,390364,630,1;[33197, 794, 0.9288426500193446, 1.441499569306948, 782.0983562500803, 0.9016653463468235, 1.0031123466489393]
02230839,93051,390364,630,2;[17623.899999999998, 622, 0.8961072727889251, 1.4549375151056911, 1041.6459353650373, 0.9158140460994398, 1.0021992894603282]
02230839,93051,390364,630,3;[31062.010000000002, 660, 0.8623985331873699, 1.4909506476643197, 1178.1182889043196, 0.7459958757826717, 1.0036075515127372]
02230839,93073,390479,537,1;[18454, 658, 0.9120947867731511, 2.2182578801515227, 631.6196547305309, 0.9539626464591431, 1.0039714923018335]
02230839,93073,390479,537,2;[43155.35, 854, 0.9066534195306801, 1.2819912283449586, 1781.2292994727459, 0.6921325648290559, 0.9999448534480382]
02230839,93073,390479,537,3;[19030.670000000002, 576, 0.8685282468579223, 1.1816128208801577, 918.8748922023199, 0.808233143582392, 1.002489806228124]
02230839,93073,390479,539,1;[20031, 682, 0.9538971684949893, 1.8012869447251632, 954.4418959702582, 0.9066405871622872, 1.0048408537961826]
02230839,93073,390479,539,2;[18359.32, 618, 0.9477772237621181, 1.3041053389758055, 1530.2391035983737, 0.8398135144173936, 1.0043616952021353]
02230839,93073,390479,539,3;[19778.690000000002, 566, 0.8936598103545156, 1.402808060289755, 1230.7702168536503, 0.7716321095653755, 0.9963079258824747]
02230839,93073,390479,540,1;[18853, 664, 0.9566286375030697, 1.3639167558824354, 1038.9003312730497, 0.8950331424563767, 1.0082357345312583]
02230839,93073,390479,540,2;[37644.46, 790, 0.9097344745827954, 1.277859290010248, 1833.9864559662392, 0.7533080408905176, 0.9996997803656359]
02230839,93073,390479,540,3;[19263.57, 588, 0.8688669265693488, 1.5816146235311326, 946.436568705146, 0.9225277987078331, 1.0015670631811382]
02230839,93073,390479,541,1;[42054, 906, 0.9329931060671833, 1.500331932017782, 927.8079767454971, 0.8777504775331899, 1.0026942609856704]
02230839,93073,390479,541,2;[27657.98, 682, 0.917819046543805, 1.2297048501746146, 1641.2118646958686, 0.8029389622363231, 0.9991831821503805]
02230839,93073,390479,541,3;[20448.620000000003, 616, 0.8794859913145984, 1.4482185528979161, 894.0858727352091, 0.9308220190223824, 1.0018458234050407]
02230839,93079,390520,100,1;[38160, 860, 0.9609651491526557, 1.3643180488948778, 860.943350492857, 0.893179790004315, 9999]
02230839,93079,390520,96,3;[17899.050000000003, 562, 0.8680685882296433, 1.0554764105141061, 811.0177279546683, 0.9080605109158686, 1.0010343638662222]
02230839,93079,390520,97,2;[17871.42, 614, 0.9099403272568728, 1.4003090050325957, 1210.9270742826, 0.8959542140015267, 0.9996339068792226]
02230839,93079,390520,98,1;[36489, 838, 0.9367207407446286, 1.4105537358903242, 720.1822052986554, 0.8995433007557895, 1.003120232024302]
02230839,93079,390520,99,2;[21793.66, 626, 0.8922341842081917, 1.3661203553566323, 796.5323805971859, 0.9008273660324277, 9999]
02230839,93079,390520,99,3;[18973.13, 572, 0.8814678104526491, 1.6494184631085802, 915.6184058299382, 0.9195464850796119, 1.0024973759455644]
02230839,93081,390536,225,2;[18123.7, 610, 0.9064115807985434, 1.412578453200707, 1260.1571094651642, 0.8832319658901913, 0.9908268817903845]
02230839,93081,390536,225,3;[19067.66, 590, 0.8762376541557149, 1.4662172264709314, 1260.3641964490603, 0.8201688448767794, 1.0023405710993483]
02230839,93081,390536,226,1;[43068, 918, 0.9597005329408848, 1.4469968100272335, 1075.2386156893506, 0.8591760827701044, 1.0000348298561528]
02230839,93081,390536,227,1;[20445, 676, 0.9745906697323039, 1.9319877156149794, 920.3451526499296, 0.8979164680980314, 0.9980960749853545]
02230839,93081,390536,227,2;[43354.079999999994, 850, 0.923426196762709, 1.3027102657445777, 1274.109381984001, 0.7683526358917077, 9999]
02230839,93081,390536,227,3;[27564.4, 630, 0.8774300369226369, 1.5012981883644863, 1115.5096017333226, 0.7496401984220457, 1.0042676383238913]
02230839,93081,390536,228,1;[27626, 734, 0.9437886659219753, 1.38159266303302, 778.2374252377032, 0.9147103371835174, 1.0040159183005941]
02230839,93081,390536,228,3;[35170.64, 704, 0.8960974108647977, 1.294375003555577, 890.1970621934743, 0.7932490917777488, 1.0047159657945717]
02230839,93081,390536,229,2;[43544.479999999996, 858, 0.9219435946827812, 1.3430136025865735, 1628.595718416799, 0.7505985880756416, 1.0019440869636647]
02230839,93081,390536,230,1;[20065, 686, 0.9828129890819227, 1.2613304167112394, 452.5605612272661, 0.9729868711012613, 1.0024730833603956]
02230839,93081,390536,230,2;[43496.88, 854, 0.9210600324885192, 1.3606005831017043, 1476.333299580322, 0.7670569274347693, 1.0011640805817663]
02230839,93081,390536,231,3;[19015.600000000002, 566, 0.8933722587288068, 1.1832006888239535, 857.1364895903876, 0.8022111520540277, 1.0009013881377322]
02230839,93081,390536,232,1;[19765, 708, 0.978771999507164, 1.2064190155015402, 531.9268486172182, 0.9677740110560684, 0.9992416582406471]
02230839,93081,390536,232,2;[43693.229999999996, 856, 0.9164749126520478, 1.3174696787777407, 1779.1879896747146, 0.7304157551005999, 9999]
02230839,93081,390536,232,3;[41504.15, 766, 0.8948616746844484, 1.3794561050284215, 694.5986184381875, 0.72682526684949, 1.005643153526971]
02230839,93081,390536,233,1;[39277, 870, 0.9279834352049796, 1.415475289138917, 995.9667247691311, 0.8760759099678087, 1.001338449183546]
02230839,93081,390536,233,2;[34377.909999999996, 752, 0.9167317404747277, 1.3055279770670085, 1872.5296361218434, 0.7445149952566033, 1.001386529862387]
02230839,93081,390536,233,3;[20995.25, 618, 0.8846382860090937, 1.4267174025152471, 921.2817215821401, 0.9269039937918089, 1.0012740518114402]
02230839,93093,390601,887,1;[37421, 846, 0.9413670427000265, 1.441845743825533, 904.8211824940289, 0.8866232457855407, 1.0030153986356996]
02230839,93093,390601,887,2;[42725.759999999995, 844, 0.9185915397451206, 1.339618082985893, 1638.7636449673457, 0.7612728958379803, 1.0033814940055334]
02230839,93093,390601,887,3;[23080.390000000003, 584, 0.8766070788745205, 1.3002224972483891, 1079.2104065100277, 0.7923576422161103, 1.003514415058375]
02230839,93093,390601,888,1;[23271, 684, 0.9436535855989453, 1.3912011846156782, 695.6257484057708, 0.9338601030027812, 1.0050314193785226]
02230839,93093,390601,888,2;[43424.29, 854, 0.9227828113000052, 1.2905908201044276, 1796.08540303681, 0.7161461929612242, 1.001770688921527]
02230839,93093,390601,888,3;[41067.12, 762, 0.8673833711476349, 1.5411207011730956, 1137.4369621086003, 0.6900785141960374, 9999]
02230839,93093,390601,889,2;[17808.35, 600, 0.9103991707783977, 1.3623046370536154, 1221.1407983545776, 0.898067120590309, 0.9991987714495559]
02230839,93093,390601,889,3;[18966.280000000002, 570, 0.8813089374126366, 1.5846143392573695, 887.0050359462447, 0.9214115784606789, 1.0022805429864254]
02230839,93093,390601,890,1;[20830, 704, 0.977350570190552, 1.1976170852355903, 475.7533931326083, 0.9723581482763375, 1.0042425995564555]
02230839,93093,390601,891,1;[18735, 646, 0.9571366139529405, 1.3433855396682715, 710.850818588595, 0.9396134034690914, 1.0057440412282586]
02230839,93093,390601,891,2;[20304.969999999998, 630, 0.9085039166562158, 1.218985660181958, 1057.5148456370512, 0.9173867972335199, 1.001820103334899]
02230839,93093,390601,891,3;[18984.09, 580, 0.8712987285490223, 1.5346613507342999, 942.7101770423756, 0.9216161804866758, 1.0032580364900088]
02230839,93100,390649,1337,1;[18371, 698, 0.9530809136898436, 1.2644582637842352, 694.1837006254427, 0.955713491654882, 1.0020181084324207]
02230839,93100,390649,1337,3;[35167.9, 702, 0.8705114260101029, 1.537574238951326, 1257.0134919273223, 0.7179463298078568, 1.0045000978282137]
02230839,93100,390649,1338,2;[43448.09, 852, 0.9237200635516373, 1.3044296158338982, 1700.4329539815346, 0.7244749402934326, 1.0036008796041782]
02230839,93100,390649,1339,1;[36625, 834, 0.9314733131919206, 1.5374311227945892, 913.6654991902747, 0.8966041108914978, 1.0028339471270347]
02230839,93100,390649,1339,2;[18048.73, 600, 0.9075271522122534, 1.4471105392657373, 1365.1024131197764, 0.8835979369619223, 1.0045036095105637]
02230839,93100,390649,1339,3;[17912.75, 558, 0.87318710495851, 1.5240279719713128, 879.7430227904133, 0.916045598608332, 1.0011102178323954]
02230839,93118,390766,180,1;[25339, 714, 0.9384207965357009, 1.382394925050098, 776.373366591626, 0.9180858421399949, 9999]
02230839,93118,390766,180,2;[18046.35, 612, 0.8839663095491983, 1.4360698157619165, 1194.4028513214384, 0.8934515767797221, 0.9981241978477638]
02230839,93118,390766,180,3;[43887.950000000004, 796, 0.8820083010560205, 1.3374295025066456, 713.1278139144285, 0.5814938796111166, 1.0056821749230866]
02230839,93118,390766,181,1;[43556, 924, 0.9451159587285136, 1.505806815854704, 942.4266926748192, 0.8642805656599624, 1.0056683714110897]
02230839,93118,390766,181,2;[21797.23, 630, 0.8935343828597292, 1.439385574476448, 863.6614374147981, 0.8942731104600437, 0.9968706631472966]
02230839,93118,390766,181,3;[25173.750000000004, 612, 0.8958532055089206, 1.2939644769730656, 1268.9693390628142, 0.7639995904812292, 1.0033581783929888]
02230839,93118,390766,182,1;[43401, 922, 0.9419619676015328, 1.5112944791490746, 1051.8612084942868, 0.8508323100077304, 1.0050831953498605]
02230839,93118,390766,182,2;[27608.0, 690, 0.8895712606825564, 1.356256022830248, 860.5027459985397, 0.878645216134597, 0.9988805648841815]
02230839,93118,390766,182,3;[27135.590000000004, 628, 0.8939893440372085, 1.3793553484691221, 1330.3421858913623, 0.7435994693007782, 1.0016941866639695]
02230839,93118,390766,183,1;[23534, 688, 0.9624026440669627, 1.4099929645029299, 714.730061140157, 0.9288071367388346, 1.0029619212001109]
02230839,93118,390766,183,2;[19987.239999999998, 628, 0.909733131640645, 1.2670489564004153, 1120.085213470568, 0.9075978308567877, 0.9974167879093797]
02230839,93118,390766,183,3;[19533.460000000003, 562, 0.8739501304701282, 1.3370934575238953, 1120.8957304328692, 0.787025495490869, 1.0044381824586122]
02230839,93118,390766,184,1;[39411, 872, 0.9469468249004054, 1.399458064999813, 958.4433957122855, 0.8825316025374323, 1.0067052377485728]
02230839,93118,390766,184,3;[18311.420000000002, 580, 0.8850015176779359, 1.2460041015115906, 947.0004968662483, 0.8750034795680435, 1.0009360841726889]
02230839,93118,390766,185,2;[22480.289999999997, 656, 0.9050056782014673, 1.161342914079175, 976.2731145527531, 0.918803268095053, 1.0011659335417882]
02230839,93118,390766,186,1;[39246, 868, 0.9378511805482647, 1.4358948262350306, 961.9294576731944, 0.8808779408533649, 1.0024649101521093]
02230839,93118,390766,186,2;[19136.39, 612, 0.9178234936282841, 1.3933207759287904, 1188.1852630531714, 0.9030224310215252, 0.9997823992042028]
02230839,93118,390766,186,3;[17999.06, 586, 0.8809863471779764, 1.204941467972726, 1012.9710448765916, 0.8930192985197235, 1.001219326322207]
02230839,93118,390766,187,1;[18279, 674, 0.9610466963429208, 1.3072274079017037, 720.2350846129738, 0.9499388482803652, 1.00211068775527]
02230839,93118,390766,187,2;[17845.239999999998, 596, 0.9120223309752961, 1.4653605212708631, 1201.1129392734838, 0.8660551862782272, 0.9995334266480037]
02230839,93118,390766,187,3;[19722.52, 564, 0.8738053264412526, 1.404956486391092, 1232.5078859471819, 0.7660768620978834, 1.005096697619214]
02230839,93118,390766,188,1;[19208, 668, 0.9706960389696737, 1.3612135587136966, 528.9152931191768, 0.9667575575217403, 1.001799358489582]
02230839,93118,390766,188,2;[43256.5, 856, 0.922033770159765, 1.286581931215826, 1445.3423177679022, 0.757011958944853, 0.9997799658947136]
02230839,93118,390766,188,3;[18422.390000000003, 556, 0.887290910778197, 1.3673078206933753, 1270.2387772789855, 0.7746175098369152, 0.991337682922334]
02230839,93118,390766,189,1;[19303, 670, 0.9622512819161847, 1.3116481056098306, 554.8058257069484, 0.9644769919332352, 1.0028053405371709]
02230839,93118,390766,189,2;[30703.19, 720, 0.890535313994424, 1.347391380243053, 917.097395575744, 0.8652800756342849, 1.00151385761975]
02230839,93118,390766,189,3;[21108.960000000003, 572, 0.8832615963483397, 1.2984385245581518, 1503.2859208026323, 0.7445325067120092, 0.995284542342226]
02230839,93118,390766,190,1;[33661, 806, 0.9359545038304191, 1.5493134848183399, 848.394855203993, 0.8964619064203923, 1.0008325156840008]
02230839,93118,390766,190,2;[22023.329999999998, 632, 0.9262164591535962, 1.2178851611028148, 1492.7288103471697, 0.831138717628156, 1.0029535293320688]
02230839,93118,390766,190,3;[43483.8, 790, 0.8692066821772991, 1.58095153193575, 1225.8555777379272, 0.6221755892652532, 1.0038109394519206]
02230839,93118,390766,191,1;[42546, 910, 0.9411426688241499, 1.5855200260409, 970.5667263403235, 0.8762081410053393, 1.0010234692076936]
02230839,93118,390766,191,2;[20646.5, 660, 0.906155808414527, 1.1521170161769196, 994.908706425502, 0.9214545287834135, 0.998474951802722]
02230839,93118,390766,191,3;[43955.08, 798, 0.8815748547361841, 1.368345330317638, 722.2385076922867, 0.5703758192017598, 1.0031579276490636]
02230839,93118,390766,192,1;[41010, 892, 0.9462986047925419, 1.4113589942020082, 1030.7250259817117, 0.8814743386935094, 1.006590331725636]
02230839,93118,390766,192,2;[21500.92, 628, 0.9319768295008553, 1.2281928918391387, 1372.0122124361324, 0.8540296377037854, 0.9968276737193457]
02230839,93118,390766,192,3;[38516.18, 740, 0.8930847396954905, 1.390331037265726, 910.227579800347, 0.7960078539506367, 1.0035159108350735]
02230839,93118,390766,193,1;[17757, 644, 0.9014417055180757, 1.3400495011220546, 713.0888587000845, 0.9429231829685255, 1.0032770213006386]
02230839,93118,390766,193,2;[29727.39, 714, 0.8962416405045994, 1.2645297266380735, 645.63096177694, 0.9161766865811252, 1.0013628893253699]
02230839,93118,390766,193,3;[20678.780000000002, 572, 0.8907316598585479, 1.2911100603044317, 1306.7759155187066, 0.7682004447230446, 0.9968629263943467]
02230839,93118,390766,194,1;[42754, 914, 0.9456816026319402, 1.572736085336728, 744.4367547141969, 0.895207450591347, 1.0042987009936342]
02230839,93118,390766,194,2;[42513.939999999995, 844, 0.9190111035719929, 1.3125837517923395, 964.8134519775189, 0.8359821536886364, 1.0021318373071528]
02230839,93118,390766,194,3;[18614.190000000002, 588, 0.8640368983959149, 1.5132985235744774, 1009.535420309635, 0.9170542920749216, 1.0024716862802967]
02230839,93118,390766,195,1;[42368, 914, 0.9597337087216988, 1.4106044477655966, 1037.8879989007885, 0.878242286719794, 0.9963431984667301]
02230839,93118,390766,195,2;[43456.42, 860, 0.9123921909747692, 1.3039603560884505, 1730.5844272704894, 0.7258854141679877, 1.0027596622502917]
02230839,93118,390766,195,3;[18568.980000000003, 552, 0.8829664823999045, 1.3815276305479267, 1281.629887079759, 0.7966394928261183, 0.974091774767329]
02230839,93118,390766,196,1;[36014, 832, 0.9447901948975161, 1.4067424152961325, 918.8781625109033, 0.8958544761779513, 1.0050091392373273]
02230839,93118,390766,196,2;[21402.149999999998, 628, 0.9282321834685143, 1.2197356045371532, 1300.074901262615, 0.8679538631779186, 1.0012526096033403]
02230839,93118,390766,196,3;[27528.780000000002, 634, 0.8639873990174387, 1.4807074058963796, 1219.8334035010555, 0.7496542547978433, 9999]
02230839,93118,390766,197,1;[19700, 656, 0.9451130491665888, 1.4324631937724475, 644.6519706918175, 0.9440759311845706, 1.0002792657848638]
02230839,93118,390766,197,2;[29097.879999999997, 706, 0.9209816156586195, 1.236026100635835, 1526.7968901768156, 0.8333496660056797, 0.9984483462637811]
02230839,93118,390766,197,3;[19471.81, 570, 0.87355620143615, 1.5670885710594151, 1090.134730467624, 0.8932069140346524, 1.001903284928803]
02230839,93118,390766,198,1;[20062, 712, 0.9779016524612814, 1.1952806561763198, 545.3026625498745, 0.9671585552278965, 0.99997507788162]
02230839,93118,390766,198,2;[17896.41, 604, 0.9195883586181106, 1.3418333444506727, 1245.5158327430925, 0.871728408584189, 0.9958283671036948]
02230839,93118,390766,198,3;[43831.780000000006, 798, 0.8802271386795286, 1.4975629084122521, 927.5236137043509, 0.5141827648176965, 1.0043162305965816]
02230839,93118,390766,199,1;[41987, 904, 0.9456744268965313, 1.4681673577253038, 968.2215448314025, 0.8712629599726955, 1.0009655155972488]
02230839,93118,390766,199,2;[29942.78, 710, 0.8939937779085648, 1.3244866578463288, 794.6743488852316, 0.890027305772137, 1.0001788730994734]
02230839,93118,390766,199,3;[38872.380000000005, 744, 0.8935553776852232, 1.3629453753739884, 898.1529036448052, 0.7769323217953418, 1.0025085679963255]
02230839,93118,390766,201,1;[43460, 924, 0.9484615011147449, 1.6126889745240895, 990.3541167420383, 0.8806673194823396, 1.0042981929102925]
02230839,93118,390766,201,2;[18370.03, 612, 0.9098961080921905, 1.4331639636571518, 1215.9723873965718, 0.8991455349347854, 0.9999676113360324]
02230839,93118,390766,201,3;[30926.38, 666, 0.8564056766222476, 1.5129431986097375, 1425.473494995167, 0.725449526212513, 1.0025759459939598]
02230839,93123,390800,1735,1;[27094, 726, 0.9541440025306122, 1.3704688058221015, 802.1440776939488, 0.9181418149150808, 1.0049144149991656]
02230839,93123,390800,1735,2;[43517.11, 854, 0.918793509027454, 1.371185307311683, 1600.0953103364432, 0.7648326179917425, 1.0029483153463241]
02230839,93123,390800,1735,3;[36485.840000000004, 716, 0.885680105259049, 1.3557148274350541, 977.8836814249922, 0.7896938190533377, 1.0050949164056309]
02230839,93131,390861,646,1;[18509, 706, 0.9593790894543229, 1.2402141742463961, 651.9589541830056, 0.9575820490212538, 1.0040958038354084]
02230839,93131,390861,646,3;[37276.33, 726, 0.902500596193186, 1.3289472800272175, 781.2579059757129, 0.7707161512408975, 1.0051162704789347]
02230839,93131,390861,647,2;[19036.43, 602, 0.9007001024319722, 1.720332346750891, 932.0854894076293, 0.8999893056649112, 0.998969619383645]
02230839,93131,390861,648,1;[27141, 736, 0.9615195462827332, 1.3944865795450567, 801.788089159676, 0.9220881987004562, 9999]
02230839,93131,390861,648,2;[43538.53, 856, 0.9169291919782213, 1.3586167508052183, 1777.060862638675, 0.7569739352225058, 0.998281036834925]
02230839,93131,390861,648,3;[19736.22, 584, 0.8720141539614941, 1.503378793742884, 1042.5146556327386, 0.9120102319592096, 1.0034129692832765]
02230839,93139,390916,16,2;[25371.989999999998, 656, 0.8819539280971707, 1.362703997783154, 785.6798862378417, 0.89572821410752, 1.0029400004704]
02230839,93139,390916,16,3;[43496.130000000005, 786, 0.8646320552487051, 1.5642625382458573, 1138.2223488560442, 0.6127511792245008, 1.0057177249473368]
02230839,93139,390916,17,1;[17361, 654, 0.90166665311496, 1.3812682392789097, 591.2951278955431, 0.9540856877015215, 1.0]
02230839,93139,390916,18,1;[40709, 884, 0.9262183777238769, 1.407303382205049, 882.126914120563, 0.8816686632643543, 1.0032283503376214]
02230839,93139,390916,18,2;[18097.52, 604, 0.9078878621561833, 1.3456634664335736, 1249.0764769026946, 0.8985040875769048, 0.9983260577017757]
02230839,93139,390916,18,3;[17975.77, 550, 0.8786906909029787, 1.320984845056014, 1127.8905381455845, 0.7830785483680617, 1.0020620131357874]
02230839,93139,390916,19,1;[38737, 862, 0.9438682468674289, 1.399348154781063, 893.5752229997446, 0.8866983013781684, 1.002017641428904]
02230839,93139,390916,19,2;[21750.82, 626, 0.851026816585662, 1.9152091223681251, 1058.1877239549426, 0.8832183737439517, 1.0013696378677477]
02230839,93139,390916,19,3;[17771.640000000003, 550, 0.8715864428263426, 1.2402347421534097, 828.346887889178, 0.8998641148524903, 1.0024342181523125]
02230839,93139,390916,20,1;[21099, 708, 0.9729595611341529, 1.1719002215090804, 412.7685479664998, 0.9764525492000916, 1.002828013973716]
02230839,93139,390916,20,2;[43684.9, 856, 0.9135224917186107, 1.3182761510468624, 1723.1968389994202, 0.7280202286176303, 1.0020882525557209]
02230839,93139,390916,20,3;[27626.050000000003, 628, 0.8751674149717137, 1.3950665221362517, 1099.0116569825286, 0.775197670689712, 1.0033336650412976]
02230839,93139,390916,21,1;[17428, 660, 0.910758939116637, 2.0996723471162153, 640.2580741008371, 0.9548511620972052, 0.9972533760585947]
02230839,93139,390916,21,2;[42934.009999999995, 850, 0.9145606104885857, 1.2825517112369538, 1423.7827451909372, 0.7560492806454638, 1.000554646551485]
02230839,93139,390916,21,3;[29848.190000000002, 648, 0.8933861106111791, 1.2576436272974776, 1073.8685896246222, 0.7963661762027687, 1.0058401237275225]
02230839,93174,391100,648,1;[33420, 800, 0.9427493345919078, 1.374825676386276, 913.9169015745837, 0.8931614133836369, 1.0013033122106871]
02230839,93174,391100,648,2;[43782.479999999996, 856, 0.9184349895144256, 1.3427353325375406, 1766.2670693914042, 0.7380113325419254, 1.003176507477744]
02230839,93174,391100,648,3;[39561.490000000005, 748, 0.8705445109805764, 1.5535253233934336, 1476.9197380787823, 0.6810960429508396, 1.0053265561899456]
02230839,93182,391160,153,1;[18577, 644, 0.9461466900600323, 1.3361515503423653, 594.7647521617555, 0.9462744535730179, 1.0042707319710238]
02230839,93182,391160,153,2;[23544.149999999998, 644, 0.8956664494645298, 1.3542685606120044, 883.6885312078365, 0.8901079844031226, 0.9921022940955246]
02230839,93182,391160,153,3;[43889.32000000001, 796, 0.8728443489999909, 1.5129155877561977, 1101.232627552068, 0.549787899226542, 1.0050509803921568]
02230839,93182,391160,154,1;[19154, 662, 0.9749812017941596, 1.3300765289380654, 478.1926911441052, 0.9713446605187122, 1.003536531055982]
02230839,93182,391160,154,2;[18256.98, 614, 0.9071778430857882, 1.4479295317244105, 1212.8207353856562, 0.9035426338107094, 1.0016321734021023]
02230839,93182,391160,154,3;[38183.270000000004, 738, 0.8720539498624935, 1.5530626016874658, 1312.3113920240064, 0.7093248560167367, 1.0048673204499567]
02230839,93182,391160,155,1;[17230, 646, 0.9424684271528752, 1.2681203676078605, 977.8471474919505, 0.8868609672194562, 9999]
02230839,93182,391160,155,2;[42818.579999999994, 848, 0.9088238706700162, 1.3533355115948233, 1881.699921813681, 0.7333984950352289, 0.9982798801464876]
02230839,93182,391160,155,3;[30619.500000000004, 658, 0.8721751029784038, 1.503000212343796, 1245.9146861960091, 0.7531725480938756, 1.003682414226693]
02230839,93182,391160,156,1;[17390, 674, 0.9284477122280292, 1.3349514107654572, 865.2229517382996, 0.9218677577223832, 0.9852970339103091]
02230839,93182,391160,156,2;[43683.71, 856, 0.9139208236905934, 1.315726017015307, 1901.7442416334818, 0.7090212258070573, 0.9997957321640134]
02230839,93182,391160,156,3;[27972.660000000003, 634, 0.8786008472893254, 1.3578807475207308, 1151.114805490559, 0.7794426376502593, 1.0027255985267034]
02230839,93204,391209,498,1;[17970, 698, 0.9209287377749746, 1.9477702210137706, 744.433804343703, 0.9504374176670781, 1.0013373453694416]
02230839,93204,391209,498,2;[36646.049999999996, 784, 0.9208919848740842, 1.3002358548018835, 1663.6481294603836, 0.8025725585997545, 0.99619894864537]
02230839,93204,391209,498,3;[18222.370000000003, 550, 0.8850968531642595, 1.2935272948668626, 1303.536670562582, 0.7886586404295464, 0.972437490861237]
02230839,93204,391209,499,1;[27502, 736, 0.9279023533577091, 1.4984258496901572, 693.9351712704704, 0.9264410705656925, 1.0042907484160748]
02230839,93204,391209,499,2;[43606.36, 858, 0.9229529782272526, 1.3312063113487902, 1899.5615490031576, 0.7289867326062348, 0.9998362892223738]
02230839,93204,391209,499,3;[19373.170000000002, 610, 0.8856028302551122, 1.3435510497430398, 962.2583113014114, 0.9298771435727974, 1.001700077920238]
02230839,93244,391401,65,1;[25456, 714, 0.9286278317862044, 1.4144154085674503, 659.1452502305824, 0.9286519776182705, 1.0030932913013497]
02230839,93244,391401,65,2;[19580.26, 614, 0.896334174138358, 1.4076112685965447, 885.9569507968204, 0.9033400197902192, 0.9955829854178012]
02230839,93244,391401,65,3;[23983.22, 598, 0.8740086335548537, 1.2756400932231657, 1150.4389107489296, 0.7815648348686586, 1.001115145969748]
02230839,93244,391401,66,1;[29261, 752, 0.9508777612635668, 1.3514192111457444, 812.8750430905221, 0.9143677012688093, 1.005498092849043]
02230839,93244,391401,66,2;[18290.3, 614, 0.9122283898159714, 1.681561956884451, 1175.2773872672467, 0.8990432552530027, 0.9998048526637612]
02230839,93244,391401,66,3;[20854.140000000003, 592, 0.8811660618874126, 1.3527212694209751, 750.7631181181866, 0.8354506062025414, 1.0028989326657003]
02230839,93244,391401,68,1;[17912, 654, 0.9069261528035013, 2.2057167369566315, 673.4974756077186, 0.9498291926895347, 1.0006983435291488]
02230839,93244,391401,68,2;[19306.559999999998, 636, 0.9100711599328101, 1.2681252445650442, 994.4165842547843, 0.9259964279891632, 0.9932959867756451]
02230839,93244,391401,68,3;[20636.31, 614, 0.8792054106810325, 1.3954127204964353, 948.1955643269861, 0.9271502402494112, 1.0041665277824072]
02230839,93244,391401,71,1;[17935, 650, 0.916239100104804, 2.2732041021405047, 539.3619246311592, 0.9634730077072629, 0.9988026619886949]
02230839,93244,391401,71,2;[42804.299999999996, 850, 0.9070658474607666, 1.2969841126314339, 1456.567105600555, 0.7552799066355183, 0.9977946989556027]
02230839,93244,391401,71,3;[41867.200000000004, 772, 0.8849603437740597, 1.2601879369753246, 688.8656661253447, 0.7507932641098303, 1.0061236583920459]
02230839,93244,391401,72,1;[22500, 708, 0.9858321980625656, 1.1914014080864328, 391.6799797078522, 0.9776982156169619, 1.002093261479535]
02230839,93244,391401,72,2;[43349.32, 854, 0.9160612767764972, 1.3178596350919984, 1926.332782074665, 0.7037062866564188, 1.0008654678334454]
02230839,93244,391401,72,3;[43679.71000000001, 790, 0.8915835099268116, 1.3288954445498782, 622.703869243212, 0.6824851498962511, 1.0065349160247505]
02230839,93244,391401,73,1;[17661, 646, 0.9029455733895687, 1.5495908643402092, 598.3799915515467, 0.9538179499816277, 1.0024122371371003]
02230839,93244,391401,73,2;[18749.64, 610, 0.9103482370575127, 1.4475034271454914, 1158.82053553854, 0.9030771525828567, 1.0011437285550895]
02230839,93244,391401,73,3;[42172.71000000001, 776, 0.8842726592655072, 1.3731720473246356, 779.9809316181653, 0.7497721901013853, 1.0058160431302074]
02230839,93265,391502,620,1;[42864, 918, 0.9516722872882403, 1.418257773312869, 1096.3936724125736, 0.8608301661579284, 0.9992190687102978]
02230839,93265,391502,620,2;[40688.479999999996, 818, 0.9112190612074594, 1.3151069748551032, 1946.7326808397518, 0.7031164712056113, 1.0029332394696704]
02230839,93265,391502,620,3;[30670.190000000002, 662, 0.8904084723491344, 1.257819538103954, 1156.4614722283595, 0.7813728425591132, 1.0035413304644074]
02230839,93265,391502,621,1;[42500, 916, 0.9482987786891722, 1.3974244138514955, 1131.4853704501127, 0.8565223461153442, 0.9970674486803519]
02230839,93265,391502,621,2;[18415.25, 628, 0.9020932300006449, 1.2614797691885173, 1102.8639560101433, 0.9103450803105299, 1.000096939929557]
02230839,93265,391502,621,3;[19881.440000000002, 586, 0.8679747152223153, 1.472741966660726, 980.9707842825319, 0.9139504597137427, 1.0039085469198574]
02230839,93331,391892,175,1;[17735, 644, 0.9339312119698099, 1.6766456084996446, 1084.4182402055146, 0.8551356482235156, 0.9908928371885127]
02230839,93331,391892,175,2;[33751.97, 740, 0.9166128329189834, 1.3012162323192693, 1737.8682226981373, 0.785101453462869, 1.0036092141113195]
02230839,93331,391892,175,3;[42449.450000000004, 772, 0.8864921357875021, 1.3238059569853626, 648.9956304822542, 0.6956389975509587, 1.0048157216285896]
02230839,93389,392117,676,1;[42688, 912, 0.9519433249890351, 1.4020576252409094, 977.2126508477725, 0.8708994914089433, 1.0060331825037707]
02230839,93389,392117,676,2;[19286.329999999998, 614, 0.8930922195358285, 1.585997693017606, 1024.2264051465002, 0.875665502785168, 0.9924678505817514]
02230839,93389,392117,677,3;[43838.630000000005, 800, 0.8682292651833563, 1.5199022290875324, 785.5409388971595, 0.5355094820837644, 1.0028676643422394]
02230839,93389,392117,678,1;[39433, 872, 0.9423129613051783, 1.414261481661561, 898.2116298240525, 0.8881182750807303, 1.004176322289847]
02230839,93389,392117,678,2;[43402.869999999995, 862, 0.9174358025345848, 1.2956590071199023, 1890.1406336952275, 0.6694565769278575, 0.9999451679232351]
02230839,93389,392117,678,3;[19156.710000000003, 610, 0.8736670135733731, 1.482373516401429, 930.8538800661383, 0.9265979939381807, 1.0031206284300012]
02230839,93389,392117,679,2;[43717.03, 860, 0.926986318263309, 1.317503023643601, 1892.2162380545185, 0.6819714356672596, 0.9944103834233357]
02230839,93389,392117,679,3;[20771.940000000002, 582, 0.8686214789908128, 1.4801504529157452, 1185.2223353547704, 0.8702529789873736, 1.001023338725118]
02230839,93389,392117,680,1;[17968, 648, 0.9021867773310049, 1.6767775519109511, 691.6258996197882, 0.9452158930568538, 1.003182401875942]
02230839,93389,392117,681,1;[18941, 664, 0.9151189460682079, 1.3764451356909688, 1114.9756055568746, 0.884055760087431, 1.0040286244367878]
02230839,93389,392117,681,2;[18114.18, 602, 0.913174260006381, 1.4439653783312756, 1212.4875480015046, 0.8578027985892315, 0.9969218678367935]
02230839,93389,392117,681,3;[18222.370000000003, 556, 0.8816941898000017, 1.4098771354001611, 1221.7114143369445, 0.7801169596087443, 1.0036596868515375]
00023892,93026,390259,210,1;[115384, 1676, 0.9705763288702812, 0.9705763288702812, 27.44450635858385, 0.9967809945790217, 0.9971869206936336]
00023892,93026,390259,211,2;[117053.15999999999, 1570, 1.0149650236071255, 0.9746772383627069, 32.01824097753799, 0.9959190027831599, 0.996711876257112]
00023892,93026,390259,211,3;[116700.71, 1438, 1.0186254340279237, 0.9437976061425024, 56.93241554978748, 0.9908537816795847, 9999]
00023892,93026,390259,212,1;[115337, 1664, 0.9804131521278897, 0.9889032468085639, 29.32303153461915, 0.9964262448288627, 0.9924920079683675]
00023892,93026,390259,212,2;[117691.0, 1554, 1.014747909288223, 0.9808503008994244, 33.38817836122004, 0.9959185983378324, 9999]
00023892,93026,390259,212,3;[114356.64000000001, 1394, 1.0039062202291396, 0.9507977939312924, 37.10296143051946, 0.9936297065684685, 9999]
00023892,93026,390259,214,1;[120043, 1634, 1.0032661182443197, 0.9887838124952426, 22.927187669422857, 0.9969424029558446, 0.9982495311986761]
00023892,93026,390259,215,3;[114305.95000000001, 1398, 1.010278510246198, 0.9543713578041263, 39.13504025500448, 0.9933049493998183, 9999]
00023892,93026,390259,216,2;[116758.04, 1568, 1.0123332269148082, 0.98091887278259, 29.98789604125521, 0.996023856518871, 0.9963240520725442]
00023892,93049,390350,751,2;[112488.31999999999, 1480, 0.9848740726439702, 0.9929826624223882, 26.49613653842162, 0.9961483784872827, 9999]
00023892,93049,390350,752,3;[118309.09000000001, 1532, 1.0130833231157215, 0.9721992345752148, 59.29260583943325, 0.9911236827270111, 9999]
00023892,93049,390350,753,1;[115862, 1658, 0.9829469492684024, 0.9978529551266063, 24.60371064380052, 0.9960469422803894, 0.9909383646292598]
00023892,93049,390350,756,2;[116076.17, 1538, 1.0085478725212538, 0.9927081192712227, 43.37188848757056, 0.9943862237694245, 9999]
00023892,93049,390350,756,3;[117833.70000000001, 1382, 1.047327962051423, 0.9430491915437306, 103.28006889242694, 0.9876476852572468, 0.9989779088945155]
00023892,93049,390350,757,1;[119330, 1636, 1.0075125795868425, 0.9942916148693116, 29.0029681718026, 0.9953227996444487, 9999]
00023892,93049,390350,758,3;[117121.3, 1400, 1.030931342867741, 0.9719735434960686, 74.73251000866165, 0.9910807744684849, 9999]
00023892,93049,390350,760,1;[119412, 1684, 1.0004737661313214, 0.9880028410604836, 28.934950571560975, 0.9954903479060804, 0.999870214146658]
00023892,93049,390350,760,2;[117228.09, 1564, 1.0405712513178689, 0.9825036010815462, 94.58212834702178, 0.9879751501300211, 0.9954779023530066]
00023892,93049,390350,761,1;[115473, 1576, 0.991677529821298, 0.9926776955103828, 36.86362273631874, 0.9942467519164607, 1.0014917476864902]
00023892,93049,390350,763,2;[118247.92, 1546, 1.0345050869305332, 0.994516715150005, 59.95186314319832, 0.9908730469999921, 9999]
00023892,93049,390350,763,3;[118310.46, 1494, 1.0361395917367435, 0.9712337522244107, 108.28824339469637, 0.9843328979744623, 0.9939059128182995]
00023892,93049,390350,766,1;[116227, 1652, 0.9751026370807013, 0.9892795240401203, 27.456611617824382, 0.9965442441576506, 0.9924685549359998]
00023892,93049,390350,767,3;[117711.77, 1466, 1.0214023858039325, 0.9691685127209577, 43.76655418360943, 0.9929606828812833, 10740.125]
00023892,93049,390350,769,2;[117706.47, 1490, 1.0202549609913965, 0.9997484379105231, 29.963769686372082, 0.995278891855519, 9999]
00023892,93049,390350,770,1;[117114, 1588, 1.0024585818836231, 0.9928265580916606, 32.869004539460455, 0.9955113006843905, 9999]
00023892,93049,390350,770,3;[118395.40000000001, 1410, 1.0424963099943128, 0.9275135170288007, 78.28360049762023, 0.9922517167138535, 9999]
00023892,93049,390350,773,2;[114238.81, 1522, 1.0044227657496143, 0.986742260703326, 36.17136856988099, 0.9948063335800724, 9999]
00023892,93099,390646,1221,2;[114072.20999999999, 1486, 1.0090858747803573, 0.9867088647928606, 38.53013999163804, 0.9934468550222741, 9999]
00023892,93099,390646,1222,1;[115757, 1704, 0.9986716907804245, 0.9931340390066832, 35.39650912607604, 0.9961712619634862, 0.989105543782897]
00023892,93099,390646,1222,3;[117585.73000000001, 1392, 1.1323117391248805, 0.9651113997953958, 50.31573890807299, 0.9940088735414381, 9999]
00023892,93103,390673,1487,1;[118131, 1640, 0.9941992381714719, 0.9832364950716539, 24.18140079113889, 0.9967673469878491, 0.9975637458357788]
00023892,93103,390673,1488,3;[117951.52, 1364, 1.034720293021279, 0.9614925636421753, 96.22023479779668, 0.98528403584093, 0.9961010262284081]
00023892,93103,390673,1489,2;[116541.45999999999, 1546, 1.014966414714585, 0.992022459678374, 40.09946663942671, 0.9947342202306876, 0.9929282227280332]
00023892,93103,390673,1491,2;[120403.01, 1514, 1.0503891899546012, 0.9843946252209498, 113.66690920960296, 0.984839104179109, 9999]
00023892,93103,390673,1492,1;[114627, 1678, 0.9987680845865211, 0.9924709850319351, 45.564953524898826, 0.9946129103177113, 0.9927122981592382]
00023892,93103,390673,1492,3;[112581.12000000001, 1362, 1.004285977747245, 0.9649001229124898, 31.23126453415144, 0.9956981357234577, 9999]
00023892,93103,390673,1495,2;[114817.15, 1510, 0.9930315460441014, 0.9870770259924616, 31.546042712339776, 0.9947702350629656, 9999]
00023892,93103,390673,1497,3;[113548.34000000001, 1404, 1.0054351093309934, 0.960491452600365, 28.91913419738997, 0.9948299282430487, 9999]
00023892,93103,390673,1498,1;[116314, 1654, 0.989772517025471, 0.9913499174139772, 25.89202116124958, 0.9956881817830718, 0.9948765321221763]
00023892,93103,390673,1499,1;[115761, 1706, 0.9962542217613665, 0.9812057965453727, 38.26655464467754, 0.9959036968410945, 0.9896936302274583]
00023892,93103,390673,1499,3;[117251.45000000001, 1500, 1.0242496834682837, 0.9748615169204323, 53.78139989410666, 0.9908513476631625, 34234.0]
00023892,93103,390673,1500,2;[113904.42, 1520, 1.0033341804562999, 0.9866325509813356, 31.931454020851525, 0.9944117262205622, 0.9918501209788144]
00023892,93122,390798,1587,3;[117843.29000000001, 1442, 1.0406381091708652, 0.97290517790024, 111.87571133625764, 0.982512094931687, 0.9956477955389904]
00023892,93122,390798,1589,1;[115972, 1698, 0.9778822539189395, 0.9908134710763481, 20.37117655163161, 0.9968449509462828, 0.9941706957446079]
00023892,93122,390798,1589,2;[117505.36, 1504, 1.0292453359150497, 0.9978651105229204, 41.27597117489877, 0.9945531923571351, 9999]
00023892,93122,390798,1590,1;[114476, 1708, 0.9714008354292216, 0.9792266459744134, 31.895664856885332, 0.9963746613606888, 0.9873600048300221]
00023892,93122,390798,1590,2;[115546.62, 1446, 1.0044099548766843, 0.9937778684089924, 34.96544073137213, 0.9941037791054449, 9999]
00023892,93122,390798,1592,3;[117977.55, 1424, 1.0384956777881869, 0.9582881772027657, 51.69301507743181, 0.993571167624946, 172230.0]
00023892,93139,390920,17,2;[116130.90999999999, 1510, 0.9981631323817355, 0.9808162066148503, 32.268889709424414, 0.993887002655094, 0.9946034641785189]
00023892,93139,390920,17,3;[117082.94, 1368, 1.01704474354301, 0.9629625559037094, 53.25214145749839, 0.9925764721536028, 9999]
00023892,93139,390920,18,1;[114291, 1656, 0.9814575364939319, 0.9959018721886728, 30.733984173391054, 0.9957475714305857, 0.9944271152817112]
00023892,93139,390920,19,1;[117141, 1708, 1.0011284673044343, 0.9784178992053928, 59.47460187917027, 0.9921109682880714, 0.9933264364697103]
00023892,93139,390920,20,3;[118051.53000000001, 1470, 1.0213625513322462, 0.9716452290970454, 85.44257796364806, 0.9849400431888099, 9999]
00023892,93139,390920,21,2;[115941.7, 1478, 1.0067750976010585, 0.9966286729292532, 25.270836994108723, 0.9955051948918705, 1.001742742428838]
00023892,93166,391047,301,1;[119197, 1602, 0.9934559797032223, 0.9948353663934025, 20.712104405988043, 0.9968702647084702, 0.9987055043296481]
00023892,93166,391047,301,2;[116151.14, 1540, 1.0002683910551358, 0.9928704150270152, 33.4848806094114, 0.9948215854848882, 9999]
00023892,93166,391047,303,3;[118637.89000000001, 1398, 1.0223579081250327, 0.9703534494557088, 42.23273852076505, 0.9934911546531924, 9999]
00023892,93166,391047,304,1;[117753, 1622, 0.9772164352433422, 0.9958620833402838, 25.766315361363983, 0.9967860458868003, 0.9972686967237064]
00023892,93166,391047,305,2;[117093.62, 1536, 1.002178459818774, 0.997850638667676, 24.4138911119299, 0.9964615269265222, 1.000127051242307]
00023892,93166,391047,305,3;[119032.45000000001, 1370, 1.0183846266174685, 0.9748323649170428, 37.875699129217296, 0.9947455224370897, 2199.6202531645567]
00023892,93166,391047,307,2;[115370.5, 1528, 1.0058060097422366, 0.9895282762600829, 39.93207841576104, 0.9944151817445519, 9999]
00023892,93166,391047,308,1;[115460, 1682, 0.9960968642594321, 0.9954651582763876, 40.582903883813906, 0.9951983391381567, 0.9932470213772635]
00023892,93166,391047,308,3;[118877.64000000001, 1454, 1.017150500848034, 0.9733966928934351, 36.44529966828555, 0.9937569319287601, 1324.7633587786258]
00023892,93166,391047,309,1;[119716, 1620, 1.0322619672169577, 0.9876387315526259, 46.38197855060344, 0.9944067144527013, 0.999419796219075]
00023892,93166,391047,309,2;[115416.90999999999, 1496, 1.0140101989435855, 0.9782871975660953, 49.76970517264166, 0.9923215994050387, 9999]
00023892,93166,391047,310,3;[117396.67000000001, 1446, 1.0322636927019022, 0.9549682020607355, 42.6314536599798, 0.9954496600959517, 9999]
00023892,93166,391047,312,2;[119097.58, 1476, 1.0286965797742729, 0.9766518066581236, 64.13464440773701, 0.9901136968339167, 100082.0]
00023892,93166,391047,313,1;[120302, 1688, 1.021004314514589, 0.9866737636844082, 42.55555215394716, 0.9931729686905908, 0.9957002685780263]
00023892,93166,391047,313,3;[119017.38, 1408, 1.0256435421473993, 0.9687818342517958, 44.27779058241403, 0.9929874755115312, 24821.14285714286]
00023892,93166,391047,315,1;[117580, 1706, 0.9911475015587408, 0.9998940038735258, 31.46718806602632, 0.9964770636421072, 0.9924037812288994]
00023892,93166,391047,315,2;[119473.62, 1562, 1.0290292751963206, 0.976969826578464, 59.39391504055549, 0.9910613417632356, 9999]
00023892,93166,391047,315,3;[120414.78000000001, 1524, 1.0420803432332637, 0.9716719340706381, 114.80932319891738, 0.9838297153742086, 0.9968696835658387]
00023892,93265,391506,609,1;[120450, 1668, 1.0130823848066772, 0.9934285035407959, 28.081715577593773, 0.9950777124707098, 9999]
00023892,93265,391506,609,3;[119976.38, 1438, 1.0627480642574758, 0.9590433977019611, 126.38952663022229, 0.9846962103710577, 0.99012968218255]
00023892,93265,391506,610,2;[119833.0, 1508, 1.0279624297293433, 0.9939602657133225, 34.05485042585448, 0.9943307197997148, 0.9989534301203803]
00023892,93265,391506,611,3;[119896.92000000001, 1368, 1.0267371543472592, 0.9680652141772095, 60.138477372720004, 0.9910185054986551, 175032.0]
00023892,93265,391506,612,2;[116885.37, 1548, 1.0145783774572443, 0.9803564738122116, 29.62078944142632, 0.9948200399301197, 9999]
00023892,93265,391506,613,1;[114481, 1610, 0.9955593575803238, 0.9902087238335712, 36.759064237107594, 0.9944111491071127, 0.9902515396858349]
00023892,93329,391882,87,1;[118271, 1616, 1.0194271800477344, 0.9951980347867928, 37.73351695185407, 0.9949972892828642, 0.9989948475377988]
00023892,93329,391882,87,2;[111247.15, 1430, 0.9892958805203751, 0.987969527216751, 25.62743346510477, 0.9960790202361292, 9999]
00023892,93329,391882,87,3;[115923.92000000001, 1414, 1.0215942370198658, 0.9563196493174627, 47.010858776237484, 0.9953242287886229, 9999]
00023892,93329,391882,89,1;[114628, 1672, 0.9914825066265023, 0.992449732020601, 46.0862142629913, 0.9941192467786226, 0.9939475920434248]
00023892,93329,391882,89,3;[114667.63, 1414, 1.0167941706478845, 0.9529070402788227, 69.36194070195396, 0.9896615259912896, 0.9922821576763485]
00023892,93329,391882,90,2;[116098.78, 1540, 1.024478526931865, 0.9929498654533664, 58.7047229351499, 0.9922725834272821, 9999]
00023892,93329,391882,92,2;[114627.93999999999, 1522, 1.0073552101636527, 0.9847883422105579, 36.85985021329225, 0.9940911230252352, 0.9904477918873066]
00023892,93329,391882,92,3;[114493.64000000001, 1356, 1.0098884038015559, 0.9575393429604518, 53.70771228318953, 0.9928164272628103, 9999]
00023892,93329,391882,93,1;[115389, 1646, 0.9791536811644996, 0.9912072497007227, 30.555962129969355, 0.9961549890584726, 0.995354855405318]
00023892,93329,391882,94,1;[116973, 1592, 0.994606233216065, 0.9965614043713638, 34.71012332712566, 0.9946580766084038, 0.9999615310636661]
00023892,93329,391882,94,2;[112866.73999999999, 1496, 1.003006582190011, 0.9923183925625743, 26.138494257660792, 0.99570058885804, 9999]
00023892,93329,391882,94,3;[114433.36000000002, 1410, 1.0214616209838423, 0.9517095185099957, 73.57692311392724, 0.9894936176987641, 0.990536726513768]
00023892,93329,391882,96,1;[115407, 1632, 0.9872182726007631, 0.9927104473525977, 23.989429741072772, 0.9960868400620199, 0.996795591563164]
00023892,93329,391882,96,2;[113005.97, 1516, 0.9882006017804126, 0.9825266807640969, 27.477798069064683, 0.9957344812378607, 0.9942780561096016]
00023892,93329,391882,96,3;[117169.25000000001, 1434, 1.0569068397282255, 0.9348208440309685, 110.45560734956277, 0.9883416942725053, 9999]
00023892,93329,391882,99,1;[118266, 1608, 1.0340711010663866, 0.9901960891665134, 40.350390802242764, 0.9941750124012475, 0.995743928467688]
00023892,93329,391882,99,2;[114010.33, 1524, 1.0088953795511193, 0.9873587254334197, 27.375748128469997, 0.9954495918170748, 9999]
00023892,93329,391882,99,3;[113752.47000000002, 1336, 1.0058340005280906, 0.9771892906538502, 25.640739364499375, 0.99607581804577, 9999]
00023892,93377,392048,3,3;[118466.64000000001, 1406, 1.047556527781869, 0.9626297559970822, 107.28162349534367, 0.988306503325163, 9999]
00023892,93377,392048,4,1;[118492, 1724, 0.9863208326474601, 0.9986424630954116, 19.764201178268063, 0.9967779664001932, 0.982353745839223]
00023892,93377,392048,4,2;[116322.5, 1540, 1.0024661578187861, 0.9812524545754474, 28.71243987076844, 0.9953319054134065, 9999]
00023892,93377,392048,5,1;[112681, 1604, 0.9750116024793062, 0.9728192778387952, 30.87669786078407, 0.9962903174522396, 0.9869450782375636]
00023892,93377,392048,5,2;[117476.79999999999, 1468, 1.0128946844061226, 0.9826118107683158, 31.69563920609115, 0.9953051589361018, 9999]
00023892,93377,392048,5,3;[119291.38, 1442, 1.0494193382007337, 0.9224995551443748, 90.97954973781846, 0.9914184377585706, 9999]
00023892,93377,392048,8,2;[114999.22, 1520, 1.0070723933409482, 0.9772014446917673, 55.95936210100426, 0.9911467610708359, 1.0000983146794165]
00023892,93377,392048,8,3;[115359.48000000001, 1394, 1.0261842013140077, 0.9530082855170431, 74.80732270330151, 0.9887307322964278, 9999]
00023892,93377,392048,9,1;[115825, 1638, 0.9752674514762388, 0.977930434245964, 26.59457846165895, 0.9966290836236483, 0.9829547624402228]
00023698,93080,390528,134,1;[36900, 898, 0.9978155479327312, 1.0259673944738459, 89.73238912855744, 0.9929930238391793, 0.9837638966648005]
00023698,93080,390528,134,2;[39364.009999999995, 820, 1.0504391901326098, 1.022399976459444, 131.86334323534342, 0.9822628171354302, 1.0140555785472325]
00023698,93080,390528,134,3;[55474.04, 910, 1.2348669144335471, 0.954528904486548, 84.48481776732575, 0.9923977465338607, 26994.666666666668]
00023698,93244,391403,53,2;[43991.92, 860, 1.0139415938895173, 1.0212939734954087, 88.72411398565121, 0.9915332214735743, 9999]
00023698,93244,391403,54,1;[45368, 944, 1.0138822074695624, 0.9740646097252217, 57.91967425793741, 0.993886083647604, 1.000099198694986]
00023698,93244,391403,55,3;[38692.91, 766, 1.0128055678324268, 1.0020142613457823, 123.04365198080062, 0.9864740144323954, 0.9985680697226298]
00232831,93048,390346,740,1;[60347, 1074, 1.0041203919890753, 0.9799737843213558, 68.8031668473261, 0.9893269121354705, 1.0045276737411568]
00232831,93048,390346,740,2;[26282.34, 714, 1.0320528336306802, 1.014372897938292, 140.43680277580415, 0.9847081607347733, 9999]
00232831,93048,390346,740,3;[48303.46000000001, 810, 1.1451752258466206, 0.9524738607388366, 111.29907984614162, 0.9886044851043795, 1.0053033759124088]
00232831,93048,390346,741,1;[58549, 1054, 1.0054455670794802, 0.9721401613657598, 71.84338526471858, 0.9899833681219329, 1.006091640962634]
00232831,93048,390346,741,2;[26754.77, 714, 1.0341519316231074, 1.0048081338552852, 159.3327943069655, 0.9804418482813829, 1.0053435285174503]
00232831,93048,390346,741,3;[59377.170000000006, 910, 1.009236585552549, 0.9801747544230137, 119.60868056295885, 0.9820228240271109, 1.0022546741128724]
00232831,93048,390346,742,1;[60220, 1068, 1.0074655194483435, 0.9772295374079115, 65.41557014703079, 0.9913233628504808, 1.006005629755849]
00232831,93048,390346,742,2;[36023.68, 754, 1.1820072772154882, 0.975194568199687, 145.89823339616314, 0.9858882366313425, 1.007957912962408]
00232831,93048,390346,742,3;[30371.530000000002, 664, 1.0089733402220478, 0.9955065153366602, 110.20559259267367, 0.9896436106369197, 1.003848940409346]
00232831,93147,390953,359,1;[28614, 804, 1.0032679635817676, 0.9797642027110547, 76.11960080236409, 0.9935266967839056, 1.0029442691903259]
00232831,93147,390953,359,2;[32495.329999999998, 730, 1.0010910926167107, 1.0181539503852286, 138.38844875947652, 0.9872961394964037, 1.0066911209009972]
00232831,93147,390953,359,3;[44651.04, 780, 1.1265940771710539, 0.9490983104198878, 135.99181647196534, 0.9850378115291741, 1.0061277725469615]
00232831,93165,391039,287,1;[39866, 864, 1.0298398293658304, 0.9959000629021967, 86.7554628668432, 0.992586344484783, 0.9994735126733021]
00232831,93165,391039,287,2;[58477.79, 974, 1.0269415973797502, 0.9712203717647845, 110.17502078317794, 0.9861528678999373, 1.0036866453569715]
00232831,93165,391039,287,3;[47685.590000000004, 804, 1.0360607644632402, 0.94115180619928, 106.98442230112188, 0.9887037694940279, 9999]
00232831,93165,391039,289,1;[28699, 810, 1.00818441333912, 0.9786705332760606, 77.15163995602295, 0.9933617731220881, 0.9997039101280153]
00232831,93165,391039,289,2;[29376.34, 706, 1.0029025862775742, 1.0184988224387705, 115.10771404046059, 0.9898791421656763, 1.0058060178866095]
00232831,93165,391039,289,3;[29242.65, 658, 1.0054347153086407, 1.016919426240819, 136.91117619523283, 0.9875221844265234, 1.0027482207032625]
00232831,93165,391039,290,1;[29374, 836, 1.0333035036256313, 0.9688302861139513, 84.38927192001452, 0.9925713888783438, 1.00454840805718]
00232831,93165,391039,290,2;[48306.86, 868, 1.1486846561401474, 0.9733066559966124, 138.39645165229948, 0.9857525522417887, 1.0036095727848102]
00232831,93165,391039,290,3;[28849.460000000003, 652, 1.0052699092288533, 1.0203944978101065, 115.91342784668967, 0.98962519814608, 1.003669987131214]
00232831,93328,391868,72,1;[53913, 1002, 1.0197885864858176, 0.9823802569413564, 73.40299224254385, 0.9925419384832258, 1.0061398925052254]
00232831,93328,391868,72,2;[30416.399999999998, 710, 1.0438726826922544, 0.9772929921499058, 127.79972348039183, 0.989214036519754, 9999]
00232831,93328,391868,72,3;[54501.340000000004, 870, 1.009712309967718, 1.0058363780854904, 98.19940865914353, 0.988407161462243, 9999]
00232831,93328,391868,73,1;[53548, 998, 1.0189524065939604, 0.9797690597906243, 70.54455465725476, 0.9923345736926806, 1.0058606957697798]
00232831,93328,391868,73,2;[32314.449999999997, 730, 1.0032959324346369, 1.0173005886922057, 119.24168662801405, 0.9887060503406242, 1.0007739367583106]
00232831,93328,391868,73,3;[56224.8, 882, 1.0097929346542687, 1.0019868142286004, 108.93376190051036, 0.985441320762081, 9999]
00232831,93328,391868,74,1;[58872, 1058, 1.0073440151434425, 0.9871881459772484, 66.68563326524257, 0.9914655171775439, 1.0050875815208113]
00232831,93328,391868,74,2;[56247.729999999996, 944, 1.126253123694444, 0.9646773931279856, 122.14461848641795, 0.984343955618227, 1.0040039508480516]
00232831,93328,391868,74,3;[54302.69, 864, 1.013030303116915, 1.0093036032740614, 115.46933163720168, 0.98485697905831, 9999]
00392839,93125,390812,1875,1;[51889, 988, 1.0309059393434667, 0.9881457015397869, 66.6021662246079, 0.9938598095140565, 1.000183116645303]
00392839,93125,390812,1875,2;[67922.81999999999, 1040, 1.0251179795820962, 0.9769922251509997, 79.65889262657356, 0.9904856174420223, 1.0046202180742931]
00392839,93125,390812,1875,3;[47223.9, 804, 1.0044927436415503, 0.8689089479203638, 77.22670148281767, 0.9923388297456722, 783.4090909090909]
00392839,93125,390812,1876,1;[59816, 1060, 1.0313009518275629, 0.9913888737734982, 67.64309086161958, 0.9935038111279465, 1.0025812074687406]
00392839,93125,390812,1876,3;[68571.24, 978, 0.9999073898508091, 1.0032423159989259, 56.242113522491955, 0.9911021424450633, 25026.0]
00392839,93125,390812,1877,2;[49233.869999999995, 880, 1.0024682905491424, 1.0186756742744667, 89.54538128814073, 0.9909469197783566, 1.003833555744268]
00392839,93125,390812,1878,2;[45041.5, 842, 1.0466566925681924, 0.9799962827762165, 82.69384824801581, 0.991849107185083, 1.0054723196259696]
00392839,93125,390812,1878,3;[68915.11, 992, 0.9991853389079024, 1.0076475497660702, 63.48405964489052, 0.9896355006087816, 9999]
00392839,93125,390812,1879,1;[69472, 1160, 1.0032383389006212, 0.9905454860590442, 49.37223093887291, 0.9926081708822578, 1.0047873186676501]
00392839,93125,390812,1880,1;[58546, 1048, 1.0194065136830368, 0.978063295064718, 54.76103797355678, 0.9933138883679393, 1.0015995894102048]
00392839,93125,390812,1880,2;[61776.469999999994, 990, 1.0396685054476429, 0.9640065891504582, 68.57000778434717, 0.9913787465718691, 1.0040422404456135]
00392839,93125,390812,1880,3;[61839.060000000005, 922, 1.00226797473109, 1.003957854400831, 46.31605398630995, 0.9943320524651255, 30092.0]
00392839,93125,390812,1882,1;[47091, 942, 1.0018393061387822, 1.0190822067143501, 71.36608206079043, 0.9939977220558363, 1.0022240430762028]
00392839,93125,390812,1882,2;[44836.82, 838, 1.0009702603101087, 0.8579710674656572, 115.96230726808992, 0.9876716847918889, 1.0063299591357069]
00392839,93125,390812,1883,3;[62791.21000000001, 934, 1.00482507106843, 1.0049328088843685, 67.35756700581496, 0.9915650412322292, 975.1702127659574]
00392839,93125,390812,1884,1;[68599, 1154, 0.9932037603671654, 0.9900135492285574, 42.64992556418929, 0.992177609228944, 1.0038119069045999]
00392839,93125,390812,1884,2;[30768.64, 754, 1.013369899081245, 1.012417688123424, 108.34445017142966, 0.986718859546454, 1.0070104377628915]
00392839,93125,390812,1884,3;[34204.79, 714, 1.0035764021615967, 1.0148250237171672, 99.07071716554607, 0.9910482212703171, 9999]
00392839,93147,390949,355,1;[32026, 846, 1.229068255820816, 0.9928987388113769, 71.5304634986451, 0.9944599191637654, 0.9349019149929939]
00392839,93147,390949,355,2;[61595.59, 988, 1.0209785028295537, 0.9781473790336748, 63.548929192780584, 0.9922275405313156, 9999]
00392839,93147,390949,355,3;[53772.50000000001, 856, 1.0376838770447054, 0.9405489129401906, 73.3699889492052, 0.991225461724041, 9999]
00392839,93147,390949,356,3;[30368.79, 712, 1.0964074586596266, 0.9387218922318178, 107.33252862348635, 0.9886994229519999, 1.0056253685977408]
00392839,93147,390949,357,2;[67248.09, 1048, 1.0190884736638637, 0.9786403752383798, 46.87514911328612, 0.9926306928452561, 9999]
00392839,93147,390949,358,1;[68835, 1152, 0.9969934896770833, 0.983556287553443, 40.32549773103681, 0.9927301916612468, 1.0049638659756186]
