00397792,93049,390349,562,1;[11962, 550, 0.7648659548505524, 0.9617090494347298, 464.00090102508733, 0.8926707321392254, 0.9883908283412518]
00397792,93049,390349,562,2;[33377.119999999995, 738, 0.784259278508171, 1.0792673862235553, 405.91989942609285, 0.929863531761606, 9999]
00397792,93049,390349,563,3;[25831.350000000002, 594, 0.764816226453346, 0.8819257474031303, 687.9179628332347, 0.8494703170251486, 1.003913425445252]
00397792,93067,390430,51,1;[19571, 630, 0.8275760216340152, 0.9645098685994795, 277.43060533109497, 0.9738640382758519, 1.0042075016676073]
00397792,93067,390430,51,2;[30707.949999999997, 710, 0.7661273096411759, 1.0822187019514387, 438.005513993262, 0.9322194457674134, 9999]
00397792,93067,390430,51,3;[13993.18, 482, 0.7454222227361528, 0.8954857999379735, 546.8044134098616, 0.9123796481617743, 1.0082424362074922]
00397792,93067,390430,52,1;[28460, 740, 0.7889647366403988, 0.8897302554457884, 366.0740236513104, 0.9547992880792313, 1.003331511871816]
00397792,93067,390430,52,2;[32497.71, 728, 0.7714632820244852, 1.0527952594494976, 432.20938420724775, 0.9272870499482944, 9999]
00397792,93067,390430,52,3;[33967.780000000006, 694, 0.7627846196807239, 0.988437655905738, 402.7979391370203, 0.8664398420087991, 1.000161355385236]
00397792,93067,390430,53,1;[36288, 846, 0.7872519590779181, 0.9266597960454229, 371.0353129029744, 0.9248929609798626, 1.0031930333817127]
00397792,93067,390430,53,2;[35992.74, 778, 0.777138064835478, 1.1287805178527752, 451.5166163193456, 0.9174961142739293, 9999]
00397792,93067,390430,53,3;[34329.46, 694, 0.7074580844191634, 1.055461093500478, 721.5409733295336, 0.8169072850869201, 1.003082342580361]
00397792,93067,390430,55,1;[32949, 792, 0.795217213214199, 0.8890393648133333, 326.3599584382324, 0.9540317530408026, 1.0031511165913138]
00397792,93067,390430,55,2;[25081.629999999997, 644, 0.7763851338038246, 1.0707362442685908, 418.3989014785405, 0.9458315434163556, 0.9970670324991722]
00397792,93067,390430,55,3;[31989.500000000004, 676, 0.7594522528953869, 0.9036500731671324, 485.31821935799115, 0.8814035886745573, 15566.666666666666]
00397792,93067,390430,56,1;[25216, 706, 0.800670303139711, 0.8827919946800671, 351.0870701400205, 0.9615137364219051, 0.9998612185015563]
00397792,93067,390430,56,2;[24460.449999999997, 640, 0.7796418591997368, 1.0586319496551841, 382.63508425053357, 0.9511111741705941, 9999]
00397792,93067,390430,56,3;[13964.410000000002, 482, 0.7356269036749467, 0.8939940377684219, 618.7186782295728, 0.9069655890003211, 1.006020529016976]
00397792,93067,390430,57,1;[35852, 838, 0.8026174136046633, 0.9942613400315631, 259.4410191950862, 0.957052084702224, 1.003358334266204]
00397792,93067,390430,57,2;[29733.34, 702, 0.7820318504616461, 1.1180343429029116, 341.1728746313187, 0.9530008861837941, 0.99940002399904]
00397792,93067,390430,57,3;[22548.83, 570, 0.7767483894156644, 0.8884140001961098, 644.3415577695544, 0.8918392599658553, 0.9993321190042501]
00397792,93068,390438,155,1;[16655, 592, 0.8234318656356637, 0.9793122324142214, 236.33541588541922, 0.9807640908909605, 1.0060404711567503]
00397792,93068,390438,155,2;[34312.46, 756, 0.7430982157674705, 0.8839514206280747, 993.803850616308, 0.8733205864795074, 9999]
00397792,93068,390438,155,3;[27665.780000000002, 628, 0.7157166853446572, 0.9005176298978025, 709.1035934584116, 0.8774007032275407, 9999]
00397792,93068,390440,154,1;[31570, 782, 0.7822665827122246, 0.8700158213191652, 411.76813990737566, 0.9450912409374006, 1.0030979426483437]
00397792,93068,390440,154,2;[27671.07, 676, 0.7692831094925111, 1.088596083838857, 434.8344220570016, 0.9414584337136505, 0.9996775649706584]
00397792,93068,390440,154,3;[36402.270000000004, 726, 0.7238336644646912, 1.0285929866910444, 688.612311297688, 0.7344580435179193, 1.0021687065080054]
00397792,93070,390458,315,1;[35909, 840, 0.8117343530163438, 0.9648531614078529, 240.73215717620553, 0.9620746194955073, 1.0047848228776093]
00397792,93070,390458,315,2;[15986.46, 544, 0.7297083529713432, 0.9437227108992045, 541.4665599547742, 0.9515850589329673, 1.004636553993419]
00397792,93070,390458,315,3;[21085.670000000002, 564, 0.7538365057161078, 1.2568999134082872, 462.042375900909, 0.930216499821583, 9999]
00397792,93070,390458,316,1;[14316, 568, 0.7415273130711094, 0.9454616700359331, 520.881043026091, 0.9390060586016419, 1.0053017801341244]
00397792,93070,390458,316,2;[36271.2, 776, 0.7362576416204587, 0.9624403950172368, 1048.5265388361474, 0.8336005551133941, 9999]
00397792,93070,390458,316,3;[14123.330000000002, 482, 0.725864355670011, 0.8851051248910108, 620.9231278501879, 0.9169508826346511, 1.0076238881829733]
00397792,93070,390461,317,1;[13898, 560, 0.786300295843898, 0.8997756257834116, 511.39800790304105, 0.9313538703858608, 0.9998561151079137]
00397792,93070,390461,317,2;[13814.71, 514, 0.768814387427093, 0.9835416125352879, 896.54034016486, 0.909350746975861, 1.0005171076445747]
00397792,93070,390461,317,3;[31764.820000000003, 674, 0.7665748683880055, 0.9242990030362999, 502.52744457629774, 0.8629251049759556, 0.998492743637225]
00397792,93071,390467,390,1;[13120, 566, 0.7498092326940957, 0.9552047248655504, 563.3011790216938, 0.9115059879668119, 0.9551891085144334]
00397792,93071,390467,390,3;[32944.39, 682, 0.77916533327606, 1.0617802884332561, 385.43916704194976, 0.8715624585335431, 24047.0]
00397792,93071,390467,391,2;[21191.52, 606, 0.7735116110044236, 1.0851308779527875, 458.2659458914052, 0.9446085846102328, 1.0023640661938533]
00397792,93071,390467,392,2;[36071.28, 778, 0.7853205755233116, 1.0300369690214577, 447.57190395765883, 0.9026944558521124, 0.9981559536354057]
00397792,93071,390467,392,3;[36347.47, 724, 0.7440243228162885, 1.047286158837831, 609.3060909519567, 0.7702851283857186, 0.9964320588898069]
00397792,93071,390467,393,1;[36453, 846, 0.7892229002045946, 0.9378243152508624, 335.2868915227503, 0.9356721020560865, 1.0047130808665454]
00397792,93081,390537,251,1;[12470, 552, 0.7492282433280414, 0.9898901536632336, 543.6681475715426, 0.8793840864656991, 0.9886624910806311]
00397792,93081,390537,251,2;[26899.949999999997, 668, 0.7683105481757813, 0.9786700621814675, 494.9334299146211, 0.9292819776977571, 0.9966491777258498]
00397792,93081,390537,251,3;[22304.97, 572, 0.7819718813428153, 0.9038130164278309, 593.4819532692734, 0.8813669289639463, 1.0010144793876234]
00397792,93083,390550,368,1;[12180, 554, 0.7495490896007059, 0.9012198712460231, 607.4044225447515, 0.8780887196699761, 0.964599667379425]
00397792,93083,390550,368,2;[13794.48, 514, 0.7414621854362957, 1.0120055640022418, 612.9641708801245, 0.937081986470457, 1.0150168556543058]
00397792,93083,390550,368,3;[32015.530000000002, 668, 0.707557672117497, 1.0614513236128442, 775.9713734245289, 0.8132427118736909, 1.0007279890373415]
00397792,93084,390561,424,1;[31787, 778, 0.8089448296214722, 0.8873649613164574, 279.86700166847817, 0.9578573054788764, 10595.666666666666]
00397792,93084,390561,424,2;[18136.79, 570, 0.7860841871190922, 0.9987504255642085, 598.906950174329, 0.9397124611721289, 1.0052766967878108]
00397792,93084,390561,425,3;[35567.94, 710, 0.7305022053451246, 1.0620114702497363, 595.8176522617707, 0.8213212789541882, 9999]
00397792,93085,390565,502,1;[33515, 800, 0.7919211456253782, 0.947694314584855, 300.76493314017813, 0.9550679366384609, 1.0047968820266826]
00397792,93085,390565,502,3;[14822.03, 498, 0.7400346207032962, 0.9594679297541391, 687.553998598887, 0.904809765485684, 1.0030595216020768]
00397792,93085,390565,503,2;[17146.71, 550, 0.7839591419859736, 1.0106431867512524, 602.8850707007952, 0.9391681076943937, 1.0032725247180059]
00397792,93113,390734,1929,1;[34396, 814, 0.777968099858858, 1.0587388214846156, 294.9807107023116, 0.9589626423200868, 1.005981018674232]
00397792,93113,390734,1929,3;[13146.52, 472, 0.7579757872685765, 0.9259720304842508, 488.4705119377567, 0.9114232932019745, 1.0121829017456885]
00397792,93113,390734,1930,2;[29313.27, 696, 0.7819580066712081, 1.1807967784637323, 366.8371545529128, 0.951875230376528, 1.0037488284910965]
00397792,93119,390779,262,2;[14667.939999999999, 518, 0.6843980657643133, 0.971132656864281, 557.2275122082091, 0.9514146114313344, 9999]
00397792,93119,390779,262,3;[27191.760000000002, 622, 0.7852994469836571, 1.012451687714312, 550.078827560757, 0.87758035894908, 1.000428438216689]
00397792,93119,390779,263,1;[11819, 548, 0.7822908113909512, 0.8570750015151516, 586.4872018318351, 0.9091300594337507, 9999]
00397792,93128,390834,383,1;[35191, 824, 0.7852326082811248, 0.9826928231029025, 330.5529674414976, 0.9430500282607854, 1.002478350045579]
00397792,93128,390834,383,2;[35877.31, 778, 0.7409494459035499, 1.0397890543154198, 961.3176292441804, 0.8152767083121444, 9999]
00397792,93128,390834,383,3;[13634.240000000002, 476, 0.7484911569577543, 0.9509259491302745, 586.8967665292037, 0.8859762414746817, 1.011844847745412]
00397792,93128,390834,384,1;[36124, 840, 0.780548900753024, 1.0259752945379277, 322.3904246667313, 0.9465887250321644, 1.0053434264722254]
00397792,93128,390834,384,2;[13814.71, 518, 0.7333778460744016, 0.9600526342232691, 831.0100468258321, 0.9186714631217513, 9999]
00397792,93128,390834,384,3;[13738.36, 480, 0.719686487275306, 0.8854274631399204, 740.6553241030194, 0.8870498398777724, 1.0081938370281003]
00397792,93128,390837,385,1;[12118, 552, 0.7790650718919927, 0.8803188026284243, 607.4694045404597, 0.9100010394292273, 9999]
00397792,93128,390837,385,2;[35736.89, 776, 0.7445923992989235, 1.0229319912577843, 898.5378764445587, 0.8309058961046354, 9999]
00397792,93128,390837,385,3;[35313.12, 710, 0.76814275317955, 1.0879690741952448, 360.998964193396, 0.8705958392005129, 9999]
00397792,93129,390842,462,1;[12433, 554, 0.7390857009734814, 0.9820770054505908, 657.506258466264, 0.874225979296312, 9999]
00397792,93129,390842,462,2;[31545.71, 722, 0.7738494973861466, 1.157761947571951, 398.33555216487366, 0.9437098345113216, 0.9994344744382446]
00397792,93129,390842,462,3;[13523.27, 478, 0.7529684216719011, 0.9107297738765949, 507.1609493832866, 0.90170297411972, 9999]
00397792,93129,390844,459,1;[12054, 556, 0.7518814611123306, 0.9514750650012862, 592.811229056669, 0.8809826658323233, 9999]
00397792,93129,390844,459,2;[17888.079999999998, 572, 0.7878987871621228, 1.072156189098898, 491.6739648962944, 0.9433878439620381, 0.9968830824325221]
00397792,93129,390844,459,3;[23938.010000000002, 592, 0.7890508642892565, 0.9083104545909971, 573.2639109657771, 0.8801026603008195, 0.9981149320233063]
00397792,93129,390844,461,1;[34662, 818, 0.7983430429332907, 0.8854456741006377, 332.5989528734729, 0.9440576989018321, 9999]
00397792,93129,390844,461,2;[34242.25, 758, 0.7666899332229566, 0.8694018246876597, 542.2593277506658, 0.9127310645834943, 0.9991492907862983]
00397792,93129,390844,461,3;[35458.340000000004, 714, 0.775167562986035, 1.0734177412841994, 333.75816364557966, 0.8599053127374379, 51764.0]
00397792,93134,390882,860,1;[34903, 820, 0.7869390738766239, 1.0258270021274072, 282.35649766095145, 0.956535514447875, 1.0046630782073054]
00397792,93134,390882,860,2;[25179.21, 648, 0.7548165689636342, 1.1038167789032192, 522.5430935368521, 0.9328577602981339, 0.9990084985835694]
00397792,93134,390882,860,3;[13684.93, 478, 0.7728864568363076, 0.9338018138724081, 378.1105115244205, 0.918182928408211, 9999]
00397792,93135,390887,951,1;[11679, 550, 0.7948561251409175, 0.8868822010014609, 485.5805084045408, 0.9142888583482109, 2919.75]
00397792,93135,390887,951,2;[36049.86, 778, 0.7781380996164463, 1.0173111196665914, 543.5117923685647, 0.8967350000133801, 9999]
00397792,93135,390887,951,3;[32288.160000000003, 678, 0.7813572679746815, 1.1197408208323576, 366.90292927737994, 0.8844683632822794, 23568.0]
00397792,93166,391046,232,1;[31735, 776, 0.7891498271984905, 0.8760137990775616, 411.57004785296255, 0.9393274378552133, 1.0032720547555443]
00397792,93166,391046,232,2;[34664.7, 754, 0.7927039650313663, 1.1184930676175424, 401.0342301374497, 0.9312283043017414, 1.0033410257293425]
00397792,93166,391046,232,3;[18819.690000000002, 526, 0.7372763889267291, 0.9611785527532415, 834.5921230237958, 0.8851930718540246, 1.0043134961251645]
00397792,93181,391151,94,1;[35687, 834, 0.8084427409657939, 1.0490531886006018, 228.3371086327858, 0.9588020696971736, 1.0026268841221009]
00397792,93181,391151,94,2;[22539.789999999997, 614, 0.7733691330558359, 1.0783675181633852, 493.03371142086957, 0.9328674430875714, 0.9989188619043852]
00397792,93181,391151,94,3;[36258.420000000006, 722, 0.762295847305802, 1.0239952452240877, 448.22442117631795, 0.821864947047743, 9999]
00397792,93181,391151,95,1;[15396, 572, 0.8399325073807364, 1.0183784334545665, 222.8745714345387, 0.982274566864085, 1.0018871607991149]
00397792,93181,391151,95,2;[29616.719999999998, 700, 0.7357454631178204, 0.8697652152213614, 911.1882677358607, 0.9046487707203857, 0.9966561880543819]
00397792,93181,391151,95,3;[36543.380000000005, 724, 0.7539127091812801, 1.042870667280085, 423.5318778361066, 0.7798756878256978, 1.0065470462821455]
00397792,93218,391249,139,1;[19250, 632, 0.8201196794906651, 0.9539051984247321, 220.04932502068098, 0.977367666466012, 1.002212677339581]
00397792,93218,391249,139,2;[14719.109999999999, 524, 0.7155698660868993, 0.9887250627072686, 831.0494208672689, 0.9186341446923291, 1.005609756097561]
00397792,93218,391249,139,3;[36125.530000000006, 716, 0.7098938531200663, 1.064768812964305, 799.2962942374244, 0.7620852705675184, 1.0066040616888074]
00397792,93219,391257,187,1;[13150, 550, 0.7888275212463053, 0.940885896705885, 435.9393704707124, 0.9360756387379416, 1.0100234263988632]
00397792,93219,391257,187,2;[14258.58, 520, 0.7278166991616715, 0.9781014964228546, 814.0883984401382, 0.9179054656543394, 1.005918650044075]
00397792,93219,391257,187,3;[13708.220000000001, 478, 0.7245012676456206, 0.9025776069945071, 654.7477347294405, 0.8852580846073864, 9999]
00397792,93226,391292,444,1;[19144, 630, 0.8079063641561337, 0.9417429490239213, 321.60430980168536, 0.9695560885350363, 9999]
00397792,93226,391292,444,3;[13534.230000000001, 478, 0.7310020063947819, 0.8954914451428572, 722.7705996632388, 0.8790440289926055, 1.0160444307312557]
00397792,93226,391292,445,2;[23103.85, 630, 0.7298277790716999, 0.8891983400291593, 922.0901875721948, 0.9044113014990708, 0.9964586327242866]
00397792,93227,391295,473,2;[35813.049999999996, 778, 0.7518446924276486, 1.030598627452178, 827.6021201872592, 0.828101166924704, 9999]
00397792,93227,391295,473,3;[34996.65, 704, 0.7156243366999475, 1.0217742026984449, 908.5883392433843, 0.7842644305191941, 1.0036736538121525]
00397792,93227,391295,474,1;[16977, 592, 0.8114133128188787, 0.9929929609414679, 264.641670946821, 0.9760250157478876, 1.0033391448243256]
00397792,93245,391405,141,1;[30367, 756, 0.7811019044339674, 0.9079833735186071, 353.87253143206937, 0.9530205735235548, 1.0035526033146616]
00397792,93245,391405,141,2;[36223.6, 780, 0.7400664139406524, 1.0347474838991182, 875.5862609803763, 0.8426861419779491, 9999]
00397792,93245,391405,142,3;[19459.480000000003, 546, 0.7892103284302282, 0.9070575741391406, 616.8813964641765, 0.9074781155071686, 1.0023994354269583]
00397792,93246,391416,208,1;[31212, 774, 0.7901104866847645, 0.9701116449568257, 286.03529667864507, 0.9593010057365208, 1.003972530035222]
00397792,93246,391416,208,2;[14454.929999999998, 518, 0.720586380965853, 0.9542525958511674, 788.3039129019484, 0.9162555194237348, 1.011659865078704]
00397792,93246,391416,208,3;[36407.75, 722, 0.7140042717267677, 1.0493536613071268, 740.3853138916518, 0.6791981553848843, 1.00573353265086]
00397792,93248,391434,18,1;[11567, 548, 0.7735905083890596, 0.9295735376455322, 460.01237947235586, 0.8997854580887821, 0.9378521911866056]
00397792,93248,391434,18,2;[14087.22, 518, 0.7391753482020761, 0.9806115425835895, 730.9505134070375, 0.9283017069436368, 1.00808992591331]
00397792,93248,391434,18,3;[13447.920000000002, 476, 0.7462741172165139, 0.8790855392982273, 626.3802841948341, 0.9045910632413962, 1.015255727362052]
00397792,93260,391460,197,2;[19901.559999999998, 596, 0.7847773354155917, 0.9847410441479276, 586.0963951189992, 0.9336397408589658, 9999]
00397792,93260,391460,197,3;[14637.080000000002, 502, 0.7452840198982549, 0.9505371386889857, 691.9276719558364, 0.8998218457879712, 1.0015467541598313]
00397792,93260,391460,198,1;[14181, 568, 0.6532732964547447, 1.047624860615822, 227.6167192106066, 0.9818159996428716, 0.9985564905115657]
00397792,93261,391468,298,1;[28988, 744, 0.7629364793254165, 0.8697019208865274, 496.0015696473123, 0.934521258710702, 0.9994828121228838]
00397792,93261,391468,298,2;[14257.39, 518, 0.718811089378687, 0.9821176990263244, 908.4239489655088, 0.9087257249318215, 1.003265784625691]
00397792,93261,391468,298,3;[22706.38, 566, 0.7294599925639823, 0.9659823054299883, 665.3082230152036, 0.8814724915443862, 1.0052768848183418]
00397792,93262,391477,375,1;[25467, 696, 0.7895321353699305, 0.8796259996097897, 317.4305979132831, 0.9613357507864204, 50934.0]
00397792,93262,391477,375,2;[27599.67, 680, 0.7681842992174575, 1.0093918816231644, 504.81523806469716, 0.9265756771614231, 1.0013816329174043]
00397792,93262,391477,375,3;[35581.64, 718, 0.7256937172675796, 1.052305422366245, 579.1553460198096, 0.6876583869902194, 9999]
00397792,93262,391477,377,1;[12273, 556, 0.7651569155363052, 0.9017108006463183, 438.0266017371163, 0.9106128610822645, 9999]
00397792,93262,391477,377,2;[13367.269999999999, 504, 0.7105330843563099, 0.9753836884615315, 581.6294417573112, 0.9537748207540803, 1.0054600787683494]
00397792,93262,391477,377,3;[13573.960000000001, 490, 0.757567766923312, 0.9191565606832016, 713.8492820714584, 0.9096855644979449, 0.996129291710652]
00397792,93264,391491,567,1;[18097, 620, 0.8204534388651794, 0.9549695414329589, 265.00277583887157, 0.9771073583607144, 1.0016327660163276]
00397792,93264,391491,567,2;[14446.599999999999, 520, 0.719665173850354, 0.9737887310114997, 885.5292011263994, 0.9145796586123023, 1.0083475227376553]
00397792,93264,391491,567,3;[14037.02, 484, 0.7211574292048528, 0.8777065264159918, 721.7549306979097, 0.8939082395360524, 1.0085638350231323]
00397792,93264,391493,568,1;[12089, 556, 0.7618374701107397, 0.9219882659837386, 576.8441445421067, 0.8937448450335578, 0.9377860522845396]
00397792,93264,391493,568,2;[25120.899999999998, 650, 0.7578443422736452, 0.9805821929192527, 534.0608656885445, 0.9322900589812882, 1.0010669828097214]
00397792,93264,391493,568,3;[14006.880000000001, 482, 0.7332103330920379, 0.8954280592094155, 614.5896031627497, 0.917413883037251, 1.0073402630671462]
00397792,93329,391881,106,2;[34198.22, 742, 0.762383025577531, 1.0721123054318942, 522.032550403064, 0.909304292945656, 1.0059507140856903]
00397792,93329,391881,106,3;[35273.39, 706, 0.7186502108133708, 1.0663459117853817, 641.5350551244574, 0.6346145779156089, 1.0066662756827556]
00397792,93329,391881,107,1;[32867, 790, 0.7818047279344756, 0.9766342072479078, 295.1532818818192, 0.9548655202331371, 1.0038023974956096]
00397792,93340,391955,36,1;[27696, 728, 0.7823573698281369, 0.8907444226497345, 468.7826399092925, 0.9494478889346379, 1.0027879358412688]
00397792,93340,391955,36,2;[28824.18, 680, 0.7708942508892445, 1.1098717004226037, 374.5890714788567, 0.948108383113551, 1.0027114855214954]
00397792,93340,391955,36,3;[35710.420000000006, 714, 0.721174099267972, 1.038900100794168, 632.7300603076842, 0.7015509171168669, 9999]
00397792,93340,391957,33,1;[27817, 720, 0.7909752386098465, 0.9051954742608547, 315.84341758215936, 0.9544905186350428, 1.0047497787650574]
00397792,93340,391957,33,2;[13727.84, 510, 0.749015344531316, 0.9732417983497623, 804.5662763984051, 0.9174543299800264, 1.009538811586593]
00397792,93340,391957,34,3;[29533.090000000004, 634, 0.7040242407306075, 1.0417434672022428, 718.0627530195333, 0.8454636780095233, 1.0058558663649302]
00397792,93340,391957,35,1;[11725, 538, 0.773757827182661, 0.8732930882952519, 551.0881636245103, 0.8852494727587911, 9999]
00397792,93340,391957,35,2;[35357.28, 764, 0.7239038529375063, 0.8779422927772876, 1175.5703647544572, 0.8365568635156002, 9999]
00397792,93340,391957,35,3;[12442.34, 466, 0.7447769580549476, 0.9321895801095473, 457.2601142423881, 0.874499542319552, 1.0031479538300105]
00397792,93341,391959,121,1;[11099, 536, 0.7715318437254768, 0.9359707876433238, 436.93272139725286, 0.908085135462305, 0.9923554919755018]
00397792,93341,391959,121,2;[13141.17, 508, 0.7586639587813487, 1.0619372432680472, 651.8541948920652, 0.9397925757991067, 1.0160555734461978]
00397792,93341,391959,121,3;[35865.23, 708, 0.7206629972800602, 1.0577392771015746, 638.4523112102416, 0.7871640732249345, 1.005260732662622]
00397792,93341,391964,118,1;[34799, 820, 0.7873207852922657, 0.8803462820714456, 418.952491573979, 0.9288962098309909, 9999]
00397792,93341,391964,118,2;[36122.45, 770, 0.7622724292168379, 1.0472091736595528, 603.1650856950754, 0.8740816598034257, 9999]
00397792,93341,391964,118,3;[26003.97, 608, 0.7171025176037863, 0.9266869158544934, 676.2013294868211, 0.863371128833655, 12654.0]
00397792,93341,391964,120,1;[34616, 820, 0.7891927283366892, 0.8762512291524075, 452.910274616832, 0.91966838086221, 1.0014465081293757]
00397792,93341,391964,120,2;[25677.82, 650, 0.7623227936514457, 0.8819626886056797, 731.5966256340091, 0.9083159303249002, 1.0017874138211194]
00397792,93341,391964,120,3;[12568.380000000001, 468, 0.7368484601717186, 0.8879935907840423, 589.4036665024526, 0.8820249163376734, 1.007688927943761]
00397792,93384,392074,218,1;[23763, 682, 0.7998040390422373, 0.9033650726592355, 274.0774119232729, 0.9699104929097645, 1.0028486421472431]
00397792,93384,392074,218,3;[26267.010000000002, 612, 0.7258535343060781, 0.9201729820053073, 634.4390704575652, 0.8818888192204942, 9999]
00397792,93384,392074,219,2;[26304.949999999997, 666, 0.7030896651121962, 0.8394063133728755, 990.4807327107873, 0.8998400584406294, 0.9968208157651463]
00397792,93384,392074,221,1;[35836, 836, 0.7772716853930156, 1.0280634879802517, 303.0957324642908, 0.9506958185020328, 1.0037392339472027]
00397792,93384,392074,221,2;[26805.94, 664, 0.7530279115295818, 0.870709764497959, 856.5664519283093, 0.8946612228417403, 1.0018234378474538]
00397792,93384,392074,221,3;[19167.670000000002, 542, 0.749785506323702, 0.9910190304436034, 722.3205096540734, 0.9145400870206379, 3997.4285714285716]
00397792,93384,392074,222,1;[27387, 730, 0.7733342878439032, 0.8892461680418453, 496.26676000226144, 0.9448161611985816, 1.0019573051383832]
00397792,93384,392074,222,2;[28755.16, 686, 0.7511889553152841, 0.893172089272295, 942.1882215315899, 0.8936527649385895, 1.0005797101449276]
00397792,93384,392074,223,3;[18349.780000000002, 524, 0.7480286295230938, 0.9892166088079898, 563.9412481298242, 0.9064530405448402, 9999]
00397792,93384,392074,224,1;[17940, 614, 0.8293855807095766, 0.9709311182398765, 204.8758235223527, 0.9821298982685749, 1.0015911565195545]
00397792,93384,392074,224,2;[13726.65, 520, 0.7534791954956982, 0.9444599359395517, 898.400775132978, 0.9068584435316258, 0.985897435897436]
00397792,93384,392074,224,3;[17992.210000000003, 528, 0.7587519989214818, 1.0108987684190744, 519.7867137315661, 0.9145831329775848, 9999]
00397792,93384,392074,225,1;[20543, 650, 0.811162128772017, 0.9440845533135611, 312.57505737743, 0.9714255863879454, 1.0033456250457886]
00397792,93384,392074,225,2;[14214.55, 522, 0.7629543662237374, 1.0079282406324266, 877.212823836367, 0.9189705327485809, 0.9978697631677875]
00397792,93384,392074,226,3;[36588.590000000004, 724, 0.7254271837257583, 1.0527990594139565, 626.6635491733971, 0.7734790929501146, 0.999831533234749]
00397792,93384,392074,227,1;[12232, 558, 0.7662527333316006, 0.9160659619965292, 494.8170661579287, 0.9039992887709614, 9999]
00397792,93384,392074,227,2;[14407.33, 522, 0.749819605254132, 1.014498251205938, 910.1923905325964, 0.9134116126566728, 1.0066935517399076]
00397792,93384,392074,227,3;[14005.51, 482, 0.7262660767568392, 0.9148481904050046, 640.3311643319611, 0.9085700222944586, 1.009828616585173]
00397792,93385,392084,327,1;[16772, 608, 0.8228869913689305, 1.0070707444996316, 224.83780155168566, 0.9808684180969165, 1.0028101644245142]
00397792,93385,392084,327,2;[31581.41, 724, 0.7666185032274133, 1.064478847343704, 528.1914318712853, 0.9166875246763575, 0.9988896625703371]
00397792,93385,392084,327,3;[35422.72, 710, 0.7134047812382472, 1.0541143157801471, 790.0537880201119, 0.8000006161459687, 1.0018792986534921]
00397792,93387,392098,501,1;[35752, 838, 0.7685582838477615, 0.8778540069741634, 533.5953396695413, 0.9252595406375282, 1.0041004325113745]
00397792,93387,392098,501,2;[14371.63, 524, 0.7365404056985498, 0.9787597712340166, 840.2103379562475, 0.9235040126671523, 0.9979342257478103]
00397792,93387,392098,501,3;[34173.280000000006, 700, 0.7796617020763235, 1.1532256861141212, 335.3172153074157, 0.8840756958267236, 9999]
00397792,93387,392102,502,1;[36498, 844, 0.7752700068828616, 0.883464576968444, 428.394705986492, 0.9237168273803156, 1.0048178839853537]
00397792,93387,392102,502,2;[30653.21, 710, 0.7336822577825673, 0.9132653532604926, 1050.5152996112554, 0.8639407516836985, 0.9984108527131783]
00397792,93387,392102,502,3;[13905.500000000002, 480, 0.730013078176329, 0.938203144702921, 643.4456315049146, 0.884128057818902, 1.0043041606886658]
00397792,93387,392102,503,1;[26197, 710, 0.7991360226321303, 0.8889261693738313, 269.21255385067485, 0.9690770013404428, 1.0044091710758378]
00397792,93387,392102,503,2;[14600.109999999999, 526, 0.7563312680430596, 0.9586717096465618, 948.4759832810648, 0.9124234434681758, 0.9958199748386835]
00397792,93387,392102,503,3;[14105.52, 486, 0.7354316448450524, 0.9165923487452984, 580.8090468315723, 0.894745703516149, 0.9956483899042646]
00397792,93387,392105,505,1;[11887, 558, 0.7645195026005831, 0.8993826791092067, 547.8903183136105, 0.8870872594482575, 0.918163210134013]
00397792,93387,392105,505,2;[34606.39, 774, 0.729578560498265, 0.9589069626646378, 1131.9970416484698, 0.8226576722467567, 9999]
00397792,93387,392105,505,3;[32630.660000000003, 680, 0.7063112649194372, 1.0448779272664253, 827.205263625446, 0.8236243036571733, 9999]
00397792,93388,392111,585,1;[30449, 762, 0.8056154287250056, 0.899680559535051, 367.1683368586889, 0.9553740881426673, 1.0032950014827506]
00397792,93388,392111,585,3;[36314.590000000004, 730, 0.7554893474545049, 1.0529449842214555, 359.1220130419579, 0.7683856790685, 0.9940932700781938]
00397792,93388,392111,586,2;[14522.76, 526, 0.7404464040686696, 1.0080413456836126, 707.9699593851069, 0.9372326711068779, 0.9994267463762182]
00397792,93388,392111,587,1;[28077, 732, 0.8052086299129373, 0.8877080334791079, 279.94694432672975, 0.9640530514159816, 1.0006593367428764]
00397792,93388,392111,587,2;[33553.24, 746, 0.7669825373521353, 0.9250863982077566, 512.3499924294946, 0.9179149589430626, 1.000709823963657]
00397792,93388,392111,587,3;[36368.020000000004, 722, 0.7539584453917707, 1.0677457119782683, 376.58027002882403, 0.8209331089751237, 0.9958920297874735]
00023892,93026,390259,210,1;[115384, 1676, 0.9705763288702812, 0.9705763288702812, 27.44450635858385, 0.9967809945790217, 0.9971869206936336]
00023892,93026,390259,211,2;[117053.15999999999, 1570, 1.0149650236071255, 0.9746772383627069, 32.01824097753799, 0.9959190027831599, 0.996711876257112]
00023892,93026,390259,211,3;[116700.71, 1438, 1.0186254340279237, 0.9437976061425024, 56.93241554978748, 0.9908537816795847, 9999]
00023892,93026,390259,212,1;[115337, 1664, 0.9804131521278897, 0.9889032468085639, 29.32303153461915, 0.9964262448288627, 0.9924920079683675]
00023892,93026,390259,212,2;[117691.0, 1554, 1.014747909288223, 0.9808503008994244, 33.38817836122004, 0.9959185983378324, 9999]
00023892,93026,390259,212,3;[114356.64000000001, 1394, 1.0039062202291396, 0.9507977939312924, 37.10296143051946, 0.9936297065684685, 9999]
00023892,93026,390259,214,1;[120043, 1634, 1.0032661182443197, 0.9887838124952426, 22.927187669422857, 0.9969424029558446, 0.9982495311986761]
00023892,93026,390259,215,3;[114305.95000000001, 1398, 1.010278510246198, 0.9543713578041263, 39.13504025500448, 0.9933049493998183, 9999]
00023892,93026,390259,216,2;[116758.04, 1568, 1.0123332269148082, 0.98091887278259, 29.98789604125521, 0.996023856518871, 0.9963240520725442]
00023892,93049,390350,751,2;[112488.31999999999, 1480, 0.9848740726439702, 0.9929826624223882, 26.49613653842162, 0.9961483784872827, 9999]
00023892,93049,390350,752,3;[118309.09000000001, 1532, 1.0130833231157215, 0.9721992345752148, 59.29260583943325, 0.9911236827270111, 9999]
00023892,93049,390350,753,1;[115862, 1658, 0.9829469492684024, 0.9978529551266063, 24.60371064380052, 0.9960469422803894, 0.9909383646292598]
00023892,93049,390350,756,2;[116076.17, 1538, 1.0085478725212538, 0.9927081192712227, 43.37188848757056, 0.9943862237694245, 9999]
00023892,93049,390350,756,3;[117833.70000000001, 1382, 1.047327962051423, 0.9430491915437306, 103.28006889242694, 0.9876476852572468, 0.9989779088945155]
00023892,93049,390350,757,1;[119330, 1636, 1.0075125795868425, 0.9942916148693116, 29.0029681718026, 0.9953227996444487, 9999]
00023892,93049,390350,758,3;[117121.3, 1400, 1.030931342867741, 0.9719735434960686, 74.73251000866165, 0.9910807744684849, 9999]
00023892,93049,390350,760,1;[119412, 1684, 1.0004737661313214, 0.9880028410604836, 28.934950571560975, 0.9954903479060804, 0.999870214146658]
00023892,93049,390350,760,2;[117228.09, 1564, 1.0405712513178689, 0.9825036010815462, 94.58212834702178, 0.9879751501300211, 0.9954779023530066]
00023892,93049,390350,761,1;[115473, 1576, 0.991677529821298, 0.9926776955103828, 36.86362273631874, 0.9942467519164607, 1.0014917476864902]
00023892,93049,390350,763,2;[118247.92, 1546, 1.0345050869305332, 0.994516715150005, 59.95186314319832, 0.9908730469999921, 9999]
00023892,93049,390350,763,3;[118310.46, 1494, 1.0361395917367435, 0.9712337522244107, 108.28824339469637, 0.9843328979744623, 0.9939059128182995]
00023892,93049,390350,766,1;[116227, 1652, 0.9751026370807013, 0.9892795240401203, 27.456611617824382, 0.9965442441576506, 0.9924685549359998]
00023892,93049,390350,767,3;[117711.77, 1466, 1.0214023858039325, 0.9691685127209577, 43.76655418360943, 0.9929606828812833, 10740.125]
00023892,93049,390350,769,2;[117706.47, 1490, 1.0202549609913965, 0.9997484379105231, 29.963769686372082, 0.995278891855519, 9999]
00023892,93049,390350,770,1;[117114, 1588, 1.0024585818836231, 0.9928265580916606, 32.869004539460455, 0.9955113006843905, 9999]
00023892,93049,390350,770,3;[118395.40000000001, 1410, 1.0424963099943128, 0.9275135170288007, 78.28360049762023, 0.9922517167138535, 9999]
00023892,93049,390350,773,2;[114238.81, 1522, 1.0044227657496143, 0.986742260703326, 36.17136856988099, 0.9948063335800724, 9999]
00023892,93099,390646,1221,2;[114072.20999999999, 1486, 1.0090858747803573, 0.9867088647928606, 38.53013999163804, 0.9934468550222741, 9999]
00023892,93099,390646,1222,1;[115757, 1704, 0.9986716907804245, 0.9931340390066832, 35.39650912607604, 0.9961712619634862, 0.989105543782897]
00023892,93099,390646,1222,3;[117585.73000000001, 1392, 1.1323117391248805, 0.9651113997953958, 50.31573890807299, 0.9940088735414381, 9999]
00023892,93103,390673,1487,1;[118131, 1640, 0.9941992381714719, 0.9832364950716539, 24.18140079113889, 0.9967673469878491, 0.9975637458357788]
00023892,93103,390673,1488,3;[117951.52, 1364, 1.034720293021279, 0.9614925636421753, 96.22023479779668, 0.98528403584093, 0.9961010262284081]
00023892,93103,390673,1489,2;[116541.45999999999, 1546, 1.014966414714585, 0.992022459678374, 40.09946663942671, 0.9947342202306876, 0.9929282227280332]
00023892,93103,390673,1491,2;[120403.01, 1514, 1.0503891899546012, 0.9843946252209498, 113.66690920960296, 0.984839104179109, 9999]
00023892,93103,390673,1492,1;[114627, 1678, 0.9987680845865211, 0.9924709850319351, 45.564953524898826, 0.9946129103177113, 0.9927122981592382]
00023892,93103,390673,1492,3;[112581.12000000001, 1362, 1.004285977747245, 0.9649001229124898, 31.23126453415144, 0.9956981357234577, 9999]
00023892,93103,390673,1495,2;[114817.15, 1510, 0.9930315460441014, 0.9870770259924616, 31.546042712339776, 0.9947702350629656, 9999]
00023892,93103,390673,1497,3;[113548.34000000001, 1404, 1.0054351093309934, 0.960491452600365, 28.91913419738997, 0.9948299282430487, 9999]
00023892,93103,390673,1498,1;[116314, 1654, 0.989772517025471, 0.9913499174139772, 25.89202116124958, 0.9956881817830718, 0.9948765321221763]
00023892,93103,390673,1499,1;[115761, 1706, 0.9962542217613665, 0.9812057965453727, 38.26655464467754, 0.9959036968410945, 0.9896936302274583]
00023892,93103,390673,1499,3;[117251.45000000001, 1500, 1.0242496834682837, 0.9748615169204323, 53.78139989410666, 0.9908513476631625, 34234.0]
00023892,93103,390673,1500,2;[113904.42, 1520, 1.0033341804562999, 0.9866325509813356, 31.931454020851525, 0.9944117262205622, 0.9918501209788144]
00023892,93122,390798,1587,3;[117843.29000000001, 1442, 1.0406381091708652, 0.97290517790024, 111.87571133625764, 0.982512094931687, 0.9956477955389904]
00023892,93122,390798,1589,1;[115972, 1698, 0.9778822539189395, 0.9908134710763481, 20.37117655163161, 0.9968449509462828, 0.9941706957446079]
00023892,93122,390798,1589,2;[117505.36, 1504, 1.0292453359150497, 0.9978651105229204, 41.27597117489877, 0.9945531923571351, 9999]
00023892,93122,390798,1590,1;[114476, 1708, 0.9714008354292216, 0.9792266459744134, 31.895664856885332, 0.9963746613606888, 0.9873600048300221]
00023892,93122,390798,1590,2;[115546.62, 1446, 1.0044099548766843, 0.9937778684089924, 34.96544073137213, 0.9941037791054449, 9999]
00023892,93122,390798,1592,3;[117977.55, 1424, 1.0384956777881869, 0.9582881772027657, 51.69301507743181, 0.993571167624946, 172230.0]
00023892,93139,390920,17,2;[116130.90999999999, 1510, 0.9981631323817355, 0.9808162066148503, 32.268889709424414, 0.993887002655094, 0.9946034641785189]
00023892,93139,390920,17,3;[117082.94, 1368, 1.01704474354301, 0.9629625559037094, 53.25214145749839, 0.9925764721536028, 9999]
00023892,93139,390920,18,1;[114291, 1656, 0.9814575364939319, 0.9959018721886728, 30.733984173391054, 0.9957475714305857, 0.9944271152817112]
00023892,93139,390920,19,1;[117141, 1708, 1.0011284673044343, 0.9784178992053928, 59.47460187917027, 0.9921109682880714, 0.9933264364697103]
00023892,93139,390920,20,3;[118051.53000000001, 1470, 1.0213625513322462, 0.9716452290970454, 85.44257796364806, 0.9849400431888099, 9999]
00023892,93139,390920,21,2;[115941.7, 1478, 1.0067750976010585, 0.9966286729292532, 25.270836994108723, 0.9955051948918705, 1.001742742428838]
00023892,93166,391047,301,1;[119197, 1602, 0.9934559797032223, 0.9948353663934025, 20.712104405988043, 0.9968702647084702, 0.9987055043296481]
00023892,93166,391047,301,2;[116151.14, 1540, 1.0002683910551358, 0.9928704150270152, 33.4848806094114, 0.9948215854848882, 9999]
00023892,93166,391047,303,3;[118637.89000000001, 1398, 1.0223579081250327, 0.9703534494557088, 42.23273852076505, 0.9934911546531924, 9999]
00023892,93166,391047,304,1;[117753, 1622, 0.9772164352433422, 0.9958620833402838, 25.766315361363983, 0.9967860458868003, 0.9972686967237064]
00023892,93166,391047,305,2;[117093.62, 1536, 1.002178459818774, 0.997850638667676, 24.4138911119299, 0.9964615269265222, 1.000127051242307]
00023892,93166,391047,305,3;[119032.45000000001, 1370, 1.0183846266174685, 0.9748323649170428, 37.875699129217296, 0.9947455224370897, 2199.6202531645567]
00023892,93166,391047,307,2;[115370.5, 1528, 1.0058060097422366, 0.9895282762600829, 39.93207841576104, 0.9944151817445519, 9999]
00023892,93166,391047,308,1;[115460, 1682, 0.9960968642594321, 0.9954651582763876, 40.582903883813906, 0.9951983391381567, 0.9932470213772635]
00023892,93166,391047,308,3;[118877.64000000001, 1454, 1.017150500848034, 0.9733966928934351, 36.44529966828555, 0.9937569319287601, 1324.7633587786258]
00023892,93166,391047,309,1;[119716, 1620, 1.0322619672169577, 0.9876387315526259, 46.38197855060344, 0.9944067144527013, 0.999419796219075]
00023892,93166,391047,309,2;[115416.90999999999, 1496, 1.0140101989435855, 0.9782871975660953, 49.76970517264166, 0.9923215994050387, 9999]
00023892,93166,391047,310,3;[117396.67000000001, 1446, 1.0322636927019022, 0.9549682020607355, 42.6314536599798, 0.9954496600959517, 9999]
00023892,93166,391047,312,2;[119097.58, 1476, 1.0286965797742729, 0.9766518066581236, 64.13464440773701, 0.9901136968339167, 100082.0]
00023892,93166,391047,313,1;[120302, 1688, 1.021004314514589, 0.9866737636844082, 42.55555215394716, 0.9931729686905908, 0.9957002685780263]
00023892,93166,391047,313,3;[119017.38, 1408, 1.0256435421473993, 0.9687818342517958, 44.27779058241403, 0.9929874755115312, 24821.14285714286]
00023892,93166,391047,315,1;[117580, 1706, 0.9911475015587408, 0.9998940038735258, 31.46718806602632, 0.9964770636421072, 0.9924037812288994]
00023892,93166,391047,315,2;[119473.62, 1562, 1.0290292751963206, 0.976969826578464, 59.39391504055549, 0.9910613417632356, 9999]
00023892,93166,391047,315,3;[120414.78000000001, 1524, 1.0420803432332637, 0.9716719340706381, 114.80932319891738, 0.9838297153742086, 0.9968696835658387]
00023892,93265,391506,609,1;[120450, 1668, 1.0130823848066772, 0.9934285035407959, 28.081715577593773, 0.9950777124707098, 9999]
00023892,93265,391506,609,3;[119976.38, 1438, 1.0627480642574758, 0.9590433977019611, 126.38952663022229, 0.9846962103710577, 0.99012968218255]
00023892,93265,391506,610,2;[119833.0, 1508, 1.0279624297293433, 0.9939602657133225, 34.05485042585448, 0.9943307197997148, 0.9989534301203803]
00023892,93265,391506,611,3;[119896.92000000001, 1368, 1.0267371543472592, 0.9680652141772095, 60.138477372720004, 0.9910185054986551, 175032.0]
00023892,93265,391506,612,2;[116885.37, 1548, 1.0145783774572443, 0.9803564738122116, 29.62078944142632, 0.9948200399301197, 9999]
00023892,93265,391506,613,1;[114481, 1610, 0.9955593575803238, 0.9902087238335712, 36.759064237107594, 0.9944111491071127, 0.9902515396858349]
00023892,93329,391882,87,1;[118271, 1616, 1.0194271800477344, 0.9951980347867928, 37.73351695185407, 0.9949972892828642, 0.9989948475377988]
00023892,93329,391882,87,2;[111247.15, 1430, 0.9892958805203751, 0.987969527216751, 25.62743346510477, 0.9960790202361292, 9999]
00023892,93329,391882,87,3;[115923.92000000001, 1414, 1.0215942370198658, 0.9563196493174627, 47.010858776237484, 0.9953242287886229, 9999]
00023892,93329,391882,89,1;[114628, 1672, 0.9914825066265023, 0.992449732020601, 46.0862142629913, 0.9941192467786226, 0.9939475920434248]
00023892,93329,391882,89,3;[114667.63, 1414, 1.0167941706478845, 0.9529070402788227, 69.36194070195396, 0.9896615259912896, 0.9922821576763485]
00023892,93329,391882,90,2;[116098.78, 1540, 1.024478526931865, 0.9929498654533664, 58.7047229351499, 0.9922725834272821, 9999]
00023892,93329,391882,92,2;[114627.93999999999, 1522, 1.0073552101636527, 0.9847883422105579, 36.85985021329225, 0.9940911230252352, 0.9904477918873066]
00023892,93329,391882,92,3;[114493.64000000001, 1356, 1.0098884038015559, 0.9575393429604518, 53.70771228318953, 0.9928164272628103, 9999]
00023892,93329,391882,93,1;[115389, 1646, 0.9791536811644996, 0.9912072497007227, 30.555962129969355, 0.9961549890584726, 0.995354855405318]
00023892,93329,391882,94,1;[116973, 1592, 0.994606233216065, 0.9965614043713638, 34.71012332712566, 0.9946580766084038, 0.9999615310636661]
00023892,93329,391882,94,2;[112866.73999999999, 1496, 1.003006582190011, 0.9923183925625743, 26.138494257660792, 0.99570058885804, 9999]
00023892,93329,391882,94,3;[114433.36000000002, 1410, 1.0214616209838423, 0.9517095185099957, 73.57692311392724, 0.9894936176987641, 0.990536726513768]
00023892,93329,391882,96,1;[115407, 1632, 0.9872182726007631, 0.9927104473525977, 23.989429741072772, 0.9960868400620199, 0.996795591563164]
00023892,93329,391882,96,2;[113005.97, 1516, 0.9882006017804126, 0.9825266807640969, 27.477798069064683, 0.9957344812378607, 0.9942780561096016]
00023892,93329,391882,96,3;[117169.25000000001, 1434, 1.0569068397282255, 0.9348208440309685, 110.45560734956277, 0.9883416942725053, 9999]
00023892,93329,391882,99,1;[118266, 1608, 1.0340711010663866, 0.9901960891665134, 40.350390802242764, 0.9941750124012475, 0.995743928467688]
00023892,93329,391882,99,2;[114010.33, 1524, 1.0088953795511193, 0.9873587254334197, 27.375748128469997, 0.9954495918170748, 9999]
00023892,93329,391882,99,3;[113752.47000000002, 1336, 1.0058340005280906, 0.9771892906538502, 25.640739364499375, 0.99607581804577, 9999]
00023892,93377,392048,3,3;[118466.64000000001, 1406, 1.047556527781869, 0.9626297559970822, 107.28162349534367, 0.988306503325163, 9999]
00023892,93377,392048,4,1;[118492, 1724, 0.9863208326474601, 0.9986424630954116, 19.764201178268063, 0.9967779664001932, 0.982353745839223]
00023892,93377,392048,4,2;[116322.5, 1540, 1.0024661578187861, 0.9812524545754474, 28.71243987076844, 0.9953319054134065, 9999]
00023892,93377,392048,5,1;[112681, 1604, 0.9750116024793062, 0.9728192778387952, 30.87669786078407, 0.9962903174522396, 0.9869450782375636]
00023892,93377,392048,5,2;[117476.79999999999, 1468, 1.0128946844061226, 0.9826118107683158, 31.69563920609115, 0.9953051589361018, 9999]
00023892,93377,392048,5,3;[119291.38, 1442, 1.0494193382007337, 0.9224995551443748, 90.97954973781846, 0.9914184377585706, 9999]
00023892,93377,392048,8,2;[114999.22, 1520, 1.0070723933409482, 0.9772014446917673, 55.95936210100426, 0.9911467610708359, 1.0000983146794165]
00023892,93377,392048,8,3;[115359.48000000001, 1394, 1.0261842013140077, 0.9530082855170431, 74.80732270330151, 0.9887307322964278, 9999]
00023892,93377,392048,9,1;[115825, 1638, 0.9752674514762388, 0.977930434245964, 26.59457846165895, 0.9966290836236483, 0.9829547624402228]
00023698,93080,390528,134,1;[36900, 898, 0.9978155479327312, 1.0259673944738459, 89.73238912855744, 0.9929930238391793, 0.9837638966648005]
00023698,93080,390528,134,2;[39364.009999999995, 820, 1.0504391901326098, 1.022399976459444, 131.86334323534342, 0.9822628171354302, 1.0140555785472325]
00023698,93080,390528,134,3;[55474.04, 910, 1.2348669144335471, 0.954528904486548, 84.48481776732575, 0.9923977465338607, 26994.666666666668]
00023698,93244,391403,53,2;[43991.92, 860, 1.0139415938895173, 1.0212939734954087, 88.72411398565121, 0.9915332214735743, 9999]
00023698,93244,391403,54,1;[45368, 944, 1.0138822074695624, 0.9740646097252217, 57.91967425793741, 0.993886083647604, 1.000099198694986]
00023698,93244,391403,55,3;[38692.91, 766, 1.0128055678324268, 1.0020142613457823, 123.04365198080062, 0.9864740144323954, 0.9985680697226298]
00232831,93048,390346,740,1;[60347, 1074, 1.0041203919890753, 0.9799737843213558, 68.8031668473261, 0.9893269121354705, 1.0045276737411568]
00232831,93048,390346,740,2;[26282.34, 714, 1.0320528336306802, 1.014372897938292, 140.43680277580415, 0.9847081607347733, 9999]
00232831,93048,390346,740,3;[48303.46000000001, 810, 1.1451752258466206, 0.9524738607388366, 111.29907984614162, 0.9886044851043795, 1.0053033759124088]
00232831,93048,390346,741,1;[58549, 1054, 1.0054455670794802, 0.9721401613657598, 71.84338526471858, 0.9899833681219329, 1.006091640962634]
00232831,93048,390346,741,2;[26754.77, 714, 1.0341519316231074, 1.0048081338552852, 159.3327943069655, 0.9804418482813829, 1.0053435285174503]
00232831,93048,390346,741,3;[59377.170000000006, 910, 1.009236585552549, 0.9801747544230137, 119.60868056295885, 0.9820228240271109, 1.0022546741128724]
00232831,93048,390346,742,1;[60220, 1068, 1.0074655194483435, 0.9772295374079115, 65.41557014703079, 0.9913233628504808, 1.006005629755849]
00232831,93048,390346,742,2;[36023.68, 754, 1.1820072772154882, 0.975194568199687, 145.89823339616314, 0.9858882366313425, 1.007957912962408]
00232831,93048,390346,742,3;[30371.530000000002, 664, 1.0089733402220478, 0.9955065153366602, 110.20559259267367, 0.9896436106369197, 1.003848940409346]
00232831,93147,390953,359,1;[28614, 804, 1.0032679635817676, 0.9797642027110547, 76.11960080236409, 0.9935266967839056, 1.0029442691903259]
00232831,93147,390953,359,2;[32495.329999999998, 730, 1.0010910926167107, 1.0181539503852286, 138.38844875947652, 0.9872961394964037, 1.0066911209009972]
00232831,93147,390953,359,3;[44651.04, 780, 1.1265940771710539, 0.9490983104198878, 135.99181647196534, 0.9850378115291741, 1.0061277725469615]
00232831,93165,391039,287,1;[39866, 864, 1.0298398293658304, 0.9959000629021967, 86.7554628668432, 0.992586344484783, 0.9994735126733021]
00232831,93165,391039,287,2;[58477.79, 974, 1.0269415973797502, 0.9712203717647845, 110.17502078317794, 0.9861528678999373, 1.0036866453569715]
00232831,93165,391039,287,3;[47685.590000000004, 804, 1.0360607644632402, 0.94115180619928, 106.98442230112188, 0.9887037694940279, 9999]
00232831,93165,391039,289,1;[28699, 810, 1.00818441333912, 0.9786705332760606, 77.15163995602295, 0.9933617731220881, 0.9997039101280153]
00232831,93165,391039,289,2;[29376.34, 706, 1.0029025862775742, 1.0184988224387705, 115.10771404046059, 0.9898791421656763, 1.0058060178866095]
00232831,93165,391039,289,3;[29242.65, 658, 1.0054347153086407, 1.016919426240819, 136.91117619523283, 0.9875221844265234, 1.0027482207032625]
00232831,93165,391039,290,1;[29374, 836, 1.0333035036256313, 0.9688302861139513, 84.38927192001452, 0.9925713888783438, 1.00454840805718]
00232831,93165,391039,290,2;[48306.86, 868, 1.1486846561401474, 0.9733066559966124, 138.39645165229948, 0.9857525522417887, 1.0036095727848102]
00232831,93165,391039,290,3;[28849.460000000003, 652, 1.0052699092288533, 1.0203944978101065, 115.91342784668967, 0.98962519814608, 1.003669987131214]
00232831,93328,391868,72,1;[53913, 1002, 1.0197885864858176, 0.9823802569413564, 73.40299224254385, 0.9925419384832258, 1.0061398925052254]
00232831,93328,391868,72,2;[30416.399999999998, 710, 1.0438726826922544, 0.9772929921499058, 127.79972348039183, 0.989214036519754, 9999]
00232831,93328,391868,72,3;[54501.340000000004, 870, 1.009712309967718, 1.0058363780854904, 98.19940865914353, 0.988407161462243, 9999]
00232831,93328,391868,73,1;[53548, 998, 1.0189524065939604, 0.9797690597906243, 70.54455465725476, 0.9923345736926806, 1.0058606957697798]
00232831,93328,391868,73,2;[32314.449999999997, 730, 1.0032959324346369, 1.0173005886922057, 119.24168662801405, 0.9887060503406242, 1.0007739367583106]
00232831,93328,391868,73,3;[56224.8, 882, 1.0097929346542687, 1.0019868142286004, 108.93376190051036, 0.985441320762081, 9999]
00232831,93328,391868,74,1;[58872, 1058, 1.0073440151434425, 0.9871881459772484, 66.68563326524257, 0.9914655171775439, 1.0050875815208113]
00232831,93328,391868,74,2;[56247.729999999996, 944, 1.126253123694444, 0.9646773931279856, 122.14461848641795, 0.984343955618227, 1.0040039508480516]
00232831,93328,391868,74,3;[54302.69, 864, 1.013030303116915, 1.0093036032740614, 115.46933163720168, 0.98485697905831, 9999]
00521701,93026,390258,236,1;[65015, 1268, 0.8381775642546434, 1.2907349359759162, 250.17272954094338, 0.8658941841502674, 0.9906670222086777]
00521701,93026,390258,236,2;[63711.409999999996, 1160, 0.8328008538305073, 1.244832771554797, 383.41423372086234, 0.8778173893145765, 0.991986511399535]
00521701,93026,390258,236,3;[64650.3, 1088, 0.7961479669495897, 1.7462056904974999, 589.4067175037352, 0.9620048103930134, 9999]
00521701,93122,390796,1603,2;[62828.43, 1126, 0.819885475612702, 1.256333279056509, 299.49397662419483, 0.8638672780054223, 0.9927420416298441]
00521701,93122,390796,1604,3;[62922.73, 1048, 0.8185142145814573, 1.450235556326929, 320.0687700976941, 0.8812622518672641, 0.997166708279508]
00521701,93122,390796,1605,1;[62224, 1146, 0.8566837480585704, 1.2049831781894702, 156.220883867245, 0.9003790357456036, 0.9972993548904115]
00521701,93139,390917,48,1;[65905, 1250, 0.8177142451097035, 1.363160319113161, 272.79423457219696, 0.8735352990091628, 0.9921342817357269]
00521701,93139,390917,48,2;[63280.63, 1130, 0.8069446185618948, 1.4570263221994737, 273.2561554452453, 0.9667913955202088, 9999]
00521701,93139,390917,48,3;[62114.43000000001, 1014, 0.8202161911979294, 1.608353300801054, 300.4638342307913, 0.9710721126599146, 0.9903020771902235]
00521701,93141,390932,199,2;[64893.079999999994, 1162, 0.8456843959906979, 1.2595769526941694, 346.6162792194861, 0.8648392540420272, 0.9924382364984758]
00521701,93141,390932,199,3;[62017.16, 1054, 0.7860292950526333, 1.5138959370819465, 276.9085808237027, 0.9731655031711313, 0.9876726376191827]
00521701,93141,390932,200,1;[64754, 1262, 0.8692715981718601, 1.325863861317932, 226.1344441489002, 0.9672597308634594, 0.9923832584941227]
