02392933,93027,390265,281,1;[15348, 590, 0.995502473248466, 1.0144756732300844, 103.1229909502151, 0.9915584970311039, 1.0025802658653689]
02392933,93027,390265,281,2;[13926.57, 550, 0.9682722469201537, 0.981778627973937, 368.81295092679136, 0.9463681263941705, 1.0042476509203244]
02392933,93027,390265,281,3;[24218.86, 594, 0.9208061673197643, 0.9883191550877027, 123.08501688210109, 0.9626099125653458, 9999]
02392933,93028,390274,340,1;[21552, 680, 1.0011014741172646, 0.9589988728405213, 101.62385229559897, 0.9898390016758607, 1.0000232002412826]
02392933,93028,390274,340,2;[23033.64, 666, 0.9855933452009692, 0.997156622846768, 233.42218956504473, 0.9545090910667895, 0.9709799593669267]
02392933,93028,390274,340,3;[24195.570000000003, 604, 0.8995243861541117, 0.9527729268861319, 153.1948961315568, 0.8703478158860967, 0.9938381024731999]
02392933,93032,390307,81,1;[14159, 614, 0.9108627713495436, 0.9942886635978885, 152.73557949616128, 0.9825468986128361, 9999]
02392933,93032,390307,81,2;[13205.43, 520, 0.9245143126000698, 0.9415306740315491, 318.5795321056801, 0.9656984314031026, 1.0061199510403918]
02392933,93032,390307,81,3;[15360.44, 496, 0.906810419602954, 0.9483514134162956, 268.8785312943981, 0.9484017583043086, 1.0063728570146306]
02392933,93049,390348,574,1;[16750, 600, 0.9881393034905827, 1.0132020661382002, 94.23888747611987, 0.9914925371398974, 1.002393776181927]
02392933,93049,390348,574,2;[12389.09, 472, 0.9822870812095621, 0.9914239463386345, 316.66589743815973, 0.9533768768977383, 1.0075973868860393]
02392933,93049,390348,574,3;[25075.11, 636, 0.9201260792631271, 0.9683897893519847, 84.13440840798104, 0.956522360200869, 36606.0]
02392933,93051,390358,660,1;[24000, 706, 0.9612634978317748, 0.9699122151489925, 57.517343652150814, 0.9857580273931876, 9999]
02392933,93051,390358,660,2;[8763.16, 384, 0.9795149770683389, 1.0019486799574264, 277.12021877443124, 0.9538909399338613, 0.995404163287375]
02392933,93051,390358,660,3;[13016.37, 484, 0.8954069920132618, 0.9311515393830536, 197.39599169411926, 0.9545563766069738, 1.0067818162551658]
02392933,93051,390365,658,1;[24408, 734, 0.9929801820853695, 0.9359547225360344, 97.24814167941705, 0.9884358083684078, 1.0001434161732468]
02392933,93051,390365,658,2;[14176.47, 536, 0.947667460187443, 1.0158365767848874, 335.4841214675228, 0.9621447847157614, 1.00953349434346]
02392933,93051,390365,659,3;[23883.210000000003, 622, 0.9133514362520415, 0.9862665251734754, 89.27137055564387, 0.9194363322017914, 9999]
02392933,93056,390389,417,1;[23621, 688, 0.9871789886919973, 0.9544124084895836, 89.50652371121295, 0.988167217774738, 1.0000846775900758]
02392933,93056,390389,417,2;[24993.57, 656, 0.9909741961277548, 0.9992834262393011, 234.2547761809292, 0.9587825201091429, 0.9823207520695945]
02392933,93056,390389,417,3;[13308.18, 468, 0.8900861328587873, 0.9401746636773249, 223.43743514345735, 0.9542309100823286, 9999]
02392933,93062,390398,761,1;[22611, 670, 1.0026489131432448, 0.958349588159497, 105.21846918025516, 0.9872744165438286, 1.0013507229689333]
02392933,93062,390398,761,2;[14670.32, 550, 0.9866306089466574, 1.011108059462454, 236.2645690279774, 0.9727308470946666, 1.0018691588785047]
02392933,93062,390398,761,3;[11529.92, 436, 0.908401387233443, 0.98583658467198, 214.36299356270004, 0.9697870051417792, 1.0088103086604734]
02392933,93062,390402,759,1;[21904, 672, 0.9894101958448379, 0.9782429158577371, 63.37301465425377, 0.9926579775702193, 9999]
02392933,93062,390402,759,2;[23540.579999999998, 664, 0.9768692972923396, 0.9901158327384021, 217.6992046183914, 0.9664970719094952, 0.9716110019646366]
02392933,93062,390402,759,3;[15056.300000000001, 498, 0.9037183868658493, 0.9512946024576477, 244.353587154435, 0.9487122009355754, 1.0082106325397917]
02392933,93063,390412,842,1;[17729, 636, 0.9863123291689028, 1.0189406336371611, 99.0139206306764, 0.9916617531203398, 9999]
02392933,93063,390412,842,2;[24308.129999999997, 654, 0.9921469873482718, 1.0007275233967066, 252.7435650619273, 0.9542092418851008, 0.9795947728090157]
02392933,93064,390417,915,1;[24905, 704, 0.971050617778504, 0.9553446665324039, 68.08057851443783, 0.9864432465018296, 1.001226155299604]
02392933,93064,390417,915,2;[9441.46, 412, 0.9603899557849591, 1.0076440293457394, 310.7143201592276, 0.964740400355723, 1.007108403148007]
02392933,93064,390417,916,3;[18138.800000000003, 530, 0.9029025631825822, 1.006966482407311, 130.7557363732609, 0.9660955015633755, 9999]
02392933,93068,390442,175,1;[25533, 718, 0.9586229296216577, 0.9610347634796181, 76.87581153317971, 0.9820812042559377, 0.9951088333300856]
02392933,93068,390442,175,2;[15335.529999999999, 546, 0.9778713472427004, 1.0217406045072925, 274.0127585223072, 0.9698538632139188, 1.001243104653873]
02392933,93068,390442,175,3;[14408.29, 508, 0.8922413193343666, 0.9289010438962161, 293.17131564407833, 0.9464748515928184, 0.9987180095911875]
02392933,93074,390483,647,1;[26025, 746, 0.9745124088326254, 0.9767955948710435, 88.15297207158847, 0.987965836831189, 0.9964773902056132]
02392933,93074,390483,647,2;[17439.45, 572, 0.9863146638383126, 0.9968906324333355, 243.17640495147037, 0.96905599170319, 0.9981270219649242]
02392933,93074,390483,647,3;[14157.580000000002, 510, 0.8995635825796638, 1.0097628452019256, 211.1973547065735, 0.9541813621277571, 0.9915087550971456]
02392933,93078,390510,34,1;[15392, 582, 0.9983134826195008, 1.0112964946731404, 106.82387132361522, 0.9911461130816327, 1.0072309655465759]
02392933,93078,390510,34,2;[23031.26, 676, 0.9615688592410855, 0.9865237780158921, 281.3218805168002, 0.9540426297850029, 0.9674823164787922]
02392933,93078,390510,34,3;[18668.99, 538, 0.9211085479320666, 0.9817766368484616, 265.13474173349766, 0.9457524301392133, 1.0005506810088476]
02392933,93078,390515,36,1;[25164, 710, 0.995065580263014, 0.8702384715461249, 101.22170760461833, 0.9869816051470036, 0.9960417986067132]
02392933,93078,390515,36,2;[15439.06, 548, 0.9799983947594931, 1.0302070764662208, 261.68549154735695, 0.971583323872889, 1.0028987747845244]
02392933,93078,390515,36,3;[19014.230000000003, 550, 0.9254902330581396, 0.9988876430462664, 249.62081742504728, 0.9495810124061818, 0.9994958951461904]
02392933,93084,390556,438,1;[25079, 718, 0.9742676110781021, 0.9547246944642549, 88.28661713488506, 0.9854415318435628, 0.9991036392247475]
02392933,93084,390556,438,3;[15008.35, 552, 0.8915257466746707, 0.94198865391357, 242.62043185346542, 0.9510704401061036, 429.6078431372549]
02392933,93084,390556,439,2;[23488.219999999998, 686, 0.9912439169923764, 0.9988308462744673, 266.6234093668203, 0.9502477778172137, 9999]
02392933,93084,390558,440,2;[25178.02, 708, 0.9723987045181953, 1.0113174543145655, 227.7794261354991, 0.9722477280887621, 0.9906590190799485]
02392933,93084,390558,440,3;[11732.68, 436, 0.9045607187127781, 0.9972364289127787, 205.0837089398775, 0.9618227007536281, 1.0094890080744976]
02392933,93084,390558,441,1;[23356, 708, 0.9861731922610686, 0.9767592678678548, 65.66479437309886, 0.9927633443847714, 0.9973950548746637]
02392933,93085,390566,543,1;[16395, 596, 0.9955080079779944, 1.0138898234715836, 108.57664286476928, 0.9906072010617216, 1.0047495020683315]
02392933,93085,390566,543,2;[14245.49, 520, 0.9842725737163011, 0.9945323703682246, 347.8661162498587, 0.9528147597896248, 1.0007523825447249]
02392933,93085,390566,543,3;[6460.92, 318, 0.9010081159572957, 0.9536382877153355, 271.56609683554785, 0.942751378785209, 0.9356214661243925]
02392933,93092,390592,730,1;[22066, 710, 1.0069646070224023, 0.9913475061946696, 104.74068835818622, 0.982191789196911, 0.9361304965742528]
02392933,93092,390592,730,2;[22342.25, 640, 0.9641057290718814, 1.0211817549225382, 230.20814273077912, 0.971880373437086, 0.9889646817140298]
02392933,93092,390592,730,3;[22472.11, 584, 0.9270246653082077, 0.9947310130621323, 157.5752589140349, 0.9586321095253397, 9999]
02392933,93092,390598,731,1;[24062, 736, 0.9871781589340809, 0.9919824634674658, 80.08804878939858, 0.9921518878077138, 1.0017693956993277]
02392933,93092,390598,731,2;[23469.18, 674, 0.9617594236214229, 0.9949945805182193, 258.3968622401713, 0.9627085188970567, 0.9657941774197497]
02392933,93092,390598,731,3;[13601.36, 428, 0.9004452641918415, 0.9496104799501438, 105.18214706301485, 0.9816447844083915, 6618.666666666667]
02392933,93094,390609,830,1;[22856, 684, 0.9891737234243448, 0.984728875506385, 89.00778684596474, 0.989767509230184, 1.0017751090267581]
02392933,93094,390609,830,3;[24903.86, 634, 0.9161704927724221, 0.9665703156697076, 100.10538328482318, 0.9482831288633692, 0.9940123034859877]
02392933,93094,390609,831,2;[14961.869999999999, 494, 0.9077893569969093, 0.9761607676214596, 140.78075532451646, 0.9813839523643876, 9999]
02392933,93099,390644,1273,1;[16719, 624, 0.988842458970069, 0.8274969733973692, 90.20987987662654, 0.9916728458510511, 1.003029666736659]
02392933,93099,390644,1273,2;[25172.07, 708, 0.9547249478117228, 1.0247998989419573, 221.0450563479824, 0.9746671158539003, 0.994967074317968]
02392933,93099,390644,1273,3;[21034.980000000003, 594, 0.9335210996695745, 1.0311188849789115, 168.2096030767899, 0.9621746404493555, 0.999154031365914]
02392933,93103,390672,1597,2;[13649.3, 508, 0.9845854303220638, 0.9934310248867935, 401.6913574112133, 0.94643157205734, 1.004730203223546]
02392933,93103,390675,1598,1;[22967, 720, 0.9804533477627468, 0.9843500741180405, 48.72540595388493, 0.9948008804528741, 9999]
02392933,93103,390675,1598,3;[15086.44, 534, 0.8997916405186804, 0.9380478652335569, 212.19330780573162, 0.9518569836903311, 1.008840639457652]
02392933,93103,390675,1599,2;[23200.239999999998, 656, 0.953262737520443, 0.9970692115445855, 171.00416582693913, 0.9741344597264023, 9999]
02392933,93114,390743,2032,1;[13156, 564, 0.9330458713392036, 0.9572778467493528, 136.11213276515068, 0.9805036103960302, 1.0027056895697573]
02392933,93114,390743,2032,2;[14408.519999999999, 552, 0.9407975741694935, 0.9609618233187273, 382.210637292262, 0.9591893350721027, 1.0018202879364555]
02392933,93114,390743,2032,3;[19770.47, 568, 0.9077392884773061, 0.9796554829883076, 174.502151195306, 0.9731563634053846, 9999]
02392933,93117,390759,134,1;[16037, 588, 0.9977559662372188, 1.0106496713907478, 118.75594547490785, 0.990003589703623, 1.0059275521405049]
02392933,93117,390759,134,2;[19211.36, 582, 0.9916079400728544, 0.9976160660692047, 261.42956276807814, 0.9653782736836191, 0.9942417244033872]
02392933,93117,390759,134,3;[23511.940000000002, 614, 0.9062653449697481, 0.9577743361459213, 169.19190192977493, 0.9279080877195702, 0.9749197602749453]
02392933,93118,390771,212,1;[24979, 712, 0.9768962642240205, 0.961176326833033, 76.90748196840106, 0.9870326040300216, 0.9990201371807947]
02392933,93118,390771,212,2;[19402.95, 592, 0.9880634752981042, 0.9979443944264833, 264.12381996721894, 0.9659740239239333, 0.9951174855050351]
02392933,93118,390771,213,3;[24029.800000000003, 644, 0.9317399669180736, 0.989499175822803, 108.39718020935382, 0.9672184318620268, 0.9898140571654299]
02392933,93121,390789,1655,2;[19085.219999999998, 574, 0.917985919005389, 0.9937915605365396, 173.213724612565, 0.9697414246945547, 0.984560606525676]
02392933,93121,390789,1655,3;[23344.800000000003, 588, 0.9045666481753408, 0.9711365347020449, 194.99642030682523, 0.9602059015488307, 0.9978041282389108]
02392933,93121,390789,1656,1;[16373, 604, 0.9881869509851782, 0.8390960066451367, 90.90554049197418, 0.9917406095241541, 1.003893436340783]
02392933,93121,390791,1653,1;[9300, 460, 0.9391256360590107, 0.9510495170777516, 104.88723258876604, 0.9833345122889363, 2657.1428571428573]
02392933,93121,390791,1653,2;[23647.68, 678, 0.9676329479640925, 0.9895436284681496, 260.4495649143087, 0.959578215553623, 0.9614398374377087]
02392933,93121,390791,1653,3;[24742.2, 610, 0.9094820104990111, 0.9652723281909835, 166.53058281899263, 0.904289602735431, 0.9894263956609872]
02392933,93123,390801,1770,1;[22633, 674, 1.0088209706019053, 0.9591949186592963, 103.42135105918575, 0.9881869091874603, 1.0041259982253772]
02392933,93123,390801,1770,3;[21814.510000000002, 578, 0.9298385889560077, 0.9791631350638614, 117.1702322706498, 0.9776506802991319, 0.9983385059092762]
02392933,93123,390801,1772,2;[23622.69, 694, 0.975108178445154, 0.9963496759306962, 240.70682743172023, 0.966759480868357, 9999]
02392933,93125,390815,1839,1;[15215, 576, 0.9979382891639168, 1.0086324198488363, 111.86170202911757, 0.9899950607786162, 1.0020746204761748]
02392933,93125,390815,1839,2;[23041.969999999998, 630, 0.983797773058293, 0.9997147728800392, 256.7116883035758, 0.9700977399230102, 0.9981699615949687]
02392933,93125,390815,1839,3;[24912.08, 630, 0.9167575199860576, 0.9906525321250902, 95.57886957686543, 0.9260663564828273, 12122.666666666666]
02392933,93126,390825,1888,1;[20846, 652, 1.1263362335920961, 0.9648450741661244, 98.77841778482129, 0.9891767613506203, 1.0021874474171295]
02392933,93126,390825,1888,2;[23348.989999999998, 654, 0.9387610264841801, 0.991475499076194, 230.61138045386525, 0.9730423852335682, 0.9979401368156041]
02392933,93126,390825,1888,3;[15616.630000000001, 538, 0.9099791414925362, 0.9627721756963333, 197.92843392068633, 0.9579775994743742, 9999]
02392933,93128,390837,401,1;[21939, 708, 0.9845660876191055, 0.8065902501878028, 90.90498739457121, 0.9916549274664386, 1.0031320728835647]
02392933,93128,390838,402,1;[24057, 728, 0.9816837308892272, 0.9769304518566724, 103.55555526205058, 0.9887600167336276, 0.9991900816148527]
02392933,93128,390838,402,2;[16113.789999999999, 548, 0.9924078964323264, 0.998639105189347, 276.02375932825714, 0.9682982658239202, 1.0038922044704748]
02392933,93128,390838,402,3;[24847.690000000002, 634, 0.9087797322253076, 0.9807755196432962, 96.4657358124269, 0.9212960960240303, 9999]
02392933,93131,390855,685,2;[25343.43, 704, 0.9620129704806293, 1.0069218072458381, 212.38584258147733, 0.9744525110103891, 0.9936546447067606]
02392933,93131,390855,685,3;[23650.31, 618, 0.92728582284041, 1.0084895309941468, 121.93041933951557, 0.9559631057650253, 0.9888303356627334]
02392933,93131,390855,686,1;[25287, 722, 0.9757708867331818, 0.9527179734958893, 72.90955214932677, 0.9869055200799447, 0.9990320605258479]
02392933,93132,390864,758,2;[24502.1, 660, 0.9937700435391554, 0.9982895936118772, 235.2281149905674, 0.9546455745295829, 0.9811536537132782]
02392933,93132,390864,758,3;[24564.100000000002, 606, 0.9197373318120101, 0.9659919825294785, 151.3163940608552, 0.9515111073278089, 0.9868185695808911]
02392933,93135,390891,964,1;[25524, 714, 0.9730934159446646, 0.9551807977513731, 87.17973991457858, 0.985413744883384, 1.0019234543670266]
02392933,93135,390891,964,2;[24492.579999999998, 668, 0.9437858466156862, 1.0028176731702179, 218.15528595252482, 0.972420984838499, 0.9925972366231824]
02392933,93135,390891,964,3;[21078.820000000003, 570, 0.9003233788789982, 0.9744824151397264, 203.2133014971588, 0.9621371139044643, 0.995825377819488]
02392933,93137,390904,1134,2;[18859.12, 580, 0.9905624461828292, 0.9980783569987088, 279.4652676873489, 0.9668467693369251, 0.9978592116861856]
02392933,93137,390904,1134,3;[13468.470000000001, 466, 0.9012418473305105, 0.9615501364881466, 280.8264806172114, 0.9520840093997666, 1.0005088540606555]
02392933,93137,390904,1135,1;[22941, 680, 0.9737736611104915, 0.9629560949541202, 72.91056904903422, 0.9885148495479827, 1.0029729375245924]
02392933,93138,390909,1199,1;[23506, 682, 1.0043474814966056, 0.956561798466873, 99.4436787105256, 0.9880560831472517, 1.0026659841747179]
02392933,93138,390909,1199,2;[21168.91, 606, 0.9861367942516469, 0.999259592808094, 265.35853535404243, 0.9694555522607019, 1.0005343232374364]
02392933,93138,390909,1199,3;[23396.86, 590, 0.9020627872823299, 0.9740579935054555, 253.13776558326705, 0.9522441239254322, 0.9915234556432885]
02392933,93139,390917,39,2;[25789.68, 668, 0.9394251164897509, 0.9955011617295444, 250.68576923822036, 0.9628486602733998, 1.0024747322894743]
02392933,93139,390917,39,3;[23221.5, 618, 0.9044833287659296, 0.9664824599436757, 188.1147129932478, 0.9572883981987323, 0.9923306597974357]
02392933,93139,390917,40,1;[24000, 742, 0.9691631276012631, 0.9686696089881118, 84.33257247342924, 0.987828878977285, 0.9951899154088572]
02392933,93139,390920,41,2;[21459.27, 626, 0.964278528993388, 1.0385334494684944, 241.37045787508333, 0.9728469973466319, 0.9884616438731603]
02392933,93139,390920,41,3;[24090.08, 636, 0.9265330022140975, 1.0175321341254735, 113.86362567590706, 0.964184275938474, 0.9973625251694507]
02392933,93139,390920,42,1;[8638, 422, 0.9639234109870811, 1.0088353056454595, 94.84536949731978, 0.9877960694196003, 9999]
02392933,93141,390932,191,1;[11242, 448, 0.9736153544564378, 0.9615391456080479, 106.40018852579827, 0.9897134881709595, 1.003705191732512]
02392933,93141,390932,191,2;[25055.449999999997, 700, 0.957362896873615, 1.0043830040577841, 225.28045796547198, 0.9725059951377515, 0.9897522681333145]
02392933,93141,390932,191,3;[24429.84, 602, 0.9001342076258013, 0.968275875393033, 223.49062508519975, 0.9423472046328458, 0.9938137435211503]
02392933,93141,390933,192,1;[14335, 576, 0.7253307633214511, 1.0311139196021575, 97.61547534594573, 0.9900072416867958, 9999]
02392933,93141,390933,192,2;[16323.23, 590, 0.9562799577168704, 1.00247859774404, 383.62879088144484, 0.9570874161004201, 0.9994171220400728]
02392933,93141,390933,192,3;[14546.660000000002, 492, 0.9018111150008661, 0.9516982341805353, 246.84680096213404, 0.9502001039748963, 1.0014146939545412]
02392933,93147,390953,314,1;[8573, 422, 0.9600356285879761, 1.0267274910906612, 85.82603325045564, 0.9905557303411577, 9999]
02392933,93147,390953,314,2;[14133.63, 522, 0.9899605565805968, 1.0158189894604797, 260.3634706371006, 0.9748606572789901, 1.0073364149103092]
02392933,93147,390953,314,3;[18236.07, 528, 0.9007423368245454, 0.9662179033506402, 202.3982292835002, 0.9673113471386531, 9999]
02392933,93163,391030,71,1;[15799, 640, 0.9025493069314653, 0.9891808233996752, 137.02402858950862, 0.9866331331480294, 0.995934062470451]
02392933,93163,391030,71,2;[8471.609999999999, 362, 0.9281722074208302, 0.9725281481203601, 324.2889011674208, 0.9718024187081757, 1.0079286422200198]
02392933,93163,391030,71,3;[24814.81, 636, 0.9098042659937503, 0.9665305084218847, 89.47820707587572, 0.9344644699725438, 0.9840010865136494]
02392933,93166,391051,243,1;[23900, 750, 1.009854938505872, 0.9768597382591844, 104.14995027074058, 0.987033094326518, 0.9915572427240857]
02392933,93166,391051,243,2;[8854.789999999999, 388, 0.9529693534513665, 0.9961335328221308, 320.4594991378483, 0.9719343703638708, 1.0022223718768941]
02392933,93166,391051,243,3;[19286.86, 532, 0.9325172258834289, 0.991826397740279, 121.59674514249005, 0.9809777082750561, 0.9937528676807963]
02392933,93170,391068,317,1;[9141, 422, 0.9748257896111704, 1.0025447095052884, 96.45000707570884, 0.9903584118500738, 1.0034028540065862]
02392933,93170,391068,317,2;[22576.68, 668, 0.9796926068916124, 0.991960160148257, 233.6160361795102, 0.9533631895983239, 9999]
02392933,93170,391068,317,3;[18141.54, 522, 0.9274612410447244, 0.9811008509098538, 113.57974767808521, 0.9830370956037134, 9999]
02392933,93170,391069,315,1;[24832, 698, 0.9724676920053577, 0.9490059304895339, 83.28822528801243, 0.9861449159386673, 1.0024827920308432]
02392933,93170,391069,315,2;[15418.83, 584, 0.9668570135930536, 0.9823082312368426, 399.554480915068, 0.9157723620869184, 0.997997381190788]
02392933,93170,391069,316,3;[13961.670000000002, 430, 0.9328585364581731, 0.9897401684331621, 172.2422894134324, 0.9761232253646877, 9999]
02392933,93171,391076,398,1;[24677, 722, 0.9913595827765637, 0.9791024842834702, 86.47268617538121, 0.990001336857786, 1.0023151909017058]
02392933,93171,391076,398,2;[16214.939999999999, 550, 0.9902858658235554, 0.997071826307696, 257.40048926744964, 0.9698329265516824, 0.997109509348359]
02392933,93171,391076,398,3;[24623.010000000002, 620, 0.9051512881643694, 0.9782965597101954, 84.2614451251442, 0.9140269136081641, 5135.142857142857]
02392933,93174,391097,672,2;[21234.36, 654, 0.9646918174653522, 1.0508492549886488, 245.8580116174064, 0.9770826246131914, 0.9989643107067879]
02392933,93174,391097,672,3;[19526.61, 546, 0.9267144867736796, 0.9981168670390526, 228.62505179698948, 0.9552582197475831, 1.0026732325008794]
02392933,93174,391097,673,1;[25342, 724, 0.9972109333845834, 0.9535134092143179, 92.28799521865247, 0.987316864969666, 0.9981881203718292]
02392933,93174,391101,669,1;[22114, 682, 0.9896114632663423, 0.9760825233494571, 84.2962566398119, 0.9900745851402709, 1.0030162149903616]
02392933,93174,391101,669,2;[23894.01, 684, 0.9427416732906495, 0.9850497791583179, 223.56633594903334, 0.9778950182560617, 0.9945268580202581]
02392933,93174,391101,669,3;[25198.410000000003, 630, 0.9181634553802649, 0.981761926187756, 100.03154933283435, 0.9304283350987812, 0.9922049898853675]
02392933,93188,391170,280,1;[15448, 610, 0.9135774943765668, 1.3881660323141873, 143.28555509733764, 0.9858843069692819, 1.0036708572913622]
02392933,93188,391170,280,3;[16515.350000000002, 508, 0.9215086677796615, 0.974845143961243, 293.9357797145977, 0.9521000889093497, 1.0032874204152968]
02392933,93188,391170,281,2;[24252.2, 672, 0.9815926265634681, 0.9962902438033886, 271.29741579258337, 0.953118508272918, 0.9851835738283422]
02392933,93188,391175,278,1;[15764, 632, 0.901138832356969, 1.0025593612562917, 116.29907736944106, 0.987640812124982, 9999]
02392933,93188,391175,278,2;[15629.46, 586, 0.968804534376244, 0.9898412511699416, 393.0571232487692, 0.9072999268412413, 0.9902363629509556]
02392933,93188,391175,278,3;[9266.68, 360, 0.9077960922094302, 1.0057680850635, 175.04824697883421, 0.9712639334710356, 1.0052760645017462]
02392933,93203,391201,445,1;[15988, 630, 0.9440267907610349, 1.0757199041121506, 140.04144006987664, 0.9861472858996783, 1.0046499937162248]
02392933,93203,391201,445,2;[15541.4, 544, 0.9785158578287154, 0.9881844926332221, 385.48804150994397, 0.934624074544489, 1.0013033811239747]
02392933,93203,391201,445,3;[13021.85, 494, 0.8998628067416748, 0.9371726607561717, 274.79504778945915, 0.9437890074296197, 0.9973243796233147]
02392933,93203,391204,447,1;[22555, 680, 1.1165096931093201, 0.9763155621568556, 98.48227848788582, 0.9887170109792499, 1.0001773757261319]
02392933,93203,391204,447,2;[20389.46, 614, 0.9697096023390063, 1.0248896607038551, 250.35721515839333, 0.9693151860150165, 0.9899754441716019]
02392933,93203,391204,447,3;[13986.330000000002, 508, 0.9044913565455949, 1.0128551183030077, 247.44347429820192, 0.9584861526788873, 0.99697265625]
02392933,93221,391267,350,1;[15919, 640, 0.9018514507785887, 1.3997926518912838, 124.6030004060736, 0.9879976706340212, 0.9925182367978054]
02392933,93221,391267,350,2;[20233.57, 604, 0.9839443417058011, 0.995177862570608, 241.5470787164408, 0.9696644357566773, 0.989380582467778]
02392933,93221,391267,350,3;[23228.350000000002, 590, 0.9069848611091185, 0.9729781487233503, 219.33540831500918, 0.956384431371408, 0.9947198591962453]
02392933,93228,391304,540,1;[25299, 756, 0.9655989549115671, 0.9768650590961611, 79.68093891621047, 0.9897182863749342, 0.9977913626503648]
02392933,93228,391304,540,3;[22306.34, 590, 0.9219553621170875, 0.9766133096509575, 107.38245032474501, 0.9798764627126464, 2035.25]
02392933,93230,391313,630,1;[16417, 634, 0.987246463483694, 1.0238803516719093, 96.95176309797169, 0.9917555907273905, 0.9982063052929194]
02392933,93230,391313,630,2;[23043.16, 630, 0.9910203773468459, 1.000416364936713, 250.67286736721738, 0.9734350787178175, 1.0028743817489707]
02392933,93230,391313,630,3;[22889.960000000003, 608, 0.9312215418593524, 1.043497206245588, 152.70069353033503, 0.9619757901221235, 0.999103031752676]
02392933,93243,391394,17,1;[21386, 672, 0.9745957589129417, 0.9542353596098547, 76.75584736427533, 0.9904920417429813, 1.001568902938766]
02392933,93243,391394,17,3;[24455.870000000003, 608, 0.9103839657069169, 0.9749574445707265, 151.53036482153632, 0.8915215486150133, 0.9904291619274835]
02392933,93243,391394,18,2;[24429.51, 652, 0.9337249149136224, 0.9742401876757352, 190.34147781262786, 0.9753095333063483, 0.9949595308486405]
02392933,93247,391421,269,1;[24668, 742, 0.9731579568592942, 0.9759368846803357, 85.09171191125941, 0.989473198699399, 0.9976542910296854]
02392933,93247,391421,269,3;[15971.460000000001, 526, 0.9115021552716639, 0.9587736992565814, 202.25656789489065, 0.9387595679312177, 1.0052166415175685]
02392933,93247,391421,270,2;[16580.27, 598, 0.9559467364480972, 0.9956801731427004, 407.14169163580976, 0.9470991288816654, 0.9982446713236611]
02392933,93247,391427,271,1;[23330, 692, 0.9762813683986117, 0.9670934830179193, 80.05686025504967, 0.989662652908501, 1.0003215778754422]
02392933,93247,391427,271,2;[12328.4, 490, 0.9518930413290158, 0.9967692259134683, 358.72218468111856, 0.9652349362260904, 1.0049471335726066]
02392933,93247,391427,271,3;[15313.86, 556, 0.8925922730392803, 0.9589015769550948, 218.09301968796683, 0.96317656865992, 9999]
02392933,93249,391441,127,2;[25228.0, 666, 0.990157842488111, 1.0021188128832896, 241.90773367399316, 0.9685088365945365, 1.0004955284456925]
02392933,93249,391441,127,3;[25512.140000000003, 614, 0.9051562214908276, 0.9717245336587205, 206.91353956774526, 0.928077293805001, 0.9869882072346627]
02392933,93249,391441,128,1;[11028, 496, 0.9762599135931876, 0.9865601971106502, 92.3147070806218, 0.9856205694324801, 9999]
02392933,93262,391475,411,1;[21538, 692, 0.989129678391022, 0.8408669321184511, 92.59590435114316, 0.9910618936698837, 0.9998375229208737]
02392933,93262,391475,411,2;[24916.219999999998, 702, 0.9755314701496609, 1.0013522754243889, 197.47434222464037, 0.9761537872445246, 0.9943958966565349]
02392933,93262,391475,411,3;[15241.250000000002, 500, 0.9007500378722386, 0.9546177138144171, 232.95545213818752, 0.9620053914656783, 1.0023877100509078]
02392933,93273,391525,782,1;[22878, 682, 0.9835284267730032, 0.9688197998415714, 86.45546228007403, 0.9893816620192624, 1.0020366598778003]
02392933,93273,391525,782,2;[11169.34, 516, 0.9756048471885276, 1.015885739434592, 432.4684234707299, 0.8744472322216864, 0.9795960966445755]
02392933,93273,391525,782,3;[18816.95, 542, 0.8992343817250488, 0.996381159117668, 163.9962835743092, 0.9660478336663059, 9999]
02392933,93273,391527,780,1;[24368, 734, 0.98428262924376, 0.9806199443720973, 88.01319977281986, 0.9907151327106789, 0.9997128205128205]
02392933,93273,391527,780,2;[9729.439999999999, 414, 0.9028903445248679, 0.9924513748260956, 372.826555578911, 0.967240719485191, 0.9985954198473282]
02392933,93273,391527,780,3;[14552.140000000001, 498, 0.9087804132699377, 0.9536831864886155, 274.1726125424652, 0.9504635845972108, 1.0063953763797433]
02392933,93329,391878,120,1;[12399, 600, 0.8992020142270059, 0.9830024010657074, 110.34449553123707, 0.9799781140394676, 0.8776810363134423]
02392933,93329,391878,120,2;[23627.45, 674, 0.9443944113357119, 0.9924047374607381, 212.2603855706417, 0.9772737714546871, 0.9994966020639315]
02392933,93329,391878,120,3;[9059.810000000001, 344, 0.9373330816843536, 1.1115936096432746, 105.74540820812301, 0.9851757561235345, 1.0051679586563307]
02392933,93331,391886,202,1;[15908, 578, 1.0011330982580697, 1.011864316989036, 101.18174426498473, 0.9912518960825505, 1.0048638746762681]
02392933,93331,391886,202,2;[20521.55, 598, 0.9428825738200193, 1.0121554727333628, 237.70395766415984, 0.9717026531731819, 1.0042803482514633]
02392933,93331,391886,202,3;[14832.990000000002, 500, 0.9079659395451017, 0.9544300382261961, 206.07121432207848, 0.946774737132843, 1.006320289989776]
02392933,93331,391893,199,1;[11459, 528, 0.9841108048843572, 0.9905554139746262, 92.57169687379206, 0.9867839615507615, 1527.8666666666666]
02392933,93331,391893,199,2;[28838.46, 692, 0.9967013850689078, 1.003257252651139, 189.23734803977712, 0.9771694974336032, 1.0070435704045377]
02392933,93331,391893,201,3;[24747.68, 612, 0.9226604693032073, 0.985566789522515, 75.85201527598437, 0.9492608450555484, 9999]
02392933,93340,391954,53,1;[24784, 696, 0.9911575741884066, 0.9519571840142128, 90.41474741542433, 0.9878508606181591, 1.0020822804002831]
02392933,93340,391954,53,2;[24625.86, 688, 0.9764228293472853, 0.9934413734825803, 194.78731249004224, 0.974690358181006, 1.0055882210019924]
02392933,93340,391954,53,3;[13886.320000000002, 474, 0.904087268617555, 0.9606686895870976, 232.0380158724603, 0.9628256024633473, 1.005755110140901]
02392933,93340,391955,52,1;[24819, 692, 0.9827834981758473, 0.9561016845442046, 73.00858340973099, 0.9884530708025273, 9999]
02392933,93340,391955,52,2;[23588.18, 670, 0.9728804791715946, 0.9967493830871811, 255.12429881108153, 0.959513909793634, 0.9734322054707066]
02392933,93340,391955,52,3;[15549.500000000002, 458, 0.9338819313335169, 0.9990813663820509, 153.95252952763983, 0.9772368427957688, 1.0053144375553587]
02392933,93377,392046,52,1;[24669, 708, 0.9768524906110123, 0.9681540654734989, 80.69580020022161, 0.9883278366506297, 0.9945372815416558]
02392933,93377,392046,52,2;[20109.809999999998, 634, 0.9455254567677946, 1.0296194853280891, 241.40695477954716, 0.9753881312867628, 0.9995563836394287]
02392933,93377,392046,52,3;[16718.11, 522, 0.9117256459066431, 0.9636512877677419, 252.5404197288456, 0.9535561525837681, 1.0033299075025695]
02392933,93378,392057,16,1;[24083, 738, 0.9846181624319732, 0.9731161049083709, 113.09267083537898, 0.987155558007429, 0.9874533601213662]
02392933,93378,392057,16,2;[20528.69, 618, 0.9683812939722086, 1.060779864378519, 232.90783299522693, 0.9743731658721699, 0.9940934105511856]
02392933,93378,392057,16,3;[15804.320000000002, 562, 0.8890923236029229, 0.9547334516854267, 165.90247107060162, 0.9677798417310617, 11536.0]
02392933,93385,392087,355,1;[14244, 590, 0.9687311021150682, 0.9648840647917655, 161.93704517863713, 0.9774079001816276, 1.0061453697817335]
02392933,93385,392087,355,2;[15624.699999999999, 540, 0.9750909273338288, 1.0225090177538914, 263.6362535263682, 0.9707009575141209, 9999]
02392933,93385,392087,355,3;[17773.010000000002, 564, 0.9165024571305538, 0.9843515507562045, 206.65720721458314, 0.9374155462567886, 0.9989989219159094]
02392933,93391,392131,850,1;[17320, 612, 0.9902863653539892, 1.009401533083242, 108.54381627315261, 0.9895861435395031, 0.9996536996421563]
02392933,93391,392131,850,2;[22510.039999999997, 678, 0.9860916025161431, 0.988421463976539, 259.9232829014712, 0.9473824500216738, 0.9526831356551082]
02392933,93391,392131,850,3;[16356.430000000002, 556, 0.909305121216999, 0.9759042462207849, 238.3671506531635, 0.9445214929632685, 0.9979938142606369]
00023698,93080,390528,134,1;[36900, 898, 0.9978155479327312, 1.0259673944738459, 89.73238912855744, 0.9929930238391793, 0.9837638966648005]
00023698,93080,390528,134,2;[39364.009999999995, 820, 1.0504391901326098, 1.022399976459444, 131.86334323534342, 0.9822628171354302, 1.0140555785472325]
00023698,93080,390528,134,3;[55474.04, 910, 1.2348669144335471, 0.954528904486548, 84.48481776732575, 0.9923977465338607, 26994.666666666668]
00023698,93244,391403,53,2;[43991.92, 860, 1.0139415938895173, 1.0212939734954087, 88.72411398565121, 0.9915332214735743, 9999]
00023698,93244,391403,54,1;[45368, 944, 1.0138822074695624, 0.9740646097252217, 57.91967425793741, 0.993886083647604, 1.000099198694986]
00023698,93244,391403,55,3;[38692.91, 766, 1.0128055678324268, 1.0020142613457823, 123.04365198080062, 0.9864740144323954, 0.9985680697226298]
00023892,93026,390259,210,1;[115384, 1676, 0.9705763288702812, 0.9705763288702812, 27.44450635858385, 0.9967809945790217, 0.9971869206936336]
00023892,93026,390259,211,2;[117053.15999999999, 1570, 1.0149650236071255, 0.9746772383627069, 32.01824097753799, 0.9959190027831599, 0.996711876257112]
00023892,93026,390259,211,3;[116700.71, 1438, 1.0186254340279237, 0.9437976061425024, 56.93241554978748, 0.9908537816795847, 9999]
00023892,93026,390259,212,1;[115337, 1664, 0.9804131521278897, 0.9889032468085639, 29.32303153461915, 0.9964262448288627, 0.9924920079683675]
00023892,93026,390259,212,2;[117691.0, 1554, 1.014747909288223, 0.9808503008994244, 33.38817836122004, 0.9959185983378324, 9999]
00023892,93026,390259,212,3;[114356.64000000001, 1394, 1.0039062202291396, 0.9507977939312924, 37.10296143051946, 0.9936297065684685, 9999]
00023892,93026,390259,214,1;[120043, 1634, 1.0032661182443197, 0.9887838124952426, 22.927187669422857, 0.9969424029558446, 0.9982495311986761]
00023892,93026,390259,215,3;[114305.95000000001, 1398, 1.010278510246198, 0.9543713578041263, 39.13504025500448, 0.9933049493998183, 9999]
00023892,93026,390259,216,2;[116758.04, 1568, 1.0123332269148082, 0.98091887278259, 29.98789604125521, 0.996023856518871, 0.9963240520725442]
00023892,93049,390350,751,2;[112488.31999999999, 1480, 0.9848740726439702, 0.9929826624223882, 26.49613653842162, 0.9961483784872827, 9999]
00023892,93049,390350,752,3;[118309.09000000001, 1532, 1.0130833231157215, 0.9721992345752148, 59.29260583943325, 0.9911236827270111, 9999]
00023892,93049,390350,753,1;[115862, 1658, 0.9829469492684024, 0.9978529551266063, 24.60371064380052, 0.9960469422803894, 0.9909383646292598]
00023892,93049,390350,756,2;[116076.17, 1538, 1.0085478725212538, 0.9927081192712227, 43.37188848757056, 0.9943862237694245, 9999]
00023892,93049,390350,756,3;[117833.70000000001, 1382, 1.047327962051423, 0.9430491915437306, 103.28006889242694, 0.9876476852572468, 0.9989779088945155]
00023892,93049,390350,757,1;[119330, 1636, 1.0075125795868425, 0.9942916148693116, 29.0029681718026, 0.9953227996444487, 9999]
00023892,93049,390350,758,3;[117121.3, 1400, 1.030931342867741, 0.9719735434960686, 74.73251000866165, 0.9910807744684849, 9999]
00023892,93049,390350,760,1;[119412, 1684, 1.0004737661313214, 0.9880028410604836, 28.934950571560975, 0.9954903479060804, 0.999870214146658]
00023892,93049,390350,760,2;[117228.09, 1564, 1.0405712513178689, 0.9825036010815462, 94.58212834702178, 0.9879751501300211, 0.9954779023530066]
00023892,93049,390350,761,1;[115473, 1576, 0.991677529821298, 0.9926776955103828, 36.86362273631874, 0.9942467519164607, 1.0014917476864902]
00023892,93049,390350,763,2;[118247.92, 1546, 1.0345050869305332, 0.994516715150005, 59.95186314319832, 0.9908730469999921, 9999]
00023892,93049,390350,763,3;[118310.46, 1494, 1.0361395917367435, 0.9712337522244107, 108.28824339469637, 0.9843328979744623, 0.9939059128182995]
00023892,93049,390350,766,1;[116227, 1652, 0.9751026370807013, 0.9892795240401203, 27.456611617824382, 0.9965442441576506, 0.9924685549359998]
00023892,93049,390350,767,3;[117711.77, 1466, 1.0214023858039325, 0.9691685127209577, 43.76655418360943, 0.9929606828812833, 10740.125]
00023892,93049,390350,769,2;[117706.47, 1490, 1.0202549609913965, 0.9997484379105231, 29.963769686372082, 0.995278891855519, 9999]
00023892,93049,390350,770,1;[117114, 1588, 1.0024585818836231, 0.9928265580916606, 32.869004539460455, 0.9955113006843905, 9999]
00023892,93049,390350,770,3;[118395.40000000001, 1410, 1.0424963099943128, 0.9275135170288007, 78.28360049762023, 0.9922517167138535, 9999]
00023892,93049,390350,773,2;[114238.81, 1522, 1.0044227657496143, 0.986742260703326, 36.17136856988099, 0.9948063335800724, 9999]
00023892,93099,390646,1221,2;[114072.20999999999, 1486, 1.0090858747803573, 0.9867088647928606, 38.53013999163804, 0.9934468550222741, 9999]
00023892,93099,390646,1222,1;[115757, 1704, 0.9986716907804245, 0.9931340390066832, 35.39650912607604, 0.9961712619634862, 0.989105543782897]
00023892,93099,390646,1222,3;[117585.73000000001, 1392, 1.1323117391248805, 0.9651113997953958, 50.31573890807299, 0.9940088735414381, 9999]
00023892,93103,390673,1487,1;[118131, 1640, 0.9941992381714719, 0.9832364950716539, 24.18140079113889, 0.9967673469878491, 0.9975637458357788]
00023892,93103,390673,1488,3;[117951.52, 1364, 1.034720293021279, 0.9614925636421753, 96.22023479779668, 0.98528403584093, 0.9961010262284081]
00023892,93103,390673,1489,2;[116541.45999999999, 1546, 1.014966414714585, 0.992022459678374, 40.09946663942671, 0.9947342202306876, 0.9929282227280332]
00023892,93103,390673,1491,2;[120403.01, 1514, 1.0503891899546012, 0.9843946252209498, 113.66690920960296, 0.984839104179109, 9999]
00023892,93103,390673,1492,1;[114627, 1678, 0.9987680845865211, 0.9924709850319351, 45.564953524898826, 0.9946129103177113, 0.9927122981592382]
00023892,93103,390673,1492,3;[112581.12000000001, 1362, 1.004285977747245, 0.9649001229124898, 31.23126453415144, 0.9956981357234577, 9999]
00023892,93103,390673,1495,2;[114817.15, 1510, 0.9930315460441014, 0.9870770259924616, 31.546042712339776, 0.9947702350629656, 9999]
00023892,93103,390673,1497,3;[113548.34000000001, 1404, 1.0054351093309934, 0.960491452600365, 28.91913419738997, 0.9948299282430487, 9999]
00023892,93103,390673,1498,1;[116314, 1654, 0.989772517025471, 0.9913499174139772, 25.89202116124958, 0.9956881817830718, 0.9948765321221763]
00023892,93103,390673,1499,1;[115761, 1706, 0.9962542217613665, 0.9812057965453727, 38.26655464467754, 0.9959036968410945, 0.9896936302274583]
00023892,93103,390673,1499,3;[117251.45000000001, 1500, 1.0242496834682837, 0.9748615169204323, 53.78139989410666, 0.9908513476631625, 34234.0]
00023892,93103,390673,1500,2;[113904.42, 1520, 1.0033341804562999, 0.9866325509813356, 31.931454020851525, 0.9944117262205622, 0.9918501209788144]
00023892,93122,390798,1587,3;[117843.29000000001, 1442, 1.0406381091708652, 0.97290517790024, 111.87571133625764, 0.982512094931687, 0.9956477955389904]
00023892,93122,390798,1589,1;[115972, 1698, 0.9778822539189395, 0.9908134710763481, 20.37117655163161, 0.9968449509462828, 0.9941706957446079]
00023892,93122,390798,1589,2;[117505.36, 1504, 1.0292453359150497, 0.9978651105229204, 41.27597117489877, 0.9945531923571351, 9999]
00023892,93122,390798,1590,1;[114476, 1708, 0.9714008354292216, 0.9792266459744134, 31.895664856885332, 0.9963746613606888, 0.9873600048300221]
00023892,93122,390798,1590,2;[115546.62, 1446, 1.0044099548766843, 0.9937778684089924, 34.96544073137213, 0.9941037791054449, 9999]
00023892,93122,390798,1592,3;[117977.55, 1424, 1.0384956777881869, 0.9582881772027657, 51.69301507743181, 0.993571167624946, 172230.0]
00023892,93139,390920,17,2;[116130.90999999999, 1510, 0.9981631323817355, 0.9808162066148503, 32.268889709424414, 0.993887002655094, 0.9946034641785189]
00023892,93139,390920,17,3;[117082.94, 1368, 1.01704474354301, 0.9629625559037094, 53.25214145749839, 0.9925764721536028, 9999]
00023892,93139,390920,18,1;[114291, 1656, 0.9814575364939319, 0.9959018721886728, 30.733984173391054, 0.9957475714305857, 0.9944271152817112]
00023892,93139,390920,19,1;[117141, 1708, 1.0011284673044343, 0.9784178992053928, 59.47460187917027, 0.9921109682880714, 0.9933264364697103]
00023892,93139,390920,20,3;[118051.53000000001, 1470, 1.0213625513322462, 0.9716452290970454, 85.44257796364806, 0.9849400431888099, 9999]
00023892,93139,390920,21,2;[115941.7, 1478, 1.0067750976010585, 0.9966286729292532, 25.270836994108723, 0.9955051948918705, 1.001742742428838]
00023892,93166,391047,301,1;[119197, 1602, 0.9934559797032223, 0.9948353663934025, 20.712104405988043, 0.9968702647084702, 0.9987055043296481]
00023892,93166,391047,301,2;[116151.14, 1540, 1.0002683910551358, 0.9928704150270152, 33.4848806094114, 0.9948215854848882, 9999]
00023892,93166,391047,303,3;[118637.89000000001, 1398, 1.0223579081250327, 0.9703534494557088, 42.23273852076505, 0.9934911546531924, 9999]
00023892,93166,391047,304,1;[117753, 1622, 0.9772164352433422, 0.9958620833402838, 25.766315361363983, 0.9967860458868003, 0.9972686967237064]
00023892,93166,391047,305,2;[117093.62, 1536, 1.002178459818774, 0.997850638667676, 24.4138911119299, 0.9964615269265222, 1.000127051242307]
00023892,93166,391047,305,3;[119032.45000000001, 1370, 1.0183846266174685, 0.9748323649170428, 37.875699129217296, 0.9947455224370897, 2199.6202531645567]
00023892,93166,391047,307,2;[115370.5, 1528, 1.0058060097422366, 0.9895282762600829, 39.93207841576104, 0.9944151817445519, 9999]
00023892,93166,391047,308,1;[115460, 1682, 0.9960968642594321, 0.9954651582763876, 40.582903883813906, 0.9951983391381567, 0.9932470213772635]
00023892,93166,391047,308,3;[118877.64000000001, 1454, 1.017150500848034, 0.9733966928934351, 36.44529966828555, 0.9937569319287601, 1324.7633587786258]
00023892,93166,391047,309,1;[119716, 1620, 1.0322619672169577, 0.9876387315526259, 46.38197855060344, 0.9944067144527013, 0.999419796219075]
00023892,93166,391047,309,2;[115416.90999999999, 1496, 1.0140101989435855, 0.9782871975660953, 49.76970517264166, 0.9923215994050387, 9999]
00023892,93166,391047,310,3;[117396.67000000001, 1446, 1.0322636927019022, 0.9549682020607355, 42.6314536599798, 0.9954496600959517, 9999]
00023892,93166,391047,312,2;[119097.58, 1476, 1.0286965797742729, 0.9766518066581236, 64.13464440773701, 0.9901136968339167, 100082.0]
00023892,93166,391047,313,1;[120302, 1688, 1.021004314514589, 0.9866737636844082, 42.55555215394716, 0.9931729686905908, 0.9957002685780263]
00023892,93166,391047,313,3;[119017.38, 1408, 1.0256435421473993, 0.9687818342517958, 44.27779058241403, 0.9929874755115312, 24821.14285714286]
00023892,93166,391047,315,1;[117580, 1706, 0.9911475015587408, 0.9998940038735258, 31.46718806602632, 0.9964770636421072, 0.9924037812288994]
00023892,93166,391047,315,2;[119473.62, 1562, 1.0290292751963206, 0.976969826578464, 59.39391504055549, 0.9910613417632356, 9999]
00023892,93166,391047,315,3;[120414.78000000001, 1524, 1.0420803432332637, 0.9716719340706381, 114.80932319891738, 0.9838297153742086, 0.9968696835658387]
00023892,93265,391506,609,1;[120450, 1668, 1.0130823848066772, 0.9934285035407959, 28.081715577593773, 0.9950777124707098, 9999]
00023892,93265,391506,609,3;[119976.38, 1438, 1.0627480642574758, 0.9590433977019611, 126.38952663022229, 0.9846962103710577, 0.99012968218255]
00023892,93265,391506,610,2;[119833.0, 1508, 1.0279624297293433, 0.9939602657133225, 34.05485042585448, 0.9943307197997148, 0.9989534301203803]
00023892,93265,391506,611,3;[119896.92000000001, 1368, 1.0267371543472592, 0.9680652141772095, 60.138477372720004, 0.9910185054986551, 175032.0]
00023892,93265,391506,612,2;[116885.37, 1548, 1.0145783774572443, 0.9803564738122116, 29.62078944142632, 0.9948200399301197, 9999]
00023892,93265,391506,613,1;[114481, 1610, 0.9955593575803238, 0.9902087238335712, 36.759064237107594, 0.9944111491071127, 0.9902515396858349]
00023892,93329,391882,87,1;[118271, 1616, 1.0194271800477344, 0.9951980347867928, 37.73351695185407, 0.9949972892828642, 0.9989948475377988]
00023892,93329,391882,87,2;[111247.15, 1430, 0.9892958805203751, 0.987969527216751, 25.62743346510477, 0.9960790202361292, 9999]
00023892,93329,391882,87,3;[115923.92000000001, 1414, 1.0215942370198658, 0.9563196493174627, 47.010858776237484, 0.9953242287886229, 9999]
00023892,93329,391882,89,1;[114628, 1672, 0.9914825066265023, 0.992449732020601, 46.0862142629913, 0.9941192467786226, 0.9939475920434248]
00023892,93329,391882,89,3;[114667.63, 1414, 1.0167941706478845, 0.9529070402788227, 69.36194070195396, 0.9896615259912896, 0.9922821576763485]
00023892,93329,391882,90,2;[116098.78, 1540, 1.024478526931865, 0.9929498654533664, 58.7047229351499, 0.9922725834272821, 9999]
00023892,93329,391882,92,2;[114627.93999999999, 1522, 1.0073552101636527, 0.9847883422105579, 36.85985021329225, 0.9940911230252352, 0.9904477918873066]
00023892,93329,391882,92,3;[114493.64000000001, 1356, 1.0098884038015559, 0.9575393429604518, 53.70771228318953, 0.9928164272628103, 9999]
00023892,93329,391882,93,1;[115389, 1646, 0.9791536811644996, 0.9912072497007227, 30.555962129969355, 0.9961549890584726, 0.995354855405318]
00023892,93329,391882,94,1;[116973, 1592, 0.994606233216065, 0.9965614043713638, 34.71012332712566, 0.9946580766084038, 0.9999615310636661]
00023892,93329,391882,94,2;[112866.73999999999, 1496, 1.003006582190011, 0.9923183925625743, 26.138494257660792, 0.99570058885804, 9999]
00023892,93329,391882,94,3;[114433.36000000002, 1410, 1.0214616209838423, 0.9517095185099957, 73.57692311392724, 0.9894936176987641, 0.990536726513768]
00023892,93329,391882,96,1;[115407, 1632, 0.9872182726007631, 0.9927104473525977, 23.989429741072772, 0.9960868400620199, 0.996795591563164]
00023892,93329,391882,96,2;[113005.97, 1516, 0.9882006017804126, 0.9825266807640969, 27.477798069064683, 0.9957344812378607, 0.9942780561096016]
00023892,93329,391882,96,3;[117169.25000000001, 1434, 1.0569068397282255, 0.9348208440309685, 110.45560734956277, 0.9883416942725053, 9999]
00023892,93329,391882,99,1;[118266, 1608, 1.0340711010663866, 0.9901960891665134, 40.350390802242764, 0.9941750124012475, 0.995743928467688]
00023892,93329,391882,99,2;[114010.33, 1524, 1.0088953795511193, 0.9873587254334197, 27.375748128469997, 0.9954495918170748, 9999]
00023892,93329,391882,99,3;[113752.47000000002, 1336, 1.0058340005280906, 0.9771892906538502, 25.640739364499375, 0.99607581804577, 9999]
00023892,93377,392048,3,3;[118466.64000000001, 1406, 1.047556527781869, 0.9626297559970822, 107.28162349534367, 0.988306503325163, 9999]
00023892,93377,392048,4,1;[118492, 1724, 0.9863208326474601, 0.9986424630954116, 19.764201178268063, 0.9967779664001932, 0.982353745839223]
00023892,93377,392048,4,2;[116322.5, 1540, 1.0024661578187861, 0.9812524545754474, 28.71243987076844, 0.9953319054134065, 9999]
00023892,93377,392048,5,1;[112681, 1604, 0.9750116024793062, 0.9728192778387952, 30.87669786078407, 0.9962903174522396, 0.9869450782375636]
00023892,93377,392048,5,2;[117476.79999999999, 1468, 1.0128946844061226, 0.9826118107683158, 31.69563920609115, 0.9953051589361018, 9999]
00023892,93377,392048,5,3;[119291.38, 1442, 1.0494193382007337, 0.9224995551443748, 90.97954973781846, 0.9914184377585706, 9999]
00023892,93377,392048,8,2;[114999.22, 1520, 1.0070723933409482, 0.9772014446917673, 55.95936210100426, 0.9911467610708359, 1.0000983146794165]
00023892,93377,392048,8,3;[115359.48000000001, 1394, 1.0261842013140077, 0.9530082855170431, 74.80732270330151, 0.9887307322964278, 9999]
00023892,93377,392048,9,1;[115825, 1638, 0.9752674514762388, 0.977930434245964, 26.59457846165895, 0.9966290836236483, 0.9829547624402228]
00521701,93026,390258,236,1;[65015, 1268, 0.8381775642546434, 1.2907349359759162, 250.17272954094338, 0.8658941841502674, 0.9906670222086777]
00521701,93026,390258,236,2;[63711.409999999996, 1160, 0.8328008538305073, 1.244832771554797, 383.41423372086234, 0.8778173893145765, 0.991986511399535]
00521701,93026,390258,236,3;[64650.3, 1088, 0.7961479669495897, 1.7462056904974999, 589.4067175037352, 0.9620048103930134, 9999]
00521701,93122,390796,1603,2;[62828.43, 1126, 0.819885475612702, 1.256333279056509, 299.49397662419483, 0.8638672780054223, 0.9927420416298441]
00521701,93122,390796,1604,3;[62922.73, 1048, 0.8185142145814573, 1.450235556326929, 320.0687700976941, 0.8812622518672641, 0.997166708279508]
00521701,93122,390796,1605,1;[62224, 1146, 0.8566837480585704, 1.2049831781894702, 156.220883867245, 0.9003790357456036, 0.9972993548904115]
00521701,93139,390917,48,1;[65905, 1250, 0.8177142451097035, 1.363160319113161, 272.79423457219696, 0.8735352990091628, 0.9921342817357269]
00521701,93139,390917,48,2;[63280.63, 1130, 0.8069446185618948, 1.4570263221994737, 273.2561554452453, 0.9667913955202088, 9999]
00521701,93139,390917,48,3;[62114.43000000001, 1014, 0.8202161911979294, 1.608353300801054, 300.4638342307913, 0.9710721126599146, 0.9903020771902235]
00521701,93141,390932,199,2;[64893.079999999994, 1162, 0.8456843959906979, 1.2595769526941694, 346.6162792194861, 0.8648392540420272, 0.9924382364984758]
00521701,93141,390932,199,3;[62017.16, 1054, 0.7860292950526333, 1.5138959370819465, 276.9085808237027, 0.9731655031711313, 0.9876726376191827]
00521701,93141,390932,200,1;[64754, 1262, 0.8692715981718601, 1.325863861317932, 226.1344441489002, 0.9672597308634594, 0.9923832584941227]
02011239,93051,390358,939,1;[116627, 1616, 1.226767054368351, 0.7894687830108843, 532.2675009887437, 0.9050921283062553, 0.9979207666638145]
02011239,93051,390358,940,2;[117272.12, 1552, 1.3092563299230477, 0.6068035466539268, 1228.139150718081, 0.8174875198029596, 1.0004923882862349]
02011239,93051,390358,940,3;[115392.36000000002, 1382, 1.318292950488103, 0.6057554136872206, 1168.9718829789124, 0.8214685434610559, 0.9951617190961454]
02011239,93067,390431,80,1;[118920, 1686, 1.2542632538325544, 0.7423580549697025, 569.507972460711, 0.9015609841400498, 0.9991975835080305]
02011239,93067,390431,80,2;[118553.75, 1466, 1.357853043853108, 0.531559173981394, 1633.6718951822672, 0.7669681218218305, 1.0011808155164184]
02011239,93067,390431,80,3;[118391.29000000001, 1452, 1.356266852165266, 0.5166416962040419, 1919.7424933362652, 0.746146720538869, 0.9946822592341072]
02011239,93067,390431,82,1;[118641, 1708, 1.2449748672074326, 0.7181549743029295, 893.282505245612, 0.8829947529564313, 0.9961502777089745]
02011239,93067,390431,82,2;[119248.70999999999, 1564, 1.3446848026017544, 0.5648885938993163, 1580.933163534961, 0.7894495725574902, 0.995040140603822]
02011239,93067,390431,82,3;[119714.71, 1434, 1.3542826948477997, 0.526979916014058, 2056.993155723269, 0.7251234012138238, 0.9949672644463422]
02011239,93096,390617,985,1;[116692, 1658, 1.24249198816296, 0.808200761305186, 593.4487026027602, 0.8906043572037874, 0.9970990716174705]
02011239,93096,390617,985,3;[115455.38, 1418, 1.3282275388581455, 0.6374442312904417, 1521.3487987242136, 0.7646659289135507, 0.9979868315096395]
02011239,93096,390617,986,2;[117091.23999999999, 1448, 1.3084930659141252, 0.6856419639128749, 1196.286329035447, 0.797253268629796, 1.0005084090862872]
02011239,93139,390919,102,1;[117379, 1712, 1.2282330911093862, 0.8078462631369242, 796.7003448656235, 0.8873595373247152, 0.9936678320790335]
02011239,93139,390919,102,2;[119220.15, 1512, 1.3770401088012958, 0.5089472011458898, 2095.068297686564, 0.7324270604301623, 0.9965384500611739]
02011239,93139,390919,102,3;[117903.57, 1412, 1.328656210046723, 0.5504035843614692, 1529.9069438810973, 0.7524930977388753, 0.9987698306776376]
02011239,93148,390958,452,1;[120294, 1614, 1.3278159476202218, 0.6225550249135221, 1261.0238793044919, 0.8281432758629721, 1.0027006751687921]
02011239,93148,390958,452,2;[116936.54, 1552, 1.321941468035762, 0.5742586742951914, 1317.463211886172, 0.8025810084082484, 0.9964407759311275]
02011239,93148,390958,452,3;[118457.05, 1462, 1.3390552445604098, 0.5392057778748746, 1591.021355224359, 0.7571806126754217, 0.9930116510763894]
02011239,93174,391097,944,1;[115789, 1634, 1.2360602781567875, 0.8085765807006626, 672.0021418727636, 0.9007379482195105, 0.9966731367629147]
02011239,93174,391097,944,2;[114926.62999999999, 1510, 1.3172811742534574, 0.6155551151938757, 1127.705228653941, 0.829468573790128, 0.9990379642081307]
02011239,93174,391097,944,3;[114674.48000000001, 1340, 1.3182123949532747, 0.6040507108458479, 1368.6495021835508, 0.803896915688656, 0.997194407877102]
02011239,93260,391459,220,1;[117062, 1700, 1.2413619639702593, 0.8204951892970752, 811.6401863374552, 0.885596061152482, 0.9971209540034072]
02011239,93260,391459,220,2;[115490.68999999999, 1464, 1.303444379783877, 0.6934132068266222, 1109.904663449888, 0.8164462635119065, 1.0005928232304226]
02011239,93260,391459,220,3;[118018.65000000001, 1430, 1.3548914329395276, 0.5815690308035358, 1793.5499390521295, 0.718576095141085, 0.9962472316828477]
02011239,93331,391886,298,1;[115718, 1646, 1.2205921459485618, 0.776693578962552, 697.2344406097402, 0.8936117073027604, 0.9979087706589744]
02011239,93331,391886,298,2;[117548.2, 1516, 1.3756616519061167, 0.5263497741207048, 2075.71238533834, 0.7315982624785673, 0.9965245726334054]
02011239,93331,391886,298,3;[118015.91, 1438, 1.3613632176448651, 0.5285279880511179, 2108.9797357386424, 0.7677025621574034, 0.9949181710035457]
02011239,93384,392075,333,1;[118950, 1684, 1.2319641615433563, 0.7375010922312449, 791.620269400836, 0.8865421919322041, 0.9976390467284233]
02011239,93384,392075,333,2;[120223.31999999999, 1582, 1.3319880322540039, 0.576774218032224, 1347.0331949162971, 0.8118873856839522, 0.9940374284196234]
02011239,93384,392075,334,3;[118057.01000000001, 1356, 1.2886390062202722, 0.648564078171752, 1157.7760607880286, 0.8337871472995934, 1.001016431338611]
02011239,93384,392075,336,3;[119116.02, 1420, 1.302945538818725, 0.5854081184562107, 1263.462135025676, 0.8089841962454187, 0.9971729219829687]
02011239,93384,392075,337,1;[118922, 1740, 1.2492116154755224, 0.7638034722072186, 859.3511361250377, 0.8920772312301488, 0.9940235880204285]
02011239,93384,392075,337,2;[117304.25, 1536, 1.3201723334547275, 0.6181872204919716, 1179.1622391595006, 0.8197647229250431, 0.9941004437273094]
