80044745,93128,390837,360,1;[68395, 1138, 0.6993811739646738, 1.3949816021472046, 1177.9188164359703, 0.8114900047070491, 1.0052396804750252]
80044745,93128,390837,360,2;[35008.61, 790, 0.6185700970164407, 1.2541801483053916, 2946.8556295216495, 0.6809316317329793, 1.0128416993734077]
80044745,93128,390837,360,3;[35488.48, 726, 0.6279173128756999, 1.7392397695968496, 2111.4425335861542, 0.8126050695848517, 1.0038364658012013]
80044745,93131,390856,580,1;[73848, 1192, 0.6927478160125604, 1.3594223836647428, 1524.3824516879724, 0.679312688428297, 1.0035331847583846]
80044745,93131,390856,580,2;[36159.34, 796, 0.6263006360730242, 1.0399871913739596, 3184.198232661145, 0.6316786370729814, 1.004230286205301]
80044745,93131,390856,580,3;[72896.33, 1016, 0.6110626674107855, 1.7904588424251877, 3137.5629326184126, 0.5256175048753153, 1.0022131602987296]
80044745,93131,390856,581,1;[65832, 1116, 0.7040156553344497, 1.5102103897525054, 1259.907949898133, 0.8096780022052101, 1.0034371594278007]
80044745,93131,390856,581,2;[69024.76, 1046, 0.6458016413105373, 1.4587836407822763, 2305.505976234505, 0.6526608106063903, 1.0048680768497826]
80044745,93131,390856,581,3;[73489.54000000001, 1016, 0.6005209677470951, 1.726820644973583, 3334.693899757503, 0.5494226870655612, 1.002345071146282]
80044745,93173,391087,722,1;[34771, 848, 0.6895263941994128, 1.5018440246095994, 1609.0751089820947, 0.8470300267533512, 0.9855865304213495]
80044745,93173,391087,722,2;[73016.01999999999, 1086, 0.6652579542710113, 1.46158119459675, 2102.223077787304, 0.6068026654946229, 1.0055721262578257]
80044745,93173,391087,722,3;[62426.79000000001, 924, 0.6468337644800713, 1.4162100043282801, 2082.432842721004, 0.7063471708159572, 1.0047406950079378]
80044745,93173,391087,723,2;[55226.71, 928, 0.6441518480290535, 1.7416234553954117, 2157.7275993366143, 0.7492170683917636, 1.0051547508176129]
80044745,93173,391087,723,3;[62384.32000000001, 924, 0.6484793113923355, 1.3697010662956437, 2162.445791714415, 0.7072385447525472, 1.0039132687368408]
80044745,93173,391087,724,1;[63947, 1100, 0.7081773974420017, 1.4123037695086436, 1184.4902819116794, 0.818999885171137, 1.0052030935613683]
80044745,93218,391249,138,1;[73251, 1194, 0.6888102862959004, 1.3565688952550277, 1187.8524376336043, 0.7040023726751107, 1.0040917035057058]
80044745,93218,391249,138,2;[36180.759999999995, 786, 0.6341138133342387, 1.6205614437993732, 1961.541011950724, 0.8232241083064521, 1.001993837230379]
80044745,93218,391249,138,3;[72511.36, 1012, 0.6011333238972126, 1.6919539284104552, 3201.113380609195, 0.5463919077979441, 1.0034314747758166]
80044745,93219,391257,200,1;[53336, 1002, 0.7013082570342862, 1.4719420008393547, 1143.9506135837469, 0.8577078867412833, 0.9993442131494632]
80044745,93219,391257,200,2;[39770.99, 806, 0.6395517692232924, 1.6477127947143695, 2018.516313018585, 0.8089998442503905, 1.0063686595703036]
80044745,93219,391257,201,3;[34607.57, 736, 0.6022459101532032, 1.1460171120901497, 3064.401414572731, 0.6697505504981395, 1.0032965287155453]
80044745,93340,391955,1,1;[72225, 1178, 0.692944444650361, 1.3225587170502207, 1251.7914034480943, 0.6806789530100825, 1.0040663121676572]
80044745,93340,391955,1,2;[40044.689999999995, 806, 0.6468598632265036, 1.5334909144485311, 2293.3882284072215, 0.7786787081866635, 1.0040728639842456]
80044745,93340,391955,1,3;[65339.41, 944, 0.6409349731666788, 1.4116678741313293, 2125.628760813804, 0.6989172022243307, 1.0060540859806775]
80044745,93343,391978,250,1;[35496, 850, 0.7003460247442518, 1.5681931352705518, 1248.0398398511672, 0.878960988893527, 1.0011281588447654]
80044745,93343,391978,250,2;[68164.39, 1040, 0.64867597228267, 1.378491233593297, 2340.70209496434, 0.6581116756097434, 1.005538439932942]
80044745,93343,391978,250,3;[72581.23000000001, 1014, 0.6107600418233853, 1.6190010759401252, 3075.79464189534, 0.5383748110459755, 1.0023650054868127]
80044745,93343,391978,251,1;[64074, 1096, 0.6980332611218597, 1.4140986510073759, 1231.0029874593515, 0.8238168692412272, 1.004121546441836]
80044745,93343,391978,251,2;[32963.0, 776, 0.6215582089131055, 1.518624917266925, 2870.1199883948784, 0.6539330467650236, 1.0061385347426537]
80044745,93343,391978,251,3;[62204.850000000006, 920, 0.6458442492968858, 1.3819716401754827, 2177.0507109142127, 0.7075400581059438, 1.0053249786890146]
80044745,93379,392066,104,1;[74670, 1206, 0.7046667518763094, 1.3200396829835823, 1289.3643159077142, 0.6881087312800322, 1.0013410218586563]
80044745,93379,392066,104,2;[68899.81, 1050, 0.6653977471530694, 1.4259424705577868, 1971.1445931217697, 0.6947677995395897, 1.0046589913327144]
80044745,93379,392066,104,3;[35554.240000000005, 752, 0.610415357793909, 1.726116966545465, 2760.482992776023, 0.724210052749518, 1.0003083564600679]
80044745,93379,392066,105,1;[37252, 882, 0.6832461280406461, 1.3710320158009917, 1660.1700281734104, 0.8484525336388723, 0.9486121721415839]
80044745,93379,392066,105,2;[73332.56, 1090, 0.6285728669715667, 1.8250289340159993, 2847.3650517657506, 0.5764116229804341, 1.004834698952346]
80044745,93379,392066,105,3;[36248.83, 754, 0.6084683656150165, 1.1448663238141983, 3014.6350015044854, 0.6933009442810067, 1.0031087690032983]
00023892,93026,390259,210,1;[115384, 1676, 0.9705763288702812, 0.9705763288702812, 27.44450635858385, 0.9967809945790217, 0.9971869206936336]
00023892,93026,390259,211,2;[117053.15999999999, 1570, 1.0149650236071255, 0.9746772383627069, 32.01824097753799, 0.9959190027831599, 0.996711876257112]
00023892,93026,390259,211,3;[116700.71, 1438, 1.0186254340279237, 0.9437976061425024, 56.93241554978748, 0.9908537816795847, 9999]
00023892,93026,390259,212,1;[115337, 1664, 0.9804131521278897, 0.9889032468085639, 29.32303153461915, 0.9964262448288627, 0.9924920079683675]
00023892,93026,390259,212,2;[117691.0, 1554, 1.014747909288223, 0.9808503008994244, 33.38817836122004, 0.9959185983378324, 9999]
00023892,93026,390259,212,3;[114356.64000000001, 1394, 1.0039062202291396, 0.9507977939312924, 37.10296143051946, 0.9936297065684685, 9999]
00023892,93026,390259,214,1;[120043, 1634, 1.0032661182443197, 0.9887838124952426, 22.927187669422857, 0.9969424029558446, 0.9982495311986761]
00023892,93026,390259,215,3;[114305.95000000001, 1398, 1.010278510246198, 0.9543713578041263, 39.13504025500448, 0.9933049493998183, 9999]
00023892,93026,390259,216,2;[116758.04, 1568, 1.0123332269148082, 0.98091887278259, 29.98789604125521, 0.996023856518871, 0.9963240520725442]
00023892,93049,390350,751,2;[112488.31999999999, 1480, 0.9848740726439702, 0.9929826624223882, 26.49613653842162, 0.9961483784872827, 9999]
00023892,93049,390350,752,3;[118309.09000000001, 1532, 1.0130833231157215, 0.9721992345752148, 59.29260583943325, 0.9911236827270111, 9999]
00023892,93049,390350,753,1;[115862, 1658, 0.9829469492684024, 0.9978529551266063, 24.60371064380052, 0.9960469422803894, 0.9909383646292598]
00023892,93049,390350,756,2;[116076.17, 1538, 1.0085478725212538, 0.9927081192712227, 43.37188848757056, 0.9943862237694245, 9999]
00023892,93049,390350,756,3;[117833.70000000001, 1382, 1.047327962051423, 0.9430491915437306, 103.28006889242694, 0.9876476852572468, 0.9989779088945155]
00023892,93049,390350,757,1;[119330, 1636, 1.0075125795868425, 0.9942916148693116, 29.0029681718026, 0.9953227996444487, 9999]
00023892,93049,390350,758,3;[117121.3, 1400, 1.030931342867741, 0.9719735434960686, 74.73251000866165, 0.9910807744684849, 9999]
00023892,93049,390350,760,1;[119412, 1684, 1.0004737661313214, 0.9880028410604836, 28.934950571560975, 0.9954903479060804, 0.999870214146658]
00023892,93049,390350,760,2;[117228.09, 1564, 1.0405712513178689, 0.9825036010815462, 94.58212834702178, 0.9879751501300211, 0.9954779023530066]
00023892,93049,390350,761,1;[115473, 1576, 0.991677529821298, 0.9926776955103828, 36.86362273631874, 0.9942467519164607, 1.0014917476864902]
00023892,93049,390350,763,2;[118247.92, 1546, 1.0345050869305332, 0.994516715150005, 59.95186314319832, 0.9908730469999921, 9999]
00023892,93049,390350,763,3;[118310.46, 1494, 1.0361395917367435, 0.9712337522244107, 108.28824339469637, 0.9843328979744623, 0.9939059128182995]
00023892,93049,390350,766,1;[116227, 1652, 0.9751026370807013, 0.9892795240401203, 27.456611617824382, 0.9965442441576506, 0.9924685549359998]
00023892,93049,390350,767,3;[117711.77, 1466, 1.0214023858039325, 0.9691685127209577, 43.76655418360943, 0.9929606828812833, 10740.125]
00023892,93049,390350,769,2;[117706.47, 1490, 1.0202549609913965, 0.9997484379105231, 29.963769686372082, 0.995278891855519, 9999]
00023892,93049,390350,770,1;[117114, 1588, 1.0024585818836231, 0.9928265580916606, 32.869004539460455, 0.9955113006843905, 9999]
00023892,93049,390350,770,3;[118395.40000000001, 1410, 1.0424963099943128, 0.9275135170288007, 78.28360049762023, 0.9922517167138535, 9999]
00023892,93049,390350,773,2;[114238.81, 1522, 1.0044227657496143, 0.986742260703326, 36.17136856988099, 0.9948063335800724, 9999]
00023892,93099,390646,1221,2;[114072.20999999999, 1486, 1.0090858747803573, 0.9867088647928606, 38.53013999163804, 0.9934468550222741, 9999]
00023892,93099,390646,1222,1;[115757, 1704, 0.9986716907804245, 0.9931340390066832, 35.39650912607604, 0.9961712619634862, 0.989105543782897]
00023892,93099,390646,1222,3;[117585.73000000001, 1392, 1.1323117391248805, 0.9651113997953958, 50.31573890807299, 0.9940088735414381, 9999]
00023892,93103,390673,1487,1;[118131, 1640, 0.9941992381714719, 0.9832364950716539, 24.18140079113889, 0.9967673469878491, 0.9975637458357788]
00023892,93103,390673,1488,3;[117951.52, 1364, 1.034720293021279, 0.9614925636421753, 96.22023479779668, 0.98528403584093, 0.9961010262284081]
00023892,93103,390673,1489,2;[116541.45999999999, 1546, 1.014966414714585, 0.992022459678374, 40.09946663942671, 0.9947342202306876, 0.9929282227280332]
00023892,93103,390673,1491,2;[120403.01, 1514, 1.0503891899546012, 0.9843946252209498, 113.66690920960296, 0.984839104179109, 9999]
00023892,93103,390673,1492,1;[114627, 1678, 0.9987680845865211, 0.9924709850319351, 45.564953524898826, 0.9946129103177113, 0.9927122981592382]
00023892,93103,390673,1492,3;[112581.12000000001, 1362, 1.004285977747245, 0.9649001229124898, 31.23126453415144, 0.9956981357234577, 9999]
00023892,93103,390673,1495,2;[114817.15, 1510, 0.9930315460441014, 0.9870770259924616, 31.546042712339776, 0.9947702350629656, 9999]
00023892,93103,390673,1497,3;[113548.34000000001, 1404, 1.0054351093309934, 0.960491452600365, 28.91913419738997, 0.9948299282430487, 9999]
00023892,93103,390673,1498,1;[116314, 1654, 0.989772517025471, 0.9913499174139772, 25.89202116124958, 0.9956881817830718, 0.9948765321221763]
00023892,93103,390673,1499,1;[115761, 1706, 0.9962542217613665, 0.9812057965453727, 38.26655464467754, 0.9959036968410945, 0.9896936302274583]
00023892,93103,390673,1499,3;[117251.45000000001, 1500, 1.0242496834682837, 0.9748615169204323, 53.78139989410666, 0.9908513476631625, 34234.0]
00023892,93103,390673,1500,2;[113904.42, 1520, 1.0033341804562999, 0.9866325509813356, 31.931454020851525, 0.9944117262205622, 0.9918501209788144]
00023892,93122,390798,1587,3;[117843.29000000001, 1442, 1.0406381091708652, 0.97290517790024, 111.87571133625764, 0.982512094931687, 0.9956477955389904]
00023892,93122,390798,1589,1;[115972, 1698, 0.9778822539189395, 0.9908134710763481, 20.37117655163161, 0.9968449509462828, 0.9941706957446079]
00023892,93122,390798,1589,2;[117505.36, 1504, 1.0292453359150497, 0.9978651105229204, 41.27597117489877, 0.9945531923571351, 9999]
00023892,93122,390798,1590,1;[114476, 1708, 0.9714008354292216, 0.9792266459744134, 31.895664856885332, 0.9963746613606888, 0.9873600048300221]
00023892,93122,390798,1590,2;[115546.62, 1446, 1.0044099548766843, 0.9937778684089924, 34.96544073137213, 0.9941037791054449, 9999]
00023892,93122,390798,1592,3;[117977.55, 1424, 1.0384956777881869, 0.9582881772027657, 51.69301507743181, 0.993571167624946, 172230.0]
00023892,93139,390920,17,2;[116130.90999999999, 1510, 0.9981631323817355, 0.9808162066148503, 32.268889709424414, 0.993887002655094, 0.9946034641785189]
00023892,93139,390920,17,3;[117082.94, 1368, 1.01704474354301, 0.9629625559037094, 53.25214145749839, 0.9925764721536028, 9999]
00023892,93139,390920,18,1;[114291, 1656, 0.9814575364939319, 0.9959018721886728, 30.733984173391054, 0.9957475714305857, 0.9944271152817112]
00023892,93139,390920,19,1;[117141, 1708, 1.0011284673044343, 0.9784178992053928, 59.47460187917027, 0.9921109682880714, 0.9933264364697103]
00023892,93139,390920,20,3;[118051.53000000001, 1470, 1.0213625513322462, 0.9716452290970454, 85.44257796364806, 0.9849400431888099, 9999]
00023892,93139,390920,21,2;[115941.7, 1478, 1.0067750976010585, 0.9966286729292532, 25.270836994108723, 0.9955051948918705, 1.001742742428838]
00023892,93166,391047,301,1;[119197, 1602, 0.9934559797032223, 0.9948353663934025, 20.712104405988043, 0.9968702647084702, 0.9987055043296481]
00023892,93166,391047,301,2;[116151.14, 1540, 1.0002683910551358, 0.9928704150270152, 33.4848806094114, 0.9948215854848882, 9999]
00023892,93166,391047,303,3;[118637.89000000001, 1398, 1.0223579081250327, 0.9703534494557088, 42.23273852076505, 0.9934911546531924, 9999]
00023892,93166,391047,304,1;[117753, 1622, 0.9772164352433422, 0.9958620833402838, 25.766315361363983, 0.9967860458868003, 0.9972686967237064]
00023892,93166,391047,305,2;[117093.62, 1536, 1.002178459818774, 0.997850638667676, 24.4138911119299, 0.9964615269265222, 1.000127051242307]
00023892,93166,391047,305,3;[119032.45000000001, 1370, 1.0183846266174685, 0.9748323649170428, 37.875699129217296, 0.9947455224370897, 2199.6202531645567]
00023892,93166,391047,307,2;[115370.5, 1528, 1.0058060097422366, 0.9895282762600829, 39.93207841576104, 0.9944151817445519, 9999]
00023892,93166,391047,308,1;[115460, 1682, 0.9960968642594321, 0.9954651582763876, 40.582903883813906, 0.9951983391381567, 0.9932470213772635]
00023892,93166,391047,308,3;[118877.64000000001, 1454, 1.017150500848034, 0.9733966928934351, 36.44529966828555, 0.9937569319287601, 1324.7633587786258]
00023892,93166,391047,309,1;[119716, 1620, 1.0322619672169577, 0.9876387315526259, 46.38197855060344, 0.9944067144527013, 0.999419796219075]
00023892,93166,391047,309,2;[115416.90999999999, 1496, 1.0140101989435855, 0.9782871975660953, 49.76970517264166, 0.9923215994050387, 9999]
00023892,93166,391047,310,3;[117396.67000000001, 1446, 1.0322636927019022, 0.9549682020607355, 42.6314536599798, 0.9954496600959517, 9999]
00023892,93166,391047,312,2;[119097.58, 1476, 1.0286965797742729, 0.9766518066581236, 64.13464440773701, 0.9901136968339167, 100082.0]
00023892,93166,391047,313,1;[120302, 1688, 1.021004314514589, 0.9866737636844082, 42.55555215394716, 0.9931729686905908, 0.9957002685780263]
00023892,93166,391047,313,3;[119017.38, 1408, 1.0256435421473993, 0.9687818342517958, 44.27779058241403, 0.9929874755115312, 24821.14285714286]
00023892,93166,391047,315,1;[117580, 1706, 0.9911475015587408, 0.9998940038735258, 31.46718806602632, 0.9964770636421072, 0.9924037812288994]
00023892,93166,391047,315,2;[119473.62, 1562, 1.0290292751963206, 0.976969826578464, 59.39391504055549, 0.9910613417632356, 9999]
00023892,93166,391047,315,3;[120414.78000000001, 1524, 1.0420803432332637, 0.9716719340706381, 114.80932319891738, 0.9838297153742086, 0.9968696835658387]
00023892,93265,391506,609,1;[120450, 1668, 1.0130823848066772, 0.9934285035407959, 28.081715577593773, 0.9950777124707098, 9999]
00023892,93265,391506,609,3;[119976.38, 1438, 1.0627480642574758, 0.9590433977019611, 126.38952663022229, 0.9846962103710577, 0.99012968218255]
00023892,93265,391506,610,2;[119833.0, 1508, 1.0279624297293433, 0.9939602657133225, 34.05485042585448, 0.9943307197997148, 0.9989534301203803]
00023892,93265,391506,611,3;[119896.92000000001, 1368, 1.0267371543472592, 0.9680652141772095, 60.138477372720004, 0.9910185054986551, 175032.0]
00023892,93265,391506,612,2;[116885.37, 1548, 1.0145783774572443, 0.9803564738122116, 29.62078944142632, 0.9948200399301197, 9999]
00023892,93265,391506,613,1;[114481, 1610, 0.9955593575803238, 0.9902087238335712, 36.759064237107594, 0.9944111491071127, 0.9902515396858349]
00023892,93329,391882,87,1;[118271, 1616, 1.0194271800477344, 0.9951980347867928, 37.73351695185407, 0.9949972892828642, 0.9989948475377988]
00023892,93329,391882,87,2;[111247.15, 1430, 0.9892958805203751, 0.987969527216751, 25.62743346510477, 0.9960790202361292, 9999]
00023892,93329,391882,87,3;[115923.92000000001, 1414, 1.0215942370198658, 0.9563196493174627, 47.010858776237484, 0.9953242287886229, 9999]
00023892,93329,391882,89,1;[114628, 1672, 0.9914825066265023, 0.992449732020601, 46.0862142629913, 0.9941192467786226, 0.9939475920434248]
00023892,93329,391882,89,3;[114667.63, 1414, 1.0167941706478845, 0.9529070402788227, 69.36194070195396, 0.9896615259912896, 0.9922821576763485]
00023892,93329,391882,90,2;[116098.78, 1540, 1.024478526931865, 0.9929498654533664, 58.7047229351499, 0.9922725834272821, 9999]
00023892,93329,391882,92,2;[114627.93999999999, 1522, 1.0073552101636527, 0.9847883422105579, 36.85985021329225, 0.9940911230252352, 0.9904477918873066]
00023892,93329,391882,92,3;[114493.64000000001, 1356, 1.0098884038015559, 0.9575393429604518, 53.70771228318953, 0.9928164272628103, 9999]
00023892,93329,391882,93,1;[115389, 1646, 0.9791536811644996, 0.9912072497007227, 30.555962129969355, 0.9961549890584726, 0.995354855405318]
00023892,93329,391882,94,1;[116973, 1592, 0.994606233216065, 0.9965614043713638, 34.71012332712566, 0.9946580766084038, 0.9999615310636661]
00023892,93329,391882,94,2;[112866.73999999999, 1496, 1.003006582190011, 0.9923183925625743, 26.138494257660792, 0.99570058885804, 9999]
00023892,93329,391882,94,3;[114433.36000000002, 1410, 1.0214616209838423, 0.9517095185099957, 73.57692311392724, 0.9894936176987641, 0.990536726513768]
00023892,93329,391882,96,1;[115407, 1632, 0.9872182726007631, 0.9927104473525977, 23.989429741072772, 0.9960868400620199, 0.996795591563164]
00023892,93329,391882,96,2;[113005.97, 1516, 0.9882006017804126, 0.9825266807640969, 27.477798069064683, 0.9957344812378607, 0.9942780561096016]
00023892,93329,391882,96,3;[117169.25000000001, 1434, 1.0569068397282255, 0.9348208440309685, 110.45560734956277, 0.9883416942725053, 9999]
00023892,93329,391882,99,1;[118266, 1608, 1.0340711010663866, 0.9901960891665134, 40.350390802242764, 0.9941750124012475, 0.995743928467688]
00023892,93329,391882,99,2;[114010.33, 1524, 1.0088953795511193, 0.9873587254334197, 27.375748128469997, 0.9954495918170748, 9999]
00023892,93329,391882,99,3;[113752.47000000002, 1336, 1.0058340005280906, 0.9771892906538502, 25.640739364499375, 0.99607581804577, 9999]
00023892,93377,392048,3,3;[118466.64000000001, 1406, 1.047556527781869, 0.9626297559970822, 107.28162349534367, 0.988306503325163, 9999]
00023892,93377,392048,4,1;[118492, 1724, 0.9863208326474601, 0.9986424630954116, 19.764201178268063, 0.9967779664001932, 0.982353745839223]
00023892,93377,392048,4,2;[116322.5, 1540, 1.0024661578187861, 0.9812524545754474, 28.71243987076844, 0.9953319054134065, 9999]
00023892,93377,392048,5,1;[112681, 1604, 0.9750116024793062, 0.9728192778387952, 30.87669786078407, 0.9962903174522396, 0.9869450782375636]
00023892,93377,392048,5,2;[117476.79999999999, 1468, 1.0128946844061226, 0.9826118107683158, 31.69563920609115, 0.9953051589361018, 9999]
00023892,93377,392048,5,3;[119291.38, 1442, 1.0494193382007337, 0.9224995551443748, 90.97954973781846, 0.9914184377585706, 9999]
00023892,93377,392048,8,2;[114999.22, 1520, 1.0070723933409482, 0.9772014446917673, 55.95936210100426, 0.9911467610708359, 1.0000983146794165]
00023892,93377,392048,8,3;[115359.48000000001, 1394, 1.0261842013140077, 0.9530082855170431, 74.80732270330151, 0.9887307322964278, 9999]
00023892,93377,392048,9,1;[115825, 1638, 0.9752674514762388, 0.977930434245964, 26.59457846165895, 0.9966290836236483, 0.9829547624402228]
00405361,93027,390264,296,1;[15322, 602, 1.018640503791091, 0.9927375670227192, 82.40854338920666, 0.9917555342255795, 1.0019618100967826]
00405361,93027,390264,296,2;[13975.359999999999, 534, 1.003405662515515, 1.0159657999859721, 132.46165449746343, 0.9835521802289796, 1.0098022355975924]
00405361,93027,390264,296,3;[14512.410000000002, 510, 0.9927567335686451, 0.8542390956082103, 174.40780022384928, 0.9829357433307083, 1.0026977140423114]
00405361,93027,390264,297,1;[15363, 602, 0.9932394512240788, 0.9603395025905435, 68.9777012225038, 0.992055882286068, 1.0025450274079875]
00405361,93027,390264,297,2;[14372.82, 538, 1.048435694487263, 0.7502852608028041, 180.79881598010874, 0.9832443598563488, 1.0095285857572718]
00405361,93027,390264,297,3;[14720.650000000001, 510, 0.9881080068596788, 0.8245030108317383, 166.8333850954313, 0.9839198454286033, 1.0053330838323353]
00405361,93027,390264,298,1;[15512, 608, 1.0115537966445416, 0.99792671194979, 90.15410940655968, 0.9921975943672326, 0.9978450355408317]
00405361,93027,390264,298,2;[14013.439999999999, 536, 1.0331885764895083, 0.890388705597696, 182.89811209283846, 0.9841709415888718, 1.0103818103818103]
00405361,93027,390264,299,1;[33145, 790, 0.980625345153473, 0.9945526092568331, 62.84380361550296, 0.9809613502881281, 1.0056128640776698]
00405361,93027,390264,299,2;[14185.99, 538, 1.028249682126268, 0.8753451976429305, 182.9625310459328, 0.9832199529165405, 1.0104683195592286]
00405361,93027,390264,299,3;[14413.77, 506, 0.981690414763174, 1.0080240128484836, 165.7491610622887, 0.9870887576670854, 1.0032899442139893]
00405361,93048,390345,677,1;[15591, 602, 1.0111650518980335, 1.0080798013785595, 86.02788497524776, 0.9922486519126169, 1.0032172961842867]
00405361,93048,390345,677,2;[14075.32, 534, 1.0056165482379342, 1.0124909918861744, 152.6694363782077, 0.9821928910612598, 1.0087416314869302]
00405361,93048,390345,677,3;[14749.420000000002, 504, 0.9707038172606778, 0.9964386275397188, 143.73003060591563, 0.9901520537898685, 0.9996750081247969]
00405361,93048,390345,678,1;[15272, 598, 1.0104190354263958, 1.0124879962421987, 80.16167790832759, 0.9925105085380144, 1.003284719484956]
00405361,93048,390345,678,2;[14134.82, 540, 1.0141685530992965, 0.9864673157628709, 152.7640917202346, 0.9837496584459205, 1.0090901367768244]
00405361,93048,390345,678,3;[32137.460000000003, 666, 1.0252347440852476, 0.9462587111446663, 117.79338040000854, 0.9805818985762284, 9999]
00405361,93048,390345,679,1;[24533, 668, 0.9885628417361576, 0.9912653723906587, 40.05113946365599, 0.9938281307102488, 1.0066472446760495]
00405361,93048,390345,679,2;[14151.48, 538, 0.9991032285284419, 0.8039433462354347, 191.5834391616236, 0.9832012582735807, 1.0107088220295768]
00405361,93048,390345,679,3;[15304.27, 522, 0.9794783581619722, 0.8006143489970098, 135.4871591898587, 0.9887860872482312, 1.0062604152591992]
00405361,93048,390345,680,1;[15775, 604, 1.000314281700106, 0.9183624256599702, 82.39297256933537, 0.9912603924017701, 1.006636462255121]
00405361,93048,390345,680,2;[20861.89, 572, 1.0195744056280431, 0.9746618483683398, 283.1793681465919, 0.9600648089584348, 1.0078762791767275]
00405361,93048,390345,680,3;[14571.320000000002, 506, 1.0677148845757554, 0.6230224933626721, 170.87808393531077, 0.9873997739023425, 1.0069585798816567]
00405361,93048,390345,681,1;[15353, 602, 1.0248911491600798, 1.023815239454053, 87.85221213847703, 0.9928264439141017, 1.003989013863458]
00405361,93048,390345,681,2;[30267.649999999998, 690, 1.0276120265550563, 0.9585364289387787, 119.01313547411853, 0.9853596106587521, 1.0070874247703516]
00405361,93048,390345,681,3;[15030.27, 520, 0.9765735208145171, 0.7558047525556503, 144.42761776552496, 0.9902846276874879, 1.0042105263157894]
00405361,93048,390345,682,1;[15407, 602, 1.0035198049753833, 1.021427037630859, 76.65437589087486, 0.9929048227092895, 1.0041058394160585]
00405361,93048,390345,682,2;[14371.63, 542, 0.9617780241394256, 0.7840018717896796, 187.9725972475059, 0.9883164317999001, 1.0048674959437534]
00405361,93048,390345,682,3;[14498.710000000001, 506, 1.081457127684736, 0.6972756587965315, 181.5685527073131, 0.9875493973913797, 1.00565401244833]
00405361,93048,390345,683,1;[15379, 600, 1.0158964970973832, 1.0125428473854436, 86.99642096900304, 0.9926513269674111, 1.0023463468682787]
00405361,93048,390345,683,2;[13938.47, 536, 1.0394498819289624, 1.017657971100031, 198.2747785964625, 0.9827090086301224, 1.0020532124219352]
00405361,93048,390345,683,3;[14263.070000000002, 504, 1.0751169716724474, 0.7381447377819766, 159.77559436697157, 0.9891050286771973, 1.0027932960893855]
00405361,93048,390345,684,1;[17909, 586, 0.9994271967362993, 0.9791966472682153, 58.17879968355248, 0.9936840136538768, 0.9840380230226106]
00405361,93048,390345,684,2;[14094.359999999999, 536, 1.0416381879368257, 1.013969135884616, 157.20912932678434, 0.9856654076972731, 1.0064581917063222]
00405361,93048,390345,684,3;[14628.86, 504, 1.0679387674874707, 0.6023949612400352, 164.8300291687835, 0.9898244585196027, 1.0067886102206298]
00405361,93051,390360,877,1;[15218, 598, 1.0225651761003887, 0.9919658924150764, 74.61589036215952, 0.99201615303646, 1.0051187213103927]
00405361,93051,390360,877,2;[14168.14, 538, 1.0329150768679602, 1.0217600666873514, 162.87489727240032, 0.9810817496712038, 1.0046409585688971]
00405361,93051,390360,877,3;[32326.520000000004, 668, 1.025221777974596, 0.947481498297523, 79.87046411647515, 0.9893329704905914, 9999]
00405361,93051,390360,878,1;[15290, 598, 1.000836068950414, 0.986588670657336, 71.82889157957825, 0.9919898397897519, 1.007345916921962]
00405361,93051,390360,878,2;[14479.92, 540, 1.0680916030960705, 0.8349623557523841, 223.68205794911682, 0.9815290909698429, 1.0017700572181287]
00405361,93051,390360,878,3;[14463.090000000002, 506, 1.0734719836836524, 0.6442329459036521, 167.95271085628949, 0.9878765788852087, 1.0060993042981035]
00405361,93051,390360,879,1;[17088, 580, 1.0006628700287548, 0.9793649943006845, 72.51364982680273, 0.9918677481720697, 0.9862064985283084]
00405361,93051,390360,879,2;[14121.73, 538, 1.0321979693574515, 1.0176613027654446, 188.3367744687969, 0.9776293413492384, 1.003212443993575]
00405361,93051,390360,879,3;[14657.630000000001, 506, 1.0792917810537115, 0.5692186902183792, 155.35978755118552, 0.9896122719399335, 1.0091492171288436]
00405361,93051,390360,880,1;[15348, 604, 1.0214978306896505, 0.9948713588322995, 87.35145286462307, 0.9921030556809461, 1.0022856396525828]
00405361,93051,390360,880,2;[13990.83, 540, 1.030741916994737, 1.0150257044065119, 170.42598505839356, 0.9810700510023638, 0.9994899260392757]
00405361,93051,390360,880,3;[14206.900000000001, 506, 1.0120365469262083, 0.8766912307184611, 167.80590098184197, 0.9848609395653292, 0.99788298691301]
00405361,93062,390398,1044,1;[15360, 604, 0.9991374830012136, 1.002637656613611, 92.4930073891407, 0.9918511376989976, 1.0025782448353513]
00405361,93062,390398,1044,2;[14090.789999999999, 538, 1.0201650966006919, 1.0255744252476924, 147.3854454836881, 0.9842618516470268, 9999]
00405361,93062,390398,1044,3;[14454.87, 506, 1.041407318254478, 0.7009424418931729, 157.49381029927156, 0.9885944473670681, 1.005431675242996]
00405361,93062,390398,1045,1;[15022, 600, 1.0200692238791949, 0.9993239023374407, 90.85551180799933, 0.9920807777812656, 1.003708281829419]
00405361,93062,390398,1045,2;[14121.73, 536, 1.0143239671960917, 0.8882507213034465, 185.46410615164618, 0.9835372119163414, 1.0133640749754493]
00405361,93062,390398,1045,3;[15053.560000000001, 516, 0.998845333476355, 0.9894486119435991, 137.35744471144366, 0.9901887367173032, 1.005766590389016]
00405361,93062,390398,1046,1;[15157, 600, 1.023744459995501, 0.9930101199214172, 85.9377852077754, 0.9921356320538159, 1.0036751316094428]
00405361,93062,390398,1046,2;[14049.14, 538, 1.0323857467544018, 0.9413559293725743, 149.52250321812102, 0.9831220497855931, 1.007423841624712]
00405361,93062,390398,1046,3;[14500.080000000002, 508, 0.9887160943807538, 1.0141718394922652, 156.5536108255989, 0.9868459663751756, 1.0049850448654039]
00405361,93079,390520,56,1;[16208, 610, 0.9912603595313353, 1.0233948959801742, 66.71959746794518, 0.9936178409986496, 1.0025980452802177]
00405361,93079,390520,56,2;[14747.67, 544, 1.0383103292848392, 0.9551750722693538, 174.98134139709413, 0.98565386972591, 1.008298755186722]
00405361,93079,390520,56,3;[15179.6, 512, 1.0655820744502873, 0.9201677790599431, 198.14599282594853, 0.9841074877208091, 0.9998195271611623]
00405361,93079,390520,57,1;[16053, 608, 0.9958823279578763, 1.0214951206966247, 68.77058974829566, 0.9932126022134029, 1.004128354287859]
00405361,93079,390520,57,2;[14929.74, 550, 1.0092432100245858, 1.0146116326926038, 157.51960711667112, 0.9824869986889616, 9999]
00405361,93079,390520,57,3;[15626.220000000001, 516, 1.0780382234588408, 0.601904560844854, 167.09179939012054, 0.989194409194922, 1.0064857710125745]
00405361,93100,390650,1332,1;[15689, 602, 1.018741143721798, 1.0129343312257109, 95.51079916863462, 0.9917581364310617, 1.0009569988516014]
00405361,93100,390650,1332,2;[14583.449999999999, 538, 1.0340792060394788, 1.023245020460648, 196.10691000307708, 0.9791251168514433, 1.0043847067983445]
00405361,93100,390650,1332,3;[15028.900000000001, 510, 1.0451044370275668, 0.7223819404784996, 167.18806714273614, 0.9884472795629949, 1.0033842495198024]
00405361,93100,390650,1333,1;[15945, 608, 0.9947505757023661, 1.013730010844252, 81.13444620443566, 0.9925935995875067, 1.0062476334721697]
00405361,93100,390650,1333,2;[16069.759999999998, 522, 1.0381481817746296, 0.9786469657163921, 149.81188167561464, 0.9852504790046634, 1.005322910850549]
00405361,93100,390650,1333,3;[14894.640000000001, 514, 0.9817619527470497, 0.8290030206323216, 168.64948866318883, 0.9875648350950647, 1.0004140786749482]
00405361,93100,390650,1334,1;[18582, 644, 1.022882931476703, 0.9754043052103442, 85.6685048058754, 0.9920576813549642, 0.9199009900990099]
00405361,93100,390650,1334,2;[14789.32, 542, 1.0489016236016597, 0.9739009360227545, 231.0942387858276, 0.981779494065903, 1.0031479538300105]
00405361,93100,390650,1334,3;[16715.370000000003, 496, 1.0008116729867191, 0.8440378452741452, 118.33557110204873, 0.9887683762616066, 1.0001229558588467]
00405361,93114,390743,1982,1;[16023, 618, 0.9867430454809994, 1.005320920329961, 98.72230998069416, 0.9915029132163244, 1.0003746019853905]
00405361,93114,390743,1982,2;[14686.98, 546, 1.1017925846723737, 1.0088979265696345, 212.8560470179528, 0.9792250515258191, 1.0000405137138921]
00405361,93114,390743,1982,3;[15165.900000000001, 510, 1.0755895695590212, 0.6129978916176825, 148.08392725023086, 0.9896241715122215, 1.0048563518358826]
00405361,93114,390743,1983,1;[15935, 610, 1.0314365197163586, 1.0201198610117237, 91.78020713105774, 0.991783403895467, 1.0020437038201542]
00405361,93114,390743,1983,2;[15853.179999999998, 522, 1.1459083509353367, 0.9743728123620269, 146.81781737478457, 0.9844133313327105, 1.0051305266334691]
00405361,93114,390743,1983,3;[15042.6, 506, 1.0347736705359467, 0.7980070424915999, 157.6790902886698, 0.9873137760207835, 1.0028771064529387]
00405361,93114,390743,1984,1;[16083, 608, 1.0092610313250108, 1.0049696654246771, 91.75352510849555, 0.9916988037450576, 1.003087285994948]
00405361,93114,390743,1984,2;[15994.789999999999, 522, 1.1499899783110081, 0.9834636754163316, 154.0952349745932, 0.9831861363690587, 1.004559043348281]
00405361,93114,390743,1984,3;[15150.830000000002, 508, 0.9710487194744435, 0.6738081909108341, 153.5333765168163, 0.988217534292047, 1.008480758708736]
00405361,93114,390743,1985,1;[16129, 600, 1.06603812923077, 0.9726816340194819, 96.80089195048906, 0.9912586362065567, 1.0047343175730392]
00405361,93114,390743,1985,2;[15333.15, 548, 0.9580835421142396, 0.982661591407734, 175.71981686934348, 0.9874774268830468, 1.0061296997618396]
00405361,93114,390743,1985,3;[14901.490000000002, 510, 1.0370228556221968, 0.7432945213614632, 154.0282604617929, 0.9876992387252541, 0.9920649398029916]
00405361,93114,390743,1986,1;[16090, 604, 1.0613282120242884, 0.9930569151838584, 96.01838266965152, 0.9912813871259483, 1.003398709114153]
00405361,93114,390743,1986,2;[14894.039999999999, 544, 1.04719014900695, 0.9502068211656797, 162.7106026364758, 0.9826618108414095, 1.0075672194493641]
00405361,93114,390743,1986,3;[15116.580000000002, 512, 1.0495437969157884, 0.7132554554724065, 167.3405459373205, 0.986754067954064, 1.0085923217550274]
00405361,93122,390796,1583,1;[15862, 610, 1.0175440849462916, 1.0120885317577435, 94.33625120538916, 0.9922838526417235, 1.0023697431198457]
00405361,93122,390796,1583,2;[14939.26, 554, 1.113833165190293, 1.0216901050727374, 192.8244480257877, 0.9805042065705123, 0.9985285344999005]
00405361,93122,390796,1583,3;[15090.550000000001, 516, 0.9928997613544163, 1.0226711540219113, 168.1647463091816, 0.9868281061426712, 0.9983685307713224]
00405361,93122,390796,1584,1;[16031, 616, 1.0266889029060602, 1.012580110743933, 95.7503826393691, 0.9919793387884002, 1.0023760395172887]
00405361,93122,390796,1584,2;[14659.609999999999, 544, 1.0079316673880023, 0.9533366985754268, 192.34121816671072, 0.9821973699053242, 1.009257742094052]
00405361,93122,390796,1584,3;[31923.74, 666, 1.032474529171173, 0.9341306535463403, 178.91041319370973, 0.960158568677347, 1.0022796679427073]
00405361,93122,390796,1585,1;[16314, 642, 1.0240684399635802, 0.9879509012166234, 77.36486536417914, 0.9932700822266001, 0.8685051107325383]
00405361,93122,390796,1585,2;[14921.41, 546, 1.0637031272828483, 0.8243085809411286, 209.9053567064059, 0.9848012288747424, 1.0119849884992536]
00405361,93122,390796,1585,3;[15111.1, 506, 0.9359096615756192, 0.6163058283531667, 144.27527203627042, 0.9908516941509178, 1.0090568109047662]
00405361,93122,390796,1586,1;[16119, 610, 1.0201312054162184, 1.01054546561142, 94.28123982842196, 0.9921019971725451, 0.999906950776961]
00405361,93122,390796,1586,2;[14653.66, 542, 1.028042842403126, 1.0406561872103786, 180.3954334531167, 0.9834863953829308, 1.0107112077810152]
00405361,93122,390796,1586,3;[15412.500000000002, 514, 1.0678375880070243, 0.617904012368274, 166.7720618406968, 0.9888503601335586, 1.0028525583883046]
00405361,93135,390891,791,1;[33836, 800, 0.9775679661783937, 1.002315458278104, 65.05530355885176, 0.9797589997712742, 1.0022066555099745]
00405361,93135,390891,791,2;[15176.07, 560, 1.0061933353213255, 1.0143461749239004, 191.6828109976082, 0.9791465109813872, 9999]
00405361,93135,390891,791,3;[22976.27, 556, 0.9991967656043232, 0.8561384537571031, 81.8034490737222, 0.9907178411613432, 9999]
00405361,93135,390891,792,1;[16666, 666, 1.0005962366239667, 0.9881387106123593, 88.26390658532212, 0.9907648555909732, 0.8477110885045778]
00405361,93135,390891,792,2;[15531.88, 520, 1.1372835834099684, 0.9790290321267318, 156.35015629223247, 0.9832705697885632, 1.0029199323805134]
00405361,93138,390911,1124,1;[16169, 602, 1.024818096239507, 0.9653898020724268, 75.00634647086048, 0.992279016361654, 1.0072574365363651]
00405361,93138,390911,1124,2;[15518.789999999999, 554, 1.0014897139887482, 1.0030942476015525, 178.29757201912525, 0.9778253861144702, 1.004660837409961]
00405361,93138,390911,1124,3;[15243.990000000002, 512, 1.001984599581315, 0.8725716048189267, 182.388793184815, 0.9843307861029189, 1.0038794658967882]
00405361,93138,390914,1125,1;[16288, 604, 0.99492630286413, 1.0252049733289805, 79.80097997948813, 0.9918488591209224, 1.0055252029508905]
00405361,93138,390914,1125,2;[17884.51, 538, 1.0373220271752608, 0.9731629861958725, 185.35823090878296, 0.9807199192065753, 1.0056206088992974]
00405361,93138,390914,1125,3;[15491.960000000001, 516, 1.0574951761181823, 0.6255789063213942, 163.610825806203, 0.9892845756766507, 1.0048875855327468]
00405361,93138,390914,1126,1;[33932, 798, 0.9838058998277209, 0.9790100441864791, 52.71231096021703, 0.9910722824426794, 1.0051989987113592]
00405361,93138,390914,1126,2;[14928.55, 544, 1.0297659359585152, 0.9225199738983587, 198.75761391607708, 0.9834090578311502, 1.0057321521625846]
00405361,93138,390914,1126,3;[15124.800000000001, 516, 0.98307610879218, 1.0264299806332982, 166.51835375247433, 0.9879411546922147, 1.0006344602555968]
00405361,93138,390914,1127,1;[16337, 608, 0.9862513539140588, 0.9759799522511902, 102.1363052744748, 0.9910194840750559, 1.0008270285171685]
00405361,93138,390914,1127,2;[15065.4, 548, 1.0287031247310405, 1.0053320567398487, 194.06103483595345, 0.9825990526889542, 1.0064393036012402]
00405361,93138,390914,1127,3;[15730.340000000002, 514, 0.9562544590608542, 0.6339858610467127, 158.97457837829077, 0.99001273706701, 1.0077233631736002]
00405361,93138,390914,1128,1;[16227, 608, 0.9989320413302576, 1.0245472056216742, 77.00384476459965, 0.9928555670006889, 1.0037423066217177]
00405361,93138,390914,1128,2;[14809.55, 546, 0.9959923761501324, 1.0116323149171789, 174.5831454672293, 0.984136854832106, 1.0052504038772214]
00405361,93138,390914,1128,3;[15402.910000000002, 514, 1.0419733833286788, 0.7420343897764227, 168.30838177993033, 0.9882454738928325, 1.0040634070104935]
00405361,93139,390917,12,1;[15810, 600, 1.0244438659828883, 1.006933447008285, 92.88853033153083, 0.9911037555963167, 1.0057571805719012]
00405361,93139,390917,12,2;[14516.81, 544, 1.0332939115764415, 1.0229259894400387, 206.85811466787962, 0.9773677712251462, 1.0025888637764537]
00405361,93139,390917,12,3;[14943.960000000001, 516, 1.0092143912930074, 0.9454887715141718, 177.32131591831254, 0.9819156474279718, 0.9995418308439475]
00405361,93139,390917,13,1;[15820, 608, 1.0182929724786969, 1.0020590606210322, 93.16808612707005, 0.9917327133546903, 1.0004743083003953]
00405361,93139,390917,13,2;[14721.49, 542, 1.013498924893983, 0.7453743328928419, 202.49585947612408, 0.9848615927321025, 1.0121911307478317]
00405361,93139,390917,13,3;[15016.570000000002, 510, 0.9965626128164727, 0.8704398900332395, 175.65841360674824, 0.9850491531850878, 1.0020569547927047]
00405361,93139,390917,14,1;[15991, 602, 1.0256869183060833, 0.955116793350101, 75.92704635524761, 0.9923097216100107, 1.0079420107154113]
00405361,93139,390917,14,2;[15454.529999999999, 514, 1.1434925509456892, 0.9759368596424782, 138.17058880751662, 0.9855081436833389, 1.0032057471708316]
00405361,93139,390917,14,3;[15297.420000000002, 508, 1.001688093303521, 0.9779058972259459, 134.6826508395843, 0.9904199793000241, 0.9995524124966431]
00405361,93147,390951,262,1;[15881, 604, 1.0301938274544193, 1.0213575408342312, 87.9964315379845, 0.992303942203136, 1.0001259525159014]
00405361,93147,390951,262,2;[15377.179999999998, 514, 1.1556029990251209, 0.9760605351933638, 127.99323841545183, 0.9872063760058087, 0.9979919678714859]
00405361,93147,390951,262,3;[23061.210000000003, 560, 1.0005608394763674, 0.8669254586589312, 112.94276605792122, 0.9876172255992078, 1.0006836489017032]
00405361,93147,390951,263,1;[16297, 610, 1.0226645480017558, 1.0033214044869039, 100.30580895769823, 0.9924126907471653, 1.0047781990813527]
00405361,93147,390951,263,2;[14376.39, 540, 1.0080628380993897, 0.9115049029450409, 172.54478165593486, 0.9866498996383642, 1.0097371390363157]
00405361,93147,390951,263,3;[15054.93, 514, 0.9853591289173299, 0.8282394289391333, 183.08176065648072, 0.9865672379786521, 1.002783227631519]
00405361,93147,390951,264,1;[15769, 602, 1.0008712839508414, 1.057688958106282, 76.59808434309369, 0.9933021235694558, 1.0038194665478388]
00405361,93147,390951,264,2;[14534.66, 542, 1.0364305399085971, 1.0042855106886155, 172.75683210254303, 0.9851035778999838, 1.0087962007020441]
00405361,93147,390951,264,3;[14965.880000000001, 506, 1.0006504859186174, 0.8206212375998112, 180.07199370013748, 0.9866041994111772, 1.0046905177963763]
00405361,93165,391037,226,1;[15765, 608, 1.0086420797844349, 1.0064979845827793, 89.94394780789949, 0.9923840095799608, 1.004972270032511]
00405361,93165,391037,226,2;[14716.73, 542, 1.033658816291856, 0.9221677366451142, 230.17039755884284, 0.9811514059492991, 1.0050794424803933]
00405361,93165,391037,226,3;[14813.810000000001, 512, 1.0417037145995194, 0.7594866335472394, 166.01884819554436, 0.9868632197738016, 1.0008330248056276]
00405361,93165,391037,227,1;[15609, 596, 1.0068682265904763, 1.011359384825478, 70.31772966852097, 0.9926559113966539, 1.007682375726275]
00405361,93165,391037,227,2;[14476.349999999999, 538, 1.0150245184639761, 0.8686610317552266, 191.67942036428514, 0.983289694662197, 1.0095854599775924]
00405361,93165,391037,227,3;[14901.490000000002, 510, 0.9542557627497793, 0.6871140611577113, 148.53989676926233, 0.988726839820642, 1.0037373690767315]
00405361,93165,391037,229,1;[15661, 600, 1.0080479159979963, 1.0337471578962898, 66.67182562512963, 0.9933517875606547, 1.0052634957314333]
00405361,93165,391037,229,2;[16746.87, 528, 1.0228527858064584, 0.9764634999756611, 217.32188920906734, 0.974424045000513, 1.0061845350874057]
00405361,93165,391037,229,3;[15224.810000000001, 516, 0.9782990861903322, 1.003474316093699, 150.9222320396373, 0.9885067813293393, 1.0043380027112516]
00405361,93165,391037,231,1;[15696, 602, 1.0182928833470668, 1.0352641618447025, 88.5523052671779, 0.9916987526235492, 1.0003505305758262]
00405361,93165,391037,231,2;[31101.84, 700, 1.0059817205462835, 0.9765371309242074, 101.71852354256885, 0.9866725832998984, 1.0039565167287674]
00405361,93165,391037,231,3;[15033.010000000002, 528, 0.9941772865442341, 1.0118743586326586, 133.20463328209266, 0.9890296143570083, 9999]
00405361,93165,391037,233,1;[33702, 796, 0.9827626680417894, 0.9760203039558484, 52.63428336431502, 0.9913956749036857, 1.0070519333054444]
00405361,93165,391037,233,2;[15959.09, 520, 1.177055942260098, 0.9742634174054802, 137.19112093892147, 0.98761499770418, 1.004155591329415]
00405361,93165,391037,233,3;[15179.6, 516, 0.9910663521285337, 1.0318637438914386, 157.2173241591049, 0.9889346415001035, 1.0044875572276868]
00405361,93165,391037,235,1;[15874, 608, 0.9936671434368677, 1.0228331196299065, 75.76111886896392, 0.9928906636617422, 1.0060844213461781]
00405361,93165,391037,235,2;[14642.949999999999, 546, 1.0197524219214247, 0.9596304716498563, 192.0491070302252, 0.9839417960684025, 1.010138324508476]
00405361,93165,391037,235,3;[15111.1, 512, 1.0642566480681854, 0.6079960184760501, 153.490792475962, 0.9903940313365113, 1.0032745133709295]
00405361,93165,391037,237,1;[16415, 606, 1.0511310288926334, 0.9357200996836121, 108.96004964085954, 0.991941820598584, 1.0006705681541088]
00405361,93165,391037,237,2;[14591.779999999999, 538, 1.0260435113976634, 0.8789708434629134, 198.4345486644897, 0.9850862893226722, 1.0101742389916382]
00405361,93165,391037,237,3;[15274.130000000001, 512, 0.9891405061667514, 0.9937467172087132, 148.76592071940698, 0.9904874946337687, 1.0060912331363083]
00405361,93165,391037,238,1;[16145, 610, 1.0284985516777485, 0.9984619224448424, 99.07880054767556, 0.9922992837837507, 1.0013334573758799]
00405361,93165,391037,238,2;[14612.01, 546, 1.0269411053445288, 0.9900118808794196, 187.11766776678127, 0.9838362914734555, 1.0114497528830313]
00405361,93165,391037,238,3;[24244.890000000003, 570, 1.003597150123362, 0.865248815641499, 88.31598810018387, 0.9904525138392918, 9999]
00405361,93170,391068,432,1;[15853, 602, 1.0093274725825416, 1.0356204335589365, 78.12425114889908, 0.9921478378344697, 1.006252181916278]
00405361,93170,391068,432,2;[14554.89, 544, 1.0313025486299932, 1.0214915833814562, 178.59011403333008, 0.9837404910500145, 1.0086590796635329]
00405361,93170,391068,432,3;[15070.000000000002, 514, 1.0458644718924728, 0.7314210035880537, 164.1942237070232, 0.9883355129678189, 1.0056223431000595]
00405361,93170,391068,433,1;[15761, 602, 1.0299495449786549, 1.0394309222767846, 89.70911155079973, 0.992078839449561, 1.0014614309315033]
00405361,93170,391068,433,2;[14734.58, 548, 1.0031134553898349, 1.0029101498983501, 190.71861579084882, 0.9759798611345205, 1.004380272550292]
00405361,93170,391068,433,3;[14972.730000000001, 510, 1.0752018836625614, 0.5836593379626526, 160.17103686051894, 0.989115505986612, 1.0050117246769967]
00405361,93170,391068,434,1;[15854, 600, 1.0143305514361114, 0.9960747081536059, 89.91035020708888, 0.9915547972940455, 1.0050079239302694]
00405361,93170,391068,434,2;[29935.64, 684, 1.0261762049503704, 0.9695699693203642, 113.03147499877801, 0.9840091609464101, 1.005918106206014]
00405361,93170,391068,434,3;[16093.390000000001, 530, 1.0020757576347827, 0.9458800990898207, 129.38919949620464, 0.9903063160000738, 1.0042746003248697]
00405361,93174,391096,876,1;[15371, 600, 0.9979303082781674, 0.949714376574314, 72.93461202086647, 0.9922174379864152, 1.0049032426778242]
00405361,93174,391096,876,2;[14626.289999999999, 540, 1.0869046771382918, 0.8549429387944709, 216.27231195268556, 0.9815209201022039, 1.003674669279765]
00405361,93174,391096,876,3;[14969.990000000002, 510, 1.06301461741573, 0.6176627355355677, 164.16119370080767, 0.9878768339322203, 1.0063547614662]
00405361,93174,391096,877,1;[16506, 600, 1.0471893797691831, 0.724497460742621, 112.71732149238726, 0.990644377659146, 1.005237515225335]
00405361,93174,391096,877,2;[15656.83, 578, 1.002354218512614, 1.00389088605697, 145.61518211458932, 0.9844724594276358, 1.0007986916669835]
00405361,93174,391096,877,3;[14971.36, 508, 0.9267374006011273, 0.583718414886124, 153.4026175422809, 0.9896058671744604, 1.004457925456133]
00405361,93174,391096,879,1;[15799, 602, 0.9988314723557701, 1.0238522504698824, 80.62004788647954, 0.9914898477129725, 1.0049615164429744]
00405361,93174,391096,879,2;[15157.029999999999, 558, 1.0116515640257522, 0.9560342409956696, 154.5422228788526, 0.9856235251051875, 1.004931160992544]
00405361,93174,391096,879,3;[14916.560000000001, 514, 0.9908367585332013, 0.9855903269746318, 139.39511073761926, 0.9898350708230043, 9999]
00405361,93174,391096,881,1;[15699, 610, 1.0267124904213907, 0.9982168651410681, 90.48701981443611, 0.9919976333858498, 1.0003185930929017]
00405361,93174,391096,881,2;[14614.39, 542, 1.0673455615560383, 0.7915182151852309, 186.30599734757877, 0.9835688945067997, 1.0105323788365013]
00405361,93174,391096,881,3;[14967.250000000002, 510, 1.0728591737343607, 0.6179534440538672, 150.80953722246198, 0.9890890614192341, 1.007237357672982]
00405361,93204,391209,362,1;[16127, 612, 0.9945649772974272, 1.0505906613145004, 83.19223626405929, 0.9923419219774102, 1.0035157586882797]
00405361,93204,391209,362,2;[16279.199999999999, 578, 0.985486390287492, 0.9597928369136314, 174.821966565989, 0.987798611918977, 1.0072154321896627]
00405361,93204,391209,362,3;[15212.480000000001, 518, 1.0014353619575773, 0.8737588845504815, 174.4433669916806, 0.9867405189364935, 1.0012623985572588]
00405361,93204,391209,363,1;[15825, 606, 1.0397779209881501, 0.9855681687148088, 115.56250780002308, 0.9894433744735532, 0.9985802176999526]
00405361,93204,391209,363,2;[15935.289999999999, 560, 1.203913278206219, 0.8813754410524376, 165.60963620124852, 0.9882867738668322, 1.0081686429512517]
00405361,93204,391209,363,3;[15308.380000000001, 518, 0.9885142041481709, 1.0228546854751395, 164.76531890869558, 0.9871898614077773, 1.0033222591362125]
00405361,93220,391259,254,1;[16037, 606, 1.009846528443918, 1.0000267901898439, 73.70783849711833, 0.9918613665638701, 1.006306278040975]
00405361,93220,391259,254,2;[14816.689999999999, 544, 1.0560619803049103, 0.8805227905402107, 172.101127947742, 0.9824397014189751, 1.007647796706187]
00405361,93220,391259,254,3;[15328.93, 512, 0.9877436838043534, 0.9959290619333327, 150.1109529977775, 0.9877804914225092, 1.0048946966635233]
00405361,93222,391268,338,1;[15991, 606, 1.0062865091879525, 0.9921571841371475, 75.07514552785115, 0.991942266594691, 1.003640243519739]
00405361,93222,391268,338,2;[14974.96, 542, 0.964548909682405, 0.7561451894627679, 164.3659290188071, 0.987138860682827, 1.0057142857142858]
00405361,93222,391268,338,3;[15017.94, 510, 1.051111095640988, 0.621519094869683, 154.58773147770552, 0.988178810029035, 1.0056419430301362]
00405361,93328,391872,11,1;[14864, 590, 1.0046659810211809, 0.9523589123354654, 102.25159823324472, 0.9900591503066865, 1.000774280424171]
00405361,93328,391872,11,2;[13652.869999999999, 532, 1.0626641649522628, 0.8874960829470443, 155.73591266608128, 0.9884540682610955, 1.0048169556840076]
00405361,93328,391872,11,3;[22561.160000000003, 550, 1.0246345806761208, 0.9497385974555167, 165.95708291148736, 0.974801621326415, 9999]
00405361,93328,391872,12,1;[15071, 590, 1.0591603426565894, 0.8855356358599881, 71.93055006851617, 0.9925032293358742, 1.0111711228152571]
00405361,93328,391872,12,2;[13943.23, 536, 1.1549716944668436, 0.9396153118840865, 165.91870200187714, 0.9869511459326575, 1.0052333562113933]
00405361,93328,391872,12,3;[14271.29, 502, 0.9314423107000973, 0.6037441073620452, 136.9402633080718, 0.9906585226185537, 1.0090081363812475]
00405361,93328,391872,14,1;[14735, 592, 0.9969352371939875, 1.0317410555549371, 70.95671377406494, 0.9917701780610855, 1.0066609735269]
00405361,93328,391872,14,2;[14168.14, 538, 1.0693144534047911, 0.8549957956717691, 147.93506141903416, 0.9892381628206597, 1.0041325799106013]
00405361,93328,391872,14,3;[16144.080000000002, 484, 1.0035100800600523, 0.8533242543484961, 132.89994016996104, 0.9865818122487566, 1.00580402867873]
00405361,93328,391872,15,1;[15092, 594, 1.043316166203579, 0.9724715098123914, 63.787941028484845, 0.9927102878014854, 1.0056640234557206]
00405361,93328,391872,15,2;[15232.0, 508, 1.1649527756237934, 0.9618923001901083, 135.84791567836322, 0.9861308856125863, 1.0026633244555851]
00405361,93328,391872,15,3;[14104.150000000001, 500, 0.9295406388619075, 0.6023666767544963, 144.53821253086846, 0.9899400399037867, 1.0133871444039768]
00405361,93328,391872,16,1;[31453, 766, 0.9896676735623089, 0.9848890893365331, 47.020907997884315, 0.9913268487902142, 9999]
00405361,93328,391872,16,2;[14913.08, 562, 1.176190049106385, 0.9602064157115415, 177.79082921712552, 0.9882538924651476, 1.0022392834293026]
00405361,93328,391872,16,3;[30935.97, 648, 1.0211353777284176, 0.9502920629523742, 63.99192833341802, 0.9924802834721292, 45162.0]
00405361,93328,391872,17,1;[14799, 594, 0.9922232700596794, 1.000991725733012, 67.35045777755128, 0.9931190316440363, 1.0053668478260869]
00405361,93328,391872,17,2;[13946.8, 544, 1.1873059515166753, 0.977658316831813, 179.25405214126812, 0.9875508983238606, 1.007262257745692]
00405361,93328,391872,17,3;[13930.160000000002, 500, 1.024337855499972, 0.6724839565656657, 163.54370393985712, 0.9896180372381759, 1.0065831807157353]
00405361,93328,391872,18,1;[14712, 594, 0.9954903830636491, 1.0217910578752112, 73.69250728297993, 0.9930855616529731, 1.0067058984535378]
00405361,93328,391872,18,2;[13436.289999999999, 530, 1.0781825079584655, 0.7769621284912163, 194.95818021570588, 0.986041730969303, 1.0136002513577809]
00405361,93328,391872,18,3;[13821.93, 500, 1.053026228728256, 0.7133234316062881, 166.17177181311425, 0.9889723746997181, 1.0073386251310468]
00405361,93328,391872,19,1;[15020, 598, 0.9865824407514492, 0.9685398514335478, 73.86981965947172, 0.9929640177719817, 1.007647927009258]
00405361,93328,391872,19,2;[13548.15, 532, 1.0734683285002815, 0.7940618369633647, 196.54993532545834, 0.9849130790935285, 1.0152940651892808]
00405361,93328,391872,19,3;[14712.43, 500, 1.0125377285676074, 1.0064729666707324, 148.9301238671883, 0.9816710871745111, 1.0073636320998076]
00405361,93331,391888,230,1;[14865, 594, 1.005754042097058, 0.988590335157251, 70.62552615848205, 0.991277730187137, 1.0045615813482007]
00405361,93331,391888,230,2;[15395.029999999999, 508, 1.0385214739504702, 0.9627081118978578, 141.98213419475223, 0.9848060375910511, 1.0052449590116166]
00405361,93331,391888,230,3;[13847.960000000001, 498, 1.040034673186841, 0.6655306462350448, 163.16699765102834, 0.9870147947809422, 1.0053709966182613]
00405361,93331,391888,231,1;[14895, 592, 1.024139630005881, 0.9002756520562747, 64.38120577691497, 0.9929725933051945, 1.0106527344280092]
00405361,93331,391888,231,2;[13604.08, 532, 1.0525009132874297, 0.7868799880054834, 190.1112293229123, 0.9837094862469371, 1.0153203961099515]
00405361,93331,391888,231,3;[20569.18, 530, 1.0356338681802317, 0.9236420187943759, 107.9909687193687, 0.9875350126811142, 9999]
00405361,93331,391888,232,1;[15070, 598, 1.0138038164107521, 0.9621107179029494, 67.47312945341437, 0.9921382622177283, 1.0071846282372598]
00405361,93331,391888,232,2;[13725.46, 532, 1.033850201227697, 0.7286331088369226, 183.60382239745874, 0.9848823597360211, 1.010956262599702]
00405361,93331,391888,232,3;[14180.87, 506, 0.9726627468409671, 0.9571416273985265, 114.77102229968752, 0.9922101141388909, 646.9375]
00405361,93331,391888,234,1;[14888, 596, 1.0126501771905727, 1.0043288099249512, 65.8551805258589, 0.9922694516729536, 1.0072390230701576]
00405361,93331,391888,234,2;[13717.13, 534, 1.043725805796424, 0.770602023026005, 184.74474896416922, 0.9849102423198559, 1.0102541630148991]
00405361,93331,391888,234,3;[14086.340000000002, 504, 0.9126747210392896, 0.5908516265668865, 143.82419552943682, 0.9899715028170886, 1.0055745721271394]
00405361,93376,392041,23,1;[16268, 640, 1.035569367492569, 0.9846218344473717, 102.65249620056134, 0.9916071418313614, 0.922823836401282]
00405361,93376,392041,23,2;[15863.89, 576, 0.9886067445987229, 1.0202418816289793, 182.8342053749457, 0.9856873090431181, 9999]
00405361,93376,392041,23,3;[16405.75, 526, 1.0034630800660758, 0.990914387043702, 135.73337444516412, 0.9906682692157598, 1.0014216424151197]
00405361,93376,392041,24,1;[28136, 724, 0.9864021466833766, 0.9982367099959959, 57.98224943138142, 0.988887286525942, 0.9712786523059929]
00405361,93376,392041,24,2;[15768.689999999999, 560, 0.981683828608821, 1.0403981417157195, 195.137385013903, 0.984921682186732, 1.0015494501341597]
00405361,93376,392041,24,3;[16178.330000000002, 514, 0.9989101417038406, 1.0005048643212497, 155.4338251514344, 0.988324954319591, 1.0024192521539832]
00023698,93080,390528,134,1;[36900, 898, 0.9978155479327312, 1.0259673944738459, 89.73238912855744, 0.9929930238391793, 0.9837638966648005]
00023698,93080,390528,134,2;[39364.009999999995, 820, 1.0504391901326098, 1.022399976459444, 131.86334323534342, 0.9822628171354302, 1.0140555785472325]
00023698,93080,390528,134,3;[55474.04, 910, 1.2348669144335471, 0.954528904486548, 84.48481776732575, 0.9923977465338607, 26994.666666666668]
00023698,93244,391403,53,2;[43991.92, 860, 1.0139415938895173, 1.0212939734954087, 88.72411398565121, 0.9915332214735743, 9999]
00023698,93244,391403,54,1;[45368, 944, 1.0138822074695624, 0.9740646097252217, 57.91967425793741, 0.993886083647604, 1.000099198694986]
00023698,93244,391403,55,3;[38692.91, 766, 1.0128055678324268, 1.0020142613457823, 123.04365198080062, 0.9864740144323954, 0.9985680697226298]
00232831,93048,390346,740,1;[60347, 1074, 1.0041203919890753, 0.9799737843213558, 68.8031668473261, 0.9893269121354705, 1.0045276737411568]
00232831,93048,390346,740,2;[26282.34, 714, 1.0320528336306802, 1.014372897938292, 140.43680277580415, 0.9847081607347733, 9999]
00232831,93048,390346,740,3;[48303.46000000001, 810, 1.1451752258466206, 0.9524738607388366, 111.29907984614162, 0.9886044851043795, 1.0053033759124088]
00232831,93048,390346,741,1;[58549, 1054, 1.0054455670794802, 0.9721401613657598, 71.84338526471858, 0.9899833681219329, 1.006091640962634]
00232831,93048,390346,741,2;[26754.77, 714, 1.0341519316231074, 1.0048081338552852, 159.3327943069655, 0.9804418482813829, 1.0053435285174503]
00232831,93048,390346,741,3;[59377.170000000006, 910, 1.009236585552549, 0.9801747544230137, 119.60868056295885, 0.9820228240271109, 1.0022546741128724]
00232831,93048,390346,742,1;[60220, 1068, 1.0074655194483435, 0.9772295374079115, 65.41557014703079, 0.9913233628504808, 1.006005629755849]
00232831,93048,390346,742,2;[36023.68, 754, 1.1820072772154882, 0.975194568199687, 145.89823339616314, 0.9858882366313425, 1.007957912962408]
00232831,93048,390346,742,3;[30371.530000000002, 664, 1.0089733402220478, 0.9955065153366602, 110.20559259267367, 0.9896436106369197, 1.003848940409346]
00232831,93147,390953,359,1;[28614, 804, 1.0032679635817676, 0.9797642027110547, 76.11960080236409, 0.9935266967839056, 1.0029442691903259]
00232831,93147,390953,359,2;[32495.329999999998, 730, 1.0010910926167107, 1.0181539503852286, 138.38844875947652, 0.9872961394964037, 1.0066911209009972]
00232831,93147,390953,359,3;[44651.04, 780, 1.1265940771710539, 0.9490983104198878, 135.99181647196534, 0.9850378115291741, 1.0061277725469615]
00232831,93165,391039,287,1;[39866, 864, 1.0298398293658304, 0.9959000629021967, 86.7554628668432, 0.992586344484783, 0.9994735126733021]
00232831,93165,391039,287,2;[58477.79, 974, 1.0269415973797502, 0.9712203717647845, 110.17502078317794, 0.9861528678999373, 1.0036866453569715]
00232831,93165,391039,287,3;[47685.590000000004, 804, 1.0360607644632402, 0.94115180619928, 106.98442230112188, 0.9887037694940279, 9999]
00232831,93165,391039,289,1;[28699, 810, 1.00818441333912, 0.9786705332760606, 77.15163995602295, 0.9933617731220881, 0.9997039101280153]
00232831,93165,391039,289,2;[29376.34, 706, 1.0029025862775742, 1.0184988224387705, 115.10771404046059, 0.9898791421656763, 1.0058060178866095]
00232831,93165,391039,289,3;[29242.65, 658, 1.0054347153086407, 1.016919426240819, 136.91117619523283, 0.9875221844265234, 1.0027482207032625]
00232831,93165,391039,290,1;[29374, 836, 1.0333035036256313, 0.9688302861139513, 84.38927192001452, 0.9925713888783438, 1.00454840805718]
00232831,93165,391039,290,2;[48306.86, 868, 1.1486846561401474, 0.9733066559966124, 138.39645165229948, 0.9857525522417887, 1.0036095727848102]
00232831,93165,391039,290,3;[28849.460000000003, 652, 1.0052699092288533, 1.0203944978101065, 115.91342784668967, 0.98962519814608, 1.003669987131214]
00232831,93328,391868,72,1;[53913, 1002, 1.0197885864858176, 0.9823802569413564, 73.40299224254385, 0.9925419384832258, 1.0061398925052254]
00232831,93328,391868,72,2;[30416.399999999998, 710, 1.0438726826922544, 0.9772929921499058, 127.79972348039183, 0.989214036519754, 9999]
00232831,93328,391868,72,3;[54501.340000000004, 870, 1.009712309967718, 1.0058363780854904, 98.19940865914353, 0.988407161462243, 9999]
00232831,93328,391868,73,1;[53548, 998, 1.0189524065939604, 0.9797690597906243, 70.54455465725476, 0.9923345736926806, 1.0058606957697798]
00232831,93328,391868,73,2;[32314.449999999997, 730, 1.0032959324346369, 1.0173005886922057, 119.24168662801405, 0.9887060503406242, 1.0007739367583106]
00232831,93328,391868,73,3;[56224.8, 882, 1.0097929346542687, 1.0019868142286004, 108.93376190051036, 0.985441320762081, 9999]
00232831,93328,391868,74,1;[58872, 1058, 1.0073440151434425, 0.9871881459772484, 66.68563326524257, 0.9914655171775439, 1.0050875815208113]
00232831,93328,391868,74,2;[56247.729999999996, 944, 1.126253123694444, 0.9646773931279856, 122.14461848641795, 0.984343955618227, 1.0040039508480516]
00232831,93328,391868,74,3;[54302.69, 864, 1.013030303116915, 1.0093036032740614, 115.46933163720168, 0.98485697905831, 9999]
