02312719,93025,390250,160,1;[26872, 780, 0.821344584093262, 1.6485164501347074, 815.6309250783105, 0.8669579778311262, 1.0014534342041517]
02312719,93025,390250,160,2;[31460.03, 700, 0.765508534173328, 1.3152726404261565, 1060.0374915429263, 0.5932018107025543, 1.0054385030805506]
02312719,93025,390250,160,3;[29438.56, 640, 0.7975071483159278, 1.2489941114838967, 356.7475650295792, 0.6844594476887659, 1.0033853984263734]
02312719,93028,390274,352,1;[12120, 468, 0.7975114752206804, 0.9973125458639199, 514.3934011287752, 0.7809281614360113, 1.0075650511264445]
02312719,93028,390274,352,3;[28460.38, 628, 0.8129987993354066, 1.4488897543934887, 197.7344600663542, 0.7114975433017859, 1.0036960985626284]
02312719,93028,390274,353,2;[31017.35, 738, 0.8197666371101977, 1.496560459889759, 492.20711954422546, 0.8271349677940903, 1.0025]
02312719,93032,390304,105,1;[30310, 760, 0.7988179129072873, 1.2046792159869713, 833.1413820138912, 0.6985702111113331, 0.9959419718402418]
02312719,93032,390304,105,2;[29130.01, 724, 0.7859671352491722, 1.3051658397244992, 717.1301616478511, 0.681811618710291, 1.0018211954408724]
02312719,93032,390304,106,3;[17818.22, 522, 0.7573392422556137, 1.175928099340324, 563.9943212152613, 0.6657390175362127, 1.0009235031553025]
02312719,93051,390358,664,1;[28259, 742, 0.8024266472895621, 1.1261098578959674, 792.8496176330484, 0.6979113562880906, 0.9942650059812821]
02312719,93051,390358,664,2;[31150.629999999997, 702, 0.7906778064723854, 1.3005632498113306, 626.2329069303486, 0.6731057183786108, 1.003950295313339]
02312719,93051,390358,664,3;[26336.88, 642, 0.7877808598867081, 1.2530711296805, 429.6116525118074, 0.8008841411421591, 0.9984159547118855]
02312719,93076,390498,761,2;[28518.35, 734, 0.7857165505563097, 1.3327770448220064, 802.4224614687386, 0.6560548950485224, 0.994192076332711]
02312719,93076,390498,762,1;[28350, 784, 0.8299371874389738, 1.2960546737534546, 451.81383312951283, 0.8764493640442148, 0.9998589264301333]
02312719,93076,390498,762,3;[29587.890000000003, 644, 0.8030452374077081, 1.4144551785792328, 263.17192810581594, 0.47584944510497734, 1.0012981593954287]
02312719,93076,390498,763,1;[31201, 804, 0.7985287329328026, 1.1356603869281232, 836.5486627278699, 0.7372566815809302, 0.9980327868852459]
02312719,93076,390498,763,2;[31419.57, 722, 0.7988838081449949, 1.3929340986927627, 663.1850241131013, 0.7413710358457083, 0.9982419327397494]
02312719,93076,390498,763,3;[30592.100000000002, 678, 0.781001836134706, 1.3550172432756686, 425.79540813153375, 0.6355277014342835, 0.9976098465387451]
02312719,93101,390657,1495,1;[24889, 758, 0.8277187339514991, 1.5012722617507666, 787.5846259187904, 0.8817070878413283, 0.9986758687103764]
02312719,93101,390657,1495,2;[28507.64, 736, 0.8062320651657858, 1.7572478055616279, 1068.0464527993097, 0.8189295214936319, 1.0027416755614156]
02312719,93101,390657,1495,3;[30353.72, 674, 0.7767396614380216, 1.4561310495731832, 645.512764344292, 0.672752762004778, 1.0015822069526694]
02312719,93102,390665,1559,1;[23827, 746, 0.7962953780311034, 1.512831756858634, 1025.1039614318593, 0.8594788672279076, 0.997008180429734]
02312719,93102,390665,1559,2;[30033.219999999998, 720, 0.7812280734389977, 1.3553926777749332, 1094.5443643473716, 0.7190886486585675, 1.0014284580588841]
02312719,93102,390665,1559,3;[30788.010000000002, 660, 0.7826833322784497, 1.5151636530490609, 493.18203476842945, 0.7380204979542841, 1.0000222494159527]
02312719,93102,390665,1560,1;[30028, 774, 0.8060468819349239, 1.3450717320401357, 678.6248459020152, 0.7960336377294434, 1.002353333889677]
02312719,93102,390665,1560,2;[19545.75, 646, 0.7662360500588183, 0.9765496213909718, 1585.794240184063, 0.7063407988540722, 0.9957261071201237]
02312719,93102,390665,1560,3;[12799.910000000002, 408, 0.7930236636104487, 1.0152216247033128, 328.6772709037172, 0.74809897825811, 1.0081467493930403]
02312719,93102,390665,1562,1;[30623, 794, 0.8399861983146115, 1.4877786475031232, 339.16629932718484, 0.8900688108980938, 1.0007352821032336]
02312719,93102,390665,1562,2;[30525.879999999997, 730, 0.786992813085757, 1.3531632497131274, 783.3993427768918, 0.6513641515253373, 1.001639984381101]
02312719,93102,390665,1562,3;[29648.170000000002, 642, 0.8181292544428447, 1.428717820600732, 217.5720604480446, 0.6048699321268528, 1.0032450975847202]
02312719,93114,390742,2064,1;[18427, 670, 0.8189236365633966, 1.521694138524749, 593.51593928056, 0.9112864384574213, 0.9844271709805807]
02312719,93114,390742,2064,2;[15832.949999999999, 546, 0.8005306270594875, 1.4003388921037496, 925.2681766216017, 0.7447928791861889, 0.9952500280510155]
02312719,93114,390742,2064,3;[30366.050000000003, 666, 0.8235277362215804, 1.387117784358608, 187.3078612605875, 0.6539971043400125, 1.0019890601690702]
02312719,93114,390744,2065,1;[11840, 460, 0.8183802761518315, 0.9792988654025739, 537.6992932927931, 0.7896080663122488, 1.0058191394469693]
02312719,93114,390744,2065,2;[30980.46, 750, 0.8086828385835865, 1.640736384838196, 614.8264393103435, 0.8391449915184391, 1.001538816649996]
02312719,93114,390744,2065,3;[30701.7, 660, 0.7767679974072844, 1.4793120423439, 594.6712413710931, 0.6642673755106809, 1.0028640472567798]
02312719,93114,390745,2067,1;[22300, 724, 0.8018095899007451, 1.4921095505038924, 1289.662191702066, 0.857459294621138, 9999]
02312719,93114,390745,2067,2;[29949.92, 714, 0.8117968400853701, 1.3241628814751392, 490.6792891208574, 0.7466911049950037, 1.0027491135104984]
02312719,93114,390745,2067,3;[31215.45, 672, 0.7747700188107114, 1.5455430130314345, 526.0719395537532, 0.7340933321347957, 1.0007466619817287]
02312719,93114,390745,2069,1;[29380, 802, 0.8216205262575924, 1.627698962714069, 551.8264071461953, 0.8717969502354046, 0.9991667941981669]
02312719,93114,390745,2069,2;[19228.02, 634, 0.779539252405695, 1.1728659010048443, 1088.5902339327727, 0.7556783023933537, 0.9719682386910491]
02312719,93114,390745,2069,3;[17999.06, 580, 0.7987361950975121, 1.3896147261062748, 612.844826875521, 0.8768081677517185, 0.9966621150053103]
02312719,93115,390749,59,1;[16950, 644, 0.8289351739456066, 1.5268898731326475, 549.9791888502525, 0.8406538669103517, 0.9956824389814081]
02312719,93115,390749,59,2;[29707.16, 708, 0.8033373597196697, 1.3790136066609522, 535.9541257019323, 0.7130117528889393, 0.9997597116539848]
02312719,93115,390749,60,3;[17229.120000000003, 528, 0.7683302622021949, 1.391462377011199, 414.1742229487888, 0.7152209925587838, 1.0011144722177998]
02312719,93115,390749,61,1;[30612, 774, 0.8233986345751952, 1.3887229887175383, 333.96983880608974, 0.8737431109815452, 1.0021770800936307]
02312719,93115,390749,61,2;[13040.019999999999, 448, 0.7547058968387842, 1.117235072742425, 851.2978402798352, 0.7917350097581866, 0.9758226100894964]
02312719,93115,390749,61,3;[17742.870000000003, 562, 0.776697261525593, 1.4794123903432919, 542.5974811362896, 0.8193051728353364, 0.9921096981768041]
02312719,93115,390749,62,1;[19707, 684, 0.8227658544889298, 1.5198831043904482, 655.3877957816045, 0.9290986596837937, 0.9898786950297611]
02312719,93115,390749,62,2;[30362.85, 742, 0.7741616487511571, 1.2686769739670742, 1021.2534151997502, 0.6807032531906627, 0.9998628446029352]
02312719,93115,390749,62,3;[29730.370000000003, 646, 0.8144443482480689, 1.3866649654826588, 201.76063180413743, 0.6726187248088973, 1.001130256268309]
02312719,93135,390889,998,1;[29160, 742, 0.8379575793632215, 1.3740210373725452, 149.5797499150891, 0.858320528447991, 1.0085603112840467]
02312719,93135,390889,998,2;[29616.719999999998, 708, 0.7953179592791069, 1.3612707813702765, 474.8328855857083, 0.7068711901262217, 1.002154261209205]
02312719,93135,390889,998,3;[26691.710000000003, 632, 0.7833603791193811, 1.198300932427775, 526.0142609205749, 0.6755841089077836, 1.0022119341563787]
02312719,93135,390889,999,1;[16873, 640, 0.8136891523380786, 1.5387530728932168, 655.4475410770797, 0.8649228511954619, 0.9910428474934657]
02312719,93135,390889,999,2;[29288.28, 714, 0.7688817763639284, 1.3488444577315553, 1131.0869361679415, 0.6415161860138979, 1.000101586785591]
02312719,93135,390889,999,3;[13467.1, 428, 0.8091051306576078, 1.0839598445197516, 360.47196491986557, 0.7190414068780271, 1.0040345232623462]
02312719,93136,390893,1093,1;[28737, 752, 0.7950125027352907, 1.1340464607176586, 1240.9395656971449, 0.7499052314321836, 1.0007487245564242]
02312719,93136,390893,1093,2;[29112.16, 692, 0.8123583149946206, 1.3837097290529197, 486.6011256762367, 0.7285472641522114, 0.999570982042534]
02312719,93136,390893,1093,3;[30520.86, 672, 0.7679733079638174, 1.4051016559246976, 775.9610714673038, 0.7164367619272813, 1.0013259320853092]
02312719,93136,390893,1095,1;[16838, 636, 0.8230155800568626, 1.5509203039872173, 600.2416672802735, 0.8625353290958008, 0.9932458339477953]
02312719,93136,390893,1095,2;[29828.539999999997, 710, 0.8040427245631873, 1.2964025206478935, 448.5872600105134, 0.7414077387898913, 1.0031214983191932]
02312719,93136,390893,1095,3;[31116.81, 674, 0.7788530883679977, 1.5644462819715168, 577.7044806052999, 0.7215565072847443, 1.0018304920274352]
02312719,93136,390893,1097,1;[30262, 780, 0.829605801009919, 1.4122656910157851, 364.0074512616914, 0.8712312562952675, 0.9991910587225331]
02312719,93136,390893,1097,2;[21110.6, 670, 0.7700276034542378, 1.1810461256430738, 1577.7982004708413, 0.7505445228621692, 0.9949802293951037]
02312719,93136,390893,1097,3;[17364.75, 558, 0.8120348239794154, 1.3930104319728933, 484.0079611178822, 0.8059307223634398, 0.9963056123251061]
02312719,93136,390893,1099,1;[22897, 742, 0.8167119440533924, 1.4856910147078655, 1106.47457033986, 0.8586403551029657, 0.9993235133660665]
02312719,93136,390893,1099,2;[18917.43, 640, 0.7890041476958645, 1.3100401059237436, 993.8300118149293, 0.7657040577229773, 0.9887116335479056]
02312719,93136,390893,1099,3;[26541.010000000002, 664, 0.7785616787854711, 1.2701168363213573, 513.6966128301076, 0.6738874679056776, 0.9977082528646839]
02312719,93137,390900,1156,1;[25575, 758, 0.8086511119088339, 1.3021162874158787, 544.4593246551501, 0.8826370840259803, 0.996726294867298]
02312719,93137,390900,1156,2;[25742.079999999998, 712, 0.7849479927538782, 1.3174840862494963, 802.1160665392069, 0.6989778585183436, 0.9974409221902018]
02312719,93137,390900,1156,3;[31345.600000000002, 658, 0.8071079923457093, 1.3762464723465513, 202.37933071117817, 0.570881600473503, 1.000809220742296]
02312719,93154,391004,5,1;[29494, 784, 0.8037716405405745, 1.15797563447186, 754.310508900357, 0.7202608874266121, 0.9974635598092597]
02312719,93154,391004,5,2;[17909.5, 608, 0.7563232608416817, 0.9260866217200585, 1539.9613863566422, 0.7035940669179495, 0.994482439620709]
02312719,93154,391004,5,3;[29450.890000000003, 650, 0.7905151002687866, 1.4461101272555055, 370.7712755373828, 0.5418598705971875, 1.000721551102111]
02312719,93174,391097,676,1;[29002, 766, 0.7879144222232325, 1.1539022743061227, 1052.8574134274188, 0.769618905180179, 0.9991559437066129]
02312719,93174,391097,676,2;[29590.539999999997, 736, 0.7776446275978361, 1.306763621088016, 998.7806021115802, 0.6573062736007669, 1.0019946406624625]
02312719,93174,391097,676,3;[30463.320000000003, 672, 0.7828582734728567, 1.4915409850842711, 443.0186835213641, 0.7375667768558554, 1.0004949381327335]
02312719,93190,391185,402,1;[30477, 796, 0.7981222851935683, 1.188187886501307, 958.2925216781757, 0.7287218121227041, 1.0024834300939098]
02312719,93190,391185,402,2;[30634.17, 740, 0.7812766079786191, 1.2555431236452694, 948.2172005495087, 0.6840273480732488, 0.9979454178942472]
02312719,93190,391185,402,3;[28889.190000000002, 642, 0.7755165715083665, 1.2319460685086774, 717.8016145432823, 0.658578437436475, 0.9983902277354292]
02312719,93190,391185,403,1;[29302, 746, 0.7920041413478054, 1.0753618761347683, 892.4060069793569, 0.7006210397029335, 1.0061981697371358]
02312719,93190,391185,403,2;[31162.53, 748, 0.8159393351897991, 1.6090683783748394, 535.3901757367383, 0.8344488311832999, 1.0013574747146434]
02312719,93190,391185,403,3;[28883.710000000003, 638, 0.7792830991775306, 1.4874970885277765, 375.2169457951347, 0.47275438784656415, 1.000949532355315]
02312719,93216,391229,62,1;[30400, 796, 0.794135619448106, 1.1320177775036036, 878.7175882936389, 0.7342403478953103, 1.0007900974453516]
02312719,93216,391229,62,2;[30818.62, 758, 0.8179534411744276, 1.889066434331111, 724.9625889933184, 0.8350189500523941, 1.001895624588959]
02312719,93216,391229,62,3;[19974.600000000002, 616, 0.7763838985079342, 1.2439102935162847, 562.8228583741804, 0.6897738521691396, 0.9960377100696817]
02312719,93217,391236,126,1;[31038, 776, 0.8040861352549566, 1.1974146394094485, 655.6366691087595, 0.7757537680000284, 1.0003545299255487]
02312719,93217,391236,126,2;[29069.32, 714, 0.7668051217933249, 1.367010853818702, 1090.3594730253692, 0.5938072070851854, 1.0006759109436127]
02312719,93217,391236,126,3;[17788.08, 540, 0.8009897513933083, 1.5107734893323346, 357.36437040404894, 0.7449657913803773, 1.0010794140323824]
02312719,93220,391262,281,1;[27751, 738, 0.7894536698206365, 1.1627249831114157, 1206.1015786204118, 0.7552387143266857, 0.996248496706216]
02312719,93220,391262,281,2;[22783.739999999998, 622, 0.7785456311623266, 1.28236024124734, 1588.1371407191457, 0.7872040087834531, 1.0026446021313922]
02312719,93220,391262,281,3;[23787.31, 586, 0.7651553342540833, 1.193592966100172, 895.8063471960834, 0.6594785413239792, 1.0009512005303665]
02312719,93220,391262,282,1;[15902, 600, 0.8120077134815366, 1.4929086480631846, 455.1609422583149, 0.9057600000834013, 0.9947765162178224]
02312719,93220,391262,282,2;[30540.16, 744, 0.7757827162742964, 1.277519072446512, 979.7352201578238, 0.664180881599074, 0.9990851581508515]
02312719,93220,391262,282,3;[19423.86, 536, 0.7577540551966443, 1.0885200915173963, 799.440216947392, 0.6662378939885898, 1.000458667043009]
02312719,93222,391271,344,1;[18832, 670, 0.791784293193867, 1.0653173815616335, 1307.2273958662613, 0.8236435510952281, 0.9966921590939162]
02312719,93222,391271,344,2;[30724.609999999997, 726, 0.7953324631894049, 1.4341404084665714, 658.3676146446438, 0.6817431201838586, 0.9987235030171747]
02312719,93222,391271,344,3;[30612.65, 664, 0.7849610614374596, 1.3037538395264985, 470.481366287064, 0.6347480481398532, 1.001321951110215]
02312719,93222,391271,346,1;[29026, 770, 0.7882054427045978, 1.1173670251221206, 860.4985199754885, 0.7043750636950149, 1.0002412212688239]
02312719,93222,391271,346,2;[18408.11, 622, 0.7619784246295652, 0.9216663523414504, 1560.9377972799011, 0.6844555336366694, 0.9919840964473515]
02312719,93222,391271,346,3;[31605.9, 660, 0.8026857408366247, 1.4001503678445277, 241.91183031355624, 0.5620278075081382, 1.0022808732486153]
02312719,93228,391302,570,1;[26204, 764, 0.8164583474136065, 1.2818181156212813, 444.2528964704246, 0.8876505084992962, 0.9969373585192794]
02312719,93228,391302,570,2;[29466.78, 714, 0.7942329365637819, 1.4208579204563407, 974.6791263432982, 0.7716154605375187, 0.9989108072128767]
02312719,93228,391302,570,3;[29416.640000000003, 640, 0.776964291167606, 1.4432812342824486, 417.463184011702, 0.5482704839006389, 1.0042091478813955]
02312719,93228,391302,573,1;[14611, 586, 0.8204435714022242, 1.4464051833196698, 415.27499548783885, 0.8616746018281417, 0.997371923956449]
02312719,93228,391302,573,2;[30534.21, 738, 0.7845676276657874, 1.2329853983333887, 748.6073558979931, 0.6822159626579627, 0.9945541580263183]
02312719,93228,391302,573,3;[29272.79, 654, 0.7869463096549856, 1.444650120902449, 300.805988144188, 0.5364804838731393, 1.0013825424721734]
02312719,93228,391302,574,1;[30836, 812, 0.836311140132358, 1.5523087657172743, 317.27470129613823, 0.8901250842358562, 0.9995785924989464]
02312719,93228,391302,574,2;[30377.129999999997, 732, 0.7978643177885494, 1.3520050703671116, 785.4920535875516, 0.7356426746190097, 0.9994127319708715]
02312719,93228,391302,575,3;[29822.160000000003, 652, 0.791781657422396, 1.3175550170621129, 453.4446537260996, 0.6902098288984521, 0.9991508502972024]
02312719,93228,391304,576,1;[30959, 802, 0.8500310450485461, 1.5805004486723515, 287.1705210947438, 0.8973366498470623, 1.0007758202683046]
02312719,93228,391304,576,2;[23387.07, 690, 0.7791632492071434, 1.429469024824901, 1189.2634192317942, 0.8235570168914891, 0.9991103428992654]
02312719,93228,391304,576,3;[24925.780000000002, 596, 0.7706544238277894, 1.287624784493371, 815.2204710880659, 0.6850844868085643, 1.0014862112621787]
02312719,93228,391304,578,1;[30749, 776, 0.8418837426801525, 1.4211613412075164, 285.18632387285203, 0.8720278740956563, 1.001857161475303]
02312719,93228,391304,578,2;[30644.879999999997, 744, 0.7799891788260234, 1.2546528824112928, 809.2087523217117, 0.671203134840802, 0.9985459198511022]
02312719,93228,391304,578,3;[30560.590000000004, 670, 0.7893975870438332, 1.3517433358329363, 365.75524541537146, 0.672811142948524, 1.0000448309871783]
02312719,93230,391311,660,1;[30291, 782, 0.7965897961920826, 1.1243381945175634, 853.7671598100399, 0.6969019989857987, 0.9924642049736248]
02312719,93230,391311,660,2;[28778.96, 696, 0.7839623760732943, 1.3466684830061606, 812.2985495549547, 0.5962808179601589, 0.9982251207330665]
02312719,93230,391311,660,3;[25175.120000000003, 640, 0.7824503475594529, 1.4474392612029618, 518.9855522933359, 0.7692188271823928, 1.0001632830784304]
02312719,93230,391311,661,1;[19376, 686, 0.7928099351444602, 1.2626910739244248, 1525.2468570968715, 0.8355578314420753, 0.9992779783393502]
02312719,93230,391311,661,2;[17819.059999999998, 612, 0.7568149438067268, 0.9336527507967033, 1745.096966043392, 0.691486637480917, 0.9872424592055381]
02312719,93230,391311,661,3;[28998.79, 636, 0.7922238655458103, 1.440574530993218, 268.418827710604, 0.6836294793874637, 1.0038890206307802]
02312719,93230,391311,663,2;[31305.329999999998, 734, 0.7969293126598225, 1.2553708163311628, 649.2717517505843, 0.7019004436516494, 1.0011797838331558]
02312719,93230,391311,664,1;[18602, 688, 0.8106955503417552, 1.2249937170206897, 1301.9620380869828, 0.8459867698719735, 0.9936700408642931]
02312719,93230,391311,664,3;[29217.99, 638, 0.7814337890450576, 1.3059159439926697, 590.4553579649194, 0.6862938027141693, 1.0020438367749664]
02312719,93230,391313,666,1;[30148, 782, 0.8345347876617035, 1.4126162862343377, 342.5393834993328, 0.8767710550165753, 1.0008133185054857]
02312719,93230,391313,666,2;[29966.579999999998, 736, 0.777009454976481, 1.2796838452513386, 917.7267219493649, 0.6598352288676103, 1.0023284972237148]
02312719,93230,391313,666,3;[29533.090000000004, 682, 0.7840645588143631, 1.532663356345465, 466.2744585053439, 0.695329815235172, 0.9980323618602283]
02312719,93230,391313,667,1;[29915, 786, 0.7977101138958381, 1.1749643536200813, 928.2913532706439, 0.7426277526926542, 0.992584236109959]
02312719,93230,391313,667,2;[17859.52, 608, 0.7534749611219224, 0.9061714111277615, 1618.0333915025224, 0.6975577828908907, 0.9859414006043884]
02312719,93230,391313,667,3;[30811.300000000003, 672, 0.779158020096206, 1.4534326408144003, 668.342606868264, 0.68795241615527, 1.001759426293401]
02312719,93314,391805,1,2;[25009.039999999997, 698, 0.7774561520337951, 1.5277785181182773, 1232.4235284548326, 0.8146562496885882, 0.9984559469795947]
02312719,93314,391805,1,3;[29187.850000000002, 644, 0.7811192058789568, 1.4502498039239904, 370.71348597441374, 0.5628145916290129, 1.0018810251587116]
02312719,93331,391886,206,1;[29304, 766, 0.8243923412403706, 1.381148926627632, 330.8688459549316, 0.860509584618621, 1.0012129080752346]
02312719,93331,391886,206,2;[26613.16, 698, 0.788614524097991, 1.3418240046379557, 724.2033437699623, 0.6834282024667238, 0.9985711734238257]
02312719,93331,391886,206,3;[14147.990000000002, 448, 0.8067990509633594, 1.023814880800955, 351.3607542542787, 0.7990704551620536, 1.0066283263475972]
02312719,93393,392141,990,1;[19871, 656, 0.7925197918069893, 1.0570968538179673, 1517.6553827389946, 0.8218615669179776, 0.9984423676012462]
02312719,93393,392141,990,3;[13078.02, 418, 0.80731288624006, 1.0900253183836903, 302.6035138548132, 0.7152889056765708, 1.0005764897017977]
02312719,93393,392141,991,2;[29861.859999999997, 730, 0.7945492638999678, 1.3081615344786364, 629.3076829854913, 0.6587285744592335, 0.9985873176943433]
02312719,93393,392141,992,1;[29481, 804, 0.8203564240198554, 1.5803766641409094, 510.1909004576012, 0.8695365050699918, 0.9990003558055607]
02312719,93393,392141,992,2;[16248.259999999998, 552, 0.7832392111486423, 1.3900446691802963, 894.704077904762, 0.7802972463811358, 0.9929459675659952]
02312719,93393,392141,992,3;[31294.910000000003, 686, 0.789945923854083, 1.4726984819245335, 457.3303428446726, 0.7765148968212332, 1.0017980878870274]
00023698,93080,390528,134,1;[36900, 898, 0.9978155479327312, 1.0259673944738459, 89.73238912855744, 0.9929930238391793, 0.9837638966648005]
00023698,93080,390528,134,2;[39364.009999999995, 820, 1.0504391901326098, 1.022399976459444, 131.86334323534342, 0.9822628171354302, 1.0140555785472325]
00023698,93080,390528,134,3;[55474.04, 910, 1.2348669144335471, 0.954528904486548, 84.48481776732575, 0.9923977465338607, 26994.666666666668]
00023698,93244,391403,53,2;[43991.92, 860, 1.0139415938895173, 1.0212939734954087, 88.72411398565121, 0.9915332214735743, 9999]
00023698,93244,391403,54,1;[45368, 944, 1.0138822074695624, 0.9740646097252217, 57.91967425793741, 0.993886083647604, 1.000099198694986]
00023698,93244,391403,55,3;[38692.91, 766, 1.0128055678324268, 1.0020142613457823, 123.04365198080062, 0.9864740144323954, 0.9985680697226298]
00023892,93026,390259,210,1;[115384, 1676, 0.9705763288702812, 0.9705763288702812, 27.44450635858385, 0.9967809945790217, 0.9971869206936336]
00023892,93026,390259,211,2;[117053.15999999999, 1570, 1.0149650236071255, 0.9746772383627069, 32.01824097753799, 0.9959190027831599, 0.996711876257112]
00023892,93026,390259,211,3;[116700.71, 1438, 1.0186254340279237, 0.9437976061425024, 56.93241554978748, 0.9908537816795847, 9999]
00023892,93026,390259,212,1;[115337, 1664, 0.9804131521278897, 0.9889032468085639, 29.32303153461915, 0.9964262448288627, 0.9924920079683675]
00023892,93026,390259,212,2;[117691.0, 1554, 1.014747909288223, 0.9808503008994244, 33.38817836122004, 0.9959185983378324, 9999]
00023892,93026,390259,212,3;[114356.64000000001, 1394, 1.0039062202291396, 0.9507977939312924, 37.10296143051946, 0.9936297065684685, 9999]
00023892,93026,390259,214,1;[120043, 1634, 1.0032661182443197, 0.9887838124952426, 22.927187669422857, 0.9969424029558446, 0.9982495311986761]
00023892,93026,390259,215,3;[114305.95000000001, 1398, 1.010278510246198, 0.9543713578041263, 39.13504025500448, 0.9933049493998183, 9999]
00023892,93026,390259,216,2;[116758.04, 1568, 1.0123332269148082, 0.98091887278259, 29.98789604125521, 0.996023856518871, 0.9963240520725442]
00023892,93049,390350,751,2;[112488.31999999999, 1480, 0.9848740726439702, 0.9929826624223882, 26.49613653842162, 0.9961483784872827, 9999]
00023892,93049,390350,752,3;[118309.09000000001, 1532, 1.0130833231157215, 0.9721992345752148, 59.29260583943325, 0.9911236827270111, 9999]
00023892,93049,390350,753,1;[115862, 1658, 0.9829469492684024, 0.9978529551266063, 24.60371064380052, 0.9960469422803894, 0.9909383646292598]
00023892,93049,390350,756,2;[116076.17, 1538, 1.0085478725212538, 0.9927081192712227, 43.37188848757056, 0.9943862237694245, 9999]
00023892,93049,390350,756,3;[117833.70000000001, 1382, 1.047327962051423, 0.9430491915437306, 103.28006889242694, 0.9876476852572468, 0.9989779088945155]
00023892,93049,390350,757,1;[119330, 1636, 1.0075125795868425, 0.9942916148693116, 29.0029681718026, 0.9953227996444487, 9999]
00023892,93049,390350,758,3;[117121.3, 1400, 1.030931342867741, 0.9719735434960686, 74.73251000866165, 0.9910807744684849, 9999]
00023892,93049,390350,760,1;[119412, 1684, 1.0004737661313214, 0.9880028410604836, 28.934950571560975, 0.9954903479060804, 0.999870214146658]
00023892,93049,390350,760,2;[117228.09, 1564, 1.0405712513178689, 0.9825036010815462, 94.58212834702178, 0.9879751501300211, 0.9954779023530066]
00023892,93049,390350,761,1;[115473, 1576, 0.991677529821298, 0.9926776955103828, 36.86362273631874, 0.9942467519164607, 1.0014917476864902]
00023892,93049,390350,763,2;[118247.92, 1546, 1.0345050869305332, 0.994516715150005, 59.95186314319832, 0.9908730469999921, 9999]
00023892,93049,390350,763,3;[118310.46, 1494, 1.0361395917367435, 0.9712337522244107, 108.28824339469637, 0.9843328979744623, 0.9939059128182995]
00023892,93049,390350,766,1;[116227, 1652, 0.9751026370807013, 0.9892795240401203, 27.456611617824382, 0.9965442441576506, 0.9924685549359998]
00023892,93049,390350,767,3;[117711.77, 1466, 1.0214023858039325, 0.9691685127209577, 43.76655418360943, 0.9929606828812833, 10740.125]
00023892,93049,390350,769,2;[117706.47, 1490, 1.0202549609913965, 0.9997484379105231, 29.963769686372082, 0.995278891855519, 9999]
00023892,93049,390350,770,1;[117114, 1588, 1.0024585818836231, 0.9928265580916606, 32.869004539460455, 0.9955113006843905, 9999]
00023892,93049,390350,770,3;[118395.40000000001, 1410, 1.0424963099943128, 0.9275135170288007, 78.28360049762023, 0.9922517167138535, 9999]
00023892,93049,390350,773,2;[114238.81, 1522, 1.0044227657496143, 0.986742260703326, 36.17136856988099, 0.9948063335800724, 9999]
00023892,93099,390646,1221,2;[114072.20999999999, 1486, 1.0090858747803573, 0.9867088647928606, 38.53013999163804, 0.9934468550222741, 9999]
00023892,93099,390646,1222,1;[115757, 1704, 0.9986716907804245, 0.9931340390066832, 35.39650912607604, 0.9961712619634862, 0.989105543782897]
00023892,93099,390646,1222,3;[117585.73000000001, 1392, 1.1323117391248805, 0.9651113997953958, 50.31573890807299, 0.9940088735414381, 9999]
00023892,93103,390673,1487,1;[118131, 1640, 0.9941992381714719, 0.9832364950716539, 24.18140079113889, 0.9967673469878491, 0.9975637458357788]
00023892,93103,390673,1488,3;[117951.52, 1364, 1.034720293021279, 0.9614925636421753, 96.22023479779668, 0.98528403584093, 0.9961010262284081]
00023892,93103,390673,1489,2;[116541.45999999999, 1546, 1.014966414714585, 0.992022459678374, 40.09946663942671, 0.9947342202306876, 0.9929282227280332]
00023892,93103,390673,1491,2;[120403.01, 1514, 1.0503891899546012, 0.9843946252209498, 113.66690920960296, 0.984839104179109, 9999]
00023892,93103,390673,1492,1;[114627, 1678, 0.9987680845865211, 0.9924709850319351, 45.564953524898826, 0.9946129103177113, 0.9927122981592382]
00023892,93103,390673,1492,3;[112581.12000000001, 1362, 1.004285977747245, 0.9649001229124898, 31.23126453415144, 0.9956981357234577, 9999]
00023892,93103,390673,1495,2;[114817.15, 1510, 0.9930315460441014, 0.9870770259924616, 31.546042712339776, 0.9947702350629656, 9999]
00023892,93103,390673,1497,3;[113548.34000000001, 1404, 1.0054351093309934, 0.960491452600365, 28.91913419738997, 0.9948299282430487, 9999]
00023892,93103,390673,1498,1;[116314, 1654, 0.989772517025471, 0.9913499174139772, 25.89202116124958, 0.9956881817830718, 0.9948765321221763]
00023892,93103,390673,1499,1;[115761, 1706, 0.9962542217613665, 0.9812057965453727, 38.26655464467754, 0.9959036968410945, 0.9896936302274583]
00023892,93103,390673,1499,3;[117251.45000000001, 1500, 1.0242496834682837, 0.9748615169204323, 53.78139989410666, 0.9908513476631625, 34234.0]
00023892,93103,390673,1500,2;[113904.42, 1520, 1.0033341804562999, 0.9866325509813356, 31.931454020851525, 0.9944117262205622, 0.9918501209788144]
00023892,93122,390798,1587,3;[117843.29000000001, 1442, 1.0406381091708652, 0.97290517790024, 111.87571133625764, 0.982512094931687, 0.9956477955389904]
00023892,93122,390798,1589,1;[115972, 1698, 0.9778822539189395, 0.9908134710763481, 20.37117655163161, 0.9968449509462828, 0.9941706957446079]
00023892,93122,390798,1589,2;[117505.36, 1504, 1.0292453359150497, 0.9978651105229204, 41.27597117489877, 0.9945531923571351, 9999]
00023892,93122,390798,1590,1;[114476, 1708, 0.9714008354292216, 0.9792266459744134, 31.895664856885332, 0.9963746613606888, 0.9873600048300221]
00023892,93122,390798,1590,2;[115546.62, 1446, 1.0044099548766843, 0.9937778684089924, 34.96544073137213, 0.9941037791054449, 9999]
00023892,93122,390798,1592,3;[117977.55, 1424, 1.0384956777881869, 0.9582881772027657, 51.69301507743181, 0.993571167624946, 172230.0]
00023892,93139,390920,17,2;[116130.90999999999, 1510, 0.9981631323817355, 0.9808162066148503, 32.268889709424414, 0.993887002655094, 0.9946034641785189]
00023892,93139,390920,17,3;[117082.94, 1368, 1.01704474354301, 0.9629625559037094, 53.25214145749839, 0.9925764721536028, 9999]
00023892,93139,390920,18,1;[114291, 1656, 0.9814575364939319, 0.9959018721886728, 30.733984173391054, 0.9957475714305857, 0.9944271152817112]
00023892,93139,390920,19,1;[117141, 1708, 1.0011284673044343, 0.9784178992053928, 59.47460187917027, 0.9921109682880714, 0.9933264364697103]
00023892,93139,390920,20,3;[118051.53000000001, 1470, 1.0213625513322462, 0.9716452290970454, 85.44257796364806, 0.9849400431888099, 9999]
00023892,93139,390920,21,2;[115941.7, 1478, 1.0067750976010585, 0.9966286729292532, 25.270836994108723, 0.9955051948918705, 1.001742742428838]
00023892,93166,391047,301,1;[119197, 1602, 0.9934559797032223, 0.9948353663934025, 20.712104405988043, 0.9968702647084702, 0.9987055043296481]
00023892,93166,391047,301,2;[116151.14, 1540, 1.0002683910551358, 0.9928704150270152, 33.4848806094114, 0.9948215854848882, 9999]
00023892,93166,391047,303,3;[118637.89000000001, 1398, 1.0223579081250327, 0.9703534494557088, 42.23273852076505, 0.9934911546531924, 9999]
00023892,93166,391047,304,1;[117753, 1622, 0.9772164352433422, 0.9958620833402838, 25.766315361363983, 0.9967860458868003, 0.9972686967237064]
00023892,93166,391047,305,2;[117093.62, 1536, 1.002178459818774, 0.997850638667676, 24.4138911119299, 0.9964615269265222, 1.000127051242307]
00023892,93166,391047,305,3;[119032.45000000001, 1370, 1.0183846266174685, 0.9748323649170428, 37.875699129217296, 0.9947455224370897, 2199.6202531645567]
00023892,93166,391047,307,2;[115370.5, 1528, 1.0058060097422366, 0.9895282762600829, 39.93207841576104, 0.9944151817445519, 9999]
00023892,93166,391047,308,1;[115460, 1682, 0.9960968642594321, 0.9954651582763876, 40.582903883813906, 0.9951983391381567, 0.9932470213772635]
00023892,93166,391047,308,3;[118877.64000000001, 1454, 1.017150500848034, 0.9733966928934351, 36.44529966828555, 0.9937569319287601, 1324.7633587786258]
00023892,93166,391047,309,1;[119716, 1620, 1.0322619672169577, 0.9876387315526259, 46.38197855060344, 0.9944067144527013, 0.999419796219075]
00023892,93166,391047,309,2;[115416.90999999999, 1496, 1.0140101989435855, 0.9782871975660953, 49.76970517264166, 0.9923215994050387, 9999]
00023892,93166,391047,310,3;[117396.67000000001, 1446, 1.0322636927019022, 0.9549682020607355, 42.6314536599798, 0.9954496600959517, 9999]
00023892,93166,391047,312,2;[119097.58, 1476, 1.0286965797742729, 0.9766518066581236, 64.13464440773701, 0.9901136968339167, 100082.0]
00023892,93166,391047,313,1;[120302, 1688, 1.021004314514589, 0.9866737636844082, 42.55555215394716, 0.9931729686905908, 0.9957002685780263]
00023892,93166,391047,313,3;[119017.38, 1408, 1.0256435421473993, 0.9687818342517958, 44.27779058241403, 0.9929874755115312, 24821.14285714286]
00023892,93166,391047,315,1;[117580, 1706, 0.9911475015587408, 0.9998940038735258, 31.46718806602632, 0.9964770636421072, 0.9924037812288994]
00023892,93166,391047,315,2;[119473.62, 1562, 1.0290292751963206, 0.976969826578464, 59.39391504055549, 0.9910613417632356, 9999]
00023892,93166,391047,315,3;[120414.78000000001, 1524, 1.0420803432332637, 0.9716719340706381, 114.80932319891738, 0.9838297153742086, 0.9968696835658387]
00023892,93265,391506,609,1;[120450, 1668, 1.0130823848066772, 0.9934285035407959, 28.081715577593773, 0.9950777124707098, 9999]
00023892,93265,391506,609,3;[119976.38, 1438, 1.0627480642574758, 0.9590433977019611, 126.38952663022229, 0.9846962103710577, 0.99012968218255]
00023892,93265,391506,610,2;[119833.0, 1508, 1.0279624297293433, 0.9939602657133225, 34.05485042585448, 0.9943307197997148, 0.9989534301203803]
00023892,93265,391506,611,3;[119896.92000000001, 1368, 1.0267371543472592, 0.9680652141772095, 60.138477372720004, 0.9910185054986551, 175032.0]
00023892,93265,391506,612,2;[116885.37, 1548, 1.0145783774572443, 0.9803564738122116, 29.62078944142632, 0.9948200399301197, 9999]
00023892,93265,391506,613,1;[114481, 1610, 0.9955593575803238, 0.9902087238335712, 36.759064237107594, 0.9944111491071127, 0.9902515396858349]
00023892,93329,391882,87,1;[118271, 1616, 1.0194271800477344, 0.9951980347867928, 37.73351695185407, 0.9949972892828642, 0.9989948475377988]
00023892,93329,391882,87,2;[111247.15, 1430, 0.9892958805203751, 0.987969527216751, 25.62743346510477, 0.9960790202361292, 9999]
00023892,93329,391882,87,3;[115923.92000000001, 1414, 1.0215942370198658, 0.9563196493174627, 47.010858776237484, 0.9953242287886229, 9999]
00023892,93329,391882,89,1;[114628, 1672, 0.9914825066265023, 0.992449732020601, 46.0862142629913, 0.9941192467786226, 0.9939475920434248]
00023892,93329,391882,89,3;[114667.63, 1414, 1.0167941706478845, 0.9529070402788227, 69.36194070195396, 0.9896615259912896, 0.9922821576763485]
00023892,93329,391882,90,2;[116098.78, 1540, 1.024478526931865, 0.9929498654533664, 58.7047229351499, 0.9922725834272821, 9999]
00023892,93329,391882,92,2;[114627.93999999999, 1522, 1.0073552101636527, 0.9847883422105579, 36.85985021329225, 0.9940911230252352, 0.9904477918873066]
00023892,93329,391882,92,3;[114493.64000000001, 1356, 1.0098884038015559, 0.9575393429604518, 53.70771228318953, 0.9928164272628103, 9999]
00023892,93329,391882,93,1;[115389, 1646, 0.9791536811644996, 0.9912072497007227, 30.555962129969355, 0.9961549890584726, 0.995354855405318]
00023892,93329,391882,94,1;[116973, 1592, 0.994606233216065, 0.9965614043713638, 34.71012332712566, 0.9946580766084038, 0.9999615310636661]
00023892,93329,391882,94,2;[112866.73999999999, 1496, 1.003006582190011, 0.9923183925625743, 26.138494257660792, 0.99570058885804, 9999]
00023892,93329,391882,94,3;[114433.36000000002, 1410, 1.0214616209838423, 0.9517095185099957, 73.57692311392724, 0.9894936176987641, 0.990536726513768]
00023892,93329,391882,96,1;[115407, 1632, 0.9872182726007631, 0.9927104473525977, 23.989429741072772, 0.9960868400620199, 0.996795591563164]
00023892,93329,391882,96,2;[113005.97, 1516, 0.9882006017804126, 0.9825266807640969, 27.477798069064683, 0.9957344812378607, 0.9942780561096016]
00023892,93329,391882,96,3;[117169.25000000001, 1434, 1.0569068397282255, 0.9348208440309685, 110.45560734956277, 0.9883416942725053, 9999]
00023892,93329,391882,99,1;[118266, 1608, 1.0340711010663866, 0.9901960891665134, 40.350390802242764, 0.9941750124012475, 0.995743928467688]
00023892,93329,391882,99,2;[114010.33, 1524, 1.0088953795511193, 0.9873587254334197, 27.375748128469997, 0.9954495918170748, 9999]
00023892,93329,391882,99,3;[113752.47000000002, 1336, 1.0058340005280906, 0.9771892906538502, 25.640739364499375, 0.99607581804577, 9999]
00023892,93377,392048,3,3;[118466.64000000001, 1406, 1.047556527781869, 0.9626297559970822, 107.28162349534367, 0.988306503325163, 9999]
00023892,93377,392048,4,1;[118492, 1724, 0.9863208326474601, 0.9986424630954116, 19.764201178268063, 0.9967779664001932, 0.982353745839223]
00023892,93377,392048,4,2;[116322.5, 1540, 1.0024661578187861, 0.9812524545754474, 28.71243987076844, 0.9953319054134065, 9999]
00023892,93377,392048,5,1;[112681, 1604, 0.9750116024793062, 0.9728192778387952, 30.87669786078407, 0.9962903174522396, 0.9869450782375636]
00023892,93377,392048,5,2;[117476.79999999999, 1468, 1.0128946844061226, 0.9826118107683158, 31.69563920609115, 0.9953051589361018, 9999]
00023892,93377,392048,5,3;[119291.38, 1442, 1.0494193382007337, 0.9224995551443748, 90.97954973781846, 0.9914184377585706, 9999]
00023892,93377,392048,8,2;[114999.22, 1520, 1.0070723933409482, 0.9772014446917673, 55.95936210100426, 0.9911467610708359, 1.0000983146794165]
00023892,93377,392048,8,3;[115359.48000000001, 1394, 1.0261842013140077, 0.9530082855170431, 74.80732270330151, 0.9887307322964278, 9999]
00023892,93377,392048,9,1;[115825, 1638, 0.9752674514762388, 0.977930434245964, 26.59457846165895, 0.9966290836236483, 0.9829547624402228]
00232831,93048,390346,740,1;[60347, 1074, 1.0041203919890753, 0.9799737843213558, 68.8031668473261, 0.9893269121354705, 1.0045276737411568]
00232831,93048,390346,740,2;[26282.34, 714, 1.0320528336306802, 1.014372897938292, 140.43680277580415, 0.9847081607347733, 9999]
00232831,93048,390346,740,3;[48303.46000000001, 810, 1.1451752258466206, 0.9524738607388366, 111.29907984614162, 0.9886044851043795, 1.0053033759124088]
00232831,93048,390346,741,1;[58549, 1054, 1.0054455670794802, 0.9721401613657598, 71.84338526471858, 0.9899833681219329, 1.006091640962634]
00232831,93048,390346,741,2;[26754.77, 714, 1.0341519316231074, 1.0048081338552852, 159.3327943069655, 0.9804418482813829, 1.0053435285174503]
00232831,93048,390346,741,3;[59377.170000000006, 910, 1.009236585552549, 0.9801747544230137, 119.60868056295885, 0.9820228240271109, 1.0022546741128724]
00232831,93048,390346,742,1;[60220, 1068, 1.0074655194483435, 0.9772295374079115, 65.41557014703079, 0.9913233628504808, 1.006005629755849]
00232831,93048,390346,742,2;[36023.68, 754, 1.1820072772154882, 0.975194568199687, 145.89823339616314, 0.9858882366313425, 1.007957912962408]
00232831,93048,390346,742,3;[30371.530000000002, 664, 1.0089733402220478, 0.9955065153366602, 110.20559259267367, 0.9896436106369197, 1.003848940409346]
00232831,93147,390953,359,1;[28614, 804, 1.0032679635817676, 0.9797642027110547, 76.11960080236409, 0.9935266967839056, 1.0029442691903259]
00232831,93147,390953,359,2;[32495.329999999998, 730, 1.0010910926167107, 1.0181539503852286, 138.38844875947652, 0.9872961394964037, 1.0066911209009972]
00232831,93147,390953,359,3;[44651.04, 780, 1.1265940771710539, 0.9490983104198878, 135.99181647196534, 0.9850378115291741, 1.0061277725469615]
00232831,93165,391039,287,1;[39866, 864, 1.0298398293658304, 0.9959000629021967, 86.7554628668432, 0.992586344484783, 0.9994735126733021]
00232831,93165,391039,287,2;[58477.79, 974, 1.0269415973797502, 0.9712203717647845, 110.17502078317794, 0.9861528678999373, 1.0036866453569715]
00232831,93165,391039,287,3;[47685.590000000004, 804, 1.0360607644632402, 0.94115180619928, 106.98442230112188, 0.9887037694940279, 9999]
00232831,93165,391039,289,1;[28699, 810, 1.00818441333912, 0.9786705332760606, 77.15163995602295, 0.9933617731220881, 0.9997039101280153]
00232831,93165,391039,289,2;[29376.34, 706, 1.0029025862775742, 1.0184988224387705, 115.10771404046059, 0.9898791421656763, 1.0058060178866095]
00232831,93165,391039,289,3;[29242.65, 658, 1.0054347153086407, 1.016919426240819, 136.91117619523283, 0.9875221844265234, 1.0027482207032625]
00232831,93165,391039,290,1;[29374, 836, 1.0333035036256313, 0.9688302861139513, 84.38927192001452, 0.9925713888783438, 1.00454840805718]
00232831,93165,391039,290,2;[48306.86, 868, 1.1486846561401474, 0.9733066559966124, 138.39645165229948, 0.9857525522417887, 1.0036095727848102]
00232831,93165,391039,290,3;[28849.460000000003, 652, 1.0052699092288533, 1.0203944978101065, 115.91342784668967, 0.98962519814608, 1.003669987131214]
00232831,93328,391868,72,1;[53913, 1002, 1.0197885864858176, 0.9823802569413564, 73.40299224254385, 0.9925419384832258, 1.0061398925052254]
00232831,93328,391868,72,2;[30416.399999999998, 710, 1.0438726826922544, 0.9772929921499058, 127.79972348039183, 0.989214036519754, 9999]
00232831,93328,391868,72,3;[54501.340000000004, 870, 1.009712309967718, 1.0058363780854904, 98.19940865914353, 0.988407161462243, 9999]
00232831,93328,391868,73,1;[53548, 998, 1.0189524065939604, 0.9797690597906243, 70.54455465725476, 0.9923345736926806, 1.0058606957697798]
00232831,93328,391868,73,2;[32314.449999999997, 730, 1.0032959324346369, 1.0173005886922057, 119.24168662801405, 0.9887060503406242, 1.0007739367583106]
00232831,93328,391868,73,3;[56224.8, 882, 1.0097929346542687, 1.0019868142286004, 108.93376190051036, 0.985441320762081, 9999]
00232831,93328,391868,74,1;[58872, 1058, 1.0073440151434425, 0.9871881459772484, 66.68563326524257, 0.9914655171775439, 1.0050875815208113]
00232831,93328,391868,74,2;[56247.729999999996, 944, 1.126253123694444, 0.9646773931279856, 122.14461848641795, 0.984343955618227, 1.0040039508480516]
00232831,93328,391868,74,3;[54302.69, 864, 1.013030303116915, 1.0093036032740614, 115.46933163720168, 0.98485697905831, 9999]
00496499,93080,390526,192,1;[42065, 896, 0.9595562064672525, 0.9021859075273211, 88.530325220464, 0.9715079006371974, 1.0020367083933825]
00496499,93080,390526,192,2;[19636.19, 580, 1.004369640055557, 0.8608649352424628, 261.77866867667177, 0.9768647802526156, 1.006250571698631]
00496499,93080,390526,192,3;[35577.530000000006, 694, 0.9832699791513629, 0.8281034000927051, 292.5017988690681, 0.9624139982791375, 9999]
00496499,93080,390526,193,2;[22423.17, 600, 1.0030890422889538, 0.8440986957686696, 245.20661487338168, 0.976017535707432, 1.0034882172813206]
00496499,93080,390526,193,3;[35678.91, 698, 0.9887164350323067, 0.8283187938913951, 310.5784892907396, 0.9581536327439963, 9999]
00496499,93080,390526,194,1;[41965, 898, 0.9583798200896287, 0.8838871659187826, 100.86655491813384, 0.971946137241059, 9999]
00496499,93080,390526,195,2;[19718.3, 650, 0.9794357106206135, 0.8850496942770276, 244.71863265668418, 0.9757155065890324, 9999]
00496499,93080,390526,195,3;[19493.730000000003, 564, 0.9937712032218665, 0.9368212297932338, 258.72501934423366, 0.9678019753494537, 1.0075411577270312]
00496499,93080,390526,196,1;[41532, 888, 0.959460161713364, 0.886733322929113, 133.68201457856733, 0.9727362829945339, 1.0031157162524456]
00496499,93080,390526,197,1;[37790, 838, 0.9722096031983103, 0.8773535911698845, 175.5431182631602, 0.9734374691558407, 1.0007149855678839]
00496499,93080,390526,197,2;[41459.6, 812, 0.9767062572347287, 0.8614832284465739, 255.08706300105092, 0.944324363002976, 1.005033823253667]
00496499,93080,390526,197,3;[40941.08, 754, 0.9698709486418998, 0.8120308992861215, 372.2939333627128, 0.9097971229654112, 9999]
00496499,93243,391392,32,2;[36742.439999999995, 758, 0.9808448603481242, 0.8488060304788129, 244.86790285516628, 0.9588930024568995, 1.0024512589081347]
00496499,93243,391392,32,3;[30289.33, 636, 0.9774960870032885, 0.8187040279933419, 276.74890949474235, 0.9636312515964099, 1.0052286987360188]
00496499,93243,391392,33,1;[42412, 898, 0.9540894520272496, 0.8890244824968684, 113.28402272927283, 0.9708354202698435, 1.0023633957269806]
00496499,93243,391392,34,3;[41306.87, 758, 0.9827610019905036, 0.8265777569846884, 314.39792097606085, 0.9477846527416653, 9999]
00496499,93243,391392,35,1;[34615, 798, 0.9727687820568831, 0.8861406856984688, 169.2332156107595, 0.9746229088815743, 9999]
00496499,93243,391392,35,2;[26381.11, 638, 0.9856320191175669, 0.8506140296169901, 307.27306264887187, 0.963083359404462, 1.0055108288921646]
00496499,93243,391392,36,1;[21508, 682, 0.9794870516634909, 0.8395420764898339, 133.1179788780363, 0.9900639806621243, 0.9983290011139992]
00496499,93243,391392,36,2;[39873.33, 794, 0.977996295387638, 0.8444747993288276, 240.451387791068, 0.9541986813285116, 1.0060500517932474]
00496499,93243,391392,36,3;[35111.73, 694, 0.9927718400214073, 0.8225912810311081, 343.6848236596638, 0.9533608556920057, 9999]
00496499,93243,391392,38,3;[33126.600000000006, 672, 0.988625723318533, 0.8158864658008373, 353.20831054007976, 0.9530518459008926, 1.005342702118371]
00496499,93243,391392,39,1;[39689, 864, 0.9729369271466171, 0.8961832487209997, 178.95847904910792, 0.972703440056862, 9999]
00496499,93243,391392,39,2;[41502.439999999995, 818, 0.9755544866589894, 0.8296328993480983, 309.6976602688157, 0.9262409968905199, 1.0053907578771368]
