00371009,93062,390399,796,4;[16246, 554, 0.692226372003697, 1.080362805838477, 257.6066094839051, 0.818079935712938, 1.0097582199017963]
00371009,93062,390399,796,5;[15930.529999999999, 510, 0.5982473318085356, 0.8994509033185815, 1163.118641384423, 0.7814773359045902, 1.0083989303604384]
00371009,93062,390399,796,6;[16311.220000000001, 478, 0.5866762967358542, 0.9158101453044042, 931.3774386958618, 0.6688018912570809, 1.0109106346847803]
00371009,93062,390399,796,7;[8009.55, 342, 0.6530067852839555, 1.1274831878858724, 502.2257245288614, 0.7558762908130853, 1.0138471966689262]
00371009,93063,390409,866,4;[13253, 492, 0.5968238289336226, 0.84932936531963, 1711.8383889910042, 0.8385288121220604, 1.0062257991040924]
00371009,93063,390409,866,5;[16272.06, 512, 0.5103698804512925, 0.8865490663610609, 3084.978973081461, 0.7027931646007002, 1.009114054831925]
00371009,93063,390409,866,6;[11192.900000000001, 382, 0.6076172974602845, 0.8974115716796894, 1317.2397951668258, 0.8040071966216397, 1.0088287954559487]
00371009,93063,390409,866,7;[16664.760000000002, 456, 0.5989988400514384, 0.8978277214986199, 1557.5709965880453, 0.8060387026957494, 1.0106239851542564]
00371009,93122,390795,1712,4;[16902, 566, 0.6669057285448606, 1.1257650476321326, 470.0068410907167, 0.8217772448731725, 1.0082018551105014]
00371009,93122,390795,1712,5;[14821.449999999999, 484, 0.4699818664551332, 0.6022814518837655, 2717.8307286195736, 0.7825767674437378, 1.0070342820181113]
00371009,93122,390795,1712,6;[17338.72, 492, 0.5590317248817956, 1.1243219956732944, 1610.8719851349501, 0.6456741724634623, 1.0089687886156176]
00371009,93122,390795,1712,7;[15973.2, 438, 0.6393291195082023, 1.1507537450501675, 692.5119727564372, 0.8683121940587597, 1.0093295306230967]
00371009,93138,390914,1229,4;[8821, 444, 0.6182120883727796, 0.7539144002059316, 991.8748268922213, 0.8195267257525357, 1.007653644048435]
00371009,93138,390914,1229,5;[9395.05, 412, 0.6084192211711779, 1.1007419576934074, 904.5754404502134, 0.8550602257599902, 1.0107540647804378]
00371009,93138,390914,1229,6;[9088.58, 376, 0.573615315891707, 1.197950746033098, 1507.7829615855817, 0.7604464248943936, 1.014218009478673]
00371009,93138,390914,1229,7;[9755.28, 366, 0.631403137903428, 1.1329089075183383, 563.8220372855247, 0.937076651794895, 1.0087809508741397]
00371009,93170,391065,347,4;[8260, 448, 0.6603479460055066, 1.219454776883844, 651.5393027690445, 0.8796042054834177, 1.0009694619486185]
00371009,93170,391065,347,5;[7566.0199999999995, 390, 0.5851485515745732, 0.8309121616674174, 1923.9165554433944, 0.8278635025224437, 1.0153305653145959]
00371009,93170,391065,347,6;[9662.61, 384, 0.5845508496117521, 0.9927314667084135, 1351.042238174923, 0.8067710095064776, 1.01292546316243]
00371009,93170,391065,347,7;[15965.550000000001, 438, 0.6425546338497847, 1.0614076855984627, 668.4012917316849, 0.8749994153659687, 1.0093340426560913]
00371009,93171,391077,421,4;[16516, 556, 0.6758308440745898, 1.062870225378999, 336.21966216600595, 0.8258913423701681, 1.0092270088603728]
00371009,93171,391077,421,5;[8947.609999999999, 400, 0.5985185003934966, 1.0909258343893327, 968.1914238121107, 0.8476844393633229, 1.016081081081081]
00371009,93171,391077,421,6;[17182.54, 484, 0.5889015077389474, 0.8987228340751828, 1284.5711087990042, 0.7468907753855161, 1.0099448403591416]
00371009,93171,391077,421,7;[16540.83, 446, 0.6118270703405102, 0.8995800383206658, 1371.678551742566, 0.8342760420560732, 1.01032662025139]
00371009,93267,391508,828,4;[16477, 558, 0.6609783692401799, 1.0960105130382976, 462.532358773904, 0.8095408394965046, 1.0080450276834603]
00371009,93267,391508,828,5;[12016.619999999999, 428, 0.5917061573328001, 0.8983961215746478, 1542.6051367489551, 0.8257880326843522, 1.0076838638858396]
00371009,93267,391508,828,6;[12075.18, 408, 0.61486082066924, 0.9569971524130356, 1530.5591792549708, 0.8002134604031611, 1.008466819221968]
00371009,93267,391508,828,7;[7692.84, 344, 0.6340040501069181, 0.9213449454752458, 551.1990220300077, 0.7099160232501384, 1.0140163355853584]
00371009,93267,391508,829,4;[16439, 556, 0.6482181055699733, 1.0881340393748105, 502.4309959457498, 0.7773520437525825, 1.00685980278067]
00371009,93267,391508,829,6;[12660.170000000002, 406, 0.6153385489734018, 0.9398606208523079, 1548.2790293767066, 0.7849019758548766, 1.0092835299257317]
00371009,93267,391508,829,7;[10587.6, 358, 0.6444716047923434, 1.0391148242198902, 896.2956130778688, 0.8971136632576773, 1.0050835148874364]
00371009,93267,391508,830,5;[14282.38, 472, 0.648094811404243, 1.0687208452996517, 910.4752115623689, 0.8753744502784987, 1.0073862682558334]
00371009,93267,391508,831,4;[7683, 422, 0.633698084134509, 0.9585452875727489, 818.860698600113, 0.8093230564901851, 1.0114533965244865]
00371009,93267,391508,831,5;[16050.72, 498, 0.5804206205727812, 0.8900090037897455, 1765.1185267274932, 0.7886088071585652, 1.0080717488789237]
00371009,93267,391508,831,6;[9507.800000000001, 378, 0.5752955678186228, 1.1738479588658246, 1467.5085896109554, 0.7494719577575097, 1.017744537322188]
00371009,93267,391508,831,7;[14943.51, 422, 0.6322337473749833, 1.0621770577064702, 798.3808322578163, 0.8683431255171083, 1.009248256264531]
00371009,93342,391971,256,4;[10889, 456, 0.6176058660126132, 1.154440435560333, 1048.5167711709985, 0.9116698906731296, 1.0041034625847203]
00371009,93342,391971,256,5;[9975.77, 412, 0.5595916702024382, 1.067038602563627, 1542.580308331076, 0.8100610853424841, 1.0133575098216985]
00371009,93342,391971,256,6;[17456.54, 484, 0.5550727843218611, 1.0768468183545579, 1837.593451249613, 0.7253387435673733, 1.0065168450570718]
00371009,93342,391971,256,7;[19351.44, 488, 0.6284414772045549, 1.0501719217660235, 871.5339630073621, 0.8649665921253865, 1.0066857688634192]
00371009,93342,391971,259,5;[11957.119999999999, 436, 0.5882445371895543, 1.6624460979522178, 849.4127226328118, 0.9246142070608806, 1.0093420391762933]
00371009,93342,391971,259,6;[10751.76, 408, 0.5682578881315987, 1.0819798995044188, 1782.6898409258345, 0.7102210176230513, 1.0089997428644897]
00371009,93342,391971,259,7;[11661.66, 384, 0.64695241312784, 1.1777292730575508, 833.6691430143674, 0.928041415987313, 1.0052756528620417]
00371009,93342,391971,260,4;[17215, 556, 0.6154383213008425, 0.9582133712601117, 1123.3163405586022, 0.8653859577331502, 1.0075205571650132]
00371009,93342,391971,261,4;[18473, 594, 0.6664749933388884, 1.1505639695935648, 577.9954611767529, 0.8497130530126678, 1.0050051683803929]
00371009,93342,391971,261,5;[11896.43, 436, 0.48977179181912084, 1.367992006156018, 811.4441742348804, 0.9291945129325531, 1.0112279991907749]
00371009,93342,391971,261,6;[19347.140000000003, 518, 0.521562250444578, 1.1265993953794857, 2765.058777921715, 0.6451448964740725, 1.007131650263871]
00371009,93342,391971,261,7;[19712.52, 490, 0.624593408112846, 1.1180941078128994, 847.4780873580913, 0.8356185941431166, 1.0080194030434613]
00371009,93376,392038,24,4;[16071, 548, 0.6353449497566378, 1.0504914774759186, 1029.1068698712936, 0.9004801484240319, 1.0050656660412758]
00371009,93376,392038,24,5;[11326.42, 448, 0.537558098211513, 1.022147902802615, 1804.4118876108064, 0.8466094394951195, 1.0048564189189189]
00371009,93376,392038,24,6;[12906.77, 420, 0.4790903583902537, 0.9378684343067315, 1514.5879982276133, 0.8459625165189109, 1.009753483386924]
00371009,93376,392038,24,7;[13144.23, 406, 0.5800590456347516, 1.3787673218727334, 504.5034022200209, 0.9655201865013948, 1.0050304164716892]
00371009,93377,392048,80,4;[13605, 506, 0.6367743728874603, 0.9249791718042187, 978.3869856919384, 0.9151571732585702, 1.0063241983801177]
00371009,93377,392048,80,6;[19871.850000000002, 530, 0.610500531260418, 0.9466307900866496, 1096.207744381298, 0.7731406797223814, 1.0084471790593388]
00371009,93377,392048,80,7;[12434.31, 396, 0.5124762548862442, 1.4572987785121971, 527.3847246213494, 0.9605333017430564, 1.0065019505851756]
00371009,93377,392048,81,5;[17679.829999999998, 520, 0.48005549201138203, 0.7879066923194998, 2481.9656789390474, 0.7891970177192749, 1.0076641345632122]
00023698,93080,390528,134,4;[50730, 1068, 1.0195976013283141, 0.9416815472712002, 106.73840478038007, 0.9824062191657561, 0.9948424293530485]
00023698,93080,390528,134,5;[32137.14, 722, 1.0078854189891433, 1.013414209980644, 116.63098906489452, 0.9895434332199322, 0.9812513625463266]
00023698,93080,390528,134,6;[38668.25, 748, 1.0119806230852137, 0.8016064169445177, 114.47467328846068, 0.9890644631038052, 9999]
00023698,93080,390528,135,7;[38513.16, 688, 1.0083897586046573, 1.0117389089138091, 162.42444615493253, 0.9858130161766707, 9999]
00023698,93244,391403,53,4;[51195, 1022, 1.0156213303600359, 0.8120712758459384, 144.89464082346188, 0.9865749572742271, 0.9854762798486992]
00023698,93244,391403,53,5;[39153.38, 806, 1.0102162086185273, 0.8219264752022125, 107.96273207170495, 0.9890131537606472, 0.9936278802887084]
00023698,93244,391403,54,7;[40517.46, 702, 1.0207061917706963, 1.0193027392126506, 179.45160421442154, 0.9815379085237981, 1.0024605367755612]
00023698,93244,391403,55,6;[32312.820000000003, 714, 1.0456990845119167, 0.9394046339370987, 200.55027481560595, 0.9796784384215971, 0.999639746551103]
00023892,93026,390259,210,4;[92611, 1418, 1.0160441936584983, 0.9304499353148526, 74.45688925008452, 0.9880816605513132, 0.9949399454244644]
00023892,93026,390259,210,5;[94888.22, 1378, 1.0014205542741594, 0.9214935775142608, 74.6538927008212, 0.9898794256868059, 0.9885570473958915]
00023892,93026,390259,211,6;[95338.3, 1286, 0.9940124245760389, 0.9461625478712523, 64.84368830459766, 0.9871449405213691, 9999]
00023892,93026,390259,211,7;[92165.67, 1228, 1.025457311970587, 0.9129974662194441, 96.16186030449495, 0.9897792446865475, 0.9926669303275987]
00023892,93026,390259,212,5;[96077.03, 1324, 1.024863976416576, 0.9152186552580622, 123.85239814624725, 0.9837529135848878, 80737.0]
00023892,93026,390259,212,7;[92529.81, 1152, 1.0332821118120454, 0.9098564960488107, 124.19430960027086, 0.9869055025334524, 0.994548459508128]
00023892,93026,390259,213,4;[90619, 1400, 0.9987099010700802, 0.934555185539091, 60.12113214553628, 0.9906597384443807, 0.9921878849259573]
00023892,93026,390259,213,6;[95193.08, 1278, 0.989239541281801, 0.9351501072580485, 55.0984043912589, 0.989414745965852, 0.9943616016485876]
00023892,93026,390259,214,4;[100641, 1570, 1.0094269700037355, 0.8690844925864935, 86.1464904029383, 0.9922469789182753, 0.9511887378255384]
00023892,93026,390259,214,7;[89982.36, 1158, 1.008920090794288, 0.9329343800151616, 58.02976786039906, 0.9899631349538053, 0.9979637548360822]
00023892,93026,390259,215,5;[95573.65999999999, 1358, 1.0317974933529983, 0.933398931652862, 94.94247928936427, 0.9849689627285628, 0.9944035856672362]
00023892,93026,390259,217,6;[94154.62000000001, 1266, 0.9992145882702959, 0.9332819723681481, 71.57122887508336, 0.9858247548618859, 9999]
00023892,93049,390350,751,4;[94062, 1416, 1.0042568194395987, 0.9269790547528483, 71.87525478755839, 0.9890887467282874, 0.9971271983293227]
00023892,93049,390350,751,6;[95987.68000000001, 1284, 1.0095928404100811, 0.9253451933941378, 98.42784833501379, 0.9835381050528386, 0.994344509490864]
00023892,93049,390350,751,7;[89679.42, 1162, 1.0041294275073303, 0.9535479364809879, 46.058774457944274, 0.9917592787674725, 0.9962267999184173]
00023892,93049,390350,752,5;[96983.81, 1404, 1.0146149076499849, 0.9020451217885349, 91.74932642453085, 0.9889152050712641, 9999]
00023892,93049,390350,754,7;[90897.3, 1178, 1.0301547328590062, 0.9025702558377184, 106.2823224278836, 0.987943185325579, 0.9895317171481632]
00023892,93049,390350,755,4;[94211, 1432, 1.006878641709757, 0.9021774065487673, 67.40252514981128, 0.9898337940644919, 0.9970525825620836]
00023892,93049,390350,756,5;[96698.20999999999, 1396, 1.018777525987453, 0.9174234812121812, 92.5480158782108, 0.9880598833555087, 0.9951076740327094]
00023892,93049,390350,756,6;[95656.14000000001, 1324, 1.015869651702508, 0.9346324469381384, 72.73117350095313, 0.9913127711952096, 0.9911210475886298]
00023892,93049,390350,759,5;[96461.4, 1336, 0.9983372822599396, 0.9318084676447657, 72.49302335243128, 0.9886949927878868, 9999]
00023892,93049,390350,759,6;[95868.49, 1302, 1.014836196554872, 0.9488075913305484, 90.71000575414179, 0.9850786410477492, 0.9903199784888411]
00023892,93049,390350,760,4;[93045, 1480, 1.006407325199679, 0.9047898848903233, 81.23724104642969, 0.9897547141549994, 9999]
00023892,93049,390350,760,7;[89624.34, 1120, 0.9943237821856326, 0.9496279440033996, 43.224490146306906, 0.9927302380798315, 0.9985255137263592]
00023892,93049,390350,762,4;[93819, 1410, 1.0108942299757921, 0.929920250343206, 75.34480076131943, 0.988044022170128, 0.9959448413498795]
00023892,93049,390350,762,5;[95332.09, 1408, 0.9973485956391293, 0.9204010381176894, 58.16578114818714, 0.993176482685951, 0.9936309682540667]
00023892,93049,390350,764,6;[96163.04000000001, 1240, 1.0204081692490419, 0.9240917712752229, 120.17536190160143, 0.9837515655368135, 0.9950877889379559]
00023892,93049,390350,765,7;[90767.25, 1130, 1.0421586617828782, 0.9063415631994299, 118.69597953445579, 0.9871334237014758, 1.0017053897068755]
00023892,93049,390350,768,4;[91215, 1390, 0.9976108402478597, 0.9366020212282651, 56.67169378485127, 0.9905504434179085, 0.9933298848384199]
00023892,93049,390350,769,5;[93813.65, 1352, 0.988616800064661, 0.9505031169705055, 43.70675916526144, 0.9920036319898549, 0.9901033620938674]
00023892,93049,390350,769,6;[95650.66, 1292, 1.0269486114441029, 0.9221812211990361, 122.71199409600104, 0.9803018617699638, 0.9938080936045436]
00023892,93049,390350,769,7;[90528.57, 1160, 1.035041309645009, 0.9280734162924721, 101.90240378751751, 0.9898436454282711, 0.9946208542755803]
00023892,93049,390350,771,4;[91901, 1452, 1.007159125444201, 0.9205988503231611, 65.16109412411225, 0.9904268585308402, 0.9947879739128082]
00023892,93049,390350,772,5;[96073.45999999999, 1412, 1.015219393434655, 0.9214154617550364, 92.3423385228769, 0.9875485882731128, 0.9886239790357935]
00023892,93049,390350,772,6;[95035.53000000001, 1328, 1.0242700862042984, 0.9232330309140899, 78.05145689182541, 0.9902240643257104, 0.9895085194245733]
00023892,93049,390350,772,7;[88788.96, 1104, 1.002193144536555, 0.95969770641344, 38.50327567234768, 0.993428979803523, 1.0019077544607788]
00023892,93099,390646,1221,5;[95635.54, 1418, 1.0372388954291334, 0.935841814106927, 102.41278517603428, 0.9855194395582108, 0.9922402138416806]
00023892,93099,390646,1221,6;[95230.07, 1274, 1.001310780568388, 0.9198100533614311, 78.59980425153626, 0.9854962731299645, 0.9925888904755105]
00023892,93099,390646,1222,4;[92322, 1452, 1.0113961915944594, 0.9421933268817028, 52.99737420294115, 0.9914403680781673, 0.9929605868149478]
00023892,93099,390646,1223,7;[89509.59, 1138, 1.0006021162367051, 0.9296266317835783, 61.928812509567464, 0.9899567467918391, 0.9939516471567644]
00023892,93103,390673,1488,5;[95532.01, 1306, 1.0060955150168478, 0.9385535335721296, 66.80304338640703, 0.9885006793800635, 0.993957928361831]
00023892,93103,390673,1489,4;[91819, 1466, 1.0018152164294294, 0.9341657548321475, 59.9862703233153, 0.9889055273284264, 0.9856583114164564]
00023892,93103,390673,1489,6;[95828.76000000001, 1226, 1.0084831232773173, 0.9253014906927638, 67.09499560769929, 0.9873162877627496, 1.00068669527897]
00023892,93103,390673,1489,7;[88876.17, 1156, 1.0087983776590537, 0.9597142492090539, 47.9361102788234, 0.9931076681282629, 0.9982814621320181]
00023892,93103,390673,1490,4;[91274, 1462, 1.0099605603744155, 0.937923466539687, 53.41856985370234, 0.9905429427294747, 0.9928695358943538]
00023892,93103,390673,1490,5;[93906.47, 1362, 1.0004038151476906, 0.9427182079644918, 57.953135530105115, 0.989556670975227, 0.9886864789014734]
00023892,93103,390673,1492,7;[92464.02, 1178, 1.035647198939995, 0.9351479860427844, 117.39706896763154, 0.9849955983351689, 1.0001737734490719]
00023892,93103,390673,1493,6;[93338.1, 1322, 1.0022901991384694, 0.9249347221997005, 66.91939063892441, 0.9907752064175155, 9999]
00023892,93103,390673,1494,4;[91320, 1462, 1.0217962247786585, 0.9272983370317596, 61.40222008598016, 0.9892803315640634, 0.9935914872319359]
00023892,93103,390673,1494,7;[89778.87, 1182, 1.0102114628778205, 0.9511744008209252, 46.24757529179707, 0.9906650473507022, 0.998604516601147]
00023892,93103,390673,1496,5;[93285.29, 1362, 0.996304254460408, 0.9385897092657679, 59.795412907966465, 0.9883746670518907, 0.9870808517068134]
00023892,93103,390673,1496,6;[94283.40000000001, 1262, 1.00217509573467, 0.9351515004450848, 62.31275769802199, 0.9883873661257767, 0.9949256191178384]
00023892,93103,390673,1499,4;[94112, 1442, 1.0193794238569454, 0.9036019728833273, 92.12450540670405, 0.9876490056084498, 1.0002922904410396]
00023892,93103,390673,1499,5;[93898.14, 1370, 0.9979011461486544, 0.9379102657752916, 60.872233255583666, 0.9882958289075674, 0.9883820701835696]
00023892,93103,390673,1499,6;[95647.92000000001, 1230, 1.0362822863071601, 0.9209082126294333, 115.44782661389189, 0.984836169841508, 0.9997923543437324]
00023892,93103,390673,1499,7;[90392.40000000001, 1134, 1.0056394446099965, 0.9483205961695961, 56.939292746957456, 0.9908745803188536, 0.9978044249282216]
00023892,93122,390798,1587,7;[91982.07, 1154, 1.0379962988063904, 0.8916649083881645, 128.40748904993342, 0.9851392062934953, 0.9963043982632329]
00023892,93122,390798,1588,4;[93263, 1522, 1.0343964971033042, 0.8955177928323427, 127.94601037636897, 0.9835429404401321, 0.988856373391013]
00023892,93122,390798,1588,6;[95538.32, 1272, 1.0201171341477493, 0.9223674107111368, 100.79638914329955, 0.985300069309392, 0.9949919385906089]
00023892,93122,390798,1589,5;[95398.73, 1308, 0.9885708159313844, 0.9248256724876545, 55.141382330355995, 0.9892162139147407, 0.9962965264400672]
00023892,93122,390798,1590,7;[90756.54000000001, 1204, 1.018194813626583, 0.9238754637144159, 90.56640042849686, 0.9892491374704253, 0.9929443667924908]
00023892,93122,390798,1591,4;[93569, 1528, 1.0176960207921453, 0.8915479811843451, 96.01364109273158, 0.988751462634787, 9849.368421052632]
00023892,93122,390798,1591,5;[97058.78, 1316, 1.0160888672198856, 0.9215252797697663, 102.39654337509684, 0.9856148344480832, 0.9967249175119149]
00023892,93122,390798,1591,6;[95989.05, 1294, 1.0159165572837912, 0.9608101894501084, 85.3547151298866, 0.9832085055716978, 0.9944998403179447]
00023892,93139,390920,17,4;[94506, 1500, 1.027088527191362, 0.8794523808120088, 114.86559109061153, 0.9863131026907964, 0.9932369586808129]
00023892,93139,390920,17,5;[97151.59999999999, 1388, 1.0106539310008886, 0.8995172322902854, 88.3860307557242, 0.9889091210211214, 0.9973063931932984]
00023892,93139,390920,18,6;[93028.48000000001, 1260, 0.9926002311185911, 0.9162809410379069, 61.16660810306882, 0.9898389576729316, 0.9968876622232662]
00023892,93139,390920,18,7;[91411.38, 1134, 1.0992383902203307, 0.9192570864558904, 118.61364803335186, 0.9865231889030311, 0.9962980256136607]
00023892,93139,390920,19,4;[91516, 1450, 1.0078401798707501, 0.9274654317894875, 52.99583780040853, 0.9916924179574511, 0.9933193316075393]
00023892,93139,390920,19,5;[92553.44, 1288, 0.9941966294147649, 0.9399912651471408, 48.34401312728484, 0.9927536248094876, 0.9988890672660138]
00023892,93139,390920,19,6;[93509.35, 1212, 1.0023493463701187, 0.9393343284079632, 79.65025329383224, 0.9861169022764733, 0.9954061542948811]
00023892,93139,390920,19,7;[93131.1, 1150, 1.0367814326425413, 0.9034313358402737, 119.52672608978803, 0.9866625731434625, 0.9981633924764685]
00023892,93166,391047,301,4;[102526, 1548, 1.0169194178602992, 0.8777736446207596, 90.59786947818188, 0.9920086285155629, 0.9509393361807903]
00023892,93166,391047,302,5;[98361.83, 1412, 1.0000255947938408, 0.9186079384304046, 83.7879406486509, 0.989548586960397, 0.9902896336897595]
00023892,93166,391047,302,6;[96856.26000000001, 1332, 1.025932231875349, 0.9372100927300585, 96.82421065866093, 0.9893235990225459, 0.9920159400564076]
00023892,93166,391047,302,7;[89636.58, 1116, 1.0002456059630038, 0.9334403432675832, 53.866882251709995, 0.9917594057692131, 0.9887765607331522]
00023892,93166,391047,304,4;[93210, 1474, 1.0072942934122837, 0.8949077592480458, 64.91588183997156, 0.9915019402402596, 0.9885774284896115]
00023892,93166,391047,304,5;[98044.09999999999, 1414, 1.0097857147329659, 0.9330331600770386, 79.8704445912493, 0.9902966082833385, 9999]
00023892,93166,391047,304,6;[96146.6, 1338, 1.0135963825545302, 0.9279488245460283, 70.15376689179699, 0.9915276780806666, 9999]
00023892,93166,391047,306,7;[91706.67, 1198, 1.0265517488271827, 0.9105202322739891, 108.71568258820389, 0.988825646452968, 0.9910630874924561]
00023892,93166,391047,307,4;[94598, 1538, 1.0579995180405166, 0.9287852761001495, 133.8856277141715, 0.9843835297765637, 0.9955326370070247]
00023892,93166,391047,307,5;[98700.98, 1422, 1.0012072743528282, 0.9337293742777901, 76.05651287313088, 0.9908686337529213, 9999]
00023892,93166,391047,307,7;[92809.8, 1208, 1.0218386772767731, 0.9280973687932741, 101.16117528722921, 0.9889602373807543, 0.9956013655462185]
00023892,93166,391047,308,6;[95457.49, 1314, 1.0110277868295992, 0.9237065064668254, 86.05835334072907, 0.9894916578043099, 9999]
00023892,93166,391047,309,5;[98240.45, 1320, 1.0110499269454292, 0.9342055335468392, 83.12772060305193, 0.9881753350248276, 1.0001272041141445]
00023892,93166,391047,309,6;[95802.73000000001, 1258, 0.9954649007721109, 0.95088598087129, 51.35024929924335, 0.9913813996686319, 9999]
00023892,93166,391047,310,7;[92852.64, 1174, 1.0364615348407051, 0.9218120312042933, 113.10243558424547, 0.9879807126376885, 0.9966252555691494]
00023892,93166,391047,311,4;[94312, 1548, 1.0183315127580725, 0.8784015566832107, 87.01246476361891, 0.9910134523103105, 0.9924810447611981]
00023892,93166,391047,312,5;[97339.62, 1418, 1.0078214353836703, 0.9133770726019503, 80.56817309501915, 0.9900963734879676, 0.9897872752353525]
00023892,93166,391047,312,7;[90403.11, 1176, 1.0103433459216362, 0.9384740993298968, 65.00694614521767, 0.9876306688220488, 0.9922750096562379]
00023892,93166,391047,314,4;[94416, 1518, 1.0347146739199957, 0.8917116248877807, 112.8082196363341, 0.9873504709501475, 0.9903135636331216]
00023892,93166,391047,314,6;[93869.66, 1220, 0.9905679278510596, 0.9477478851446883, 37.3871021726515, 0.9935111789189628, 9999]
00023892,93166,391047,315,7;[90819.27, 1176, 1.004813273122673, 0.938296692969693, 58.33190132242037, 0.9882988391895713, 0.9961903802906723]
00023892,93166,391047,316,4;[91221, 1450, 0.9943388596203271, 0.9389536448875085, 42.51792120787346, 0.9927696618710962, 0.989279846436647]
00023892,93166,391047,316,5;[95551.05, 1380, 0.9950794567764044, 0.9521981225145483, 50.39466035948726, 0.9909775413690899, 9999]
00023892,93166,391047,316,6;[95547.91, 1242, 1.021758306850226, 0.9386996652158704, 103.50965344886869, 0.9872397165584255, 9999]
00023892,93265,391506,609,4;[91999, 1462, 1.028048929718139, 0.8979910050086684, 60.49414841799921, 0.9919458494124359, 0.9949387349000184]
00023892,93265,391506,609,5;[96956.44, 1412, 1.0077934810706421, 0.9235989152688951, 77.05094333947079, 0.9894107889801897, 0.9929135057733907]
00023892,93265,391506,609,6;[95946.58, 1270, 1.0044063503258838, 0.9366693963450596, 74.60965059876266, 0.9852408421841474, 0.9908602150537634]
00023892,93265,391506,609,7;[91344.06, 1172, 1.0147838907858038, 0.9450277097540786, 62.320860603145725, 0.9908167582567575, 0.9970024130992042]
00023892,93265,391506,612,4;[95513, 1428, 1.0275237814770013, 0.9016657179967023, 102.92813879812388, 0.986274785337804, 9999]
00023892,93265,391506,612,5;[95004.84, 1362, 0.9989822874056014, 0.9367027109244497, 61.232871275401926, 0.9905141888729317, 9999]
00023892,93265,391506,613,6;[96428.82, 1306, 1.0088462943925212, 0.9416517332407627, 80.98045716336975, 0.9850472693518587, 0.9933528091790508]
00023892,93265,391506,613,7;[92444.13, 1200, 1.0100144932988766, 0.949000364063337, 52.88544641718459, 0.9901442151916354, 0.99741653254096]
00023892,93329,391882,100,4;[89571, 1422, 1.0045582111703892, 0.9290272908080096, 60.71404661951753, 0.9907467227995309, 9999]
00023892,93329,391882,100,5;[95760.48999999999, 1314, 1.0014968410566154, 0.936113277778983, 56.5333923728097, 0.9907405139511056, 0.9980465964268218]
00023892,93329,391882,100,6;[94291.62000000001, 1210, 1.024545287603457, 0.9415175936224898, 59.86855743290816, 0.9896300416328353, 0.9955304838359731]
00023892,93329,391882,87,4;[93975, 1432, 1.0542621991475085, 0.937250671089021, 127.8290403740921, 0.9808000576079602, 0.9951605388004067]
00023892,93329,391882,87,7;[90520.92, 1216, 1.0177249937146682, 0.9035621449918402, 88.75576615342364, 0.9899445168075792, 0.9937266428721394]
00023892,93329,391882,88,5;[96428.08, 1404, 1.0335262988751228, 0.8978843140250746, 91.74747174569461, 0.9892755137217717, 0.9929601195983163]
00023892,93329,391882,88,6;[94128.59000000001, 1316, 1.0139176929802318, 0.9300961545383143, 74.13954408942635, 0.9913920528363622, 0.9894298757218358]
00023892,93329,391882,89,4;[90340, 1462, 0.9992471247785927, 0.923929209970205, 53.4210124926135, 0.9932997432187544, 9999]
00023892,93329,391882,89,6;[93747.73000000001, 1214, 0.9869406422525822, 0.950546662362923, 44.11838568046918, 0.9918175876924784, 9999]
00023892,93329,391882,89,7;[90146.07, 1198, 1.0126167312801755, 0.9488160400742294, 60.89317278153263, 0.988622837051628, 0.9931396015237839]
00023892,93329,391882,91,5;[95733.12, 1388, 1.0316382401039235, 0.9219545454312119, 111.19090413657985, 0.9847225156643902, 0.9941056533827618]
00023892,93329,391882,92,7;[89391.78, 1170, 1.0083598952507489, 0.9342592665815368, 51.915145162539226, 0.9904787665742328, 1.0000941450347052]
00023892,93329,391882,93,4;[91331, 1476, 1.0014136410916312, 0.9405193308432228, 46.83841102765158, 0.991499951610125, 0.9871753992487907]
00023892,93329,391882,93,5;[97333.67, 1416, 1.014740878442954, 0.9100369538380206, 74.98227703411273, 0.9912652801637288, 0.991766902706373]
00023892,93329,391882,93,6;[93605.25000000001, 1284, 0.9952295652710265, 0.9508319718051121, 50.92459886212178, 0.9906761857161073, 0.9918273139008246]
00023892,93329,391882,94,4;[92049, 1408, 1.0020414953763794, 0.9373424113668644, 53.1206588318205, 0.9917052245476408, 0.9953556772655265]
00023892,93329,391882,94,6;[91184.46, 1278, 0.9905011186332193, 0.9574260426265674, 40.4477583640621, 0.9938509010756, 9999]
00023892,93329,391882,94,7;[88614.54000000001, 1120, 1.0080886344489455, 0.9458098021265873, 56.90489988855238, 0.9897498296482681, 0.9920523449008256]
00023892,93329,391882,95,5;[96097.26, 1410, 1.0255900156079332, 0.9229424239876988, 78.84552100567834, 0.9883951510666669, 0.9949975357318877]
00023892,93329,391882,96,4;[90482, 1484, 1.0380860129272493, 0.925552849118763, 91.52271673997085, 0.9880054327532354, 0.9865131543082677]
00023892,93329,391882,96,7;[89244.90000000001, 1126, 0.9999886117592707, 0.947523726902524, 42.23684611748487, 0.9922659463300263, 0.9999142881631954]
00023892,93329,391882,97,6;[95323.23000000001, 1308, 1.0232360116328916, 0.9262526559365262, 114.31092452407493, 0.985070710337425, 0.9939573155052713]
00023892,93329,391882,98,5;[91312.26999999999, 1274, 0.9910956433572836, 0.9499125007788416, 40.481912020727336, 0.9931181500295134, 1.0025805018586147]
00023892,93329,391882,99,7;[91140.57, 1116, 1.040458220622072, 0.9168459149710392, 128.2515023403644, 0.9853835087709369, 0.9977889817590995]
00023892,93377,392048,10,6;[93998.44, 1270, 0.9919158486756011, 0.9298485050003288, 44.31097966349902, 0.9937217962071911, 3049.4222222222224]
00023892,93377,392048,3,5;[95604.59999999999, 1380, 0.9987641833365667, 0.9393509332390785, 64.83692702540026, 0.9879231311757988, 0.9854283191050928]
00023892,93377,392048,4,4;[94389, 1520, 1.0481839465197085, 0.8982303279844803, 146.38223343478478, 0.982646624664452, 0.9880923094638661]
00023892,93377,392048,4,6;[97017.92000000001, 1286, 1.0372960980095842, 0.9264170716955258, 123.47793040094903, 0.9807739478566936, 9999]
00023892,93377,392048,4,7;[92407.41, 1130, 1.0595645127019166, 0.9293841207882982, 170.5528109892539, 0.9818613008641736, 1.0012350283890754]
00023892,93377,392048,5,4;[93685, 1540, 1.0178861300818915, 0.9003955185041129, 93.95097312123575, 0.9899993008943256, 0.9824761944712446]
00023892,93377,392048,5,5;[95059.58, 1386, 0.9975705251686652, 0.9409213671685013, 54.60727821811455, 0.9905677231515972, 0.9902072590241967]
00023892,93377,392048,6,7;[93124.98, 1220, 1.0286517745050106, 0.8914510733339396, 118.29712978430149, 0.9879625097852601, 0.9942744194784086]
00023892,93377,392048,7,6;[96321.96, 1342, 1.0423455405613293, 0.9067963071804969, 124.40247179752821, 0.9854195786207434, 0.9907977621510408]
00023892,93377,392048,8,7;[92243.7, 1196, 1.022623329814651, 0.9085152390334844, 110.36142061975514, 0.988371274204613, 0.9908458921557349]
00023892,93377,392048,9,4;[90811, 1438, 1.0060688654956351, 0.9294232637887027, 47.099345259638056, 0.9922297516712043, 0.9900300352682733]
00023892,93377,392048,9,5;[96201.98, 1422, 1.0014563841948065, 0.9143044300938822, 83.43824513862316, 0.9901791203282161, 0.9884999847155566]
00232831,93048,390346,740,4;[35082, 810, 1.110118467398255, 0.8966855239029898, 134.18906409827164, 0.9876291909512697, 1.0005276141856916]
00232831,93048,390346,740,5;[25167.309999999998, 648, 1.0308960832661387, 0.8879570816736921, 117.23466094793315, 0.9888341570667823, 1.0003310945038313]
00232831,93048,390346,740,6;[22536.5, 606, 1.0391528243866734, 0.824357386384196, 182.40214907985984, 0.9843334946268884, 1.0071634114981938]
00232831,93048,390346,740,7;[21066.57, 590, 1.0416557842090612, 0.9831097479360884, 170.9634159678804, 0.9811382585239776, 0.9690678115212725]
00232831,93048,390346,741,4;[28871, 746, 1.0373770182720765, 0.9125091797107592, 116.13176337041497, 0.9873059201901159, 1.0026219374555052]
00232831,93048,390346,741,5;[22429.12, 646, 1.022432709207157, 0.9307601111103152, 99.87645004906751, 0.9889462668987054, 1.0019403024745501]
00232831,93048,390346,741,6;[46514.240000000005, 796, 1.0340157862247972, 0.904794146472427, 161.35521825907256, 0.9769230746426791, 1.0051512818994612]
00232831,93048,390346,741,7;[44285.85, 744, 1.0340716011761808, 0.9026326660406435, 182.78410149848776, 0.9711730771859813, 1.005540984176061]
00232831,93048,390346,742,4;[28052, 740, 1.04299650260232, 0.9070084930873028, 122.16892731425881, 0.9871237504361219, 1.002501608176685]
00232831,93048,390346,742,5;[23646.489999999998, 638, 1.1561183811637026, 0.8916441037356454, 123.51226238454453, 0.9887082676972383, 1.0009822935294561]
00232831,93048,390346,742,6;[21078.820000000003, 628, 1.0015966574873403, 1.0055593804871725, 166.8629429002772, 0.982511556557207, 0.9676425269645609]
00232831,93048,390346,742,7;[18871.02, 562, 1.0189061130967212, 0.976170767925859, 131.51430344520077, 0.9736960140301792, 9999]
00232831,93147,390953,359,4;[32253, 784, 1.0343004054696603, 0.8733069936912597, 121.68613148623795, 0.9864116847929475, 0.9878709914545621]
00232831,93147,390953,359,5;[24794.84, 664, 1.0254624170033975, 0.9140017662739477, 115.93286643123287, 0.9881370400681683, 0.9700863654352027]
00232831,93147,390953,359,6;[23006.410000000003, 614, 1.0403542808348494, 0.7936519094810963, 184.9575810242322, 0.9853119038163055, 1.008255531205908]
00232831,93147,390953,359,7;[20399.49, 564, 1.0458344217317095, 0.9409468662590371, 180.0647062832945, 0.9792957967533832, 0.9650754587238971]
00232831,93165,391039,287,4;[23394, 714, 1.2136543660350467, 0.9280534807133994, 112.3622224993563, 0.9903054674567623, 0.9560277891295463]
00232831,93165,391039,287,5;[24147.48, 646, 1.0332144400492245, 0.9158190088170706, 105.50733593276681, 0.9905545724431756, 0.9994828223125231]
00232831,93165,391039,287,6;[33862.29, 678, 1.0311656565237077, 0.8961369292882885, 141.27214363359673, 0.9854905617143696, 1.003491535057448]
00232831,93165,391039,288,7;[20056.77, 560, 1.0448503370804862, 0.9272743693977548, 161.53289071593332, 0.982623862552773, 0.9656010606953447]
00232831,93165,391039,289,4;[23200, 714, 1.189700136586915, 0.9064488667465209, 106.56234521553166, 0.9903023312895308, 0.9370519215622918]
00232831,93165,391039,289,5;[36746.009999999995, 758, 1.0259681186592275, 0.8915597452783944, 126.36710395155372, 0.9863401900132293, 1.0031674869645728]
00232831,93165,391039,289,6;[22873.52, 618, 1.0290266120131455, 0.9896478693489018, 157.558959389034, 0.982821445818884, 1.0051473465579002]
00232831,93165,391039,289,7;[36810.270000000004, 662, 1.0442348109050101, 0.9157670040874, 159.8359997677306, 0.9822413565909158, 1.005874114179401]
00232831,93165,391039,290,4;[23485, 714, 1.1872933385413627, 0.9074692571034201, 114.35458041635866, 0.9894512536845533, 0.9384990409207161]
00232831,93165,391039,290,5;[48349.7, 880, 1.0222865126792062, 0.9044540200988487, 137.4322682908964, 0.9757264129574317, 1.0044623542936253]
00232831,93165,391039,290,6;[23013.260000000002, 632, 1.0323677805875555, 0.9208586490912266, 166.79623968036157, 0.9849014235217006, 0.9991672614798953]
00232831,93165,391039,290,7;[21817.8, 532, 1.211903594443001, 0.9239900944033436, 138.42233873468047, 0.9877885420707321, 1.006138432230297]
00232831,93328,391868,72,4;[22958, 686, 1.0413219567369838, 0.9258248875222747, 102.56876915992719, 0.9911504612884058, 0.9991513437057992]
00232831,93328,391868,72,5;[42099.82, 806, 1.0278789267966615, 0.8970566500260518, 135.1654690628665, 0.9845823003453007, 1.005585321831076]
00232831,93328,391868,72,6;[17820.960000000003, 552, 1.0163830549444937, 0.9838034127294123, 129.9790301133918, 0.9727344142869735, 1.0115872151800296]
00232831,93328,391868,72,7;[45021.78, 748, 1.042958758987957, 0.9011252152084682, 179.7697462518521, 0.9768465051626142, 1.005742019276779]
00232831,93328,391868,73,4;[38456, 848, 1.0338209932300544, 0.905944915256667, 116.8870415367547, 0.9862689502952457, 1.0030648043089845]
00232831,93328,391868,73,5;[35375.13, 740, 1.026320626420711, 0.9120296052473232, 121.22238275340372, 0.9859347958257803, 1.0052244483895512]
00232831,93328,391868,73,6;[48025.350000000006, 818, 1.0257304557707312, 0.9140755452622588, 155.7383419816853, 0.9782402186933676, 1.004945173081058]
00232831,93328,391868,73,7;[33623.28, 632, 1.044123190263545, 0.9299201361780877, 150.47844275182408, 0.9832834857529154, 1.0065497183163101]
00232831,93328,391868,74,4;[38410, 846, 1.0331855695467584, 0.9075748213649732, 117.10155289949085, 0.9862500653403574, 1.0029375285593054]
00232831,93328,391868,74,5;[48271.159999999996, 878, 1.0265632083108553, 0.920622989854916, 128.97499551410644, 0.9797151920577304, 1.0053035935563817]
00232831,93328,391868,74,6;[18079.890000000003, 584, 1.0084415135616849, 0.8708058675287387, 164.25316419321092, 0.9622110090676279, 0.9971288250850019]
00232831,93328,391868,74,7;[32327.37, 622, 1.0391315661943086, 0.9198033935038462, 150.6383217291742, 0.9843142006584313, 1.0051377194234337]
02022222,93025,390250,134,5;[50190.63, 974, 1.028499676083375, 0.9204800395865568, 106.34051856726754, 0.9798349450055718, 0.9986149092587989]
02022222,93025,390250,134,6;[48919.96000000001, 914, 1.047392106345119, 0.9258273560067435, 148.63515648186208, 0.9736470688140978, 1.0017533770041098]
02022222,93025,390250,134,7;[48811.590000000004, 826, 1.0647322037970164, 0.9049035107827968, 178.1785465575746, 0.9732327002703123, 1.0074048344569524]
02022222,93025,390250,135,4;[50969, 1086, 1.0457527862681026, 0.8957303983555178, 120.29473087691915, 0.9776622005765885, 0.9904682322991868]
02022222,93025,390250,136,4;[64384, 1214, 1.0574731911087503, 0.883533961139838, 151.24169116095123, 0.9813320523682927, 0.9971811789486726]
02022222,93025,390250,136,5;[50018.079999999994, 978, 1.0600367604101375, 0.8958189434253546, 178.70070296154626, 0.976546276764007, 1.001489176664006]
02022222,93025,390250,136,6;[64639.340000000004, 1020, 1.053140040085912, 0.9261803117505174, 182.8030593313144, 0.9672438636053975, 0.9983073081968601]
02022222,93025,390250,137,7;[56909.88, 894, 1.052212615558902, 0.9320850680394044, 121.53963210356156, 0.973011257402258, 1.002209408848413]
02022222,93025,390250,138,5;[49989.52, 978, 1.060240008728878, 0.9017353903351156, 178.22880272119926, 0.9770266606247126, 0.9949079885370533]
02022222,93025,390250,139,4;[64372, 1130, 1.057884209977735, 0.9056851113820038, 160.2700655793002, 0.9729602616300546, 1.0046430327197247]
02022222,93025,390250,139,6;[48522.66, 900, 1.0290676289492127, 0.9338459070890524, 105.5602415336689, 0.9792980552202004, 1.0068940029281745]
02022222,93025,390250,139,7;[47122.47, 832, 1.0461714547952081, 0.9000541701557747, 135.25601477806106, 0.9785068364251159, 1.0006335385565068]
02022222,93025,390250,140,4;[63009, 1116, 1.0299598409694737, 0.905416831745957, 95.06326283844572, 0.981967422278519, 1.0045677388496952]
02022222,93025,390250,140,5;[56410.759999999995, 1012, 1.0563621329370252, 0.8631137538452175, 162.79321760257622, 0.9786511252013348, 1.0032804927088403]
02022222,93025,390250,140,7;[44613.270000000004, 806, 1.0411670246546583, 0.9120588176656175, 106.75682709348145, 0.980147758350652, 1.0020619265266848]
02022222,93025,390250,141,6;[39527.240000000005, 894, 1.0423832778747184, 0.8911815312522248, 123.63395774107046, 0.9884238173631645, 9999]
02022222,93025,390250,143,4;[47307, 1032, 1.0409891962350353, 0.9487148183672505, 100.9163846837194, 0.9822151098128773, 0.9991657250271931]
02022222,93025,390250,144,5;[52279.079999999994, 974, 1.047135234770382, 0.8875180509530505, 141.7066038925922, 0.9756741326658614, 1.001721523605395]
02022222,93025,390250,144,6;[50040.62, 938, 1.0561214924040545, 0.9422417451470405, 181.0231100606116, 0.9683152050199553, 1.0003149433786578]
02022222,93025,390250,144,7;[51242.76, 878, 1.0696382997931249, 0.9000967249416489, 192.9972613137435, 0.9776429819787377, 1.001555023923445]
02022222,93025,390250,145,5;[55387.36, 1030, 1.053794816901301, 0.9484495304636721, 151.51066488739642, 0.9792972720620509, 9999]
02022222,93025,390250,146,4;[63223, 1190, 1.0460294368838927, 0.9477685788293952, 120.83458249227698, 0.975902677496213, 0.9898313045520373]
02022222,93025,390250,146,6;[65038.01, 1040, 1.0521390282982162, 0.8780922795939514, 162.48081089348457, 0.9757263514924421, 0.9979084555152662]
02022222,93025,390250,148,7;[46303.92, 834, 1.0572017508716292, 0.9217027110409711, 144.79318381424653, 0.9714324717435494, 1.0049810719266785]
02022222,93025,390250,149,4;[49430, 1046, 1.096397734692188, 0.9039538224668097, 204.0642349014705, 0.9736868835930648, 0.9981724740259085]
02022222,93025,390250,149,5;[60616.219999999994, 1052, 1.036367983291252, 0.9224970357442194, 111.17696633353518, 0.9803541766715256, 0.9936601447437723]
02022222,93025,390250,149,6;[65385.990000000005, 1022, 1.0509189794260885, 0.9314007151142829, 167.05382086769504, 0.9662313494772413, 0.9999057226359951]
02022222,93025,390250,149,7;[53846.82, 890, 1.0523515499037268, 0.8926596216781483, 159.91347222060205, 0.9776057386820814, 0.998156499049888]
02022222,93025,390250,151,4;[61648, 1130, 1.050199826123478, 0.9300163181029143, 137.61392047168263, 0.9729638565907982, 0.9984209375582026]
02022222,93025,390250,151,5;[61733.63, 1040, 1.03939630664677, 0.934221507017114, 114.41531084049141, 0.9759408130147217, 1.0037342310966644]
02022222,93025,390250,152,6;[51790.11, 930, 1.032064952798308, 0.9051524244705595, 131.3290221275597, 0.9754495771941117, 1.0095876508919988]
02022222,93025,390250,152,7;[46398.78, 820, 1.0505423550136628, 0.910854257111415, 140.74402144924863, 0.9757504896975517, 1.0079101302844988]
02022222,93025,390252,133,4;[63747, 1190, 1.049408908462582, 0.9448284871000261, 124.40183582427098, 0.9775978588049313, 0.9871929878898628]
02022222,93025,390252,133,5;[60816.14, 1014, 1.0741581112173948, 0.8769318726307508, 180.71551482245155, 0.9769577806406861, 1.0068659803969857]
02022222,93025,390252,133,6;[59962.16, 1004, 1.0617187328371203, 0.9146660233570636, 186.40110581425128, 0.97567875192178, 0.9990185113327703]
02022222,93025,390252,133,7;[50419.62, 856, 1.097193979432694, 0.8991843601518581, 204.35370190642794, 0.9789419002876218, 1.003242255879443]
02022222,93027,390268,317,4;[52132, 1074, 1.076296607910201, 0.9110625948509596, 198.2761183627432, 0.9775419596198037, 1.0012580065877292]
02022222,93027,390268,317,5;[65435.719999999994, 1048, 1.0304382958044023, 0.925820150702365, 112.84825057032884, 0.9785761807457871, 1.0004548514455178]
02022222,93027,390268,317,7;[52272.450000000004, 886, 1.0507013424592357, 0.9276327207725671, 148.7276583806044, 0.9715222011896674, 1.0003806512063715]
02022222,93027,390268,318,6;[53128.600000000006, 944, 1.1041386969704314, 0.9116384223162723, 203.27936467898164, 0.9762125858511627, 0.999703543302012]
02022222,93027,390268,319,5;[64599.149999999994, 1036, 1.0390957056244965, 0.9266042465566208, 120.84077243259638, 0.9778284564382952, 1.0075915064221546]
02022222,93027,390268,319,6;[58826.43000000001, 978, 1.0591413529631555, 0.916598110776774, 202.2810256565082, 0.9715961101539716, 0.998476903579858]
02022222,93027,390268,319,7;[47114.82, 824, 1.1171481609713885, 0.9089388967720058, 205.90439628322576, 0.977667614440342, 1.005616876755274]
02022222,93027,390268,321,4;[60571, 1156, 1.0385684233570782, 0.9412493893889836, 106.87419216628024, 0.9800498680002174, 0.9893423277009645]
02022222,93027,390268,322,4;[48718, 1050, 1.0502493715664074, 0.9340440469564892, 137.65417433627672, 0.9770205861942295, 1.0033156908375724]
02022222,93027,390268,322,6;[64537.96000000001, 966, 1.0554025254593782, 0.9241664861594278, 188.24778809828246, 0.9674515355388841, 1.0075176713398137]
02022222,93027,390268,322,7;[55493.1, 886, 1.0524202288512559, 0.9358269469633672, 119.6669209483409, 0.9756040556762702, 1.0025984077841663]
02022222,93027,390268,324,5;[51667.42, 968, 1.0444389191660928, 0.9162477909037645, 144.88911765985847, 0.9771495509048668, 1.0067008277493101]
02022222,93027,390268,325,4;[49762, 1142, 1.0675044127907622, 0.9290459203127194, 190.16516949910084, 0.9728262788334108, 0.9872531222410698]
02022222,93027,390268,325,6;[50646.16, 898, 1.0339077438096866, 0.9286255375333499, 119.15801325823269, 0.9772281426198237, 1.0076044591021833]
02022222,93027,390268,326,7;[61472.340000000004, 938, 1.105406605039935, 0.8777635055132175, 184.1975711772913, 0.9794249987020689, 1.0003485708594761]
02022222,93027,390268,327,5;[55515.88, 1022, 1.0472820411189003, 0.945954731777104, 150.3428128824506, 0.9795955216492447, 9999]
02022222,93028,390270,383,4;[48914, 1048, 1.0885313149119427, 0.8869473336634852, 192.73357128122183, 0.9792384343074609, 1.0000613358958108]
02022222,93028,390270,383,6;[49866.630000000005, 890, 1.028489324357688, 0.9336984117994892, 121.66883549078952, 0.9775225420968763, 1.009414994661601]
02022222,93028,390270,383,7;[61714.08, 940, 1.111361117316389, 0.8776151745412603, 199.37242391987255, 0.9784559628093624, 0.9989721998637855]
02022222,93028,390270,384,5;[66272.29, 1092, 1.052889811298222, 0.9353082898229108, 174.5970433555344, 0.9713578619514522, 0.9989685821143169]
02022222,93028,390270,385,4;[58104, 1130, 1.0541385488975286, 0.8678971319285035, 156.35805023984008, 0.9810971519637589, 1.0008181685082636]
02022222,93028,390270,385,5;[59062.079999999994, 1072, 1.0459983581322292, 0.93835601351616, 142.0706724792942, 0.9810764354609626, 0.9974376752177976]
02022222,93028,390270,385,6;[55405.54, 950, 1.034065881583645, 0.9480538166274372, 147.43173265072264, 0.9727837443816509, 1.0020689569731283]
02022222,93028,390270,386,7;[47393.28, 846, 1.1045121492896262, 0.875905943740043, 209.6827861629038, 0.9761761966419582, 1.000872402985557]
02022222,93028,390270,388,4;[48179, 1046, 1.0414171750397054, 0.9249792528390892, 103.41373385613976, 0.9815882330668436, 0.995721903029802]
02022222,93028,390270,388,5;[51626.96, 990, 1.0499232011569046, 0.9027494792013856, 158.29811451327637, 0.9790558950788033, 1.0025187752744078]
02022222,93028,390270,388,6;[48874.75000000001, 896, 1.0352423208981605, 0.9368430491152766, 121.60646215291214, 0.9783880296866438, 1.00338916311578]
02022222,93028,390270,388,7;[49359.33, 820, 1.0440339638928522, 0.8961409281586015, 123.02897018030006, 0.9793927086089762, 1.0117447822746304]
02022222,93028,390270,390,4;[63321, 1206, 1.0568619535513901, 0.9147313089973301, 147.62759537350388, 0.9739055060832424, 0.9917304891227741]
02022222,93028,390270,390,5;[65063.25, 1098, 1.0361901589009832, 0.8935872389174692, 131.20530005391578, 0.9801691286645184, 0.9990498291519725]
02022222,93028,390270,390,7;[60494.67, 936, 1.0611306069348498, 0.8818851250137928, 197.3730662742297, 0.9754996287853923, 1.0017608533171183]
02022222,93028,390270,391,6;[60981.44, 946, 1.0500032911266404, 0.9312849843596325, 165.38025292094278, 0.9703752549863781, 1.009205096812225]
02022222,93028,390270,393,4;[65122, 1142, 1.065873697454829, 0.9017172120696263, 197.41885011160974, 0.9713052048259754, 1.0071061279721631]
02022222,93028,390270,393,5;[65911.72, 1104, 1.037853364439601, 0.8969204197358905, 139.81589497884266, 0.9792786842399861, 0.9987557927763853]
02022222,93028,390270,394,7;[55124.37, 884, 1.0875255876402559, 0.8865327847988023, 227.54854414742937, 0.971617044247896, 1.0006248871731493]
02022222,93028,390270,395,6;[51040.72, 920, 1.039627913546133, 0.8945299154417738, 136.1414639095484, 0.9759160984040034, 1.0016130766749112]
02022222,93028,390270,396,4;[65497, 1182, 1.0693768765912188, 0.9105873892258549, 196.67875441759088, 0.9712027764785869, 1.0008863216124941]
02022222,93028,390270,396,5;[53483.36, 976, 1.0446366507426978, 0.8965420638290784, 144.5438159003612, 0.9782802051530702, 1.0083799822752717]
