00648035,93032,390304,52,1;[38885, 984, 0.8834390272828753, 1.277794835122003, 1228.1343661377598, 0.8530700652681927, 0.999820014398848]
00648035,93032,390304,52,2;[34302.939999999995, 854, 0.8483917785422359, 1.8694155708819944, 1149.4298541233582, 0.8852780309888164, 1.0025039994435556]
00648035,93032,390304,52,3;[35070.630000000005, 836, 0.7959966760690422, 1.548389176164408, 1219.5343216597464, 0.8588332650080807, 0.994155226315074]
00648035,93032,390304,54,1;[37121, 994, 0.8837261427580594, 1.377029846094804, 859.7488585498702, 0.8933673608841407, 0.9946544124542812]
00648035,93032,390304,54,2;[23882.11, 664, 0.8357938224814397, 1.5517641048577526, 806.3154190483814, 0.9365419621339737, 1.0033998300084996]
00648035,93032,390304,57,3;[37688.700000000004, 768, 0.8357799683478033, 1.24557853057159, 548.6210199222571, 0.7245914524883295, 1.0047479912344777]
00648035,93069,390449,219,1;[35831, 918, 0.8410580668344017, 1.6649544064111113, 726.9251388842154, 0.9510984595846109, 1.0022096665920788]
00648035,93069,390449,219,2;[37431.45, 942, 0.8277299393015736, 1.050199294461998, 1921.6865334716638, 0.8064584978679208, 0.9892131580602553]
00648035,93069,390449,219,3;[38321.64, 866, 0.8310003378619849, 1.113877994080337, 895.4105648245929, 0.7568649758139588, 1.0036778557204111]
00648035,93069,390449,222,1;[20544, 630, 0.934481518333094, 1.958507798435394, 837.4920386218647, 0.9233340951910411, 1.0055062036561193]
00648035,93069,390449,222,3;[42391.91, 862, 0.8275144684327431, 1.464944186680007, 930.6146496555228, 0.6550949777180137, 1.0010838091848784]
00648035,93069,390449,223,2;[21541.379999999997, 624, 0.8408762234147847, 1.3872243762180054, 1182.5047638441017, 0.8660886291163595, 0.9990341896851458]
00648035,93071,390464,400,1;[38050, 964, 0.8788688852105991, 1.4492269164808542, 395.5584921654224, 0.9214571470710358, 1.0023181075812655]
00648035,93071,390464,400,2;[41307.28, 956, 0.8534785898813535, 1.1650517116141703, 1681.2197042023436, 0.8204324423231294, 0.9987915060136963]
00648035,93071,390464,400,3;[42437.12, 882, 0.8444405740442819, 1.1667445753050592, 688.1955465206257, 0.7135918584769504, 1.000694567833433]
00648035,93074,390483,634,3;[40436.920000000006, 894, 0.8280099311863739, 1.1572101775761685, 837.0803903272044, 0.7043795738718767, 1.0024963912711218]
00648035,93074,390483,635,1;[20567, 642, 0.9024047155369451, 1.7392284124521755, 933.5889518085755, 0.9040281365417988, 1.008557067549344]
00648035,93074,390483,636,2;[38401.299999999996, 946, 0.8412050280106919, 1.5201127393798686, 1931.6773964916747, 0.7049058104405737, 0.9946522415892244]
00648035,93074,390483,637,2;[35182.35, 826, 0.8567457101291609, 1.4340661466999123, 1228.5616013173278, 0.8519308907654902, 0.9991888877623442]
00648035,93074,390483,637,3;[34710.32, 788, 0.8529612636143371, 1.8452833781640254, 877.5055059792321, 0.9306618055496466, 0.9943289966837385]
00648035,93074,390483,638,1;[42169, 964, 0.8943315398023863, 1.2502262461905866, 1393.8661909297111, 0.845307080581979, 1.0035936979389786]
00648035,93081,390531,252,1;[26232, 784, 0.8989986183515831, 1.349977756793015, 995.6499251838682, 0.8676794933097047, 0.9995808406051138]
00648035,93081,390531,253,2;[38481.03, 864, 0.8364784041638685, 1.2046005226243297, 1497.2615239828997, 0.8539915098310715, 1.007038086636978]
00648035,93081,390531,253,3;[38087.37, 866, 0.833182493193298, 1.2902194482978655, 959.514007277104, 0.7446112064746904, 9999]
00648035,93081,390531,254,1;[41899, 1026, 0.8870705366888167, 1.3578694404267007, 1057.68732031921, 0.8680898180329575, 1.001134965293956]
00648035,93081,390531,254,2;[28531.44, 784, 0.8772001033508366, 1.229914619596532, 788.2394622417297, 0.8810271808841262, 0.9897213622291021]
00648035,93081,390531,254,3;[40628.72, 898, 0.8201783672529229, 1.171317142643117, 977.2667401413521, 0.6626509007614734, 1.0103226246039587]
00648035,93085,390563,514,1;[41011, 930, 0.8686452692757919, 1.395909232011457, 393.5330919641681, 0.9170736047285097, 1.0052578039782825]
00648035,93085,390563,514,2;[27135.57, 756, 0.8329320925745907, 1.177039639248505, 761.5030932403255, 0.8883194655921598, 0.9979431072210065]
00648035,93085,390563,514,3;[37788.71000000001, 822, 0.8099391519669433, 1.4425705707838377, 1380.6989926930166, 0.6717100840227148, 0.9940894511118319]
00648035,93085,390563,516,2;[39373.53, 940, 0.8541478521018272, 1.428279395175516, 1077.5899233799826, 0.7579961096441103, 0.9997582716422421]
00648035,93085,390563,517,3;[35198.04, 836, 0.8094020713092902, 1.1968103268811525, 1597.4764529909528, 0.6854606012134005, 0.9998637893794633]
00648035,93085,390563,518,1;[34784, 908, 0.8755159449553436, 1.8746946142390666, 582.88264841912, 0.9657439581654917, 0.9940841930782202]
00648035,93085,390564,504,1;[37350, 986, 0.8879873090290401, 1.442875212499235, 515.4336464032924, 0.9106942985496234, 0.9982493886223623]
00648035,93085,390564,504,2;[34656.369999999995, 852, 0.8379794651375085, 1.157074825956617, 1952.576338177108, 0.7804494260153139, 0.9966803559206023]
00648035,93085,390564,504,3;[39775.21000000001, 782, 0.8094864447045967, 1.4683252879534991, 1571.97871908961, 0.5771129459398497, 1.004723755472116]
00648035,93085,390564,506,1;[23802, 726, 0.8618459880147671, 1.8845746626235182, 799.5777003032171, 0.9382707660262954, 1.0044309406253957]
00648035,93085,390564,506,2;[35966.56, 900, 0.8577553871347778, 1.9877515430689134, 960.6075496847378, 0.8913348018518931, 0.993850909210483]
00648035,93085,390564,507,3;[34862.39, 814, 0.8050945192973078, 1.6974901308751698, 1272.627501004591, 0.8432695334571315, 9999]
00648035,93085,390566,508,1;[38655, 1022, 0.8815026515474563, 1.4446196721065712, 945.5853172899325, 0.888590980750094, 1.0012562651366999]
00648035,93085,390566,508,2;[39316.409999999996, 952, 0.8540385655051255, 1.2781645670069441, 1523.2341087832851, 0.840200015616478, 0.9996066803824277]
00648035,93085,390566,509,3;[17971.66, 498, 0.8119708533433625, 1.3471549661624493, 1280.6132427145687, 0.8881967680551016, 1.0017181474552328]
00648035,93085,390566,511,3;[39251.87, 890, 0.8269393350799806, 1.1260109920213688, 1068.2854272195377, 0.7508549538930285, 1.0046108802748996]
00648035,93085,390566,512,2;[37310.07, 920, 0.846540528821123, 1.0441705787237383, 1966.0360574733595, 0.8063957805474267, 0.9960289726157951]
00648035,93085,390566,513,1;[37377, 938, 0.8945497580179155, 1.2716851384538033, 1312.890351753419, 0.8557278964187713, 0.999438472645596]
00648035,93099,390644,1254,1;[36375, 958, 0.8794637304641536, 1.5605902394833786, 490.4484644484755, 0.9206717399065909, 0.9976002742543709]
00648035,93099,390644,1254,2;[28843.219999999998, 778, 0.8633735382344818, 1.0891293282077468, 2111.7971152984314, 0.7752096302964241, 0.9965463366499465]
00648035,93099,390644,1254,3;[37151.66, 830, 0.8202860961609322, 1.545201829499512, 1118.8707645735494, 0.6710577456480546, 0.9944443425805387]
00648035,93099,390644,1256,1;[31101, 808, 0.9611917083569043, 1.038126422784964, 582.9772183478889, 0.9607020134246373, 1.002110486378502]
00648035,93099,390644,1257,2;[36867.39, 908, 0.858678460484382, 1.4526863339023965, 1334.2532959274015, 0.7509512172556024, 0.9926149015587203]
00648035,93099,390644,1258,3;[40528.71000000001, 822, 0.813181801170232, 1.4740035625615522, 1538.6433157285428, 0.5816414480960671, 1.0046867040244523]
00648035,93104,390680,1043,1;[37914, 988, 0.8749310702450848, 1.399191062147452, 552.7179461538243, 0.9100590245417517, 0.999512291570553]
00648035,93104,390680,1043,2;[35352.52, 898, 0.8336216103242808, 1.04927853684459, 2074.8601169739227, 0.804778301657129, 0.9986889434228662]
00648035,93104,390680,1044,3;[19290.97, 564, 0.7989957258240443, 1.2569150137776919, 1397.8996576197949, 0.8600242093522515, 1.0005684644354438]
00648035,93104,390680,1046,1;[36510, 926, 0.8754527797509316, 1.766433226389701, 762.7801309021407, 0.9456355080652461, 0.9920521703688608]
00648035,93104,390680,1046,2;[37698.009999999995, 926, 0.8350605358877271, 1.1611628027021001, 1741.8063634378693, 0.8360189868800235, 1.002056051116594]
00648035,93104,390680,1046,3;[41101.37, 832, 0.8446646006200936, 1.1879793102767315, 573.6563636963904, 0.7233516911332301, 1.0016359508547008]
00648035,93131,390857,675,1;[37744, 938, 0.8845614222454969, 1.7562396263837006, 731.6760319179849, 0.9466326427108911, 0.9890337373075663]
00648035,93131,390857,675,2;[42543.689999999995, 966, 0.8485145766151729, 1.1507855330271468, 1724.3790276287323, 0.7963894219878245, 0.9968492081195628]
00648035,93131,390857,675,3;[37272.22, 838, 0.8201460843191861, 1.4616363708718196, 1532.7358708058969, 0.6780602752773406, 1.000809299587993]
00648035,93131,390857,677,2;[41088.32, 862, 0.8525055728283413, 1.2900102956031685, 1856.0578513028743, 0.7458117607096929, 1.0006520699598616]
00648035,93131,390857,677,3;[21950.140000000003, 578, 0.8235115206817868, 1.2229326775024163, 696.6912068682616, 0.7987448804092069, 0.9999063874933691]
00648035,93131,390857,678,1;[23942, 752, 0.8670272325079202, 1.2483695179135186, 782.0727912696819, 0.9064914763552542, 1.0004596548410012]
00648035,93131,390860,669,2;[36760.29, 902, 0.8638901446690985, 2.1218853001910936, 888.8824181297197, 0.9027859320144475, 0.9967089342754816]
00648035,93131,390860,670,1;[39952, 1048, 0.896967035937073, 1.5600870839222793, 855.7060522626346, 0.9119684275383464, 1.0019059083157789]
00648035,93131,390860,670,3;[32667.65, 768, 0.8569686672083585, 1.1574201704687879, 991.0409325246541, 0.8236564849058196, 0.994059405940594]
00648035,93131,390860,672,1;[38548, 1002, 0.9017763713581352, 1.3437628132768555, 1223.4396957987058, 0.8635535248703579, 1.0010127502661716]
00648035,93131,390860,672,3;[41938.44, 874, 0.8218917988382859, 1.4990269061430734, 1125.9841145708547, 0.6563520784389125, 0.9996897604624202]
00648035,93131,390860,674,2;[36540.14, 912, 0.8627180258553797, 1.9579837463147776, 977.0409154358471, 0.8920515259736301, 0.9912195751823875]
00648035,93133,390877,797,2;[37505.229999999996, 912, 0.8566844329478954, 1.575307978179141, 1607.7506941887036, 0.7198880888491993, 0.9940233075236938]
00648035,93133,390877,798,3;[35148.72, 832, 0.8332565060879006, 1.2253032418916534, 577.6538177746378, 0.9314316432765026, 0.9933790219537693]
00648035,93133,390877,799,1;[18791, 634, 0.868008091699619, 1.9945993139986888, 636.2142553555036, 0.9478071299219516, 1.003524699599466]
00648035,93133,390877,800,1;[30104, 850, 0.9602586406096736, 1.016494991362688, 673.1328817202716, 0.9568119318346308, 1.0018970279894832]
00648035,93133,390877,800,2;[38508.4, 950, 0.8681735491676933, 1.2836745737681774, 1500.3862392285346, 0.8383883061585328, 0.9981031105901947]
00648035,93133,390877,800,3;[37718.840000000004, 868, 0.8316550030837497, 1.1539959703340323, 1080.8944309451972, 0.7486761451646265, 1.0037917456613679]
00648035,93141,390939,173,3;[24303.800000000003, 636, 0.8213156699425362, 1.5734066014145394, 938.7670250565377, 0.7876646169462305, 0.9988738738738738]
00648035,93141,390939,174,1;[37710, 1008, 0.8827815190317614, 1.576085219922263, 615.9121535059047, 0.9144113622257237, 1.00009282219246]
00648035,93141,390939,174,2;[37674.21, 938, 0.8340988538126629, 1.0326040420312317, 1945.180872033219, 0.781043388000688, 0.9943777875494691]
00648035,93141,390939,177,2;[29740.48, 850, 0.8902456060005444, 2.106077290183856, 821.3496467152668, 0.8917623760654133, 0.9934609345497187]
00648035,93141,390939,177,3;[39469.700000000004, 848, 0.8377321336980864, 1.4493923920407592, 822.8475250196657, 0.6432301419122859, 0.9971963587276315]
00648035,93141,390939,178,1;[38195, 1030, 0.8956729548026772, 1.602110474466153, 853.9068514053631, 0.9046731500222456, 0.9985359859872944]
00648035,93180,391141,21,1;[40280, 946, 0.865074955245524, 1.4405160061761049, 439.2990025810283, 0.9137609832136041, 1.007050352517626]
00648035,93180,391141,21,2;[19492.2, 560, 0.8884142493444063, 1.8881959698275486, 862.5901500008448, 0.9011258967160801, 0.9984760743675709]
00648035,93180,391141,21,3;[38817.58, 780, 0.8382410101099599, 1.3373762184942968, 708.9971471695834, 0.7565761826437989, 1.005143850438114]
00648035,93188,391170,266,1;[36957, 1008, 0.8780972314964107, 1.1760333833019496, 799.0114040905227, 0.9304096554401453, 0.9971803623706542]
00648035,93188,391170,266,2;[40032.79, 908, 0.8647289503849457, 1.410021528322397, 974.1552214131965, 0.7999591873407712, 0.9947072738024837]
00648035,93188,391170,266,3;[30605.800000000003, 754, 0.8248172553250466, 1.077858888935041, 1255.9734342805327, 0.7739012347651363, 0.9982795987219876]
00648035,93188,391170,268,2;[37980.04, 902, 0.8722185808014107, 1.3131587528318636, 928.6292992793504, 0.8203283441344927, 1.0006113523427336]
00648035,93188,391170,269,1;[42367, 1028, 0.8713194992886019, 1.860022145408793, 680.148313292378, 0.9527044903563231, 0.989155177848079]
00648035,93188,391170,269,3;[32470.370000000003, 774, 0.832986359796943, 1.6180447169939685, 1124.9625305072582, 0.8612705201860147, 0.9957357420439029]
00648035,93244,391398,86,1;[37951, 1000, 0.8822891590593057, 1.352678987047164, 812.9389221435005, 0.8941573370277, 0.9960630954568122]
00648035,93244,391398,86,3;[32852.600000000006, 770, 0.8568772495331766, 1.1642041981241495, 933.833903924449, 0.8376611238483908, 0.9973796947136381]
00648035,93244,391398,87,2;[39411.61, 912, 0.8636569185111944, 1.3390825464674436, 1075.1187659687419, 0.7724513432558866, 9999]
00648035,93244,391398,89,1;[40809, 922, 0.8844241652463106, 1.3863636534499695, 387.7402493710129, 0.9219047800959499, 1.0081274703557312]
00648035,93244,391398,89,2;[36234.31, 836, 0.8677056931768409, 1.3804821880567362, 1277.3551135231414, 0.8473060831359772, 0.9963678010471204]
00648035,93244,391398,89,3;[37125.630000000005, 856, 0.8217384727691511, 1.2127379341476399, 733.7348505067172, 0.911754794810203, 0.9918380792035723]
00648035,93248,391435,20,1;[37626, 996, 0.8724294470230236, 1.596393031679168, 456.7031517954231, 0.9214064371290334, 1.0033867569801862]
00648035,93248,391435,20,2;[39190.27, 920, 0.8552268251761612, 1.393921309772867, 1039.3029642064591, 0.7914903727359808, 1.0016880845563074]
00648035,93248,391435,21,3;[31747.010000000002, 738, 0.8332397889755309, 1.598502445121006, 1092.068403754072, 0.8629949152581146, 0.99724577182941]
00648035,93248,391435,22,1;[35096, 896, 0.8905555303562154, 1.7741468968690464, 577.4297063871326, 0.9637017794495155, 0.9944040687378696]
00648035,93248,391435,22,2;[28155.399999999998, 742, 0.8506115124059872, 1.4094098681038667, 1175.5407008693333, 0.8759545833551313, 0.9976176923239095]
00648035,93248,391435,23,3;[41121.920000000006, 814, 0.8383102908004918, 1.4252254322962477, 724.4973678020426, 0.755535822639803, 1.0054264085214712]
00648035,93249,391440,100,1;[26793, 712, 0.9788497445152532, 1.0435628276327042, 365.67856088646033, 0.9794582582795532, 1.002056997531603]
00648035,93249,391440,101,3;[30807.190000000002, 682, 0.806483257339961, 1.3252259305124086, 1458.4027481768617, 0.7660171134058216, 1.001603492049352]
00648035,93249,391440,102,2;[38007.409999999996, 904, 0.865477376457379, 1.3390763866275166, 850.5855214532656, 0.8224336734453664, 1.004560608919922]
00648035,93249,391440,98,1;[31901, 920, 0.8698158901671392, 1.2736886173609598, 851.2023045608167, 0.9069222250157496, 0.9993108417128715]
00648035,93249,391440,98,2;[38264.45, 942, 0.8539935994685373, 1.5268133371202994, 1443.053329287581, 0.7309112281394613, 0.9943871476504879]
00648035,93249,391440,98,3;[41616.490000000005, 824, 0.8073128226625146, 1.5300280300047817, 1590.7613782382564, 0.6300552406921418, 0.9992434210526315]
00648035,93249,391441,91,1;[18343, 590, 0.9773134862242011, 1.2477251732662442, 356.90865853003504, 0.9796872394081413, 1.0015288015288015]
00648035,93249,391441,91,3;[36336.51, 858, 0.8248214815086257, 1.2907314702509998, 710.1610023348424, 0.9170057871737846, 0.9935940660822656]
00648035,93249,391441,92,2;[27480.67, 746, 0.8381554547443041, 1.794906338589028, 781.746137221043, 0.9311592469431837, 0.9973654660101926]
00648035,93249,391441,95,1;[41119, 978, 0.8748218585821275, 1.652889608613661, 499.9433045893092, 0.9128767874598679, 9999]
00648035,93249,391441,95,3;[33523.9, 792, 0.8423577324071404, 1.025454991700446, 1101.4334169635752, 0.7459652262407575, 0.9951199674664498]
00648035,93249,391441,97,2;[41789.229999999996, 898, 0.8468469605268274, 1.42256982060101, 1962.409953650501, 0.6843225083706982, 0.9994165777303451]
00648035,93260,391463,199,1;[41812, 936, 0.8925626783483519, 1.2667502417915637, 1385.093165477938, 0.835244822573004, 1.0056642574531285]
00648035,93260,391463,200,2;[40731.32, 910, 0.8667137161297195, 1.4828562636053648, 913.3221038054309, 0.7760176661513216, 0.9970433592100089]
00648035,93260,391463,200,3;[39016.23, 776, 0.833694506735104, 1.4127222528450414, 707.3936607919032, 0.7725698561880867, 1.0065029157094894]
00648035,93343,391976,331,2;[29867.809999999998, 776, 0.8470490379626952, 1.5254709501016284, 1216.051635331729, 0.8674092605418203, 0.999641548510435]
00648035,93343,391976,331,3;[34152.73, 710, 0.7944185164926448, 1.4081129591899224, 2183.116753875863, 0.7284870540400478, 1.0044523238713057]
00648035,93343,391976,334,1;[25793, 714, 0.8704399620049329, 1.8097966009393127, 620.1076802801592, 0.9541157693976504, 1.002175855771846]
00648035,93343,391976,335,1;[35866, 968, 0.8741330848729499, 1.4142826764745575, 526.4493347242475, 0.8667809549253431, 0.970649923546366]
00648035,93343,391976,335,2;[35526.26, 874, 0.866528740049926, 1.2969541277547096, 1149.5305054682865, 0.8192425929353082, 0.9969444490824999]
00648035,93343,391976,335,3;[38987.46000000001, 822, 0.8174106794414491, 1.425846636169575, 1277.0415328576223, 0.5857571181672573, 1.003314060076153]
00648035,93343,391979,326,2;[37753.939999999995, 860, 0.8489165610839532, 1.2097871318609097, 1467.4043803020827, 0.8412100846147246, 1.0083269768624459]
00648035,93343,391979,326,3;[40686.26, 784, 0.8180588621006862, 1.4658570560997204, 1466.8273596554625, 0.6525680293156332, 1.0055699459935328]
00648035,93343,391979,327,1;[23860, 746, 0.8749562365399672, 2.2183465898667123, 662.4011189548972, 0.9472616485584701, 0.9789320368432929]
00648035,93343,391979,329,1;[37099, 974, 0.8917833110281391, 1.4383679629033623, 597.6127849286894, 0.9045059554518693, 0.9952649863851591]
00648035,93343,391979,329,2;[40507.6, 902, 0.8485107717089482, 1.2286533367206203, 1751.1351337001747, 0.7890180485228135, 1.0015004854511753]
00648035,93343,391979,329,3;[29437.190000000002, 728, 0.8318928148856624, 1.5400389700334827, 1156.3634578750946, 0.8558431587760759, 0.9979332605717205]
00648035,93345,391995,1,1;[28211, 836, 0.8593524793164179, 1.284427859090305, 1019.6625277489157, 0.8695072454825896, 0.9990792222969862]
00648035,93345,391995,1,2;[37371.95, 840, 0.8294323599200001, 1.0453445633605414, 2054.439274851215, 0.790508621743203, 0.9985056594175251]
00648035,93345,391995,1,3;[42080.920000000006, 834, 0.8116551185040444, 1.5264452844222194, 1284.4613849885338, 0.5805096478210543, 1.0000651168848083]
00648035,93345,391995,3,1;[23813, 726, 0.9075389598513146, 1.622451576082527, 880.427110180614, 0.8969353017229378, 1.0041747490933626]
00648035,93345,391995,3,3;[41441.130000000005, 826, 0.814039831875862, 1.5280654343068276, 1404.7807017998168, 0.6129966355092334, 1.0013572563559323]
00648035,93345,391995,4,2;[42660.31, 870, 0.8525706991063177, 1.2118516810250854, 1844.5504478660785, 0.7250092658125601, 1.0016205191249197]
00648035,93386,392093,405,1;[40360, 928, 0.8776473684099013, 1.35327469812809, 373.5135775202434, 0.9311290936722519, 1.005330543516166]
00648035,93386,392093,405,3;[32908.770000000004, 762, 0.8379769231787759, 2.0192356995232843, 757.6717330452084, 0.9213747501352404, 0.9956478487938324]
00648035,93386,392093,406,2;[38019.31, 848, 0.8665029046223799, 1.3073171935626005, 892.44452401435, 0.8241454828246221, 1.0045433822257857]
00648035,93386,392093,408,1;[39060, 988, 0.8890848007477063, 1.7696337886176023, 632.6820220806705, 0.9578108203374084, 1.0013844023996308]
00648035,93386,392093,408,2;[38197.81, 850, 0.8379379601865882, 1.3999873416670552, 883.3383260473965, 0.9383397569555948, 1.000218122896672]
00648035,93386,392093,408,3;[38977.87, 784, 0.8394807545528853, 1.3257578095923384, 622.4293344966105, 0.7924796865207911, 1.0042356429353005]
00648035,93388,392108,592,1;[37425, 1010, 0.8780918389891605, 1.1966778053989162, 727.971841119827, 0.9385171367722255, 0.9958092197166234]
00648035,93388,392108,592,2;[37025.659999999996, 938, 0.8291116355098489, 1.037191201626068, 1880.9237104106282, 0.8177213877862037, 0.9913653018958101]
00648035,93388,392108,592,3;[38894.3, 850, 0.8355140108137998, 1.3948712588262777, 796.100717720949, 0.6667691204252145, 9999]
00648035,93391,392126,837,1;[42627, 1100, 0.8920552900599109, 1.6316887880808122, 833.0349057053579, 0.9255393548872729, 1.0050693200037726]
00648035,93391,392126,837,3;[25831.350000000002, 634, 0.8321974023723012, 1.147537517749912, 771.7925491667995, 0.8036710120696419, 1.0027121888959796]
00648035,93391,392126,839,2;[15585.429999999998, 500, 0.8492847767456688, 1.3617155000020897, 970.9476899310926, 0.9193035651981388, 1.0001145431636822]
00648035,93391,392126,841,1;[39843, 922, 0.8803357696100625, 1.3635142581306023, 365.37723958823693, 0.9283541737383177, 1.0064286345782234]
00648035,93391,392126,841,2;[30166.5, 802, 0.8402601328659475, 1.040642238718551, 1570.776152927986, 0.812632303627252, 0.9924246872981385]
00648035,93391,392126,841,3;[39945.090000000004, 796, 0.8135122202908401, 1.4125132903648991, 1425.010430645804, 0.620166553836554, 1.006420213316765]
00023892,93026,390259,210,1;[115384, 1676, 0.9705763288702812, 0.9705763288702812, 27.44450635858385, 0.9967809945790217, 0.9971869206936336]
00023892,93026,390259,211,2;[117053.15999999999, 1570, 1.0149650236071255, 0.9746772383627069, 32.01824097753799, 0.9959190027831599, 0.996711876257112]
00023892,93026,390259,211,3;[116700.71, 1438, 1.0186254340279237, 0.9437976061425024, 56.93241554978748, 0.9908537816795847, 9999]
00023892,93026,390259,212,1;[115337, 1664, 0.9804131521278897, 0.9889032468085639, 29.32303153461915, 0.9964262448288627, 0.9924920079683675]
00023892,93026,390259,212,2;[117691.0, 1554, 1.014747909288223, 0.9808503008994244, 33.38817836122004, 0.9959185983378324, 9999]
00023892,93026,390259,212,3;[114356.64000000001, 1394, 1.0039062202291396, 0.9507977939312924, 37.10296143051946, 0.9936297065684685, 9999]
00023892,93026,390259,214,1;[120043, 1634, 1.0032661182443197, 0.9887838124952426, 22.927187669422857, 0.9969424029558446, 0.9982495311986761]
00023892,93026,390259,215,3;[114305.95000000001, 1398, 1.010278510246198, 0.9543713578041263, 39.13504025500448, 0.9933049493998183, 9999]
00023892,93026,390259,216,2;[116758.04, 1568, 1.0123332269148082, 0.98091887278259, 29.98789604125521, 0.996023856518871, 0.9963240520725442]
00023892,93049,390350,751,2;[112488.31999999999, 1480, 0.9848740726439702, 0.9929826624223882, 26.49613653842162, 0.9961483784872827, 9999]
00023892,93049,390350,752,3;[118309.09000000001, 1532, 1.0130833231157215, 0.9721992345752148, 59.29260583943325, 0.9911236827270111, 9999]
00023892,93049,390350,753,1;[115862, 1658, 0.9829469492684024, 0.9978529551266063, 24.60371064380052, 0.9960469422803894, 0.9909383646292598]
00023892,93049,390350,756,2;[116076.17, 1538, 1.0085478725212538, 0.9927081192712227, 43.37188848757056, 0.9943862237694245, 9999]
00023892,93049,390350,756,3;[117833.70000000001, 1382, 1.047327962051423, 0.9430491915437306, 103.28006889242694, 0.9876476852572468, 0.9989779088945155]
00023892,93049,390350,757,1;[119330, 1636, 1.0075125795868425, 0.9942916148693116, 29.0029681718026, 0.9953227996444487, 9999]
00023892,93049,390350,758,3;[117121.3, 1400, 1.030931342867741, 0.9719735434960686, 74.73251000866165, 0.9910807744684849, 9999]
00023892,93049,390350,760,1;[119412, 1684, 1.0004737661313214, 0.9880028410604836, 28.934950571560975, 0.9954903479060804, 0.999870214146658]
00023892,93049,390350,760,2;[117228.09, 1564, 1.0405712513178689, 0.9825036010815462, 94.58212834702178, 0.9879751501300211, 0.9954779023530066]
00023892,93049,390350,761,1;[115473, 1576, 0.991677529821298, 0.9926776955103828, 36.86362273631874, 0.9942467519164607, 1.0014917476864902]
00023892,93049,390350,763,2;[118247.92, 1546, 1.0345050869305332, 0.994516715150005, 59.95186314319832, 0.9908730469999921, 9999]
00023892,93049,390350,763,3;[118310.46, 1494, 1.0361395917367435, 0.9712337522244107, 108.28824339469637, 0.9843328979744623, 0.9939059128182995]
00023892,93049,390350,766,1;[116227, 1652, 0.9751026370807013, 0.9892795240401203, 27.456611617824382, 0.9965442441576506, 0.9924685549359998]
00023892,93049,390350,767,3;[117711.77, 1466, 1.0214023858039325, 0.9691685127209577, 43.76655418360943, 0.9929606828812833, 10740.125]
00023892,93049,390350,769,2;[117706.47, 1490, 1.0202549609913965, 0.9997484379105231, 29.963769686372082, 0.995278891855519, 9999]
00023892,93049,390350,770,1;[117114, 1588, 1.0024585818836231, 0.9928265580916606, 32.869004539460455, 0.9955113006843905, 9999]
00023892,93049,390350,770,3;[118395.40000000001, 1410, 1.0424963099943128, 0.9275135170288007, 78.28360049762023, 0.9922517167138535, 9999]
00023892,93049,390350,773,2;[114238.81, 1522, 1.0044227657496143, 0.986742260703326, 36.17136856988099, 0.9948063335800724, 9999]
00023892,93099,390646,1221,2;[114072.20999999999, 1486, 1.0090858747803573, 0.9867088647928606, 38.53013999163804, 0.9934468550222741, 9999]
00023892,93099,390646,1222,1;[115757, 1704, 0.9986716907804245, 0.9931340390066832, 35.39650912607604, 0.9961712619634862, 0.989105543782897]
00023892,93099,390646,1222,3;[117585.73000000001, 1392, 1.1323117391248805, 0.9651113997953958, 50.31573890807299, 0.9940088735414381, 9999]
00023892,93103,390673,1487,1;[118131, 1640, 0.9941992381714719, 0.9832364950716539, 24.18140079113889, 0.9967673469878491, 0.9975637458357788]
00023892,93103,390673,1488,3;[117951.52, 1364, 1.034720293021279, 0.9614925636421753, 96.22023479779668, 0.98528403584093, 0.9961010262284081]
00023892,93103,390673,1489,2;[116541.45999999999, 1546, 1.014966414714585, 0.992022459678374, 40.09946663942671, 0.9947342202306876, 0.9929282227280332]
00023892,93103,390673,1491,2;[120403.01, 1514, 1.0503891899546012, 0.9843946252209498, 113.66690920960296, 0.984839104179109, 9999]
00023892,93103,390673,1492,1;[114627, 1678, 0.9987680845865211, 0.9924709850319351, 45.564953524898826, 0.9946129103177113, 0.9927122981592382]
00023892,93103,390673,1492,3;[112581.12000000001, 1362, 1.004285977747245, 0.9649001229124898, 31.23126453415144, 0.9956981357234577, 9999]
00023892,93103,390673,1495,2;[114817.15, 1510, 0.9930315460441014, 0.9870770259924616, 31.546042712339776, 0.9947702350629656, 9999]
00023892,93103,390673,1497,3;[113548.34000000001, 1404, 1.0054351093309934, 0.960491452600365, 28.91913419738997, 0.9948299282430487, 9999]
00023892,93103,390673,1498,1;[116314, 1654, 0.989772517025471, 0.9913499174139772, 25.89202116124958, 0.9956881817830718, 0.9948765321221763]
00023892,93103,390673,1499,1;[115761, 1706, 0.9962542217613665, 0.9812057965453727, 38.26655464467754, 0.9959036968410945, 0.9896936302274583]
00023892,93103,390673,1499,3;[117251.45000000001, 1500, 1.0242496834682837, 0.9748615169204323, 53.78139989410666, 0.9908513476631625, 34234.0]
00023892,93103,390673,1500,2;[113904.42, 1520, 1.0033341804562999, 0.9866325509813356, 31.931454020851525, 0.9944117262205622, 0.9918501209788144]
00023892,93122,390798,1587,3;[117843.29000000001, 1442, 1.0406381091708652, 0.97290517790024, 111.87571133625764, 0.982512094931687, 0.9956477955389904]
00023892,93122,390798,1589,1;[115972, 1698, 0.9778822539189395, 0.9908134710763481, 20.37117655163161, 0.9968449509462828, 0.9941706957446079]
00023892,93122,390798,1589,2;[117505.36, 1504, 1.0292453359150497, 0.9978651105229204, 41.27597117489877, 0.9945531923571351, 9999]
00023892,93122,390798,1590,1;[114476, 1708, 0.9714008354292216, 0.9792266459744134, 31.895664856885332, 0.9963746613606888, 0.9873600048300221]
00023892,93122,390798,1590,2;[115546.62, 1446, 1.0044099548766843, 0.9937778684089924, 34.96544073137213, 0.9941037791054449, 9999]
00023892,93122,390798,1592,3;[117977.55, 1424, 1.0384956777881869, 0.9582881772027657, 51.69301507743181, 0.993571167624946, 172230.0]
00023892,93139,390920,17,2;[116130.90999999999, 1510, 0.9981631323817355, 0.9808162066148503, 32.268889709424414, 0.993887002655094, 0.9946034641785189]
00023892,93139,390920,17,3;[117082.94, 1368, 1.01704474354301, 0.9629625559037094, 53.25214145749839, 0.9925764721536028, 9999]
00023892,93139,390920,18,1;[114291, 1656, 0.9814575364939319, 0.9959018721886728, 30.733984173391054, 0.9957475714305857, 0.9944271152817112]
00023892,93139,390920,19,1;[117141, 1708, 1.0011284673044343, 0.9784178992053928, 59.47460187917027, 0.9921109682880714, 0.9933264364697103]
00023892,93139,390920,20,3;[118051.53000000001, 1470, 1.0213625513322462, 0.9716452290970454, 85.44257796364806, 0.9849400431888099, 9999]
00023892,93139,390920,21,2;[115941.7, 1478, 1.0067750976010585, 0.9966286729292532, 25.270836994108723, 0.9955051948918705, 1.001742742428838]
00023892,93166,391047,301,1;[119197, 1602, 0.9934559797032223, 0.9948353663934025, 20.712104405988043, 0.9968702647084702, 0.9987055043296481]
00023892,93166,391047,301,2;[116151.14, 1540, 1.0002683910551358, 0.9928704150270152, 33.4848806094114, 0.9948215854848882, 9999]
00023892,93166,391047,303,3;[118637.89000000001, 1398, 1.0223579081250327, 0.9703534494557088, 42.23273852076505, 0.9934911546531924, 9999]
00023892,93166,391047,304,1;[117753, 1622, 0.9772164352433422, 0.9958620833402838, 25.766315361363983, 0.9967860458868003, 0.9972686967237064]
00023892,93166,391047,305,2;[117093.62, 1536, 1.002178459818774, 0.997850638667676, 24.4138911119299, 0.9964615269265222, 1.000127051242307]
00023892,93166,391047,305,3;[119032.45000000001, 1370, 1.0183846266174685, 0.9748323649170428, 37.875699129217296, 0.9947455224370897, 2199.6202531645567]
00023892,93166,391047,307,2;[115370.5, 1528, 1.0058060097422366, 0.9895282762600829, 39.93207841576104, 0.9944151817445519, 9999]
00023892,93166,391047,308,1;[115460, 1682, 0.9960968642594321, 0.9954651582763876, 40.582903883813906, 0.9951983391381567, 0.9932470213772635]
00023892,93166,391047,308,3;[118877.64000000001, 1454, 1.017150500848034, 0.9733966928934351, 36.44529966828555, 0.9937569319287601, 1324.7633587786258]
00023892,93166,391047,309,1;[119716, 1620, 1.0322619672169577, 0.9876387315526259, 46.38197855060344, 0.9944067144527013, 0.999419796219075]
00023892,93166,391047,309,2;[115416.90999999999, 1496, 1.0140101989435855, 0.9782871975660953, 49.76970517264166, 0.9923215994050387, 9999]
00023892,93166,391047,310,3;[117396.67000000001, 1446, 1.0322636927019022, 0.9549682020607355, 42.6314536599798, 0.9954496600959517, 9999]
00023892,93166,391047,312,2;[119097.58, 1476, 1.0286965797742729, 0.9766518066581236, 64.13464440773701, 0.9901136968339167, 100082.0]
00023892,93166,391047,313,1;[120302, 1688, 1.021004314514589, 0.9866737636844082, 42.55555215394716, 0.9931729686905908, 0.9957002685780263]
00023892,93166,391047,313,3;[119017.38, 1408, 1.0256435421473993, 0.9687818342517958, 44.27779058241403, 0.9929874755115312, 24821.14285714286]
00023892,93166,391047,315,1;[117580, 1706, 0.9911475015587408, 0.9998940038735258, 31.46718806602632, 0.9964770636421072, 0.9924037812288994]
00023892,93166,391047,315,2;[119473.62, 1562, 1.0290292751963206, 0.976969826578464, 59.39391504055549, 0.9910613417632356, 9999]
00023892,93166,391047,315,3;[120414.78000000001, 1524, 1.0420803432332637, 0.9716719340706381, 114.80932319891738, 0.9838297153742086, 0.9968696835658387]
00023892,93265,391506,609,1;[120450, 1668, 1.0130823848066772, 0.9934285035407959, 28.081715577593773, 0.9950777124707098, 9999]
00023892,93265,391506,609,3;[119976.38, 1438, 1.0627480642574758, 0.9590433977019611, 126.38952663022229, 0.9846962103710577, 0.99012968218255]
00023892,93265,391506,610,2;[119833.0, 1508, 1.0279624297293433, 0.9939602657133225, 34.05485042585448, 0.9943307197997148, 0.9989534301203803]
00023892,93265,391506,611,3;[119896.92000000001, 1368, 1.0267371543472592, 0.9680652141772095, 60.138477372720004, 0.9910185054986551, 175032.0]
00023892,93265,391506,612,2;[116885.37, 1548, 1.0145783774572443, 0.9803564738122116, 29.62078944142632, 0.9948200399301197, 9999]
00023892,93265,391506,613,1;[114481, 1610, 0.9955593575803238, 0.9902087238335712, 36.759064237107594, 0.9944111491071127, 0.9902515396858349]
00023892,93329,391882,87,1;[118271, 1616, 1.0194271800477344, 0.9951980347867928, 37.73351695185407, 0.9949972892828642, 0.9989948475377988]
00023892,93329,391882,87,2;[111247.15, 1430, 0.9892958805203751, 0.987969527216751, 25.62743346510477, 0.9960790202361292, 9999]
00023892,93329,391882,87,3;[115923.92000000001, 1414, 1.0215942370198658, 0.9563196493174627, 47.010858776237484, 0.9953242287886229, 9999]
00023892,93329,391882,89,1;[114628, 1672, 0.9914825066265023, 0.992449732020601, 46.0862142629913, 0.9941192467786226, 0.9939475920434248]
00023892,93329,391882,89,3;[114667.63, 1414, 1.0167941706478845, 0.9529070402788227, 69.36194070195396, 0.9896615259912896, 0.9922821576763485]
00023892,93329,391882,90,2;[116098.78, 1540, 1.024478526931865, 0.9929498654533664, 58.7047229351499, 0.9922725834272821, 9999]
00023892,93329,391882,92,2;[114627.93999999999, 1522, 1.0073552101636527, 0.9847883422105579, 36.85985021329225, 0.9940911230252352, 0.9904477918873066]
00023892,93329,391882,92,3;[114493.64000000001, 1356, 1.0098884038015559, 0.9575393429604518, 53.70771228318953, 0.9928164272628103, 9999]
00023892,93329,391882,93,1;[115389, 1646, 0.9791536811644996, 0.9912072497007227, 30.555962129969355, 0.9961549890584726, 0.995354855405318]
00023892,93329,391882,94,1;[116973, 1592, 0.994606233216065, 0.9965614043713638, 34.71012332712566, 0.9946580766084038, 0.9999615310636661]
00023892,93329,391882,94,2;[112866.73999999999, 1496, 1.003006582190011, 0.9923183925625743, 26.138494257660792, 0.99570058885804, 9999]
00023892,93329,391882,94,3;[114433.36000000002, 1410, 1.0214616209838423, 0.9517095185099957, 73.57692311392724, 0.9894936176987641, 0.990536726513768]
00023892,93329,391882,96,1;[115407, 1632, 0.9872182726007631, 0.9927104473525977, 23.989429741072772, 0.9960868400620199, 0.996795591563164]
00023892,93329,391882,96,2;[113005.97, 1516, 0.9882006017804126, 0.9825266807640969, 27.477798069064683, 0.9957344812378607, 0.9942780561096016]
00023892,93329,391882,96,3;[117169.25000000001, 1434, 1.0569068397282255, 0.9348208440309685, 110.45560734956277, 0.9883416942725053, 9999]
00023892,93329,391882,99,1;[118266, 1608, 1.0340711010663866, 0.9901960891665134, 40.350390802242764, 0.9941750124012475, 0.995743928467688]
00023892,93329,391882,99,2;[114010.33, 1524, 1.0088953795511193, 0.9873587254334197, 27.375748128469997, 0.9954495918170748, 9999]
00023892,93329,391882,99,3;[113752.47000000002, 1336, 1.0058340005280906, 0.9771892906538502, 25.640739364499375, 0.99607581804577, 9999]
00023892,93377,392048,3,3;[118466.64000000001, 1406, 1.047556527781869, 0.9626297559970822, 107.28162349534367, 0.988306503325163, 9999]
00023892,93377,392048,4,1;[118492, 1724, 0.9863208326474601, 0.9986424630954116, 19.764201178268063, 0.9967779664001932, 0.982353745839223]
00023892,93377,392048,4,2;[116322.5, 1540, 1.0024661578187861, 0.9812524545754474, 28.71243987076844, 0.9953319054134065, 9999]
00023892,93377,392048,5,1;[112681, 1604, 0.9750116024793062, 0.9728192778387952, 30.87669786078407, 0.9962903174522396, 0.9869450782375636]
00023892,93377,392048,5,2;[117476.79999999999, 1468, 1.0128946844061226, 0.9826118107683158, 31.69563920609115, 0.9953051589361018, 9999]
00023892,93377,392048,5,3;[119291.38, 1442, 1.0494193382007337, 0.9224995551443748, 90.97954973781846, 0.9914184377585706, 9999]
00023892,93377,392048,8,2;[114999.22, 1520, 1.0070723933409482, 0.9772014446917673, 55.95936210100426, 0.9911467610708359, 1.0000983146794165]
00023892,93377,392048,8,3;[115359.48000000001, 1394, 1.0261842013140077, 0.9530082855170431, 74.80732270330151, 0.9887307322964278, 9999]
00023892,93377,392048,9,1;[115825, 1638, 0.9752674514762388, 0.977930434245964, 26.59457846165895, 0.9966290836236483, 0.9829547624402228]
00236683,93026,390254,285,1;[64897, 1162, 0.8963368703322728, 1.2183853081758376, 597.4072147536523, 0.8989622045180786, 0.997670968584979]
00236683,93026,390254,285,2;[63899.43, 1088, 0.88279605279225, 1.1669173179368035, 687.6252383263844, 0.8561036678773236, 0.9979278366800785]
00236683,93026,390254,285,3;[62998.08, 1026, 0.8724861808634222, 1.1462304604636613, 477.53626792143336, 0.8912045056441245, 0.9973322922766608]
00236683,93027,390265,359,1;[65010, 1234, 0.8963836176640538, 1.168149733389122, 588.7646334944752, 0.876576323213372, 0.9996079064510921]
00236683,93027,390265,359,2;[63329.42, 1172, 0.8722834267262409, 1.3744132304889976, 811.2780416461782, 0.8789933373649661, 0.9967690881336567]
00236683,93027,390265,359,3;[64039.280000000006, 1110, 0.8752503306714794, 1.2607893360585687, 730.6566746111167, 0.906247409796963, 0.9980783191698339]
00236683,93032,390303,79,1;[64084, 1312, 0.883011742050798, 1.2912871714364584, 268.94763745587096, 0.9133944969761918, 0.9972688863125296]
00236683,93032,390303,79,2;[62079.92, 1082, 0.8815052374057251, 1.2447192829726832, 397.38154880436065, 0.9006467679184194, 1.0009209516500384]
00236683,93032,390303,80,3;[63635.130000000005, 1136, 0.8704188168610484, 1.2765842202638427, 618.6186577698837, 0.9267038002201853, 0.9954032595068951]
00236683,93032,390303,81,1;[65182, 1222, 0.8845825357301805, 1.253814231694861, 436.65751315797803, 0.9024325561089953, 0.9954869993509221]
00236683,93032,390303,81,2;[60467.469999999994, 1070, 0.8658963652934529, 1.3236490956893558, 415.1546219052248, 0.8831104988944727, 0.9955720135582594]
00236683,93032,390303,82,3;[60681.41, 1002, 0.8646670726583039, 1.236890745793808, 413.0430619188642, 0.895977356431816, 0.9920933566276934]
00236683,93032,390303,83,1;[65190, 1240, 0.8856361340584233, 1.336348925504289, 421.8157871130205, 0.9179699132432548, 0.9945383535729542]
00236683,93032,390303,83,2;[63473.409999999996, 1108, 0.880705724041829, 1.1517486320231045, 936.4060692327542, 0.8892920877813058, 0.9974381030742763]
00236683,93032,390303,83,3;[63620.060000000005, 1086, 0.8776824258320373, 1.2010975539393451, 632.373901310016, 0.932411605387967, 0.9935599820278568]
00236683,93051,390358,937,1;[61910, 1138, 0.8881777418456696, 1.3158803350304593, 191.94476886811364, 0.9332287887186778, 1.0035906206181056]
00236683,93051,390358,937,2;[61018.439999999995, 1108, 0.8744115177055395, 1.2886368708134575, 416.8174297521665, 0.8915586599846775, 9999]
00236683,93051,390358,937,3;[61560.950000000004, 966, 0.877243343342936, 1.162882267156796, 350.0519987317953, 0.9193836774930555, 0.9962310165170158]
00236683,93078,390512,47,1;[62003, 1166, 0.8984033152613793, 1.421216003534498, 222.0834782523327, 0.932324088329441, 0.9965764433586216]
00236683,93078,390512,47,2;[64851.43, 1158, 0.8730279854116749, 1.169443966109788, 818.8359163722441, 0.8605912354463219, 0.9972094895653209]
00236683,93078,390512,47,3;[63713.22000000001, 1070, 0.8713599068622755, 1.156260139954396, 363.6832766722085, 0.9245821144862727, 0.997929295638646]
00236683,93078,390512,49,1;[62757, 1248, 0.8806822073163417, 1.3655628375229387, 291.7005471112284, 0.9308936894344648, 0.9898424315073895]
00236683,93078,390512,49,2;[62070.399999999994, 1146, 0.8777771267882485, 1.3229664281527502, 421.0606639502385, 0.9063259873638182, 0.9963420341346475]
00236683,93078,390512,49,3;[65910.70000000001, 1050, 0.8768575047476552, 1.2247830161026592, 788.4647293313469, 0.8942845465139775, 0.9974602187321826]
00236683,93078,390512,50,1;[61924, 1150, 0.8810465426974625, 1.3914188745424354, 213.8200019221468, 0.9351294831793443, 0.9981302385557704]
00236683,93078,390512,50,2;[65937.9, 1150, 0.879228667524834, 1.179293606603073, 824.4007872140987, 0.8489372623533138, 0.9963318588844535]
00236683,93078,390512,50,3;[66360.06000000001, 1022, 0.8702875750297601, 1.1372706087217193, 861.5471674866211, 0.8701131027160595, 1.0023072227452847]
00236683,93098,390636,1213,1;[66424, 1244, 0.8823566767419234, 1.2142968859041916, 308.83078904861543, 0.8957330070359494, 0.9993380273214179]
00236683,93098,390636,1213,2;[65266.74, 1126, 0.8933927484060082, 1.2840118591047747, 875.6931159719495, 0.8581356473660497, 1.0014607603257495]
00236683,93098,390636,1213,3;[65509.29000000001, 1070, 0.873847573315857, 1.18952807666033, 761.6841148447202, 0.9046977956138212, 0.9943334823610144]
00236683,93098,390636,1214,1;[64254, 1292, 0.8798340578149664, 1.4185855049254117, 354.04704705750584, 0.9389706014256528, 0.9968196838300315]
00236683,93098,390636,1214,2;[64413.509999999995, 1112, 0.8841799100241723, 1.185020667030353, 814.5381436463231, 0.8548762815733646, 0.9979719390106749]
00236683,93098,390636,1214,3;[63554.3, 1080, 0.8725345513198169, 1.3418491871000942, 573.436488312685, 0.915630657414964, 0.9923631462981581]
00236683,93099,390639,1320,1;[65733, 1174, 0.8986561124046707, 1.1888863137764243, 524.71293379162, 0.8909896119273859, 1.000334799348663]
00236683,93099,390639,1320,2;[64945.439999999995, 1110, 0.8799012392870388, 1.211244114648881, 500.3592752505392, 0.8843490229777067, 0.9975689557476832]
00236683,93099,390639,1320,3;[64221.490000000005, 1086, 0.8771087575357576, 1.1782370262963473, 420.12826866959915, 0.914358419458132, 0.9936620315414617]
00236683,93099,390639,1321,1;[65480, 1300, 0.8724248348033831, 1.2238853834367018, 405.04023958956503, 0.9273045058082094, 0.9972965769333283]
00236683,93099,390639,1321,2;[62571.39, 1128, 0.8732663509695608, 1.2989479846148317, 506.449168846685, 0.8607900347818224, 0.995871133922991]
00236683,93099,390639,1322,3;[60664.97, 960, 0.8918258292316278, 1.1659305552185804, 304.4898032449558, 0.9395602745783597, 0.9997403623638313]
00236683,93103,390670,1523,1;[66007, 1202, 0.8862135690644956, 1.1227076770295574, 539.0951049981684, 0.8570147705480499, 0.9933781811067467]
00236683,93103,390670,1523,2;[62395.27, 1128, 0.8744661556219134, 1.3175950505831138, 451.64267112748917, 0.8726407365729938, 0.9936702863532132]
00236683,93103,390670,1523,3;[64702.36000000001, 1090, 0.8682338163167673, 1.2139867077421442, 760.4879409415294, 0.8519364279323118, 0.9934162091668244]
00236683,93103,390670,1525,2;[63179.479999999996, 1148, 0.8755774904728971, 1.3231910436666334, 440.6480455143491, 0.8949090950326803, 0.9963966669168981]
00236683,93103,390670,1525,3;[64450.280000000006, 1072, 0.8786524256469906, 1.2380248607050208, 794.7149607156023, 0.9022725765178526, 0.9949768937110709]
00236683,93103,390670,1526,1;[64594, 1280, 0.8692302139795223, 1.3064345589587993, 387.3175180665426, 0.9216866545350719, 0.9963366573347833]
00236683,93129,390840,509,1;[63851, 1282, 0.8863538304611583, 1.2824864508734586, 310.17420054510205, 0.9399106307757903, 0.9891788472412645]
00236683,93129,390840,509,2;[62792.729999999996, 1156, 0.8655992666530318, 1.2966369654810306, 598.0539074640125, 0.8907444545283135, 0.9932237845163476]
00236683,93129,390840,509,3;[65155.83, 1070, 0.8798077353627585, 1.207208180569444, 693.4138006979172, 0.9218608231747977, 0.9943860749568763]
00236683,93139,390919,100,1;[65548, 1228, 0.8895657063217315, 1.2174121974362748, 494.76634957258426, 0.901591666436485, 0.9952249003605997]
00236683,93139,390919,100,2;[64462.299999999996, 1176, 0.8687574373580252, 1.3160805760010135, 749.5912923506529, 0.8728901235789747, 0.9998523385876186]
00236683,93139,390919,100,3;[62899.44, 1048, 0.8704034933278246, 1.1903627541986614, 354.52133648183104, 0.9138656498268735, 0.9938737958653534]
00236683,93140,390930,162,1;[64174, 1274, 0.873669116798967, 1.2219762812449149, 318.14095600560046, 0.9407832771655248, 0.9941057556018558]
00236683,93140,390930,162,2;[62256.03999999999, 1108, 0.8758086297832357, 1.284617442261192, 345.67866423307373, 0.9220027450821668, 0.9939582779192158]
00236683,93140,390930,162,3;[64168.060000000005, 1070, 0.8653375047802901, 1.175778012518249, 544.2792229979488, 0.8837986711791864, 0.9959280876896416]
00236683,93140,390930,163,1;[64757, 1294, 0.8689080832153993, 1.3437099942523156, 321.5276598014192, 0.9430963941414967, 0.994830513031255]
00236683,93140,390930,163,2;[64700.299999999996, 1190, 0.8678894662354549, 1.2921604955880843, 715.6913109359365, 0.8801013288764067, 0.9996414749170336]
00236683,93140,390930,163,3;[64600.98, 1086, 0.8652007934289446, 1.1908760180148013, 721.4497155138856, 0.9086264422759408, 0.9967868769289308]
00236683,93140,390930,164,1;[66120, 1190, 0.8928024080834541, 1.1879672972458664, 349.6492563200557, 0.8948358029776258, 0.9994029580030079]
00236683,93140,390930,165,2;[62164.409999999996, 1120, 0.8752461396656094, 1.298778050862342, 346.29783056866313, 0.9093205097922705, 0.9977652991061197]
00236683,93140,390930,165,3;[62617.22000000001, 1048, 0.8756071525749004, 1.1433205584440507, 348.4088358753567, 0.9269208623011866, 0.9946249428764172]
00236683,93174,391097,943,1;[62928, 1236, 0.8851371504840055, 1.4349269202301336, 299.8036945734148, 0.9301702078122605, 0.9953969534475395]
00236683,93174,391097,943,2;[64325.45, 1168, 0.8802286326493914, 1.2679251780083614, 607.869629047859, 0.8870972782303799, 0.9962677970787449]
00236683,93174,391097,943,3;[64610.57000000001, 1052, 0.8809168323652462, 1.192026993741771, 915.8897240293949, 0.8497624850878942, 0.9998092007631969]
00236683,93203,391206,348,1;[66259, 1190, 0.8894026810814899, 1.1508446047025152, 594.0886112205731, 0.8912596097118567, 0.9980268112667571]
00236683,93203,391206,348,3;[64683.18000000001, 1094, 0.8774361244422536, 1.1828319494737503, 463.56244202686634, 0.9045813327238634, 0.9901953587869509]
00236683,93203,391206,349,2;[65912.91, 1094, 0.8899903614837441, 1.2170274147339144, 883.2863549263491, 0.8237073210150379, 1.001093469007835]
00236683,93203,391206,350,1;[62393, 1240, 0.8787493015584305, 1.3128339148304562, 295.70120819668693, 0.9335410441337777, 0.9891953166493591]
00236683,93203,391206,350,2;[64784.78999999999, 1186, 0.8806837105180522, 1.3963042186163492, 714.3957716221242, 0.8977856171105484, 0.9971061741057529]
00236683,93203,391206,350,3;[66107.98000000001, 1110, 0.8779627186987592, 1.2067523980043482, 629.3045444407546, 0.8784160439673843, 0.9945279732890899]
00236683,93203,391206,351,1;[63854, 1268, 0.871032185835836, 1.479426503068035, 318.9796186826759, 0.9362372556116996, 0.9921610976017153]
00236683,93203,391206,352,2;[60755.45, 1072, 0.8829527874848939, 1.2554864592775605, 342.8331537019416, 0.9050124376649543, 0.9934812220276318]
00236683,93203,391206,352,3;[64896.9, 1114, 0.8569397877711894, 1.2417527424010701, 692.591624038142, 0.8946675282111177, 0.9943116223421002]
00236683,93220,391265,336,1;[65533, 1310, 0.8757480096155889, 1.367463148321185, 361.0624601301009, 0.9290297774806068, 0.9930972821021845]
00236683,93220,391265,336,2;[60632.88, 1050, 0.8682370583990296, 1.2168716618617368, 346.1947867002257, 0.8994860601241726, 0.9980021154072158]
00236683,93220,391265,336,3;[64026.950000000004, 1090, 0.8629840702248537, 1.2222749057270437, 655.7167830778669, 0.908215481352808, 0.9938013673141739]
00236683,93220,391265,337,1;[61118, 1124, 0.8808351635338167, 1.2224316677897844, 151.10157403778504, 0.9337813620401505, 0.9949534414273621]
00236683,93220,391265,337,2;[64254.049999999996, 1166, 0.8722362436156592, 1.2337152288179494, 564.8185975037665, 0.8790782291139434, 0.9932763679509938]
00236683,93220,391265,337,3;[64409.18000000001, 1080, 0.8726724947670236, 1.265388216239573, 693.2371551550842, 0.9054723116006371, 0.9945737828032283]
00236683,93222,391274,426,2;[62796.299999999996, 1136, 0.8830140146854797, 1.2618411779405492, 351.3399176267912, 0.9240262330636166, 0.9985146219854868]
00236683,93222,391274,426,3;[64573.58, 1060, 0.8698739445591321, 1.2390712166734024, 806.0081702436511, 0.9022446887703707, 0.9947974377644812]
00236683,93222,391274,427,1;[65596, 1204, 0.8814352650098592, 1.1250380127803834, 426.6307949767584, 0.9036493789843961, 0.999078537540076]
00236683,93222,391274,428,3;[65283.240000000005, 1108, 0.8695688977103744, 1.2047253991752296, 663.4549987691171, 0.9024267478443797, 0.9949367881489524]
00236683,93222,391274,429,1;[65683, 1302, 0.8898643963502091, 1.2157433048057757, 263.5146465566555, 0.9138523580591842, 0.9900666244611257]
00236683,93222,391274,429,2;[65128.7, 1114, 0.8920105206580566, 1.2152927457141203, 901.9103499453104, 0.8625949441156302, 1.0004935743926293]
00236683,93260,391459,217,1;[61886, 1206, 0.88409827167143, 1.4305143674075829, 243.25219511796246, 0.9397923110539514, 0.9929323802876786]
00236683,93260,391459,217,2;[63468.649999999994, 1168, 0.8773761500382609, 1.303462920522043, 423.0964271691172, 0.9175794943361034, 0.9939989190599549]
00236683,93260,391459,217,3;[61080.08, 1002, 0.8684022285641108, 1.183091136102187, 330.8801757872058, 0.916625577751276, 0.9937478407203914]
00236683,93260,391459,218,1;[61371, 1146, 0.8861261793421696, 1.3227932692907638, 233.6975189654019, 0.9138117041258418, 0.9979592334523103]
00236683,93260,391459,218,2;[65415.49, 1146, 0.8806046328095137, 1.2456073480301915, 888.1625960645373, 0.8361238909296961, 0.9979485876116476]
00236683,93260,391459,219,3;[65165.420000000006, 1002, 0.8855295886816785, 1.201654730491485, 874.0681197302487, 0.8664653855605965, 1.0001682156524665]
00236683,93314,391804,1,1;[61200, 1184, 0.8911802629893917, 1.382171928150076, 230.7785941011806, 0.9282939375778478, 0.9964830011723329]
00236683,93314,391804,1,2;[63119.979999999996, 1172, 0.8732368986285801, 1.2855284088582624, 778.1732000879881, 0.8841258201664252, 0.9969738548578088]
00236683,93314,391804,1,3;[62554.200000000004, 1048, 0.8706816695963225, 1.2236399679595413, 396.73644698103055, 0.9037575184900603, 0.9935482467115642]
00236683,93314,391804,2,1;[60876, 1180, 0.8846231316147987, 1.3470361909588835, 237.77139752352406, 0.9341344635075844, 0.9983027082872112]
00236683,93314,391804,2,2;[63148.53999999999, 1058, 0.8865645945619125, 1.2173674482590253, 625.6957682754448, 0.8446343329217425, 1.0054568191291826]
00236683,93314,391804,2,3;[61967.840000000004, 1040, 0.8630861857690876, 1.2021879598329055, 462.1138465086889, 0.8699951446873627, 0.9957841205543386]
00236683,93331,391886,297,1;[64499, 1258, 0.8861004128455874, 1.1767130557255576, 486.22112839956037, 0.882567298345443, 0.9920557405541756]
00236683,93331,391886,297,2;[63365.119999999995, 1142, 0.8718246979181136, 1.2238753766468728, 720.7594945839151, 0.8495607612385334, 0.9981722919458998]
00236683,93331,391886,297,3;[60114.23, 962, 0.8786204077621724, 1.2399047265569842, 333.37371361298034, 0.9318307664323562, 1.000205151584226]
00236683,93341,391961,155,1;[64154, 1280, 0.8792525968196029, 1.2928483788835097, 374.536365774355, 0.935168653948244, 0.9960873210570443]
00236683,93341,391961,155,2;[62858.18, 1052, 0.8910501307441899, 1.1703169142364331, 1016.6524047850945, 0.8434156386230575, 0.9998391080909702]
00236683,93341,391961,156,3;[63548.82000000001, 1042, 0.8926078558902395, 1.1802893869861124, 792.7012788894507, 0.8845421833110562, 0.9976556618991289]
00023698,93080,390528,134,1;[36900, 898, 0.9978155479327312, 1.0259673944738459, 89.73238912855744, 0.9929930238391793, 0.9837638966648005]
00023698,93080,390528,134,2;[39364.009999999995, 820, 1.0504391901326098, 1.022399976459444, 131.86334323534342, 0.9822628171354302, 1.0140555785472325]
00023698,93080,390528,134,3;[55474.04, 910, 1.2348669144335471, 0.954528904486548, 84.48481776732575, 0.9923977465338607, 26994.666666666668]
00023698,93244,391403,53,2;[43991.92, 860, 1.0139415938895173, 1.0212939734954087, 88.72411398565121, 0.9915332214735743, 9999]
00023698,93244,391403,54,1;[45368, 944, 1.0138822074695624, 0.9740646097252217, 57.91967425793741, 0.993886083647604, 1.000099198694986]
00023698,93244,391403,55,3;[38692.91, 766, 1.0128055678324268, 1.0020142613457823, 123.04365198080062, 0.9864740144323954, 0.9985680697226298]
00232831,93048,390346,740,1;[60347, 1074, 1.0041203919890753, 0.9799737843213558, 68.8031668473261, 0.9893269121354705, 1.0045276737411568]
00232831,93048,390346,740,2;[26282.34, 714, 1.0320528336306802, 1.014372897938292, 140.43680277580415, 0.9847081607347733, 9999]
00232831,93048,390346,740,3;[48303.46000000001, 810, 1.1451752258466206, 0.9524738607388366, 111.29907984614162, 0.9886044851043795, 1.0053033759124088]
00232831,93048,390346,741,1;[58549, 1054, 1.0054455670794802, 0.9721401613657598, 71.84338526471858, 0.9899833681219329, 1.006091640962634]
00232831,93048,390346,741,2;[26754.77, 714, 1.0341519316231074, 1.0048081338552852, 159.3327943069655, 0.9804418482813829, 1.0053435285174503]
00232831,93048,390346,741,3;[59377.170000000006, 910, 1.009236585552549, 0.9801747544230137, 119.60868056295885, 0.9820228240271109, 1.0022546741128724]
00232831,93048,390346,742,1;[60220, 1068, 1.0074655194483435, 0.9772295374079115, 65.41557014703079, 0.9913233628504808, 1.006005629755849]
00232831,93048,390346,742,2;[36023.68, 754, 1.1820072772154882, 0.975194568199687, 145.89823339616314, 0.9858882366313425, 1.007957912962408]
00232831,93048,390346,742,3;[30371.530000000002, 664, 1.0089733402220478, 0.9955065153366602, 110.20559259267367, 0.9896436106369197, 1.003848940409346]
00232831,93147,390953,359,1;[28614, 804, 1.0032679635817676, 0.9797642027110547, 76.11960080236409, 0.9935266967839056, 1.0029442691903259]
00232831,93147,390953,359,2;[32495.329999999998, 730, 1.0010910926167107, 1.0181539503852286, 138.38844875947652, 0.9872961394964037, 1.0066911209009972]
00232831,93147,390953,359,3;[44651.04, 780, 1.1265940771710539, 0.9490983104198878, 135.99181647196534, 0.9850378115291741, 1.0061277725469615]
00232831,93165,391039,287,1;[39866, 864, 1.0298398293658304, 0.9959000629021967, 86.7554628668432, 0.992586344484783, 0.9994735126733021]
00232831,93165,391039,287,2;[58477.79, 974, 1.0269415973797502, 0.9712203717647845, 110.17502078317794, 0.9861528678999373, 1.0036866453569715]
00232831,93165,391039,287,3;[47685.590000000004, 804, 1.0360607644632402, 0.94115180619928, 106.98442230112188, 0.9887037694940279, 9999]
00232831,93165,391039,289,1;[28699, 810, 1.00818441333912, 0.9786705332760606, 77.15163995602295, 0.9933617731220881, 0.9997039101280153]
00232831,93165,391039,289,2;[29376.34, 706, 1.0029025862775742, 1.0184988224387705, 115.10771404046059, 0.9898791421656763, 1.0058060178866095]
00232831,93165,391039,289,3;[29242.65, 658, 1.0054347153086407, 1.016919426240819, 136.91117619523283, 0.9875221844265234, 1.0027482207032625]
00232831,93165,391039,290,1;[29374, 836, 1.0333035036256313, 0.9688302861139513, 84.38927192001452, 0.9925713888783438, 1.00454840805718]
00232831,93165,391039,290,2;[48306.86, 868, 1.1486846561401474, 0.9733066559966124, 138.39645165229948, 0.9857525522417887, 1.0036095727848102]
00232831,93165,391039,290,3;[28849.460000000003, 652, 1.0052699092288533, 1.0203944978101065, 115.91342784668967, 0.98962519814608, 1.003669987131214]
00232831,93328,391868,72,1;[53913, 1002, 1.0197885864858176, 0.9823802569413564, 73.40299224254385, 0.9925419384832258, 1.0061398925052254]
00232831,93328,391868,72,2;[30416.399999999998, 710, 1.0438726826922544, 0.9772929921499058, 127.79972348039183, 0.989214036519754, 9999]
00232831,93328,391868,72,3;[54501.340000000004, 870, 1.009712309967718, 1.0058363780854904, 98.19940865914353, 0.988407161462243, 9999]
00232831,93328,391868,73,1;[53548, 998, 1.0189524065939604, 0.9797690597906243, 70.54455465725476, 0.9923345736926806, 1.0058606957697798]
00232831,93328,391868,73,2;[32314.449999999997, 730, 1.0032959324346369, 1.0173005886922057, 119.24168662801405, 0.9887060503406242, 1.0007739367583106]
00232831,93328,391868,73,3;[56224.8, 882, 1.0097929346542687, 1.0019868142286004, 108.93376190051036, 0.985441320762081, 9999]
00232831,93328,391868,74,1;[58872, 1058, 1.0073440151434425, 0.9871881459772484, 66.68563326524257, 0.9914655171775439, 1.0050875815208113]
00232831,93328,391868,74,2;[56247.729999999996, 944, 1.126253123694444, 0.9646773931279856, 122.14461848641795, 0.984343955618227, 1.0040039508480516]
00232831,93328,391868,74,3;[54302.69, 864, 1.013030303116915, 1.0093036032740614, 115.46933163720168, 0.98485697905831, 9999]
