02311399,93075,390493,505,5;[86042.95, 1362, 0.9555920838159014, 1.1345810667258465, 82.27595437402712, 0.991080188115443, 1.0004635298838407]
02311399,93075,390493,505,7;[81298.08, 1086, 0.9650111120484995, 1.0781831253402852, 173.3710826526623, 0.9805660430966561, 1.0073175355450237]
02311399,93075,390493,506,4;[83589, 1320, 0.9505401781183775, 1.0841849300300463, 67.08895089772781, 0.9853139691803798, 1.000999934136075]
02311399,93075,390493,507,6;[67421.81000000001, 1126, 0.9484178700553109, 1.4753305278166322, 150.4489655680577, 0.9873359177118431, 1.0076474984387638]
02311399,93075,390493,508,4;[87108, 1402, 0.9721211355987104, 1.0886376193134695, 124.71022811809227, 0.983581860833374, 1.0003330309259408]
02311399,93075,390493,508,5;[73559.84999999999, 1230, 0.9421780638605427, 1.0677443536761215, 82.78376072472034, 0.9841608426499082, 0.9836574265618535]
02311399,93075,390493,510,7;[63430.74, 1076, 0.9654947222931691, 1.0745407655153256, 124.34448848713588, 0.9879416992435422, 0.9943754871979372]
02311399,93075,390493,511,6;[83335.73000000001, 1200, 0.9503355322902217, 1.0835589070121359, 174.75909495043365, 0.9771120977283557, 1.000098646893445]
02311399,93080,390528,185,4;[68485, 1314, 0.9516464376585336, 1.0585320452970743, 65.32215208660566, 0.989374658873853, 0.9697128454916176]
02311399,93080,390528,185,5;[86058.42, 1236, 0.9350626537158349, 1.0682451187111692, 89.14857559166659, 0.9813648329370748, 1.0049400729546638]
02311399,93080,390528,186,6;[69738.48000000001, 1142, 0.9588219922553595, 1.0888848272837308, 130.95576648425774, 0.9839058340176396, 1.0011800802454567]
02311399,93080,390528,186,7;[85032.81, 1120, 0.96553110780541, 1.1046936601207422, 223.14687478845298, 0.9765668207799976, 1.0041374575413746]
02311399,93080,390528,187,6;[91333.79000000001, 1240, 0.9519051346783644, 1.090304301203618, 100.56633043401673, 0.9834235291626735, 1.0028883038736367]
02311399,93080,390528,188,4;[66578, 1338, 0.9689643637144406, 1.0798641161246496, 90.07723586653758, 0.9907691046530632, 0.9407425933349713]
02311399,93080,390528,188,5;[69824.44, 1236, 0.9500803244540603, 1.1159088554067231, 122.65917512039024, 0.9834577541376469, 0.99857045609258]
02311399,93080,390528,188,7;[69423.75, 1072, 0.9769608725686307, 1.0832256522492274, 135.91232157923568, 0.9844514420442005, 0.998163159805097]
02311399,93086,390573,629,4;[90595, 1408, 0.9601983248340484, 1.0989602634381546, 159.44241736849511, 0.979160254811988, 0.9874168251598101]
02311399,93086,390573,629,7;[74800.17, 1070, 0.9666532680351463, 1.101466929448121, 185.41180724453545, 0.9797393632277667, 1.0039221323257628]
02311399,93086,390573,630,5;[68854.59, 1200, 0.9564954399854746, 1.1036090019026576, 142.50843121754698, 0.9840838910638433, 1.0033032486279814]
02311399,93086,390573,631,6;[89040.41, 1230, 0.9650008060422635, 1.0943777706338753, 115.89073510018285, 0.9850106532660535, 1.0034816844868182]
02311399,93128,390833,426,4;[91228, 1408, 0.9627810542734208, 1.099611468150096, 109.63874925010184, 0.9878933872636578, 0.9730156359990614]
02311399,93128,390833,427,5;[70749.06999999999, 1210, 0.9618932585321717, 1.1073820550578515, 135.15885993853934, 0.9841572180834248, 1.0018705132958108]
02311399,93128,390833,427,6;[66613.51000000001, 1124, 0.9580431101594341, 1.1204706025273443, 131.17225490855165, 0.9835570727206391, 0.954262219474619]
02311399,93128,390833,427,7;[85892.67, 1070, 0.9534428947669578, 1.1016316949953, 170.05221571655363, 0.9734605052035102, 1.0060752688172043]
02311399,93189,391181,236,6;[81509.52, 1142, 0.9329838890602182, 1.0495540867239346, 96.51085935426377, 0.9804212795593384, 1.004236644442569]
02311399,93189,391181,236,7;[65695.14, 1056, 0.9655998320249967, 1.1232401720345224, 170.24521619728043, 0.9811883286456917, 1.000221298205155]
02311399,93189,391181,237,4;[65752, 1312, 0.948904826667069, 1.0646816663105134, 84.4963748515905, 0.9869278415661213, 0.9639571620205101]
02311399,93189,391181,237,5;[86574.87999999999, 1252, 0.9377454898237277, 1.096959985201279, 126.50481245992316, 0.970444297515701, 1.0046953543611556]
02311399,93189,391181,240,4;[65896, 1230, 0.9701711085187754, 1.0817012343421009, 97.28163765319982, 0.9881109288913957, 0.9939289727520231]
02311399,93189,391181,240,5;[80288.11, 1244, 0.9363314078819691, 1.0584838759489907, 87.4553677994044, 0.9816994636485578, 0.9990005404484982]
02311399,93189,391181,240,6;[81186.20000000001, 1146, 0.9361412538865512, 1.0695912292614682, 105.21929856285247, 0.9796396656945991, 1.005062625611628]
02311399,93189,391181,240,7;[68381.82, 1048, 0.9476696411592074, 1.065732931946931, 102.64203935973275, 0.9823647610994528, 1.0048676297004102]
02311399,93224,391280,473,5;[76575.31, 1164, 0.9574976050721437, 1.084461611713804, 138.74663723776396, 0.9814015646228291, 1.006215647795595]
02311399,93224,391280,474,4;[53444, 1120, 0.9388187111651705, 1.0976341836601666, 106.84690806009121, 0.9859385052624773, 0.997824889610814]
02311399,93224,391280,475,6;[86264.79000000001, 1154, 0.9408282877580856, 1.0689882169252345, 85.74047924913006, 0.9811416983209786, 1.004939552328133]
02311399,93224,391280,475,7;[66267.36, 1058, 0.9536315813874001, 1.0763535589139055, 94.2727023143911, 0.9848297483971333, 1.0045342270360536]
02311399,93224,391280,477,4;[64752, 1302, 0.9806585764493394, 1.081729271427704, 94.69385259079712, 0.989898149998383, 0.9839906998655128]
02311399,93224,391280,477,5;[67254.04, 1240, 0.962668967457705, 1.107037407640297, 119.48578156878798, 0.9867921814986109, 0.9969042978224248]
02311399,93224,391280,478,6;[87769.05, 1264, 0.9439972029743442, 1.0987461189024643, 94.60975716244985, 0.9873710498312049, 1.0026370771482005]
02311399,93224,391280,479,7;[77395.05, 1004, 0.967653165121396, 1.0733288210676881, 109.51502509200726, 0.9853484236611596, 1.0096504096683732]
02311399,93225,391287,509,5;[71078.7, 1224, 0.9452609137029319, 1.0653774939257505, 84.95525955232253, 0.9843745363590706, 0.9981951268424747]
02311399,93225,391287,509,6;[82960.35, 1198, 0.9375466426945106, 1.1044596121678791, 154.3942982010065, 0.9693794528899301, 1.0069424236125546]
02311399,93225,391287,510,7;[82206.9, 1080, 0.9506830954419829, 1.0743201414242685, 83.74210259592138, 0.9803405819847542, 1.0029025002566518]
02311399,93225,391287,511,4;[99471, 1462, 0.9673248615658481, 1.0955339117458653, 116.56833102507208, 0.9891260705561092, 0.9511838280293757]
02311399,93225,391287,512,6;[81917.78000000001, 1142, 0.9635274477701283, 1.0737937219728966, 134.52522274997887, 0.9818763018447249, 1.0045697389200632]
02311399,93225,391287,512,7;[75399.93000000001, 1080, 0.9710962680091021, 1.0915775063468967, 170.9349143553173, 0.9809440480360193, 1.0013919227838455]
02311399,93225,391287,513,5;[74335.73, 1224, 0.9387705965737834, 1.0543103527802662, 84.4083153219852, 0.9824821495111598, 0.999472]
02311399,93225,391287,514,4;[67394, 1326, 0.9524054195935936, 1.0640462098420327, 77.68292860577877, 0.9861199806651479, 0.9721386791296132]
02311399,93244,391403,132,4;[69295, 1246, 0.9583603237963505, 1.1018150379709513, 90.55326852928117, 0.9870092925092202, 0.9989332410731018]
02311399,93244,391403,132,5;[69050.94, 1168, 0.950719645014615, 1.1200018744905607, 115.17445188465778, 0.9829873349515016, 1.0009487502371877]
02311399,93244,391403,133,6;[83893.32, 1194, 0.9412301595072877, 1.0704098443781713, 77.48731917034162, 0.988520475867885, 1.0020044670981043]
02311399,93244,391403,133,7;[79587.54000000001, 1148, 0.959132597743941, 1.111019066612961, 143.592905952357, 0.9793222985354777, 1.0020998285461096]
02311399,93244,391403,134,4;[91711, 1424, 0.9617911634154087, 1.0909893004896227, 85.83456820393427, 0.9888464059638975, 0.9872756827748054]
02311399,93244,391403,134,5;[83739.11, 1232, 0.9429419108166889, 1.095917195221171, 121.06579482413478, 0.9830255944571482, 1.0028788461812532]
02311399,93244,391403,135,7;[68703.12, 1040, 0.9654925719039159, 1.0955044601566697, 133.4968127139798, 0.9821256518015271, 1.0076181714144667]
02311399,93244,391403,136,6;[68621.93000000001, 1044, 0.9477263557681599, 1.092073164490372, 114.612614549568, 0.981279080329358, 1.0028630921395107]
02311399,93249,391442,137,5;[66374.62999999999, 1194, 0.9406407331282131, 1.1000113542897456, 109.60223408121861, 0.9817918587477296, 0.9849199201850577]
02311399,93249,391442,137,7;[85214.88, 1092, 0.9495414248476353, 1.0775913357218645, 141.72130872849831, 0.9724951855811911, 1.0063147624511035]
02311399,93249,391442,138,4;[89440, 1366, 0.9585990599789921, 1.0827854807383055, 83.38728619872485, 0.9861385162188678, 0.9899883224767418]
02311399,93249,391442,138,6;[87066.24, 1132, 0.9418338497421272, 1.0760905042388476, 96.6457080504411, 0.9781657381543485, 1.00733085537213]
02311399,93340,391956,66,6;[87077.20000000001, 1192, 0.9495376233350655, 1.0728984188085522, 81.94007399887272, 0.9792982916035727, 1.0037506415571085]
02311399,93340,391956,66,7;[61443.270000000004, 1040, 0.975813210162557, 1.09631369917815, 147.8741805773274, 0.9851492539925313, 0.9938378538903188]
02311399,93340,391956,67,4;[84272, 1306, 0.9486479623398557, 1.0717662186285641, 73.26492382453829, 0.9824948500053365, 1.0020570993709794]
02311399,93340,391956,67,5;[69526.94, 1236, 0.9469810167056517, 1.1345056101438784, 125.53781080516707, 0.9814150224126598, 0.998027040646379]
02311399,93392,392137,761,5;[72712.56999999999, 1258, 0.9457140311473642, 1.1061791020273708, 135.2331735411033, 0.9819661790851355, 0.9950980392156863]
02311399,93392,392137,761,6;[68150.65000000001, 1106, 0.9430763999545346, 1.0819217081234007, 110.18220889914947, 0.9825392905346045, 0.980815489569778]
00405361,93027,390264,296,4;[12839, 542, 1.0371755858225515, 0.8192541817955343, 133.9439713613636, 0.9866994722179003, 1.0054820267836166]
00405361,93027,390264,296,6;[15541.28, 466, 1.0264148717629604, 0.9162148475045279, 143.79289850071245, 0.9828454399048672, 1.0048274945746047]
00405361,93027,390264,296,7;[9938.880000000001, 412, 1.045948660085347, 0.6994546512578137, 195.51401685934454, 0.9801123542123628, 1.0040961434423061]
00405361,93027,390264,297,4;[12717, 538, 1.029695502433568, 0.8254185325048149, 124.96584145472652, 0.9873482115763039, 1.008925383791503]
00405361,93027,390264,297,6;[9739.33, 444, 1.0061753083849632, 0.9908517774573833, 203.71431003740256, 0.944313150763446, 0.9874982636477289]
00405361,93027,390264,297,7;[21579.12, 508, 1.0317608218183394, 0.9087691490008606, 255.17339805694309, 0.9572466361088711, 1.0080405960761891]
00405361,93027,390264,298,4;[12790, 540, 1.020223152623917, 0.7938414751574868, 139.75534340172658, 0.9879258944941127, 1.006809147085449]
00405361,93027,390264,298,5;[23590.559999999998, 606, 1.0158065754265095, 0.901831953766564, 132.75393684786437, 0.980788912417062, 1.007010057909174]
00405361,93027,390264,298,6;[12090.250000000002, 456, 1.0366749594071807, 0.6294036834107355, 205.80764787891334, 0.9814809841001928, 1.0111715840733315]
00405361,93027,390264,298,7;[10050.57, 412, 1.0328458033930803, 0.9214090244183114, 191.23394568293477, 0.9761225507783741, 1.0015246226558927]
00405361,93027,390264,299,4;[14475, 546, 1.0288284380297619, 0.907865184634809, 137.17033523613762, 0.985271106280948, 0.95784806776072]
00405361,93027,390264,299,5;[13963.46, 482, 1.0168138422884765, 0.8909228982114338, 134.32405742081423, 0.9838123316119957, 0.9979164009014755]
00405361,93027,390264,299,6;[9168.04, 412, 0.9349625341129458, 0.8983507479930622, 166.9486733034858, 0.9546728543580579, 1.0230851551750497]
00405361,93027,390264,299,7;[11915.64, 390, 1.035181936001088, 0.9157000238737186, 137.93764282508354, 0.9854308547060142, 1.0038669760247487]
00405361,93048,390345,677,4;[12401, 540, 1.0318801823023749, 0.8911671430880206, 141.25766747965474, 0.988013974333707, 0.998872331856625]
00405361,93048,390345,677,6;[26973.93, 610, 1.0155834897102165, 0.9068462531316985, 130.91805769374827, 0.979892562841841, 1.0074707056234968]
00405361,93048,390345,677,7;[9911.34, 414, 1.034758177453304, 0.8886566728645581, 199.65445519560095, 0.9769313816988477, 9999]
00405361,93048,390345,678,4;[12450, 538, 1.0348735692804991, 0.7493018983811571, 146.90461704647845, 0.9871340987618922, 1.0075260985676135]
00405361,93048,390345,678,6;[9535.2, 438, 1.0071427007786617, 0.9943872582860807, 187.3288435302469, 0.9520163429984299, 0.9785588752196837]
00405361,93048,390345,678,7;[9684.9, 408, 1.0417243978825468, 0.8804186249827082, 211.33049751171936, 0.9751418070322939, 1.0019786307874952]
00405361,93048,390345,679,4;[12333, 540, 1.0347767620783364, 0.9885552352041799, 140.69587157057927, 0.9876260432407916, 0.9989874853185371]
00405361,93048,390345,679,5;[15788.92, 496, 1.0166666909632907, 0.9185959631667351, 139.87033817620494, 0.9836891705175967, 1.0077089583412449]
00405361,93048,390345,679,6;[8888.560000000001, 410, 0.9253168762829784, 0.8832713783868038, 150.05070547520876, 0.9609923150504753, 1.0219736945735214]
00405361,93048,390345,679,7;[13046.31, 404, 1.0303814511235168, 0.912571582573755, 155.69241291002766, 0.9840234214306676, 1.0081579569638213]
00405361,93048,390345,680,4;[12706, 540, 1.0617434073526475, 0.6942914019682981, 155.1328559192041, 0.9869584022028678, 1.0106184132034202]
00405361,93048,390345,680,6;[26639.65, 608, 1.0162602369409526, 0.9093629974321836, 153.795344577445, 0.9736092711349132, 1.008505782895078]
00405361,93048,390345,680,7;[9926.64, 414, 1.0395795312219196, 0.8696982287874542, 230.60035486784656, 0.9739146128768502, 0.9993068925683481]
00405361,93048,390345,681,4;[24559, 684, 1.0185716347612255, 0.9157480811414772, 118.5070041841712, 0.985184099047128, 1.005136390611251]
00405361,93048,390345,681,6;[9174.890000000001, 410, 1.014441548935335, 0.9713877972726783, 150.099802888068, 0.9582286572674179, 1.022442748091603]
00405361,93048,390345,681,7;[9886.86, 412, 1.042172778015882, 0.8407511916132234, 245.98012679672627, 0.9761838873676798, 1.006150253016738]
00405361,93048,390345,682,4;[12291, 536, 1.0358257734970924, 0.845643781686201, 128.26536711921983, 0.9888347487037353, 0.9997559785261103]
00405361,93048,390345,682,5;[11914.279999999999, 492, 1.0185203675580334, 0.8284337952118688, 137.75506657727803, 0.9871844722956294, 1.0061300371821928]
00405361,93048,390345,682,6;[9631.1, 446, 1.0071512178593152, 0.9878729870136401, 159.3379622311807, 0.9629958147465367, 1757.5]
00405361,93048,390345,682,7;[9810.36, 416, 1.0605090389620107, 0.6700903936588657, 211.00709367779115, 0.9822189785250853, 0.980203317281969]
00405361,93048,390345,683,4;[12301, 542, 1.1172297172067132, 0.9980379804224224, 138.9687427726168, 0.9879813258367419, 0.9963147450694528]
00405361,93048,390345,683,6;[12358.77, 450, 1.0039692907862905, 0.9752064537570121, 144.72633928771023, 0.9771421817769969, 1.0105864560578055]
00405361,93048,390345,683,7;[9658.89, 412, 1.0439223476885846, 0.6926297269120267, 190.11582749641724, 0.9824788846041539, 1.0023021354290704]
00405361,93048,390345,684,4;[15225, 542, 1.0158263980666455, 0.9102344707064484, 103.08052778155272, 0.9865455587075882, 1.004453240969817]
00405361,93048,390345,684,5;[24706.78, 620, 1.0092203842312948, 0.9182819858526524, 119.67954842861099, 0.9841599380053977, 1.0073261850468196]
00405361,93048,390345,684,6;[8833.76, 410, 1.0173296000415504, 0.97087765294686, 170.21740380696343, 0.949250627869791, 1.0172753806105546]
00405361,93048,390345,684,7;[10078.11, 434, 1.0068373034968614, 0.999242925250667, 221.9394440004162, 0.9644572280935771, 0.9992415048543689]
00405361,93051,390360,877,4;[12509, 538, 1.0538986146076639, 0.6740040194495502, 168.2970353610904, 0.9855654876674265, 1.0090751421772275]
00405361,93051,390360,877,6;[10506.53, 436, 1.0083945534157184, 0.9651834948577694, 146.38210627087193, 0.9683679470489189, 1533.8]
00405361,93051,390360,877,7;[13829.67, 410, 1.0312635840692241, 0.9129769382511744, 160.02806099033063, 0.9829585310456739, 1.0071309192200557]
00405361,93051,390360,878,4;[12516, 540, 1.0474815414860672, 0.6636272472356172, 168.42266719033427, 0.986411963284634, 1.0086227737932145]
00405361,93051,390360,878,6;[11599.79, 452, 1.0293624958131722, 0.8750189714112285, 124.01602911258996, 0.9869538764600333, 0.9896557769855648]
00405361,93051,390360,878,7;[24180.12, 548, 1.0305477608671356, 0.9077884035535159, 168.7070256277931, 0.9734742303515413, 1.0083904929015792]
00405361,93051,390360,879,4;[12345, 544, 1.1210271712547581, 0.9924597335093241, 142.6786134045375, 0.9862562967619072, 0.9956448100653279]
00405361,93051,390360,879,6;[11825.84, 454, 1.0231808373537157, 0.8490475425623387, 134.7330606788992, 0.9858460459800858, 0.9951579432787642]
00405361,93051,390360,879,7;[9580.86, 406, 1.048850648867014, 0.6751371088958672, 170.88241867477598, 0.9827449283422974, 1.0149108589951377]
00405361,93051,390360,880,4;[12410, 536, 1.0342903213756345, 0.9682350013691629, 137.47000079320253, 0.9856037348014401, 0.9945902624724504]
00405361,93051,390360,880,6;[9232.43, 412, 1.003551213737175, 0.9666247704802431, 155.89174347630401, 0.9633049404642673, 1.020983258844027]
00405361,93051,390360,880,7;[9515.07, 408, 1.0539879005536672, 0.6848664112883673, 179.4729575299451, 0.9815727593176752, 1.0159274687576574]
00405361,93062,390398,1044,4;[26910, 710, 1.017033406208593, 0.9006965046122081, 148.06143706984645, 0.9753288696340496, 1.0058309037900874]
00405361,93062,390398,1044,6;[10562.7, 438, 1.0019050830338418, 0.9642251078670283, 153.74442557812264, 0.9658889154026341, 0.9979936573684551]
00405361,93062,390398,1044,7;[10007.73, 410, 1.0379148090834527, 0.8901882095141846, 202.4645738044937, 0.9756345846225122, 1.0000764467548353]
00405361,93062,390398,1045,4;[12266, 540, 1.1155669668854247, 0.9901893786582795, 124.6881876273823, 0.9864567033043519, 0.9941643702382882]
00405361,93062,390398,1045,6;[12210.810000000001, 454, 1.016280075338382, 0.9375262467544859, 139.07054003966925, 0.9836650765693029, 1.011404255319149]
00405361,93062,390398,1045,7;[10056.69, 412, 1.0318900565890607, 0.9501651286338416, 185.67103388820397, 0.9768431317227767, 1.0058918050348151]
00405361,93062,390398,1046,4;[15171, 546, 1.02028997355763, 0.8865683692151901, 110.4527766702868, 0.9864024868464802, 1.001650600818698]
00405361,93062,390398,1046,6;[8648.810000000001, 410, 1.0183115776468503, 0.9695673912376537, 172.82549796686013, 0.9428838641432105, 1.0087887503994886]
00405361,93062,390398,1046,7;[13554.27, 408, 1.0343535657369163, 0.9112300927658711, 170.0008915545451, 0.9825355355117391, 1.0085382513661203]
00405361,93079,390520,56,4;[13489, 550, 1.0415756823112876, 0.7085067715033103, 152.17330925572315, 0.9881318222661293, 1.0060036543983295]
00405361,93079,390520,56,5;[11645.34, 482, 1.0037766415140637, 0.9758177440905178, 138.24907929782165, 0.9782462104216536, 1.004104247896573]
00405361,93079,390520,56,6;[12775.250000000002, 452, 0.9990521939530005, 0.9747380783794982, 140.53784069622964, 0.9790606304225906, 1.008271611612694]
00405361,93079,390520,56,7;[10555.47, 414, 1.024200448080227, 0.6788096637370564, 182.87583170607667, 0.983200030875006, 1.0114352734203196]
00405361,93079,390520,57,4;[13651, 606, 1.0281416004688844, 0.7668437275807534, 129.25627135668555, 0.9885830355035664, 0.9788820766555519]
00405361,93079,390520,57,5;[12894.84, 498, 1.0324741739880676, 0.8261869601997941, 137.7310644455458, 0.9873913829738779, 1.0065954482117976]
00405361,93079,390520,57,6;[13486.28, 482, 1.0292770217870673, 0.9070224453851147, 149.20317136681336, 0.9838446982655255, 0.9131725417439703]
00405361,93079,390520,57,7;[24574.86, 548, 1.0307063012939173, 0.9041273939846092, 195.61025935370805, 0.971319002823514, 1.00907805874038]
00405361,93100,390650,1332,4;[13033, 548, 1.0282751894466673, 0.8460659022517317, 121.4762998539824, 0.9895075154532644, 1.0067202224625367]
00405361,93100,390650,1332,5;[12583.06, 496, 1.0167605810007425, 0.8628393597917582, 129.99665258575257, 0.9880123918326696, 1.005276417740172]
00405361,93100,390650,1332,6;[12242.320000000002, 456, 1.01946256828573, 0.9801086982933518, 122.71777718181154, 0.9881602897828193, 1.000111919418019]
00405361,93100,390650,1332,7;[10185.210000000001, 412, 1.044725695197524, 0.6881819788862059, 195.7155590939655, 0.9828460632216609, 1.0153283001601465]
00405361,93100,390650,1333,4;[12670, 536, 1.0267094593043662, 0.6800987730992347, 140.71221539154834, 0.9889233377469628, 1.0030876415169028]
00405361,93100,390650,1333,6;[12312.19, 454, 1.055651125762911, 0.6164111604834162, 180.79724024416961, 0.9856030673059185, 4493.5]
00405361,93100,390650,1333,7;[20352.06, 494, 1.0266721305249427, 0.9317508820381202, 173.40633925507694, 0.9726633908049416, 1.0060505218575102]
00405361,93100,390650,1334,4;[12871, 550, 1.010889446810495, 1.0120134147608788, 129.27805486840762, 0.9872057912703516, 0.9932093525735011]
00405361,93100,390650,1334,6;[19232.06, 508, 1.0253169916294764, 0.9286924941350744, 200.56826402676327, 0.9687441506607997, 1.0036462429398727]
00405361,93100,390650,1334,7;[9897.57, 408, 1.0360932438363688, 0.9170619896571873, 173.37938551768232, 0.9815336915561155, 1.001160721194769]
00405361,93114,390743,1982,4;[12844, 538, 1.0319721121509526, 0.809660307927601, 150.14903811809876, 0.9871889485505382, 1.00433983657192]
00405361,93114,390743,1982,6;[9384.5, 414, 1.0176365461653014, 0.9774705873118028, 184.87008675064166, 0.9487289773112697, 1.0272945410917818]
00405361,93114,390743,1982,7;[10368.81, 410, 1.031629186226044, 0.9885513875757996, 168.27815362596215, 0.9764788016478103, 1.00147775971627]
00405361,93114,390743,1983,4;[16092, 572, 1.0057876887274042, 0.9235387544104465, 100.12298289642212, 0.9895513860261083, 0.9998757300857463]
00405361,93114,390743,1983,5;[12366.48, 492, 1.0068671133053297, 0.8077222143121524, 140.2265305131024, 0.9867553730217331, 1.0081490104772992]
00405361,93114,390743,1983,6;[8895.41, 410, 1.0110998303709804, 0.9050596792492596, 184.17838524113648, 0.941373663309904, 1.0162779777742996]
00405361,93114,390743,1983,7;[9997.02, 410, 1.0329302235713003, 0.7165805821524617, 183.45475946641096, 0.9823992612024111, 1.0167276122306077]
00405361,93114,390743,1984,4;[12611, 544, 1.1010771762469944, 0.9876951658594176, 151.9001218199045, 0.9861727299763146, 0.9960115310192316]
00405361,93114,390743,1984,6;[24753.160000000003, 578, 1.00909647235729, 0.9098752852181039, 137.04136746435586, 0.9800835948066019, 1.0073033394659086]
00405361,93114,390743,1984,7;[10188.27, 414, 1.043322508968279, 0.8724864761298392, 212.55917564066874, 0.9759803866962162, 1.0049803803199517]
00405361,93114,390743,1985,4;[13005, 546, 1.0819624783459714, 0.6647764079607433, 175.57896830301294, 0.9861933059395026, 1.0042471042471042]
00405361,93114,390743,1985,5;[12530.699999999999, 494, 1.0217681145478013, 0.8356407120502811, 131.74661193793222, 0.9868007327139139, 1.0062111801242235]
00405361,93114,390743,1985,6;[9673.570000000002, 418, 1.0055022437708037, 0.9756680664763492, 153.15693889653164, 0.9609031535195691, 1.0137832017229003]
00405361,93114,390743,1985,7;[11816.19, 392, 1.0397788318999732, 0.9165321730576639, 138.12277368429923, 0.9858375815885618, 1.0055989583333333]
00405361,93114,390743,1986,4;[13004, 548, 1.1015070601014003, 0.9969519540388744, 142.75170588578905, 0.985716642053177, 0.998541042770483]
00405361,93114,390743,1986,5;[12440.26, 494, 1.0172509391752207, 0.8280165403410673, 135.43115763172463, 0.986068506811673, 1.0078573150156664]
00405361,93114,390743,1986,6;[12475.220000000001, 466, 1.0082133250570553, 0.9981584050700596, 168.112636156886, 0.9815819888073533, 0.9978084593469209]
00405361,93114,390743,1986,7;[10889.01, 424, 1.034299294437582, 0.8093863780939509, 192.42936146013088, 0.9841136061457252, 1.010435152977923]
00405361,93122,390796,1583,4;[12968, 544, 1.0441323808869658, 0.7011859821956559, 153.44592844336964, 0.9880150426251212, 1.007458048477315]
00405361,93122,390796,1583,5;[12396.23, 494, 1.0345884572487516, 0.8137037930822747, 136.51287130047692, 0.9878031648624265, 1.0057931833542533]
00405361,93122,390796,1583,6;[11014.800000000001, 438, 1.0025556204443196, 0.9619483952642602, 166.9178835994708, 0.9665561875017603, 0.9998756373585375]
00405361,93122,390796,1583,7;[21888.18, 512, 1.0302087667230888, 0.899033285977717, 183.38274695038535, 0.9756994315103207, 1.0088501815873911]
00405361,93122,390796,1584,4;[12633, 548, 1.1110705374621848, 0.9967491661961689, 139.61823336152344, 0.9872281275911445, 0.9931213395699855]
00405361,93122,390796,1584,6;[8925.550000000001, 410, 1.006959244037708, 0.8935925373405027, 172.26089026194308, 0.9483199884764484, 210.16129032258064]
00405361,93122,390796,1584,7;[10287.72, 416, 1.0593214172496666, 0.6674227962766471, 210.90611328071893, 0.9818071230253462, 1.005157336123776]
00405361,93122,390796,1585,4;[13192, 548, 1.0496808374944313, 0.7074125371394299, 170.67609747189334, 0.9871819604303815, 1.005641103826803]
00405361,93122,390796,1585,5;[12514.039999999999, 496, 1.030398270884302, 0.8044427375233646, 141.56291335025227, 0.9873006030966983, 1.0082454458293384]
00405361,93122,390796,1585,6;[8515.92, 408, 1.0200599219414652, 0.9758234178862256, 151.1895789319619, 0.9494424836920017, 1.0058252427184466]
00405361,93122,390796,1585,7;[10347.39, 414, 1.0352323029583215, 0.9627093132466951, 185.80975357244412, 0.9773103066397248, 1.0017033251869956]
00405361,93122,390796,1586,4;[14222, 594, 1.1512612336200758, 0.9014547388290213, 126.21777843050015, 0.9882288046440284, 0.885443904868634]
00405361,93122,390796,1586,5;[23381.12, 598, 1.013528962339595, 0.9205151092955645, 149.07686519844572, 0.9735244489329596, 1.0060935019714272]
00405361,93122,390796,1586,6;[19451.260000000002, 510, 1.0207952318420823, 0.9230970210566777, 133.54909320834003, 0.9828043108990161, 1.0072003688858937]
00405361,93122,390796,1586,7;[10039.86, 412, 1.0345794706591054, 0.6575801527352768, 197.41392185387548, 0.9823657651418684, 1.0142194744976816]
00405361,93135,390891,791,4;[14724, 608, 1.0154051760020846, 0.8975049401564639, 116.35599173945626, 0.9865702950793961, 0.8878437047756874]
00405361,93135,390891,791,5;[12727.05, 496, 1.0186126397625168, 0.9910836369312491, 144.9328471362383, 0.9848628817398569, 1.0054526652251574]
00405361,93135,390891,791,6;[10369.53, 452, 1.0059858625684697, 0.993812685503072, 179.94113475491346, 0.9517096695738729, 0.9764561697735922]
00405361,93135,390891,791,7;[10742.130000000001, 420, 1.028912314788239, 0.9922589809707337, 177.08180823824978, 0.979097015538204, 0.9960278053624627]
00405361,93135,390891,792,4;[13007, 550, 1.0964702713514103, 0.9950986677804293, 145.19352561748616, 0.9858315299408543, 0.9966286108344188]
00405361,93135,390891,792,5;[13869.449999999999, 536, 1.0004843746774503, 0.9687215184141185, 121.63888567967021, 0.9839693740155877, 0.9905660377358491]
00405361,93135,390891,792,6;[12906.77, 462, 1.012265458910573, 1.0004798903935095, 160.95020705746677, 0.9821900303518122, 1.0116510067114095]
00405361,93135,390891,792,7;[10289.25, 414, 1.0199676918350125, 0.6883974510036815, 186.28540734611073, 0.9841551266357038, 1.0063598952487842]
00405361,93138,390911,1124,4;[13037, 544, 1.011806262819433, 1.007836642817406, 120.4074144756565, 0.9875162753546592, 0.9972462326933375]
00405361,93138,390911,1124,5;[12685.4, 496, 1.017574911445995, 0.8971217057673798, 128.90866910765618, 0.9872759572915849, 1.0079425113464449]
00405361,93138,390911,1124,6;[9727.0, 418, 1.002708077929369, 0.9640271858651533, 172.26661956995082, 0.9587886056388929, 1.0182861240588024]
00405361,93138,390911,1124,7;[10298.43, 414, 1.0379622499106655, 0.6697717475461756, 200.5878863869683, 0.9825681270922391, 1.0135521758771269]
00405361,93138,390914,1125,4;[12679, 546, 1.1073646212620611, 0.9965956176200705, 138.90025185918995, 0.9879038089369581, 0.9931461246230369]
00405361,93138,390914,1125,5;[12518.8, 496, 1.032595223481745, 0.8249395681935439, 134.5013540128265, 0.9878632566165886, 1.0087256688081312]
00405361,93138,390914,1125,6;[10007.85, 450, 1.011075020784445, 0.9942157952592212, 176.37098156124463, 0.9588189598204508, 9999]
00405361,93138,390914,1125,7;[10936.44, 430, 1.0873311951042404, 0.9049807525143727, 212.94034269045596, 0.9828371406225133, 1.0055567278610114]
00405361,93138,390914,1126,4;[27407, 726, 1.0139379423311923, 0.9152207220751079, 115.38184004855825, 0.9824415924689011, 1.0019009321878998]
00405361,93138,390914,1126,6;[12753.330000000002, 458, 1.0345228187177917, 0.6132928241424132, 201.7930401274666, 0.98363400064218, 1.0093245147999566]
00405361,93138,390914,1126,7;[18174.87, 466, 1.0385659568739969, 0.9164975871953849, 249.7950154006855, 0.9687591806630906, 1.0078479616510414]
00405361,93138,390914,1127,4;[13076, 548, 1.0167558378311696, 0.7330498489560157, 149.52658308806988, 0.9880819899685656, 1.0050730207532668]
00405361,93138,390914,1127,5;[14230.019999999999, 536, 1.0056467205038329, 0.9716266444986777, 119.00552396300364, 0.9860286967722237, 0.9894911046752172]
00405361,93138,390914,1127,6;[10431.18, 450, 1.00874401115719, 0.9925071453224641, 172.4593414021695, 0.9612748703232901, 9999]
00405361,93138,390914,1127,7;[11825.37, 434, 1.0038877653931662, 0.9919383351119809, 128.20159818938853, 0.9860803215018424, 0.9954920144255538]
00405361,93138,390914,1128,4;[12874, 550, 1.1160400386527274, 0.994173236525642, 138.4816345887104, 0.9869801791812927, 0.9958230198019802]
00405361,93138,390914,1128,5;[11244.31, 476, 1.0045619588952288, 0.976938468502971, 132.80312899887664, 0.9766645152175737, 1.0047317773406348]
00405361,93138,390914,1128,6;[24453.13, 574, 1.0195281791585182, 0.9103390437459266, 146.39280821189965, 0.9773492803378203, 1.0065698576060904]
00405361,93138,390914,1128,7;[24868.62, 556, 1.0263219125953738, 0.9135932084318842, 165.24714744902582, 0.9744162083897675, 1.0079374922485427]
00405361,93139,390917,12,4;[12897, 540, 1.1217477293706062, 0.83762160707292, 156.19130819063804, 0.9866246200716198, 1.0061239614619495]
00405361,93139,390917,12,5;[12893.65, 500, 1.0023763141054527, 0.9939447059059545, 132.3388568131827, 0.9845423144815226, 0.998939750149818]
00405361,93139,390917,12,6;[12808.130000000001, 460, 1.008151353294496, 0.9840307231685136, 165.25147063501166, 0.9816316564667361, 1.0116323107720608]
00405361,93139,390917,12,7;[11386.26, 432, 1.0052440719675169, 1.0030431786721519, 203.1286850116799, 0.9740521994092084, 1.0107293222871112]
00405361,93139,390917,13,4;[12918, 544, 1.0216202932556557, 0.7983280561539711, 134.90137711865293, 0.987890631620532, 1.0079194787968635]
00405361,93139,390917,13,5;[11609.64, 484, 1.0034086448469532, 0.976680028524339, 145.41765323665095, 0.9740036938058214, 1.0]
00405361,93139,390917,13,6;[10365.42, 448, 1.0044706099862852, 0.9861568922072227, 190.30046719645017, 0.9528197939806019, 0.9908328968046097]
00405361,93139,390917,13,7;[16363.35, 442, 1.0213423532158767, 0.9373414972437402, 179.34434762651307, 0.975036085251574, 1.0084390174909246]
00405361,93139,390917,14,4;[27045, 718, 1.0104102103243722, 0.9227111301319612, 121.25041468862817, 0.981336025253053, 1.0043449197860963]
00405361,93139,390917,14,5;[26135.969999999998, 640, 1.0061608858019233, 0.9135554375532823, 161.67846618571548, 0.9648699116286612, 1.004665843282558]
00405361,93139,390917,14,6;[18338.82, 498, 1.0198927198410819, 0.9126092166668236, 145.33464676898868, 0.9818021958840771, 1.0055588942307692]
00405361,93139,390917,15,7;[10341.27, 414, 1.0215516919477812, 0.8698427834999032, 175.39196793795452, 0.9802350303421659, 1.015932661957012]
00405361,93147,390951,262,4;[13025, 542, 1.0369038545547589, 0.9186563108209076, 150.00985243744955, 0.9868855505638463, 1.0051317667939963]
00405361,93147,390951,262,5;[27135.57, 658, 1.004800806760603, 0.9092024872717797, 138.4600751158443, 0.9756602216267635, 1.0057336920566313]
00405361,93147,390951,262,6;[9310.52, 414, 1.0033188811398441, 0.9708922822714783, 173.92016192813543, 0.9565287146540974, 1.0232628171346834]
00405361,93147,390951,262,7;[11409.210000000001, 428, 1.0037518337587044, 0.9679988872012314, 165.08043900438764, 0.9730001229448809, 1.0048510982347392]
00405361,93147,390951,263,4;[13734, 584, 1.0237287607187773, 0.9098505697430317, 124.75856519370421, 0.9876481239419802, 0.8772075495800467]
00405361,93147,390951,263,5;[12587.82, 496, 1.0169631853253251, 0.8259724541806219, 139.11935851205376, 0.9874632320904605, 1.0075245261453472]
00405361,93147,390951,263,6;[10520.230000000001, 450, 1.0055051475483188, 0.9839959947949516, 164.80469664882472, 0.9642255433815323, 9999]
00405361,93147,390951,263,7;[11582.1, 422, 1.0045562464821023, 0.9569510578104018, 145.05647075710903, 0.9796848735832422, 1.0119644408796205]
00405361,93147,390951,264,4;[12960, 542, 1.0182007608431558, 0.9271241651829222, 113.5743863201472, 0.9899908717277406, 1.0054305663304888]
00405361,93147,390951,264,5;[12585.439999999999, 496, 1.0142316865375032, 0.8272640002575518, 139.62498208790197, 0.9877802405605386, 1.007094224634576]
00405361,93147,390951,264,6;[10166.77, 448, 1.006047282208041, 0.9853725783705679, 179.7013465910952, 0.9622159339228554, 0.9909200160235011]
00405361,93147,390951,264,7;[24073.02, 548, 1.021861536584849, 0.9175168075485927, 197.36619470574612, 0.9484435400186079, 1.0054316569748867]
00405361,93165,391037,226,4;[12670, 550, 1.0085640977742847, 0.8902211482631708, 121.68792781634185, 0.9884159332480823, 0.9959517352513462]
00405361,93165,391037,226,6;[12561.53, 460, 1.007785109003518, 0.9979286376722608, 133.9719467693544, 0.9861707112174579, 305.6333333333333]
00405361,93165,391037,226,7;[11071.08, 420, 1.0047931127296754, 0.963240691296954, 146.23635508309258, 0.9777408558750514, 1.00843146819037]
00405361,93165,391037,227,4;[12835, 546, 1.0379901201713937, 0.7710642464551267, 138.8450947518507, 0.9878002868936538, 1.0037145650048875]
00405361,93165,391037,227,6;[9287.230000000001, 412, 0.9241966033515461, 0.8886884268721368, 161.67531666744657, 0.9550633025863379, 147.3695652173913]
00405361,93165,391037,228,7;[10553.94, 410, 1.02545289719073, 0.9171950650010443, 174.3331163161594, 0.97668983787996, 1.0115111078524819]
00405361,93165,391037,229,4;[12762, 550, 1.0315805135390013, 0.9898311169654981, 134.41777375835207, 0.9871984418277417, 0.9939252336448599]
00405361,93165,391037,229,5;[12405.75, 490, 1.0243729934851455, 0.946919646651469, 141.61387186539815, 0.9854520667492689, 1.0021629416005768]
00405361,93165,391037,229,6;[10461.320000000002, 472, 1.0049993944919717, 0.9923249658036163, 141.30488548638732, 0.9755331565072668, 9999]
00405361,93165,391037,230,7;[10094.94, 412, 1.0283634936303603, 0.6930000044189417, 179.7231960638595, 0.9816387305212004, 1.0171111453676585]
00405361,93165,391037,231,4;[13141, 546, 1.0927328178525355, 0.6405564842305461, 194.89397778090895, 0.9857637529321904, 1.0038577594438716]
00405361,93165,391037,231,5;[12757.99, 496, 1.0066200567817334, 0.993183260971374, 129.61409587691062, 0.9859543984432585, 1.003369209171736]
00405361,93165,391037,231,6;[11516.220000000001, 476, 1.002135763817501, 0.977558662508854, 155.18152112946004, 0.9743674965627871, 0.9850588855686412]
00405361,93165,391037,232,7;[9945.0, 410, 1.0205609400681017, 0.6803066028249894, 183.99947650017887, 0.9814499584770913, 1.0119881675229643]
00405361,93165,391037,233,4;[12897, 546, 1.0223855697421584, 0.7761442500329605, 140.29269793634404, 0.9888883434464326, 1.0067129810319257]
00405361,93165,391037,233,5;[12575.92, 496, 1.014120078541665, 0.8499901360859559, 136.42677846792978, 0.9877053698720601, 1.0052794292508918]
00405361,93165,391037,233,6;[9709.19, 444, 1.0077816703847318, 0.9952723737663741, 170.8974894215395, 0.9588564188985723, 9999]
00405361,93165,391037,234,7;[10625.85, 418, 1.0330961453305956, 0.9815883793278842, 176.24982837609465, 0.9788033978350088, 1.001081081081081]
00405361,93165,391037,235,4;[12480, 538, 1.0415143711975785, 0.832924747462019, 159.2094863047925, 0.9871710391458244, 1.0035381151495657]
00405361,93165,391037,235,5;[13732.599999999999, 480, 1.021605995895131, 0.9080637940282967, 128.2308555930417, 0.9865966255222574, 0.9943561242514325]
00405361,93165,391037,235,6;[11873.79, 482, 1.0036738822089313, 0.9841408942464632, 174.69783808560837, 0.9740872505633599, 0.9918178177032672]
00405361,93165,391037,236,7;[10068.93, 408, 1.0487787163041384, 0.7508446919829403, 241.11509462281296, 0.9793923370804757, 1.009201042784849]
00405361,93165,391037,237,4;[12656, 542, 1.034466789765613, 0.9794918707830147, 135.46583848427173, 0.9881879504472135, 0.9961432506887052]
00405361,93165,391037,237,5;[12408.13, 494, 1.0335101641505697, 0.8435039994112735, 134.2539721620535, 0.9883656100891436, 1.0062243667068758]
00405361,93165,391037,237,6;[13139.670000000002, 458, 0.997155230062066, 0.9728298321394223, 135.50413836044905, 0.9801536556195974, 1.0036101083032491]
00405361,93165,391037,237,7;[22847.49, 524, 1.0230605903092256, 0.9368031391640563, 168.1521176547843, 0.9709569450106602, 1.007624831309042]
00405361,93165,391037,238,4;[12560, 546, 1.108991937722979, 0.9839879824547952, 146.69470430327448, 0.9876367317050824, 0.9910834056655883]
00405361,93165,391037,238,5;[14932.119999999999, 490, 1.0136913308136957, 0.9183392541928692, 125.7030639013519, 0.9832053463490232, 1.000518279312682]
00405361,93165,391037,238,6;[27056.13, 614, 1.0098411142448165, 0.9155524283203818, 131.99414024064527, 0.9764986948352263, 1.00721662629096]
00405361,93165,391037,239,7;[10229.58, 412, 1.041007039350762, 0.8323038631422935, 225.00637652094954, 0.9768910855888712, 1.0092075471698114]
00405361,93170,391068,432,4;[12696, 542, 1.1091914741629738, 0.9898987908902189, 137.89445435472334, 0.9868222281119127, 1.0006305170239596]
00405361,93170,391068,432,6;[9583.150000000001, 418, 1.0039959917650072, 0.9743344325034026, 146.1958777000844, 0.962789807386979, 1.0159029845327137]
00405361,93170,391068,432,7;[24103.62, 544, 1.0302297061247194, 0.9077855613226263, 248.52048417589458, 0.928949737581601, 1.0061631805843845]
00405361,93170,391068,433,4;[12918, 544, 1.0418157146456626, 0.7598918572899203, 162.14002727510476, 0.9854343337927028, 0.9976059927407522]
00405361,93170,391068,433,6;[23669.49, 562, 1.0191201564332704, 0.9081789728041724, 148.31313244341666, 0.9754010671779473, 1.0079635949943118]
00405361,93170,391068,433,7;[23967.45, 538, 1.0293436990608598, 0.9104030701191943, 222.83291322400436, 0.9509499996429865, 1.0076547021741926]
00405361,93170,391068,434,4;[26434, 710, 1.018049731318787, 0.9178049393901608, 162.9505576911102, 0.9561748156101846, 1.0039498670717812]
00405361,93170,391068,434,6;[13272.560000000001, 474, 1.0039881304326823, 0.8371205160159536, 102.35954303714715, 0.9910380157253343, 9999]
00405361,93170,391068,435,7;[10768.14, 416, 1.0319126378101282, 0.9628963481496781, 181.0339810293788, 0.9755294888160392, 1.0097560975609756]
00405361,93174,391096,876,4;[12460, 540, 1.0408237433876564, 0.9503401089027904, 150.44322740450266, 0.9863266802630388, 0.9994786026551157]
00405361,93174,391096,876,6;[25379.250000000004, 586, 1.0179165397381977, 0.9029288207999309, 160.43483556195895, 0.9726873454366415, 1.00805354519236]
00405361,93174,391096,876,7;[22388.49, 520, 1.0299856672469472, 0.9075769371935652, 257.8121857791255, 0.9585824223785325, 1.0080600716450814]
00405361,93174,391096,877,4;[12578, 536, 1.0450465940256584, 0.7413972516183207, 136.73275333499026, 0.9882490542641716, 1.0071665932658045]
00405361,93174,391096,877,5;[12429.55, 494, 1.0309462293381129, 0.9383715650826654, 148.02342876541036, 0.9839628330048865, 1.0023992322456814]
00405361,93174,391096,877,6;[14608.310000000001, 452, 1.024114502954725, 0.9122689765034309, 151.87940726854112, 0.9817812791370323, 1.0033403904963538]
00405361,93174,391096,878,7;[10569.24, 422, 1.1055649286624458, 0.9430971401690219, 225.6682207821173, 0.9757360253987056, 1.0086880338760313]
00405361,93174,391096,879,4;[12877, 544, 1.0444783947754332, 0.758741818430227, 136.21331401737802, 0.9881684118379991, 1.0063694267515924]
00405361,93174,391096,879,5;[12291.51, 490, 1.0142303120622636, 0.8097199961203962, 133.4455391237711, 0.9867577424318034, 1.0059407869107908]
00405361,93174,391096,879,7;[24559.56, 554, 1.0355668556559663, 0.8963214577976794, 268.7454319781533, 0.9393537601711659, 1.0074687754973954]
00405361,93174,391096,880,6;[10607.910000000002, 454, 1.0088046974832243, 0.9923547052382302, 156.99478291848556, 0.9656936857328658, 1106.142857142857]
00405361,93174,391096,881,4;[12788, 544, 1.0377149806709596, 0.9799995726930063, 136.35599227638954, 0.9870952862670911, 1.0029803921568627]
00405361,93174,391096,881,5;[12534.269999999999, 494, 1.0241922150106635, 0.8669987555836315, 124.39130073290598, 0.9872021164593149, 1.007653305271214]
00405361,93174,391096,882,6;[12642.36, 460, 1.0147115741212216, 1.0011841473703533, 150.19852792812654, 0.9835674247563457, 1.0111214594861118]
00405361,93174,391096,882,7;[10619.73, 422, 1.1084006575396443, 0.7942499263885744, 192.66393846797553, 0.9862075043906832, 1.0096]
00405361,93204,391209,362,4;[15617, 566, 0.9881219369710308, 0.8720449610300524, 113.21865721431735, 0.9895958280170988, 1.0007369196757554]
00405361,93204,391209,362,5;[12584.25, 496, 1.0278966466360766, 0.8540797017757898, 137.71050252841255, 0.9878879742266629, 1.0084394221141468]
00405361,93204,391209,362,6;[10562.7, 430, 1.00598188172645, 0.970615990271479, 161.0079595887545, 0.963156990272817, 1.0022098011178995]
00405361,93204,391209,362,7;[10645.74, 420, 1.0399278820609894, 0.9226867764889264, 193.85101020584764, 0.9783857586501112, 0.9979919678714859]
00405361,93204,391209,363,4;[13054, 546, 1.038715384173785, 0.8020011128722687, 135.30724903069458, 0.9882961877056654, 1.0061274037535166]
00405361,93204,391209,363,5;[12742.519999999999, 496, 1.03156662414386, 0.7782357336650764, 141.33178206429915, 0.9875330035595016, 1.0064382724752103]
00405361,93204,391209,363,6;[10077.720000000001, 448, 1.007123780020131, 0.9934224930498131, 173.18799746605006, 0.9563364593883394, 9999]
00405361,93204,391209,363,7;[10249.47, 412, 1.05367862641517, 0.689958566417744, 263.2332184247274, 0.980316827603752, 1.0101786926034835]
00405361,93220,391259,254,4;[12969, 546, 1.021141679478034, 0.7887868666277595, 140.16745522772692, 0.9866438315086654, 1.0037148827490132]
00405361,93220,391259,254,5;[13306.58, 488, 1.0200024694512748, 0.9020107790096026, 128.63616914904878, 0.984510836080005, 0.9620993762099376]
00405361,93220,391259,254,6;[27265.74, 614, 1.016699721106188, 0.9110027780101589, 162.6325286634208, 0.9680795784318929, 1.0069059725278895]
00405361,93220,391259,254,7;[9909.81, 414, 1.0400453007933903, 0.7039818769811996, 182.46007612487972, 0.9834622127248769, 0.9837484811664642]
00405361,93222,391268,338,4;[13113, 546, 1.0192462842251475, 0.735751547870993, 151.3588816540349, 0.9860336718106387, 1.0040966346337914]
00405361,93222,391268,338,5;[14871.429999999998, 518, 1.0169704448071162, 0.8828077019126581, 114.5925615801457, 0.9889411720786838, 1.0048647127407229]
00405361,93222,391268,338,6;[10201.02, 450, 1.0094547610706286, 0.991588271335596, 173.68050074531746, 0.9550268925880819, 9999]
00405361,93222,391268,338,7;[11360.25, 432, 1.0256545521745033, 0.8680203440865888, 202.99131879663292, 0.9794712154841311, 1.0084204807822899]
00405361,93328,391872,11,4;[12294, 538, 1.032129365884379, 0.6633381493978188, 181.97233396927084, 0.9863628536210295, 1.0064674580433892]
00405361,93328,391872,11,6;[11809.400000000001, 440, 1.0026877585362048, 0.9849724845195537, 151.85731158904193, 0.9763823307193848, 1.0120934601385465]
00405361,93328,391872,11,7;[23737.95, 546, 1.028875008164068, 0.896035589536289, 186.37839136840452, 0.968949704185779, 1.0079911642411643]
00405361,93328,391872,12,4;[14904, 556, 1.0033002878186839, 0.8929362887908848, 104.04389381020141, 0.9904384750329439, 1.0103036876355749]
00405361,93328,391872,12,6;[8795.400000000001, 434, 1.016992577728214, 0.923894328725297, 208.79567221128124, 0.9374189001358414, 9999]
00405361,93328,391872,13,7;[9645.12, 408, 1.030073652434697, 0.9333636052979405, 185.1142566900662, 0.9743205723802278, 1.005743458838545]
00405361,93328,391872,14,4;[12184, 532, 1.0421603062961737, 0.6782135677828487, 180.56934054637745, 0.9859355018958875, 1.0038311019567456]
00405361,93328,391872,14,6;[12384.800000000001, 470, 1.0062040685421063, 0.8559891916336012, 140.31977483220655, 0.9877570403739916, 9040.0]
00405361,93328,391872,14,7;[23110.65, 540, 1.0315951113286626, 0.8989969917220033, 181.71838312546984, 0.9707731650989435, 1.0026884397092501]
00405361,93328,391872,15,4;[12064, 546, 1.0265740335609725, 0.8181602790330537, 156.94829127372915, 0.9872693067524831, 0.9891767792718924]
00405361,93328,391872,15,5;[13461.279999999999, 472, 1.0184827535862278, 0.9005579679350133, 127.98665614372256, 0.9854720217088864, 0.999867415035135]
00405361,93328,391872,15,6;[13476.69, 438, 1.0266082814306108, 0.9092926145004294, 138.50908941374027, 0.9854810770079385, 1.0051601696214172]
00405361,93328,391872,15,7;[12558.24, 392, 1.0306086443661693, 0.9209077945507054, 141.0005563970764, 0.9836428865557987, 1.0099667774086378]
00405361,93328,391872,16,4;[12532, 548, 1.028774569880621, 0.7830106515195341, 134.39431526868745, 0.9890011028175861, 0.9981680605336519]
00405361,93328,391872,16,6;[11825.84, 452, 1.0235330408641787, 0.9387090111516, 140.0361926536242, 0.9856137895392554, 1.0118391747743523]
00405361,93328,391872,16,7;[21692.34, 512, 1.0237546747936739, 0.9289672106131912, 175.18339355430618, 0.9710313174896542, 1.0072463768115942]
00405361,93328,391872,17,4;[12043, 534, 1.0459103096062452, 0.7370519261448156, 169.42492017814595, 0.9870534682804194, 1.0006647278770253]
00405361,93328,391872,17,6;[12524.54, 430, 1.0322334079065254, 0.9219355539007268, 134.1382130429966, 0.9863559556908894, 1.0006567425569177]
00405361,93328,391872,17,7;[23188.68, 536, 1.0312411359050275, 0.9002489672860092, 252.76323378702088, 0.9338532719648699, 1.0067756078118772]
00405361,93328,391872,18,4;[12126, 534, 1.043122380452169, 0.6691513829702896, 183.43896384643784, 0.9869155775168263, 1.0002887193235719]
00405361,93328,391872,18,6;[12212.18, 472, 0.9934143218712007, 0.8109139832296604, 122.95131502350418, 0.9909192618303286, 2971.3333333333335]
00405361,93328,391872,18,7;[10223.460000000001, 424, 1.0217065744366054, 0.8198625850039124, 211.10826214186608, 0.9830569207398514, 0.9804842259721204]
00405361,93328,391872,19,4;[14255, 560, 0.989519326992291, 0.8745751176626415, 92.49303297124494, 0.992034632212357, 1.007954746331978]
00405361,93328,391872,19,6;[12239.580000000002, 454, 1.204812643747953, 0.6983688011806299, 231.1398949086345, 0.9846460260817473, 1.0079539685225927]
00405361,93328,391872,19,7;[23485.5, 538, 1.0280766609861927, 0.9135641458821755, 141.2173347951922, 0.9801275843737677, 1.010433466083007]
00405361,93331,391888,230,4;[11998, 532, 1.0617357917233348, 0.6770516087664596, 179.54394550389694, 0.985827847000211, 0.9999166597216435]
00405361,93331,391888,230,6;[11462.79, 448, 1.0185424514721273, 0.8572091866072263, 138.2298945007216, 0.9838570066078474, 1.0113011422010032]
00405361,93331,391888,230,7;[19242.81, 476, 1.0326025430304664, 0.9178664098261795, 241.51468771118823, 0.9640704733427307, 1.0091065912464396]
00405361,93331,391888,231,4;[12014, 530, 1.0406421713029947, 0.6746473040029001, 178.34681246433684, 0.9856824513295095, 1.0076745648983014]
00405361,93331,391888,231,6;[9139.27, 444, 1.0095394902498154, 0.9048830054890901, 179.4882598257511, 0.9549853725088795, 9999]
00405361,93331,391888,231,7;[10419.3, 426, 1.0061114920749106, 0.8716237529293308, 214.11001835151833, 0.9764747155444431, 1.0096367679762788]
00405361,93331,391888,232,4;[13099, 514, 1.0297590566649228, 0.9336500852409103, 113.91683538055902, 0.9868827057925886, 0.9984374404512367]
00405361,93331,391888,232,6;[12335.480000000001, 474, 1.1404023783833939, 0.9540657484808766, 130.84766315400933, 0.9869826492843774, 9999]
00405361,93331,391888,233,7;[9400.32, 418, 1.0399261378920583, 0.678807736685326, 182.626359745183, 0.9800158136915237, 0.9470520231213873]
00405361,93331,391888,234,4;[11936, 532, 1.0426817517885527, 0.6710098228855201, 150.2712266505447, 0.9863374509020425, 1.0023092748876852]
00405361,93331,391888,234,6;[9380.390000000001, 442, 1.0070787209860756, 0.9968792322783007, 176.25120615220197, 0.955623681914825, 0.9712745584793248]
00405361,93331,391888,234,7;[23124.420000000002, 534, 1.0273571753536221, 0.9238256334315738, 177.7848349168927, 0.9647018809306288, 1.008272181454303]
00405361,93376,392041,23,4;[13371, 554, 1.1018860735084377, 0.8187209386035231, 163.415377943337, 0.9867268190171345, 0.9872997120283541]
00405361,93376,392041,23,5;[13337.519999999999, 506, 1.0285777063928443, 0.837946311626383, 143.49884653055068, 0.9860609530993998, 1.002728696041154]
00405361,93376,392041,23,6;[11003.84, 440, 1.0002109367126282, 0.9715067409916992, 191.18571245265773, 0.9445648664123154, 401.6]
00405361,93376,392041,23,7;[11536.2, 436, 0.9982691220269618, 0.8545480222030734, 216.874470406968, 0.9816929040887137, 1.0049983338887039]
00405361,93376,392041,24,4;[13939, 558, 1.0224510822760253, 0.8076925295001047, 134.19110398313254, 0.9873419095425702, 1.0016527737855705]
00405361,93376,392041,24,5;[13173.3, 504, 1.0255671855494424, 0.7407127757129456, 157.91375654839717, 0.9856272142838609, 1.0026265736799203]
00405361,93376,392041,24,6;[13427.37, 512, 1.0036085257193479, 1.0085046542961824, 195.20327625686943, 0.9780625402598334, 0.9836411079887596]
00405361,93376,392041,25,7;[12111.48, 440, 1.0139292191468259, 0.8218115106017077, 192.8304016300811, 0.9851824890488773, 1.0071246819338422]
00023698,93080,390528,134,4;[50730, 1068, 1.0195976013283141, 0.9416815472712002, 106.73840478038007, 0.9824062191657561, 0.9948424293530485]
00023698,93080,390528,134,5;[32137.14, 722, 1.0078854189891433, 1.013414209980644, 116.63098906489452, 0.9895434332199322, 0.9812513625463266]
00023698,93080,390528,134,6;[38668.25, 748, 1.0119806230852137, 0.8016064169445177, 114.47467328846068, 0.9890644631038052, 9999]
00023698,93080,390528,135,7;[38513.16, 688, 1.0083897586046573, 1.0117389089138091, 162.42444615493253, 0.9858130161766707, 9999]
00023698,93244,391403,53,4;[51195, 1022, 1.0156213303600359, 0.8120712758459384, 144.89464082346188, 0.9865749572742271, 0.9854762798486992]
00023698,93244,391403,53,5;[39153.38, 806, 1.0102162086185273, 0.8219264752022125, 107.96273207170495, 0.9890131537606472, 0.9936278802887084]
00023698,93244,391403,54,7;[40517.46, 702, 1.0207061917706963, 1.0193027392126506, 179.45160421442154, 0.9815379085237981, 1.0024605367755612]
00023698,93244,391403,55,6;[32312.820000000003, 714, 1.0456990845119167, 0.9394046339370987, 200.55027481560595, 0.9796784384215971, 0.999639746551103]
00023892,93026,390259,210,4;[92611, 1418, 1.0160441936584983, 0.9304499353148526, 74.45688925008452, 0.9880816605513132, 0.9949399454244644]
00023892,93026,390259,210,5;[94888.22, 1378, 1.0014205542741594, 0.9214935775142608, 74.6538927008212, 0.9898794256868059, 0.9885570473958915]
00023892,93026,390259,211,6;[95338.3, 1286, 0.9940124245760389, 0.9461625478712523, 64.84368830459766, 0.9871449405213691, 9999]
00023892,93026,390259,211,7;[92165.67, 1228, 1.025457311970587, 0.9129974662194441, 96.16186030449495, 0.9897792446865475, 0.9926669303275987]
00023892,93026,390259,212,5;[96077.03, 1324, 1.024863976416576, 0.9152186552580622, 123.85239814624725, 0.9837529135848878, 80737.0]
00023892,93026,390259,212,7;[92529.81, 1152, 1.0332821118120454, 0.9098564960488107, 124.19430960027086, 0.9869055025334524, 0.994548459508128]
00023892,93026,390259,213,4;[90619, 1400, 0.9987099010700802, 0.934555185539091, 60.12113214553628, 0.9906597384443807, 0.9921878849259573]
00023892,93026,390259,213,6;[95193.08, 1278, 0.989239541281801, 0.9351501072580485, 55.0984043912589, 0.989414745965852, 0.9943616016485876]
00023892,93026,390259,214,4;[100641, 1570, 1.0094269700037355, 0.8690844925864935, 86.1464904029383, 0.9922469789182753, 0.9511887378255384]
00023892,93026,390259,214,7;[89982.36, 1158, 1.008920090794288, 0.9329343800151616, 58.02976786039906, 0.9899631349538053, 0.9979637548360822]
00023892,93026,390259,215,5;[95573.65999999999, 1358, 1.0317974933529983, 0.933398931652862, 94.94247928936427, 0.9849689627285628, 0.9944035856672362]
00023892,93026,390259,217,6;[94154.62000000001, 1266, 0.9992145882702959, 0.9332819723681481, 71.57122887508336, 0.9858247548618859, 9999]
00023892,93049,390350,751,4;[94062, 1416, 1.0042568194395987, 0.9269790547528483, 71.87525478755839, 0.9890887467282874, 0.9971271983293227]
00023892,93049,390350,751,6;[95987.68000000001, 1284, 1.0095928404100811, 0.9253451933941378, 98.42784833501379, 0.9835381050528386, 0.994344509490864]
00023892,93049,390350,751,7;[89679.42, 1162, 1.0041294275073303, 0.9535479364809879, 46.058774457944274, 0.9917592787674725, 0.9962267999184173]
00023892,93049,390350,752,5;[96983.81, 1404, 1.0146149076499849, 0.9020451217885349, 91.74932642453085, 0.9889152050712641, 9999]
00023892,93049,390350,754,7;[90897.3, 1178, 1.0301547328590062, 0.9025702558377184, 106.2823224278836, 0.987943185325579, 0.9895317171481632]
00023892,93049,390350,755,4;[94211, 1432, 1.006878641709757, 0.9021774065487673, 67.40252514981128, 0.9898337940644919, 0.9970525825620836]
00023892,93049,390350,756,5;[96698.20999999999, 1396, 1.018777525987453, 0.9174234812121812, 92.5480158782108, 0.9880598833555087, 0.9951076740327094]
00023892,93049,390350,756,6;[95656.14000000001, 1324, 1.015869651702508, 0.9346324469381384, 72.73117350095313, 0.9913127711952096, 0.9911210475886298]
00023892,93049,390350,759,5;[96461.4, 1336, 0.9983372822599396, 0.9318084676447657, 72.49302335243128, 0.9886949927878868, 9999]
00023892,93049,390350,759,6;[95868.49, 1302, 1.014836196554872, 0.9488075913305484, 90.71000575414179, 0.9850786410477492, 0.9903199784888411]
00023892,93049,390350,760,4;[93045, 1480, 1.006407325199679, 0.9047898848903233, 81.23724104642969, 0.9897547141549994, 9999]
00023892,93049,390350,760,7;[89624.34, 1120, 0.9943237821856326, 0.9496279440033996, 43.224490146306906, 0.9927302380798315, 0.9985255137263592]
00023892,93049,390350,762,4;[93819, 1410, 1.0108942299757921, 0.929920250343206, 75.34480076131943, 0.988044022170128, 0.9959448413498795]
00023892,93049,390350,762,5;[95332.09, 1408, 0.9973485956391293, 0.9204010381176894, 58.16578114818714, 0.993176482685951, 0.9936309682540667]
00023892,93049,390350,764,6;[96163.04000000001, 1240, 1.0204081692490419, 0.9240917712752229, 120.17536190160143, 0.9837515655368135, 0.9950877889379559]
00023892,93049,390350,765,7;[90767.25, 1130, 1.0421586617828782, 0.9063415631994299, 118.69597953445579, 0.9871334237014758, 1.0017053897068755]
00023892,93049,390350,768,4;[91215, 1390, 0.9976108402478597, 0.9366020212282651, 56.67169378485127, 0.9905504434179085, 0.9933298848384199]
00023892,93049,390350,769,5;[93813.65, 1352, 0.988616800064661, 0.9505031169705055, 43.70675916526144, 0.9920036319898549, 0.9901033620938674]
00023892,93049,390350,769,6;[95650.66, 1292, 1.0269486114441029, 0.9221812211990361, 122.71199409600104, 0.9803018617699638, 0.9938080936045436]
00023892,93049,390350,769,7;[90528.57, 1160, 1.035041309645009, 0.9280734162924721, 101.90240378751751, 0.9898436454282711, 0.9946208542755803]
00023892,93049,390350,771,4;[91901, 1452, 1.007159125444201, 0.9205988503231611, 65.16109412411225, 0.9904268585308402, 0.9947879739128082]
00023892,93049,390350,772,5;[96073.45999999999, 1412, 1.015219393434655, 0.9214154617550364, 92.3423385228769, 0.9875485882731128, 0.9886239790357935]
00023892,93049,390350,772,6;[95035.53000000001, 1328, 1.0242700862042984, 0.9232330309140899, 78.05145689182541, 0.9902240643257104, 0.9895085194245733]
00023892,93049,390350,772,7;[88788.96, 1104, 1.002193144536555, 0.95969770641344, 38.50327567234768, 0.993428979803523, 1.0019077544607788]
00023892,93099,390646,1221,5;[95635.54, 1418, 1.0372388954291334, 0.935841814106927, 102.41278517603428, 0.9855194395582108, 0.9922402138416806]
00023892,93099,390646,1221,6;[95230.07, 1274, 1.001310780568388, 0.9198100533614311, 78.59980425153626, 0.9854962731299645, 0.9925888904755105]
00023892,93099,390646,1222,4;[92322, 1452, 1.0113961915944594, 0.9421933268817028, 52.99737420294115, 0.9914403680781673, 0.9929605868149478]
00023892,93099,390646,1223,7;[89509.59, 1138, 1.0006021162367051, 0.9296266317835783, 61.928812509567464, 0.9899567467918391, 0.9939516471567644]
00023892,93103,390673,1488,5;[95532.01, 1306, 1.0060955150168478, 0.9385535335721296, 66.80304338640703, 0.9885006793800635, 0.993957928361831]
00023892,93103,390673,1489,4;[91819, 1466, 1.0018152164294294, 0.9341657548321475, 59.9862703233153, 0.9889055273284264, 0.9856583114164564]
00023892,93103,390673,1489,6;[95828.76000000001, 1226, 1.0084831232773173, 0.9253014906927638, 67.09499560769929, 0.9873162877627496, 1.00068669527897]
00023892,93103,390673,1489,7;[88876.17, 1156, 1.0087983776590537, 0.9597142492090539, 47.9361102788234, 0.9931076681282629, 0.9982814621320181]
00023892,93103,390673,1490,4;[91274, 1462, 1.0099605603744155, 0.937923466539687, 53.41856985370234, 0.9905429427294747, 0.9928695358943538]
00023892,93103,390673,1490,5;[93906.47, 1362, 1.0004038151476906, 0.9427182079644918, 57.953135530105115, 0.989556670975227, 0.9886864789014734]
00023892,93103,390673,1492,7;[92464.02, 1178, 1.035647198939995, 0.9351479860427844, 117.39706896763154, 0.9849955983351689, 1.0001737734490719]
00023892,93103,390673,1493,6;[93338.1, 1322, 1.0022901991384694, 0.9249347221997005, 66.91939063892441, 0.9907752064175155, 9999]
00023892,93103,390673,1494,4;[91320, 1462, 1.0217962247786585, 0.9272983370317596, 61.40222008598016, 0.9892803315640634, 0.9935914872319359]
00023892,93103,390673,1494,7;[89778.87, 1182, 1.0102114628778205, 0.9511744008209252, 46.24757529179707, 0.9906650473507022, 0.998604516601147]
00023892,93103,390673,1496,5;[93285.29, 1362, 0.996304254460408, 0.9385897092657679, 59.795412907966465, 0.9883746670518907, 0.9870808517068134]
00023892,93103,390673,1496,6;[94283.40000000001, 1262, 1.00217509573467, 0.9351515004450848, 62.31275769802199, 0.9883873661257767, 0.9949256191178384]
00023892,93103,390673,1499,4;[94112, 1442, 1.0193794238569454, 0.9036019728833273, 92.12450540670405, 0.9876490056084498, 1.0002922904410396]
00023892,93103,390673,1499,5;[93898.14, 1370, 0.9979011461486544, 0.9379102657752916, 60.872233255583666, 0.9882958289075674, 0.9883820701835696]
00023892,93103,390673,1499,6;[95647.92000000001, 1230, 1.0362822863071601, 0.9209082126294333, 115.44782661389189, 0.984836169841508, 0.9997923543437324]
00023892,93103,390673,1499,7;[90392.40000000001, 1134, 1.0056394446099965, 0.9483205961695961, 56.939292746957456, 0.9908745803188536, 0.9978044249282216]
00023892,93122,390798,1587,7;[91982.07, 1154, 1.0379962988063904, 0.8916649083881645, 128.40748904993342, 0.9851392062934953, 0.9963043982632329]
00023892,93122,390798,1588,4;[93263, 1522, 1.0343964971033042, 0.8955177928323427, 127.94601037636897, 0.9835429404401321, 0.988856373391013]
00023892,93122,390798,1588,6;[95538.32, 1272, 1.0201171341477493, 0.9223674107111368, 100.79638914329955, 0.985300069309392, 0.9949919385906089]
00023892,93122,390798,1589,5;[95398.73, 1308, 0.9885708159313844, 0.9248256724876545, 55.141382330355995, 0.9892162139147407, 0.9962965264400672]
00023892,93122,390798,1590,7;[90756.54000000001, 1204, 1.018194813626583, 0.9238754637144159, 90.56640042849686, 0.9892491374704253, 0.9929443667924908]
00023892,93122,390798,1591,4;[93569, 1528, 1.0176960207921453, 0.8915479811843451, 96.01364109273158, 0.988751462634787, 9849.368421052632]
00023892,93122,390798,1591,5;[97058.78, 1316, 1.0160888672198856, 0.9215252797697663, 102.39654337509684, 0.9856148344480832, 0.9967249175119149]
00023892,93122,390798,1591,6;[95989.05, 1294, 1.0159165572837912, 0.9608101894501084, 85.3547151298866, 0.9832085055716978, 0.9944998403179447]
00023892,93139,390920,17,4;[94506, 1500, 1.027088527191362, 0.8794523808120088, 114.86559109061153, 0.9863131026907964, 0.9932369586808129]
00023892,93139,390920,17,5;[97151.59999999999, 1388, 1.0106539310008886, 0.8995172322902854, 88.3860307557242, 0.9889091210211214, 0.9973063931932984]
00023892,93139,390920,18,6;[93028.48000000001, 1260, 0.9926002311185911, 0.9162809410379069, 61.16660810306882, 0.9898389576729316, 0.9968876622232662]
00023892,93139,390920,18,7;[91411.38, 1134, 1.0992383902203307, 0.9192570864558904, 118.61364803335186, 0.9865231889030311, 0.9962980256136607]
00023892,93139,390920,19,4;[91516, 1450, 1.0078401798707501, 0.9274654317894875, 52.99583780040853, 0.9916924179574511, 0.9933193316075393]
00023892,93139,390920,19,5;[92553.44, 1288, 0.9941966294147649, 0.9399912651471408, 48.34401312728484, 0.9927536248094876, 0.9988890672660138]
00023892,93139,390920,19,6;[93509.35, 1212, 1.0023493463701187, 0.9393343284079632, 79.65025329383224, 0.9861169022764733, 0.9954061542948811]
00023892,93139,390920,19,7;[93131.1, 1150, 1.0367814326425413, 0.9034313358402737, 119.52672608978803, 0.9866625731434625, 0.9981633924764685]
00023892,93166,391047,301,4;[102526, 1548, 1.0169194178602992, 0.8777736446207596, 90.59786947818188, 0.9920086285155629, 0.9509393361807903]
00023892,93166,391047,302,5;[98361.83, 1412, 1.0000255947938408, 0.9186079384304046, 83.7879406486509, 0.989548586960397, 0.9902896336897595]
00023892,93166,391047,302,6;[96856.26000000001, 1332, 1.025932231875349, 0.9372100927300585, 96.82421065866093, 0.9893235990225459, 0.9920159400564076]
00023892,93166,391047,302,7;[89636.58, 1116, 1.0002456059630038, 0.9334403432675832, 53.866882251709995, 0.9917594057692131, 0.9887765607331522]
00023892,93166,391047,304,4;[93210, 1474, 1.0072942934122837, 0.8949077592480458, 64.91588183997156, 0.9915019402402596, 0.9885774284896115]
00023892,93166,391047,304,5;[98044.09999999999, 1414, 1.0097857147329659, 0.9330331600770386, 79.8704445912493, 0.9902966082833385, 9999]
00023892,93166,391047,304,6;[96146.6, 1338, 1.0135963825545302, 0.9279488245460283, 70.15376689179699, 0.9915276780806666, 9999]
00023892,93166,391047,306,7;[91706.67, 1198, 1.0265517488271827, 0.9105202322739891, 108.71568258820389, 0.988825646452968, 0.9910630874924561]
00023892,93166,391047,307,4;[94598, 1538, 1.0579995180405166, 0.9287852761001495, 133.8856277141715, 0.9843835297765637, 0.9955326370070247]
00023892,93166,391047,307,5;[98700.98, 1422, 1.0012072743528282, 0.9337293742777901, 76.05651287313088, 0.9908686337529213, 9999]
00023892,93166,391047,307,7;[92809.8, 1208, 1.0218386772767731, 0.9280973687932741, 101.16117528722921, 0.9889602373807543, 0.9956013655462185]
00023892,93166,391047,308,6;[95457.49, 1314, 1.0110277868295992, 0.9237065064668254, 86.05835334072907, 0.9894916578043099, 9999]
00023892,93166,391047,309,5;[98240.45, 1320, 1.0110499269454292, 0.9342055335468392, 83.12772060305193, 0.9881753350248276, 1.0001272041141445]
00023892,93166,391047,309,6;[95802.73000000001, 1258, 0.9954649007721109, 0.95088598087129, 51.35024929924335, 0.9913813996686319, 9999]
00023892,93166,391047,310,7;[92852.64, 1174, 1.0364615348407051, 0.9218120312042933, 113.10243558424547, 0.9879807126376885, 0.9966252555691494]
00023892,93166,391047,311,4;[94312, 1548, 1.0183315127580725, 0.8784015566832107, 87.01246476361891, 0.9910134523103105, 0.9924810447611981]
00023892,93166,391047,312,5;[97339.62, 1418, 1.0078214353836703, 0.9133770726019503, 80.56817309501915, 0.9900963734879676, 0.9897872752353525]
00023892,93166,391047,312,7;[90403.11, 1176, 1.0103433459216362, 0.9384740993298968, 65.00694614521767, 0.9876306688220488, 0.9922750096562379]
00023892,93166,391047,314,4;[94416, 1518, 1.0347146739199957, 0.8917116248877807, 112.8082196363341, 0.9873504709501475, 0.9903135636331216]
00023892,93166,391047,314,6;[93869.66, 1220, 0.9905679278510596, 0.9477478851446883, 37.3871021726515, 0.9935111789189628, 9999]
00023892,93166,391047,315,7;[90819.27, 1176, 1.004813273122673, 0.938296692969693, 58.33190132242037, 0.9882988391895713, 0.9961903802906723]
00023892,93166,391047,316,4;[91221, 1450, 0.9943388596203271, 0.9389536448875085, 42.51792120787346, 0.9927696618710962, 0.989279846436647]
00023892,93166,391047,316,5;[95551.05, 1380, 0.9950794567764044, 0.9521981225145483, 50.39466035948726, 0.9909775413690899, 9999]
00023892,93166,391047,316,6;[95547.91, 1242, 1.021758306850226, 0.9386996652158704, 103.50965344886869, 0.9872397165584255, 9999]
00023892,93265,391506,609,4;[91999, 1462, 1.028048929718139, 0.8979910050086684, 60.49414841799921, 0.9919458494124359, 0.9949387349000184]
00023892,93265,391506,609,5;[96956.44, 1412, 1.0077934810706421, 0.9235989152688951, 77.05094333947079, 0.9894107889801897, 0.9929135057733907]
00023892,93265,391506,609,6;[95946.58, 1270, 1.0044063503258838, 0.9366693963450596, 74.60965059876266, 0.9852408421841474, 0.9908602150537634]
00023892,93265,391506,609,7;[91344.06, 1172, 1.0147838907858038, 0.9450277097540786, 62.320860603145725, 0.9908167582567575, 0.9970024130992042]
00023892,93265,391506,612,4;[95513, 1428, 1.0275237814770013, 0.9016657179967023, 102.92813879812388, 0.986274785337804, 9999]
00023892,93265,391506,612,5;[95004.84, 1362, 0.9989822874056014, 0.9367027109244497, 61.232871275401926, 0.9905141888729317, 9999]
00023892,93265,391506,613,6;[96428.82, 1306, 1.0088462943925212, 0.9416517332407627, 80.98045716336975, 0.9850472693518587, 0.9933528091790508]
00023892,93265,391506,613,7;[92444.13, 1200, 1.0100144932988766, 0.949000364063337, 52.88544641718459, 0.9901442151916354, 0.99741653254096]
00023892,93329,391882,100,4;[89571, 1422, 1.0045582111703892, 0.9290272908080096, 60.71404661951753, 0.9907467227995309, 9999]
00023892,93329,391882,100,5;[95760.48999999999, 1314, 1.0014968410566154, 0.936113277778983, 56.5333923728097, 0.9907405139511056, 0.9980465964268218]
00023892,93329,391882,100,6;[94291.62000000001, 1210, 1.024545287603457, 0.9415175936224898, 59.86855743290816, 0.9896300416328353, 0.9955304838359731]
00023892,93329,391882,87,4;[93975, 1432, 1.0542621991475085, 0.937250671089021, 127.8290403740921, 0.9808000576079602, 0.9951605388004067]
00023892,93329,391882,87,7;[90520.92, 1216, 1.0177249937146682, 0.9035621449918402, 88.75576615342364, 0.9899445168075792, 0.9937266428721394]
00023892,93329,391882,88,5;[96428.08, 1404, 1.0335262988751228, 0.8978843140250746, 91.74747174569461, 0.9892755137217717, 0.9929601195983163]
00023892,93329,391882,88,6;[94128.59000000001, 1316, 1.0139176929802318, 0.9300961545383143, 74.13954408942635, 0.9913920528363622, 0.9894298757218358]
00023892,93329,391882,89,4;[90340, 1462, 0.9992471247785927, 0.923929209970205, 53.4210124926135, 0.9932997432187544, 9999]
00023892,93329,391882,89,6;[93747.73000000001, 1214, 0.9869406422525822, 0.950546662362923, 44.11838568046918, 0.9918175876924784, 9999]
00023892,93329,391882,89,7;[90146.07, 1198, 1.0126167312801755, 0.9488160400742294, 60.89317278153263, 0.988622837051628, 0.9931396015237839]
00023892,93329,391882,91,5;[95733.12, 1388, 1.0316382401039235, 0.9219545454312119, 111.19090413657985, 0.9847225156643902, 0.9941056533827618]
00023892,93329,391882,92,7;[89391.78, 1170, 1.0083598952507489, 0.9342592665815368, 51.915145162539226, 0.9904787665742328, 1.0000941450347052]
00023892,93329,391882,93,4;[91331, 1476, 1.0014136410916312, 0.9405193308432228, 46.83841102765158, 0.991499951610125, 0.9871753992487907]
00023892,93329,391882,93,5;[97333.67, 1416, 1.014740878442954, 0.9100369538380206, 74.98227703411273, 0.9912652801637288, 0.991766902706373]
00023892,93329,391882,93,6;[93605.25000000001, 1284, 0.9952295652710265, 0.9508319718051121, 50.92459886212178, 0.9906761857161073, 0.9918273139008246]
00023892,93329,391882,94,4;[92049, 1408, 1.0020414953763794, 0.9373424113668644, 53.1206588318205, 0.9917052245476408, 0.9953556772655265]
00023892,93329,391882,94,6;[91184.46, 1278, 0.9905011186332193, 0.9574260426265674, 40.4477583640621, 0.9938509010756, 9999]
00023892,93329,391882,94,7;[88614.54000000001, 1120, 1.0080886344489455, 0.9458098021265873, 56.90489988855238, 0.9897498296482681, 0.9920523449008256]
00023892,93329,391882,95,5;[96097.26, 1410, 1.0255900156079332, 0.9229424239876988, 78.84552100567834, 0.9883951510666669, 0.9949975357318877]
00023892,93329,391882,96,4;[90482, 1484, 1.0380860129272493, 0.925552849118763, 91.52271673997085, 0.9880054327532354, 0.9865131543082677]
00023892,93329,391882,96,7;[89244.90000000001, 1126, 0.9999886117592707, 0.947523726902524, 42.23684611748487, 0.9922659463300263, 0.9999142881631954]
00023892,93329,391882,97,6;[95323.23000000001, 1308, 1.0232360116328916, 0.9262526559365262, 114.31092452407493, 0.985070710337425, 0.9939573155052713]
00023892,93329,391882,98,5;[91312.26999999999, 1274, 0.9910956433572836, 0.9499125007788416, 40.481912020727336, 0.9931181500295134, 1.0025805018586147]
00023892,93329,391882,99,7;[91140.57, 1116, 1.040458220622072, 0.9168459149710392, 128.2515023403644, 0.9853835087709369, 0.9977889817590995]
00023892,93377,392048,10,6;[93998.44, 1270, 0.9919158486756011, 0.9298485050003288, 44.31097966349902, 0.9937217962071911, 3049.4222222222224]
00023892,93377,392048,3,5;[95604.59999999999, 1380, 0.9987641833365667, 0.9393509332390785, 64.83692702540026, 0.9879231311757988, 0.9854283191050928]
00023892,93377,392048,4,4;[94389, 1520, 1.0481839465197085, 0.8982303279844803, 146.38223343478478, 0.982646624664452, 0.9880923094638661]
00023892,93377,392048,4,6;[97017.92000000001, 1286, 1.0372960980095842, 0.9264170716955258, 123.47793040094903, 0.9807739478566936, 9999]
00023892,93377,392048,4,7;[92407.41, 1130, 1.0595645127019166, 0.9293841207882982, 170.5528109892539, 0.9818613008641736, 1.0012350283890754]
00023892,93377,392048,5,4;[93685, 1540, 1.0178861300818915, 0.9003955185041129, 93.95097312123575, 0.9899993008943256, 0.9824761944712446]
00023892,93377,392048,5,5;[95059.58, 1386, 0.9975705251686652, 0.9409213671685013, 54.60727821811455, 0.9905677231515972, 0.9902072590241967]
00023892,93377,392048,6,7;[93124.98, 1220, 1.0286517745050106, 0.8914510733339396, 118.29712978430149, 0.9879625097852601, 0.9942744194784086]
00023892,93377,392048,7,6;[96321.96, 1342, 1.0423455405613293, 0.9067963071804969, 124.40247179752821, 0.9854195786207434, 0.9907977621510408]
00023892,93377,392048,8,7;[92243.7, 1196, 1.022623329814651, 0.9085152390334844, 110.36142061975514, 0.988371274204613, 0.9908458921557349]
00023892,93377,392048,9,4;[90811, 1438, 1.0060688654956351, 0.9294232637887027, 47.099345259638056, 0.9922297516712043, 0.9900300352682733]
00023892,93377,392048,9,5;[96201.98, 1422, 1.0014563841948065, 0.9143044300938822, 83.43824513862316, 0.9901791203282161, 0.9884999847155566]
00232831,93048,390346,740,4;[35082, 810, 1.110118467398255, 0.8966855239029898, 134.18906409827164, 0.9876291909512697, 1.0005276141856916]
00232831,93048,390346,740,5;[25167.309999999998, 648, 1.0308960832661387, 0.8879570816736921, 117.23466094793315, 0.9888341570667823, 1.0003310945038313]
00232831,93048,390346,740,6;[22536.5, 606, 1.0391528243866734, 0.824357386384196, 182.40214907985984, 0.9843334946268884, 1.0071634114981938]
00232831,93048,390346,740,7;[21066.57, 590, 1.0416557842090612, 0.9831097479360884, 170.9634159678804, 0.9811382585239776, 0.9690678115212725]
00232831,93048,390346,741,4;[28871, 746, 1.0373770182720765, 0.9125091797107592, 116.13176337041497, 0.9873059201901159, 1.0026219374555052]
00232831,93048,390346,741,5;[22429.12, 646, 1.022432709207157, 0.9307601111103152, 99.87645004906751, 0.9889462668987054, 1.0019403024745501]
00232831,93048,390346,741,6;[46514.240000000005, 796, 1.0340157862247972, 0.904794146472427, 161.35521825907256, 0.9769230746426791, 1.0051512818994612]
00232831,93048,390346,741,7;[44285.85, 744, 1.0340716011761808, 0.9026326660406435, 182.78410149848776, 0.9711730771859813, 1.005540984176061]
00232831,93048,390346,742,4;[28052, 740, 1.04299650260232, 0.9070084930873028, 122.16892731425881, 0.9871237504361219, 1.002501608176685]
00232831,93048,390346,742,5;[23646.489999999998, 638, 1.1561183811637026, 0.8916441037356454, 123.51226238454453, 0.9887082676972383, 1.0009822935294561]
00232831,93048,390346,742,6;[21078.820000000003, 628, 1.0015966574873403, 1.0055593804871725, 166.8629429002772, 0.982511556557207, 0.9676425269645609]
00232831,93048,390346,742,7;[18871.02, 562, 1.0189061130967212, 0.976170767925859, 131.51430344520077, 0.9736960140301792, 9999]
00232831,93147,390953,359,4;[32253, 784, 1.0343004054696603, 0.8733069936912597, 121.68613148623795, 0.9864116847929475, 0.9878709914545621]
00232831,93147,390953,359,5;[24794.84, 664, 1.0254624170033975, 0.9140017662739477, 115.93286643123287, 0.9881370400681683, 0.9700863654352027]
00232831,93147,390953,359,6;[23006.410000000003, 614, 1.0403542808348494, 0.7936519094810963, 184.9575810242322, 0.9853119038163055, 1.008255531205908]
00232831,93147,390953,359,7;[20399.49, 564, 1.0458344217317095, 0.9409468662590371, 180.0647062832945, 0.9792957967533832, 0.9650754587238971]
00232831,93165,391039,287,4;[23394, 714, 1.2136543660350467, 0.9280534807133994, 112.3622224993563, 0.9903054674567623, 0.9560277891295463]
00232831,93165,391039,287,5;[24147.48, 646, 1.0332144400492245, 0.9158190088170706, 105.50733593276681, 0.9905545724431756, 0.9994828223125231]
00232831,93165,391039,287,6;[33862.29, 678, 1.0311656565237077, 0.8961369292882885, 141.27214363359673, 0.9854905617143696, 1.003491535057448]
00232831,93165,391039,288,7;[20056.77, 560, 1.0448503370804862, 0.9272743693977548, 161.53289071593332, 0.982623862552773, 0.9656010606953447]
00232831,93165,391039,289,4;[23200, 714, 1.189700136586915, 0.9064488667465209, 106.56234521553166, 0.9903023312895308, 0.9370519215622918]
00232831,93165,391039,289,5;[36746.009999999995, 758, 1.0259681186592275, 0.8915597452783944, 126.36710395155372, 0.9863401900132293, 1.0031674869645728]
00232831,93165,391039,289,6;[22873.52, 618, 1.0290266120131455, 0.9896478693489018, 157.558959389034, 0.982821445818884, 1.0051473465579002]
00232831,93165,391039,289,7;[36810.270000000004, 662, 1.0442348109050101, 0.9157670040874, 159.8359997677306, 0.9822413565909158, 1.005874114179401]
00232831,93165,391039,290,4;[23485, 714, 1.1872933385413627, 0.9074692571034201, 114.35458041635866, 0.9894512536845533, 0.9384990409207161]
00232831,93165,391039,290,5;[48349.7, 880, 1.0222865126792062, 0.9044540200988487, 137.4322682908964, 0.9757264129574317, 1.0044623542936253]
00232831,93165,391039,290,6;[23013.260000000002, 632, 1.0323677805875555, 0.9208586490912266, 166.79623968036157, 0.9849014235217006, 0.9991672614798953]
00232831,93165,391039,290,7;[21817.8, 532, 1.211903594443001, 0.9239900944033436, 138.42233873468047, 0.9877885420707321, 1.006138432230297]
00232831,93328,391868,72,4;[22958, 686, 1.0413219567369838, 0.9258248875222747, 102.56876915992719, 0.9911504612884058, 0.9991513437057992]
00232831,93328,391868,72,5;[42099.82, 806, 1.0278789267966615, 0.8970566500260518, 135.1654690628665, 0.9845823003453007, 1.005585321831076]
00232831,93328,391868,72,6;[17820.960000000003, 552, 1.0163830549444937, 0.9838034127294123, 129.9790301133918, 0.9727344142869735, 1.0115872151800296]
00232831,93328,391868,72,7;[45021.78, 748, 1.042958758987957, 0.9011252152084682, 179.7697462518521, 0.9768465051626142, 1.005742019276779]
00232831,93328,391868,73,4;[38456, 848, 1.0338209932300544, 0.905944915256667, 116.8870415367547, 0.9862689502952457, 1.0030648043089845]
00232831,93328,391868,73,5;[35375.13, 740, 1.026320626420711, 0.9120296052473232, 121.22238275340372, 0.9859347958257803, 1.0052244483895512]
00232831,93328,391868,73,6;[48025.350000000006, 818, 1.0257304557707312, 0.9140755452622588, 155.7383419816853, 0.9782402186933676, 1.004945173081058]
00232831,93328,391868,73,7;[33623.28, 632, 1.044123190263545, 0.9299201361780877, 150.47844275182408, 0.9832834857529154, 1.0065497183163101]
00232831,93328,391868,74,4;[38410, 846, 1.0331855695467584, 0.9075748213649732, 117.10155289949085, 0.9862500653403574, 1.0029375285593054]
00232831,93328,391868,74,5;[48271.159999999996, 878, 1.0265632083108553, 0.920622989854916, 128.97499551410644, 0.9797151920577304, 1.0053035935563817]
00232831,93328,391868,74,6;[18079.890000000003, 584, 1.0084415135616849, 0.8708058675287387, 164.25316419321092, 0.9622110090676279, 0.9971288250850019]
00232831,93328,391868,74,7;[32327.37, 622, 1.0391315661943086, 0.9198033935038462, 150.6383217291742, 0.9843142006584313, 1.0051377194234337]
