02311593,93027,390265,296,1;[14045, 566, 0.759477984395727, 1.2404809498586762, 798.4003875961967, 0.796721739313427, 0.9707295158447662]
02311593,93027,390265,296,2;[14817.88, 518, 0.7181306021061432, 1.0428498855721808, 1654.732346801357, 0.8038488212538248, 1.0142129912441458]
02311593,93027,390265,296,3;[33451.29, 680, 0.7272126894535346, 1.3713649154987742, 958.400704668508, 0.792247793548384, 1.0046081053281217]
02311593,93032,390305,95,1;[22588, 658, 0.7923487317591312, 1.0885546279248404, 584.7729597738005, 0.9421011039799642, 1.0043798216945685]
02311593,93032,390305,95,2;[18623.5, 582, 0.7187969060348077, 0.9720645287529646, 1703.1208291665534, 0.8335013746963303, 0.999042451324609]
02311593,93032,390305,95,3;[14693.250000000002, 486, 0.7044404763024934, 1.217426071124049, 1165.8572305424905, 0.7381152204956704, 1.0120788902519582]
02311593,93032,390305,96,1;[35771, 838, 0.7776433110363062, 1.2279639951405792, 961.5798126771899, 0.845714672681695, 1.0006853817856294]
02311593,93032,390305,96,2;[28461.23, 684, 0.7037522579043164, 0.927445457213555, 1792.6061810957108, 0.8281430819409498, 1.0022419175728623]
02311593,93032,390305,96,3;[14998.760000000002, 486, 0.7021283466296007, 1.3346069612476377, 1124.0669124795747, 0.77202431979922, 1.009450924346503]
02311593,93032,390307,94,1;[31319, 768, 0.7636711873102581, 1.1023347160735215, 945.9353424298234, 0.8857216233416664, 1.0019515004158934]
02311593,93032,390307,94,2;[35275.17, 762, 0.7471047634689281, 1.2304833804827218, 1155.3888126204363, 0.7881620249262176, 1.003316974107294]
02311593,93032,390307,94,3;[34271.920000000006, 696, 0.7555884343392973, 1.253851630716778, 747.5159396505517, 0.7577852818906383, 1.0035301668806162]
02311593,93063,390412,861,1;[25354, 700, 0.7913977561557578, 1.1881548038108818, 525.9039177660932, 0.9453871449531925, 1.0047156726768378]
02311593,93063,390412,861,2;[27684.16, 674, 0.7038538934842983, 0.8875938981725372, 1796.0332535653874, 0.8336285282852935, 0.9991410410582374]
02311593,93063,390412,861,3;[36017.3, 714, 0.7097607143816883, 1.420650142555052, 1059.8983242643756, 0.7344689713762393, 1.0045470176913378]
02311593,93063,390413,859,1;[13426, 568, 0.7576478457552726, 1.3481221973177964, 785.5428080136389, 0.7767628756019145, 0.9411187438665358]
02311593,93063,390413,859,2;[33277.159999999996, 738, 0.6957222908337595, 1.0197543236977202, 1917.2626611675214, 0.791590200479046, 1.0030488898454033]
02311593,93063,390413,859,3;[27587.690000000002, 620, 0.7058700614328605, 1.2764631787384488, 1200.599085842927, 0.7910324071434973, 1.0017411202865387]
02311593,93063,390413,860,1;[14366, 570, 0.7594606401821519, 1.1672750712364703, 773.7345037925637, 0.7696895586441636, 1.0009057339928935]
02311593,93063,390413,860,2;[35561.96, 766, 0.700669016390072, 1.0787908182325145, 1985.5690809062557, 0.7609228850650512, 1.0038799402052505]
02311593,93063,390413,860,3;[35293.94, 702, 0.7092364919149995, 1.4113429602661707, 1177.6660105450142, 0.7304132756087766, 1.00442521005127]
02311593,93073,390479,582,1;[36180, 834, 0.7806746221570584, 1.244008390272814, 760.9871017098895, 0.8866981211853839, 1.0046511627906978]
02311593,93073,390479,582,2;[20891.64, 604, 0.7385920338765786, 1.0083397729534962, 1551.8086272458527, 0.8311836184951221, 1.0021405942289578]
02311593,93073,390479,582,3;[36324.18, 720, 0.7056576627865317, 1.4229831233121275, 1358.3345144204018, 0.6932465592286982, 1.0042230849351388]
02311593,93073,390479,583,1;[18231, 620, 0.7980219755371991, 1.2601554121636436, 591.4595607218452, 0.9508061672206061, 1.0018409122132161]
02311593,93073,390479,583,2;[35195.439999999995, 764, 0.6937707803769295, 1.1217127502172488, 2050.7993653305534, 0.7632124254693914, 9999]
02311593,93073,390479,583,3;[29268.680000000004, 644, 0.7086605782485719, 1.242273163056112, 1293.2260085393023, 0.7957943125449508, 1.0032401972293965]
02311593,93079,390520,139,1;[14094, 568, 0.7617964687090197, 1.316104584463495, 786.4994060247805, 0.7995011617060015, 9999]
02311593,93079,390520,139,2;[16094.75, 534, 0.7023013379379371, 1.1039750076212071, 1861.3361595657225, 0.7814894471029559, 1.007186208437279]
02311593,93079,390520,139,3;[23632.500000000004, 578, 0.7401360552755141, 1.2115407425090159, 949.7872864894466, 0.8154698219304374, 1.0044545375141933]
02311593,93079,390522,140,1;[25877, 706, 0.7947778592126152, 2.1081294700787065, 685.8605042666276, 0.9254281189348249, 1.005244347758527]
02311593,93079,390522,140,2;[23872.59, 644, 0.7917504254136136, 1.6501410683570974, 974.8525491989357, 0.8886445468789718, 0.9962011173184357]
02311593,93079,390522,140,3;[34895.270000000004, 700, 0.7097533743718489, 1.377811254958234, 1094.4772075384637, 0.7468062145005475, 1.0038228107511626]
02311593,93092,390594,756,1;[22981, 662, 0.7882149311948538, 1.0192978613437789, 742.64882171605, 0.9224696468641909, 1.0041510093506947]
02311593,93092,390594,756,2;[36234.31, 782, 0.7305070629002698, 1.2458010372668835, 1390.9950694115696, 0.7362286716250119, 0.9982296823263286]
02311593,93092,390594,756,3;[16926.350000000002, 516, 0.7013469862541083, 1.3014014241618697, 1425.4800949236364, 0.7800765708074024, 1.004267425320057]
02311593,93092,390594,757,1;[35311, 820, 0.7806801790143615, 1.2856389536647903, 708.7448802709118, 0.8865993510861734, 1.007547115974491]
02311593,93092,390594,757,2;[34464.78, 750, 0.701556269609537, 1.1864663230107122, 2185.285311829464, 0.7343191463095652, 1.001123420729705]
02311593,93092,390594,757,3;[28415.170000000002, 626, 0.7478055540990749, 1.1482635432496004, 1042.22905956885, 0.7412811848250676, 1.0052099740712919]
02311593,93092,390596,753,1;[36231, 838, 0.7892322880417336, 1.3808738467060275, 485.6766560729466, 0.9168883648404074, 1.0052578277818627]
02311593,93092,390596,753,2;[15773.449999999999, 530, 0.7097499955820598, 1.0632978727136817, 1742.194592313066, 0.817855349388949, 1.0117162157004924]
02311593,93092,390596,753,3;[34417.14, 694, 0.7179843314781489, 1.3965789165060647, 1054.1265010096097, 0.7668860835537773, 9999]
02311593,93092,390596,754,1;[33292, 802, 0.7598476303920808, 1.0640574684527555, 1159.3140865864452, 0.8645220176901552, 1.0001351858805858]
02311593,93092,390596,754,2;[35976.08, 768, 0.711883779527521, 1.1943593606693197, 2171.650243368872, 0.7062855734316738, 1.000297786454025]
02311593,93092,390596,754,3;[28135.690000000002, 624, 0.7256025224256046, 1.1295592060229076, 1257.4173809862061, 0.7722308600170916, 1.0048930860693839]
02311593,93093,390604,913,1;[14029, 562, 0.7523392109466404, 1.371031230967048, 980.8295809017628, 0.7850090044463504, 0.9835249579360628]
02311593,93093,390604,913,2;[15995.98, 534, 0.6877392312838922, 1.0761487942187202, 1838.075166751785, 0.8090448000822074, 1.0099932376587273]
02311593,93093,390604,913,3;[35529.58, 710, 0.7195462667707024, 1.3840369616450179, 1020.5843064319914, 0.7706833936498341, 1.003133098673268]
02311593,93093,390604,914,1;[24361, 680, 0.7947477160793152, 2.099602084570542, 767.5252010261149, 0.9222544290371997, 0.9994461424849741]
02311593,93093,390604,914,2;[27922.16, 674, 0.7054702232513416, 0.9039723450015127, 1960.2045829972838, 0.8066495303878383, 1.0012801911752156]
02311593,93093,390604,914,3;[27650.710000000003, 622, 0.7291235445893456, 1.0181486072723458, 1286.8561304667965, 0.7733871842785386, 1.0025830808206249]
02311593,93117,390764,143,1;[24218, 692, 0.8244775498083949, 2.030268452190781, 745.849486292146, 0.9282771963790188, 1.0055221091965953]
02311593,93117,390764,143,2;[28731.359999999997, 694, 0.7599155311035111, 1.229250263494478, 986.6766442235316, 0.863659080346254, 0.9968826771816098]
02311593,93117,390764,143,3;[31942.920000000002, 672, 0.7396295701754808, 1.147068955952547, 1021.4244506281588, 0.768995340905201, 1.0055200966016906]
02311593,93128,390833,411,1;[19506, 638, 0.7828199070007525, 1.2982983176274137, 700.6252058055366, 0.9439582142013718, 1.0047129722629993]
02311593,93128,390833,411,2;[27322.399999999998, 672, 0.7663414273485974, 1.5200930043524365, 892.6940337844371, 0.8897985685147586, 1.001286496151414]
02311593,93128,390833,411,3;[36629.69, 726, 0.7211013797727563, 1.301277654732432, 951.8743779121015, 0.6558862476651973, 1.0050936977238125]
02311593,93128,390834,410,1;[26314, 712, 0.7834199370809211, 1.0066797582730713, 879.9164967824042, 0.9097623465670577, 9999]
02311593,93128,390834,410,2;[29982.05, 700, 0.7522592871294339, 1.3580312853002485, 1022.8630778185059, 0.8500365297285087, 0.9993851768112493]
02311593,93128,390834,410,3;[36799.57, 730, 0.7076064964823144, 1.3660194399918908, 1189.713633154749, 0.6029835419966673, 1.004900860456416]
02311593,93129,390840,498,1;[36032, 840, 0.7846478643538725, 1.3359660531685702, 495.8170492091685, 0.9124036756796392, 1.0069023333799079]
02311593,93129,390840,498,2;[36227.17, 778, 0.744782775721796, 1.2496736931478525, 1292.5892263732298, 0.7792075363169867, 1.0013650642238048]
02311593,93129,390840,498,3;[36828.340000000004, 720, 0.7096025465489392, 1.4033515143626496, 1119.1194307107448, 0.7004653419899982, 1.0050285073371343]
02311593,93129,390840,499,1;[24402, 680, 0.7768181180344019, 1.0312602513644968, 771.2116090181117, 0.9238257134004648, 1.0053352559480895]
02311593,93129,390840,499,2;[31471.93, 718, 0.7644829260827609, 1.3031710183375718, 886.4805610637993, 0.8662689731669206, 1.0008514825256865]
02311593,93129,390840,499,3;[36821.490000000005, 722, 0.7528297213826686, 1.3945551207858826, 630.5751945691025, 0.723820671762154, 1.003715806180562]
02311593,93129,390842,495,1;[36469, 842, 0.7781434893594031, 1.3402078373273325, 599.5168611279787, 0.8935005294368877, 1.0064300695440997]
02311593,93129,390842,495,2;[24403.329999999998, 646, 0.7585965259835922, 1.541688288250568, 989.5046129482472, 0.8834990861631872, 1.001171703363765]
02311593,93129,390842,495,3;[15664.580000000002, 492, 0.71658792571021, 1.3205873305160651, 963.5611442471292, 0.8314262631846874, 1.0053635804097423]
02311593,93129,390842,496,1;[14313, 566, 0.7578621609700962, 1.285419076701994, 937.6724882801996, 0.8132852507278101, 0.9702084392475852]
02311593,93129,390842,496,2;[36156.96, 780, 0.7461067193185118, 1.3142746811130739, 1337.5899248300764, 0.7300496111150618, 0.9999341802145725]
02311593,93129,390842,496,3;[23666.750000000004, 578, 0.7202190762344117, 1.0538770799017543, 1562.9868635267726, 0.7804466562702466, 1.004302075460729]
02311593,93129,390842,497,1;[14404, 560, 0.7588446190822878, 1.3515806006300863, 1014.3822284142784, 0.8024176381666612, 0.9948887967951374]
02311593,93129,390842,497,2;[34903.89, 756, 0.7631275315894461, 1.341907392802297, 1002.3060851729758, 0.821040688348361, 0.9997954801104407]
02311593,93129,390842,497,3;[37031.100000000006, 724, 0.7497350812422664, 1.426971292641706, 642.0030900277108, 0.7147326900281007, 1.006048199497534]
02311593,93138,390908,1214,1;[33148, 802, 0.7650977085422668, 1.0394264464943999, 1181.0349415448397, 0.8559773616208939, 0.9993367500753693]
02311593,93138,390908,1214,2;[36587.74, 778, 0.7025706112943042, 1.1761412022194133, 2285.7914479753426, 0.6978490485315023, 1.0033121767364455]
02311593,93138,390908,1214,3;[25094.29, 590, 0.7166368990515091, 1.2930404340275548, 1145.4360090247985, 0.79449931091644, 1.0046896854345502]
02311593,93138,390908,1215,1;[34112, 806, 0.775153085969611, 1.2045417105168992, 934.890144489822, 0.8710828692325799, 1.0020710015716112]
02311593,93138,390908,1215,2;[17393.04, 552, 0.7410017879567194, 1.243621405227093, 1252.02822455535, 0.8790130290287483, 1.0000342102562347]
02311593,93138,390908,1215,3;[31929.22, 670, 0.713274513762775, 1.421618925645548, 1258.8849473608445, 0.7510917560683907, 1.001999183129474]
02311593,93138,390909,1213,1;[36169, 834, 0.769844224511109, 1.276276354332136, 917.8279397725231, 0.8501300875057564, 1.004317825259972]
02311593,93138,390909,1213,2;[25537.399999999998, 648, 0.7550605036822783, 1.4026637940533513, 1168.384226034822, 0.8448771483145693, 1.001142963775046]
02311593,93138,390909,1213,3;[33623.91, 686, 0.7914088281733291, 1.35455413336139, 611.0183481339334, 0.8167546586761458, 1.003618965834509]
02311593,93139,390917,52,1;[34822, 818, 0.7769862703610404, 1.1038560342586512, 847.7976674495811, 0.8729505162319477, 1.001596364316224]
02311593,93139,390917,52,2;[20544.16, 602, 0.744632600104861, 1.3188794737849052, 1225.2072294932916, 0.8591853783448195, 1.0026425066062665]
02311593,93139,390917,52,3;[26799.940000000002, 616, 0.7205212720757179, 1.031918311577468, 1411.5245665312775, 0.7585950611015824, 0.9997700150767894]
02311593,93171,391075,415,1;[18050, 596, 0.7889219397113868, 1.1907710563337137, 618.0977492014166, 0.9456834109656431, 1.0056830844662359]
02311593,93171,391075,415,2;[36145.06, 778, 0.7389555007746929, 1.1897396302351617, 1259.8271911319155, 0.7504813796745352, 0.999095439369768]
02311593,93171,391075,415,3;[35024.05, 702, 0.7492542757510664, 1.2492273311170148, 721.1675108326677, 0.7616895112552408, 1.0050320399418171]
02311593,93171,391075,416,1;[34713, 820, 0.7626227901941004, 1.0517743413673328, 1107.0117007719894, 0.8437089453116438, 1.0004323015735777]
02311593,93171,391075,416,2;[29893.989999999998, 694, 0.7054322234153855, 0.9911914815272265, 2065.3384043625842, 0.7693037932336909, 1.0019144099230248]
02311593,93171,391075,416,3;[18047.010000000002, 514, 0.6978269796861296, 1.2097041013050334, 1455.118030286603, 0.7744973935116585, 0.989149615168012]
02311593,93171,391076,417,1;[33849, 802, 0.781434198711538, 1.0968929104329035, 769.8175197683147, 0.8934543935330684, 1.0033049277510189]
02311593,93171,391076,417,2;[30009.42, 704, 0.6985480654475681, 0.9718997628436488, 2014.3623904740548, 0.7929083000040836, 1.0000396557877622]
02311593,93171,391076,417,3;[26738.29, 614, 0.7196642985792139, 1.02188937648946, 1482.354983937992, 0.7605201959176309, 1.0037027513499615]
02311593,93182,391160,205,1;[35454, 836, 0.7660242879307332, 1.1887094362145376, 1235.528121149576, 0.8166623511339748, 0.9978328783315977]
02311593,93182,391160,205,2;[36249.78, 784, 0.703850334588703, 1.0922706485700566, 2032.6454141954853, 0.7597849118102471, 9999]
02311593,93182,391160,205,3;[30120.820000000003, 642, 0.7162611981594234, 1.323915967412216, 1189.4335989506503, 0.7940256395450265, 1.0053040695016005]
02311593,93182,391160,206,1;[21632, 646, 0.7778592367847047, 1.0673811870461742, 761.9992216265325, 0.9296074247071041, 9999]
02311593,93182,391160,206,2;[29420.37, 696, 0.7017453799968558, 1.0182056839789837, 2004.7318903539476, 0.7992758238366426, 1.0008906522003158]
02311593,93182,391160,206,3;[15682.390000000001, 494, 0.7190036951254706, 1.030831887029848, 1398.8874218289045, 0.7955135213700328, 0.9700436422185501]
02311593,93188,391174,296,1;[35908, 838, 0.7857174275273782, 1.3499010092108876, 497.0839784305753, 0.9114739975861095, 1.0084533939955627]
02311593,93188,391174,296,2;[35774.97, 778, 0.7396862417870117, 1.331624210552068, 1470.3441902360526, 0.7352034437789416, 9999]
02311593,93188,391174,296,3;[35817.280000000006, 718, 0.7217504381060971, 1.3722916728600454, 1033.6316079794947, 0.5859129089591002, 1.0042445310849482]
02311593,93204,391209,533,1;[31344, 778, 0.76291867939492, 0.9892628209726443, 1117.0592584475455, 0.8730335962926712, 0.9986300060534616]
02311593,93204,391209,533,2;[30575.859999999997, 702, 0.7213235185634054, 1.054606104031237, 1904.5301220687445, 0.7851701606496895, 1.0007205312457401]
02311593,93204,391209,533,3;[19681.420000000002, 594, 0.733725831345645, 0.9865472538448915, 933.6756863603696, 0.8099102930538867, 0.9885429210390504]
02311593,93204,391213,534,1;[35957, 838, 0.7819198859454922, 1.3746132139135068, 543.3022178638367, 0.9003896810314092, 1.0061842399820908]
02311593,93204,391213,534,2;[35957.04, 778, 0.7418939840205787, 1.372022193235578, 1411.4046834596297, 0.7498819209595745, 1.0021724349513275]
02311593,93204,391213,534,3;[32314.190000000002, 676, 0.7759442212778213, 1.353331804172411, 804.321898165441, 0.8015014698786544, 1.0049208614702938]
02311593,93224,391280,394,1;[35843, 836, 0.7907964350001454, 1.3595083916913904, 463.2960519032043, 0.9109912037646988, 1.0055406713329873]
02311593,93224,391280,394,2;[32263.28, 728, 0.7608806067982621, 1.2447304840729227, 973.3711143361531, 0.840426033334224, 1.0026071038958637]
02311593,93224,391280,394,3;[24466.83, 586, 0.7410052264458694, 1.020181549706694, 1142.3240620109023, 0.7699125312245148, 1.0066512597936983]
02311593,93224,391280,395,1;[29599, 748, 0.7897881801014751, 1.1216828134586645, 656.7524375497728, 0.9149258194568654, 9999]
02311593,93224,391280,395,2;[34464.78, 758, 0.75251024537219, 1.258692573538141, 1118.6158741674776, 0.7915968366435843, 1.0023534297778085]
02311593,93224,391280,395,3;[18110.030000000002, 520, 0.7239015170993491, 1.1602879917484765, 1261.2441235064941, 0.8119384713487735, 1.0045214483832972]
02311593,93225,391287,428,1;[29510, 754, 0.7712716176344966, 1.0180428438992564, 958.1474859000766, 0.8872711767795115, 1.001680215882283]
02311593,93225,391287,428,2;[16458.89, 552, 0.7384442180767389, 1.1405621309082612, 1348.833397096685, 0.8701032221586171, 0.9980876781526249]
02311593,93225,391287,428,3;[36433.780000000006, 722, 0.7222202716570467, 1.2630825180538872, 1063.9268298576515, 0.6290579290564451, 1.005957672157812]
02311593,93225,391287,429,1;[36113, 840, 0.7800475115819301, 1.3205108987076803, 537.4840278556235, 0.9038114813195145, 1.0048135781858654]
02311593,93225,391287,429,2;[36297.38, 784, 0.6963797645655309, 1.1028016718481435, 2257.315165448647, 0.7107390836299636, 0.9982980951757544]
02311593,93225,391287,429,3;[15389.210000000001, 492, 0.7048733509230425, 1.3245209954549255, 1168.428917189992, 0.7972188719894304, 1.0027226065610355]
02311593,93260,391461,227,1;[35951, 834, 0.7923140486106418, 1.319220533832583, 420.01299407773644, 0.9287861370828601, 1.0079342828305484]
02311593,93260,391461,227,2;[21280.77, 606, 0.746914688640061, 1.3458181506500622, 1207.7259969378442, 0.8668596576220919, 1.0014560116480933]
02311593,93260,391461,227,3;[30466.06, 650, 0.7155452266058885, 1.2833541008790326, 1073.2728009030723, 0.810848904057915, 1.0041089086558]
02311593,93263,391483,500,1;[18089, 598, 0.7996694798065538, 1.2197445171724512, 584.469643595653, 0.9507163408084671, 9999]
02311593,93263,391483,500,2;[36822.17, 786, 0.759533455914343, 1.37025338075965, 1081.4261540498787, 0.7785287704867956, 1.0027383054911936]
02311593,93263,391483,500,3;[37021.51, 728, 0.7470916789851278, 1.3352813906166083, 616.033575514938, 0.6279834060713243, 1.0054882699856746]
02311593,93263,391484,501,1;[34418, 816, 0.7687045445223253, 1.192632234072031, 995.7225950131179, 0.8721622120266495, 1.0002179567283243]
02311593,93263,391484,501,2;[27888.84, 684, 0.7564315263293269, 1.2825683632195555, 1086.0354692393123, 0.8499089952766075, 1.00066181336863]
02311593,93263,391484,501,3;[15428.94, 490, 0.7096967807441334, 1.2827720979859483, 987.0866522375388, 0.8081519850850326, 1.0120416966211359]
02311593,93273,391523,808,1;[34619, 818, 0.7761927391560856, 1.171046435514673, 970.2277092739109, 0.8676220749772923, 9999]
02311593,93273,391523,808,2;[36217.65, 778, 0.7049214211880099, 1.1592118034837282, 2330.6148032252963, 0.7057485393410557, 1.0003615566657902]
02311593,93273,391523,808,3;[19134.79, 530, 0.7067947670786868, 1.1553811361950654, 1542.2673213760606, 0.7833059917250732, 0.993067652600519]
02311593,93273,391523,809,1;[36316, 838, 0.778241919641177, 1.3462498217490717, 624.9879385841475, 0.8982330630709334, 1.0047448436138278]
02311593,93273,391523,809,2;[18847.219999999998, 586, 0.7346094575699971, 1.401561272654324, 1238.876765167886, 0.8771781296020694, 0.9806811145510836]
02311593,93273,391523,809,3;[27950.74, 624, 0.7028077959143542, 1.3103749447752047, 1388.042625166364, 0.7724983619945724, 1.0044803308552017]
02311593,93273,391524,806,1;[29287, 740, 0.7773528581415563, 1.123736988051909, 862.2098425337673, 0.8984319864779085, 1.0006662680447596]
02311593,93273,391524,806,2;[36297.38, 784, 0.7117804185365179, 1.3087570808982667, 2007.7069651049412, 0.714618242148619, 1.0006397113097678]
02311593,93273,391524,806,3;[34869.240000000005, 698, 0.7040399692165543, 1.3882095509536487, 1261.660613354338, 0.7477563242460579, 50904.0]
02311593,93273,391524,807,1;[14620, 572, 0.7442745855337904, 1.2577281278256713, 901.631887429832, 0.786726186887107, 0.9993164730006835]
02311593,93273,391524,807,2;[26640.53, 664, 0.705695758152309, 0.8788529731446618, 1840.686635326387, 0.8296863313394519, 0.9971937639198218]
02311593,93273,391524,807,3;[15291.94, 488, 0.7133149203421997, 1.2944367109834076, 958.1765744619962, 0.7670208465832105, 9999]
02311593,93340,391956,61,1;[35546, 826, 0.7771455684512779, 1.2543595882253258, 929.3284156090465, 0.8418849719098703, 1.0044789826916285]
02311593,93340,391956,61,2;[36306.9, 774, 0.7672483739663467, 1.3873715743735517, 949.8812050705926, 0.8114594791440253, 1.0038165427386985]
02311593,93340,391956,61,3;[35722.75, 712, 0.7468757429457097, 1.3420871963305727, 645.0687396482493, 0.6302772491998658, 1.005688940314338]
02311593,93340,391957,60,1;[22983, 662, 0.7854010479895888, 1.0435193385737302, 791.1236627292009, 0.9191460392557912, 9999]
02311593,93340,391957,60,2;[20539.399999999998, 590, 0.7824670601413689, 1.557320564357336, 925.5780741623071, 0.8857525290222564, 1.0029927070924252]
02311593,93340,391957,60,3;[32973.16, 678, 0.7364374095709136, 1.2360242886078148, 982.5959570301072, 0.7577036122589499, 1.0070714255826603]
02311593,93341,391959,157,1;[35436, 832, 0.7609753664881567, 1.162952995565167, 1232.5316295587058, 0.826975459509905, 1.0020926418189016]
02311593,93341,391959,157,2;[34206.549999999996, 744, 0.7701450034171863, 1.4379060533496566, 784.6723997012449, 0.8793995290060935, 1.0047186298497028]
02311593,93341,391959,157,3;[25154.570000000003, 594, 0.7221466608557205, 1.0469975636003308, 1552.4187536728746, 0.7827494590688424, 1.005228436122745]
02311593,93341,391959,158,1;[13320, 556, 0.7534396352217376, 1.177007195990573, 680.8588413941803, 0.7291971070180531, 1.0050554591413265]
02311593,93341,391959,158,2;[36148.63, 772, 0.7760259731588092, 1.470178222715594, 884.387140896646, 0.8499072668778098, 1.0074956054525555]
02311593,93341,391959,158,3;[33989.700000000004, 686, 0.7093902996821368, 1.3972865794015883, 1191.0097421771723, 0.7419423489987859, 1.0063479830450037]
02311593,93341,391959,160,1;[15419, 564, 0.7627036660690277, 1.6136822244217723, 648.3815833659139, 0.950242804959129, 1.0010062648099458]
02311593,93341,391959,160,2;[18466.42, 558, 0.7310650014406663, 0.9925106544776964, 1578.0789387582724, 0.8382622457954939, 1.0017752816242214]
02311593,93341,391959,161,3;[35759.740000000005, 712, 0.7285719244994874, 1.3474650002273787, 823.0951242443152, 0.6181770296201711, 1.005993101188985]
02311593,93341,391961,162,1;[23561, 664, 0.7851203643104459, 1.0133278646034978, 799.0138487529825, 0.9166153098834042, 1.0035565967415612]
02311593,93341,391961,162,2;[27909.07, 662, 0.7138575900242642, 1.0220529931326938, 1946.3135646991527, 0.7964012541026034, 1.0029292907695269]
02311593,93341,391961,162,3;[14008.250000000002, 478, 0.7168936431845563, 1.3225689245836219, 854.9477244999549, 0.7566744654621556, 1.0090294567523561]
02311593,93341,391961,163,1;[28988, 738, 0.7652595848130993, 0.9840316611875831, 1015.5730325944312, 0.8897218696245296, 1.0024206376651221]
02311593,93341,391961,163,3;[36235.130000000005, 714, 0.7393459745062348, 1.3767491440143467, 686.6789481389127, 0.6687569714932982, 1.0061436043747027]
02311593,93341,391961,164,2;[35071.68, 752, 0.7067057437797624, 1.2397709890499498, 2223.4746353818928, 0.7159013584356205, 1.0018696671992386]
02311593,93377,392046,73,1;[36411, 842, 0.7954039111384876, 1.3411798996066682, 549.8123081717741, 0.9123221902255403, 1.0049819903120298]
02311593,93377,392046,73,3;[28043.9, 624, 0.7341494465419269, 1.0300779728080833, 1126.5948306609155, 0.7682458351106458, 1.0032592447374225]
02311593,93377,392046,74,2;[25218.48, 648, 0.7627679577312656, 1.4699713591794634, 1011.5054896607472, 0.8711898047422001, 0.998374673167974]
02311593,93377,392053,71,1;[31607, 784, 0.7711041897688189, 0.9724681880361404, 1007.9461471096464, 0.8836422077535848, 1.002664720997367]
02311593,93377,392053,71,2;[21738.92, 614, 0.741153838235513, 1.0039217223431347, 1510.865139172255, 0.8287061024135137, 0.9974882603472753]
02311593,93377,392053,71,3;[36031.0, 722, 0.704176701712242, 1.4372552969193946, 1247.8484631863062, 0.7094569197801555, 0.9976859754941011]
02311593,93377,392053,72,1;[21589, 650, 0.791557623877616, 1.0963622688684482, 677.100837031383, 0.93503821900126, 1.0046535436735073]
02311593,93377,392053,72,2;[23492.98, 650, 0.6216252483199289, 1.0103702165588035, 1044.6321212510993, 0.9273254203005491, 0.9958887179357833]
02311593,93377,392053,72,3;[15987.900000000001, 514, 0.7246526975586771, 1.1104207518457447, 1272.951714472707, 0.8001491615242624, 0.9615622296378692]
02311593,93389,392117,734,1;[31302, 776, 0.7863978882993653, 1.2569167681810323, 531.5791618282249, 0.9334604719634918, 1.004138196516216]
02311593,93389,392117,734,2;[35012.18, 762, 0.6954939827650972, 1.066613182684637, 2126.8602924222314, 0.745324950051702, 19614.666666666668]
02311593,93389,392117,734,3;[36743.4, 732, 0.718972211667446, 1.3268725491188271, 1006.3174627577863, 0.6313658049191665, 1.0032544046683873]
02311593,93389,392117,737,1;[36827, 852, 0.7867469793763162, 1.4058253358329502, 559.1240457951596, 0.9060510745969699, 1.004062380718687]
02311593,93389,392117,737,2;[15756.789999999999, 530, 0.7063636380276125, 1.1218276072221014, 1854.4283779848204, 0.781573848696542, 9999]
02311593,93389,392117,737,3;[33030.700000000004, 690, 0.7704993872147355, 1.3474823964718976, 651.489810658352, 0.7870074762050863, 1.0018907519375013]
02311593,93391,392130,867,1;[23159, 682, 0.7728098195092217, 1.058658579102646, 966.1456282177691, 0.9120848112631049, 1.00411897329171]
02311593,93391,392130,867,2;[32745.23, 740, 0.7243283579829013, 1.1187285627565577, 1840.4232609010721, 0.750637264328019, 9999]
02311593,93391,392130,868,3;[35672.060000000005, 716, 0.780671399769868, 1.3575779618161519, 531.4074974712302, 0.792357253586624, 1.0040488952300157]
00023892,93026,390259,210,1;[115384, 1676, 0.9705763288702812, 0.9705763288702812, 27.44450635858385, 0.9967809945790217, 0.9971869206936336]
00023892,93026,390259,211,2;[117053.15999999999, 1570, 1.0149650236071255, 0.9746772383627069, 32.01824097753799, 0.9959190027831599, 0.996711876257112]
00023892,93026,390259,211,3;[116700.71, 1438, 1.0186254340279237, 0.9437976061425024, 56.93241554978748, 0.9908537816795847, 9999]
00023892,93026,390259,212,1;[115337, 1664, 0.9804131521278897, 0.9889032468085639, 29.32303153461915, 0.9964262448288627, 0.9924920079683675]
00023892,93026,390259,212,2;[117691.0, 1554, 1.014747909288223, 0.9808503008994244, 33.38817836122004, 0.9959185983378324, 9999]
00023892,93026,390259,212,3;[114356.64000000001, 1394, 1.0039062202291396, 0.9507977939312924, 37.10296143051946, 0.9936297065684685, 9999]
00023892,93026,390259,214,1;[120043, 1634, 1.0032661182443197, 0.9887838124952426, 22.927187669422857, 0.9969424029558446, 0.9982495311986761]
00023892,93026,390259,215,3;[114305.95000000001, 1398, 1.010278510246198, 0.9543713578041263, 39.13504025500448, 0.9933049493998183, 9999]
00023892,93026,390259,216,2;[116758.04, 1568, 1.0123332269148082, 0.98091887278259, 29.98789604125521, 0.996023856518871, 0.9963240520725442]
00023892,93049,390350,751,2;[112488.31999999999, 1480, 0.9848740726439702, 0.9929826624223882, 26.49613653842162, 0.9961483784872827, 9999]
00023892,93049,390350,752,3;[118309.09000000001, 1532, 1.0130833231157215, 0.9721992345752148, 59.29260583943325, 0.9911236827270111, 9999]
00023892,93049,390350,753,1;[115862, 1658, 0.9829469492684024, 0.9978529551266063, 24.60371064380052, 0.9960469422803894, 0.9909383646292598]
00023892,93049,390350,756,2;[116076.17, 1538, 1.0085478725212538, 0.9927081192712227, 43.37188848757056, 0.9943862237694245, 9999]
00023892,93049,390350,756,3;[117833.70000000001, 1382, 1.047327962051423, 0.9430491915437306, 103.28006889242694, 0.9876476852572468, 0.9989779088945155]
00023892,93049,390350,757,1;[119330, 1636, 1.0075125795868425, 0.9942916148693116, 29.0029681718026, 0.9953227996444487, 9999]
00023892,93049,390350,758,3;[117121.3, 1400, 1.030931342867741, 0.9719735434960686, 74.73251000866165, 0.9910807744684849, 9999]
00023892,93049,390350,760,1;[119412, 1684, 1.0004737661313214, 0.9880028410604836, 28.934950571560975, 0.9954903479060804, 0.999870214146658]
00023892,93049,390350,760,2;[117228.09, 1564, 1.0405712513178689, 0.9825036010815462, 94.58212834702178, 0.9879751501300211, 0.9954779023530066]
00023892,93049,390350,761,1;[115473, 1576, 0.991677529821298, 0.9926776955103828, 36.86362273631874, 0.9942467519164607, 1.0014917476864902]
00023892,93049,390350,763,2;[118247.92, 1546, 1.0345050869305332, 0.994516715150005, 59.95186314319832, 0.9908730469999921, 9999]
00023892,93049,390350,763,3;[118310.46, 1494, 1.0361395917367435, 0.9712337522244107, 108.28824339469637, 0.9843328979744623, 0.9939059128182995]
00023892,93049,390350,766,1;[116227, 1652, 0.9751026370807013, 0.9892795240401203, 27.456611617824382, 0.9965442441576506, 0.9924685549359998]
00023892,93049,390350,767,3;[117711.77, 1466, 1.0214023858039325, 0.9691685127209577, 43.76655418360943, 0.9929606828812833, 10740.125]
00023892,93049,390350,769,2;[117706.47, 1490, 1.0202549609913965, 0.9997484379105231, 29.963769686372082, 0.995278891855519, 9999]
00023892,93049,390350,770,1;[117114, 1588, 1.0024585818836231, 0.9928265580916606, 32.869004539460455, 0.9955113006843905, 9999]
00023892,93049,390350,770,3;[118395.40000000001, 1410, 1.0424963099943128, 0.9275135170288007, 78.28360049762023, 0.9922517167138535, 9999]
00023892,93049,390350,773,2;[114238.81, 1522, 1.0044227657496143, 0.986742260703326, 36.17136856988099, 0.9948063335800724, 9999]
00023892,93099,390646,1221,2;[114072.20999999999, 1486, 1.0090858747803573, 0.9867088647928606, 38.53013999163804, 0.9934468550222741, 9999]
00023892,93099,390646,1222,1;[115757, 1704, 0.9986716907804245, 0.9931340390066832, 35.39650912607604, 0.9961712619634862, 0.989105543782897]
00023892,93099,390646,1222,3;[117585.73000000001, 1392, 1.1323117391248805, 0.9651113997953958, 50.31573890807299, 0.9940088735414381, 9999]
00023892,93103,390673,1487,1;[118131, 1640, 0.9941992381714719, 0.9832364950716539, 24.18140079113889, 0.9967673469878491, 0.9975637458357788]
00023892,93103,390673,1488,3;[117951.52, 1364, 1.034720293021279, 0.9614925636421753, 96.22023479779668, 0.98528403584093, 0.9961010262284081]
00023892,93103,390673,1489,2;[116541.45999999999, 1546, 1.014966414714585, 0.992022459678374, 40.09946663942671, 0.9947342202306876, 0.9929282227280332]
00023892,93103,390673,1491,2;[120403.01, 1514, 1.0503891899546012, 0.9843946252209498, 113.66690920960296, 0.984839104179109, 9999]
00023892,93103,390673,1492,1;[114627, 1678, 0.9987680845865211, 0.9924709850319351, 45.564953524898826, 0.9946129103177113, 0.9927122981592382]
00023892,93103,390673,1492,3;[112581.12000000001, 1362, 1.004285977747245, 0.9649001229124898, 31.23126453415144, 0.9956981357234577, 9999]
00023892,93103,390673,1495,2;[114817.15, 1510, 0.9930315460441014, 0.9870770259924616, 31.546042712339776, 0.9947702350629656, 9999]
00023892,93103,390673,1497,3;[113548.34000000001, 1404, 1.0054351093309934, 0.960491452600365, 28.91913419738997, 0.9948299282430487, 9999]
00023892,93103,390673,1498,1;[116314, 1654, 0.989772517025471, 0.9913499174139772, 25.89202116124958, 0.9956881817830718, 0.9948765321221763]
00023892,93103,390673,1499,1;[115761, 1706, 0.9962542217613665, 0.9812057965453727, 38.26655464467754, 0.9959036968410945, 0.9896936302274583]
00023892,93103,390673,1499,3;[117251.45000000001, 1500, 1.0242496834682837, 0.9748615169204323, 53.78139989410666, 0.9908513476631625, 34234.0]
00023892,93103,390673,1500,2;[113904.42, 1520, 1.0033341804562999, 0.9866325509813356, 31.931454020851525, 0.9944117262205622, 0.9918501209788144]
00023892,93122,390798,1587,3;[117843.29000000001, 1442, 1.0406381091708652, 0.97290517790024, 111.87571133625764, 0.982512094931687, 0.9956477955389904]
00023892,93122,390798,1589,1;[115972, 1698, 0.9778822539189395, 0.9908134710763481, 20.37117655163161, 0.9968449509462828, 0.9941706957446079]
00023892,93122,390798,1589,2;[117505.36, 1504, 1.0292453359150497, 0.9978651105229204, 41.27597117489877, 0.9945531923571351, 9999]
00023892,93122,390798,1590,1;[114476, 1708, 0.9714008354292216, 0.9792266459744134, 31.895664856885332, 0.9963746613606888, 0.9873600048300221]
00023892,93122,390798,1590,2;[115546.62, 1446, 1.0044099548766843, 0.9937778684089924, 34.96544073137213, 0.9941037791054449, 9999]
00023892,93122,390798,1592,3;[117977.55, 1424, 1.0384956777881869, 0.9582881772027657, 51.69301507743181, 0.993571167624946, 172230.0]
00023892,93139,390920,17,2;[116130.90999999999, 1510, 0.9981631323817355, 0.9808162066148503, 32.268889709424414, 0.993887002655094, 0.9946034641785189]
00023892,93139,390920,17,3;[117082.94, 1368, 1.01704474354301, 0.9629625559037094, 53.25214145749839, 0.9925764721536028, 9999]
00023892,93139,390920,18,1;[114291, 1656, 0.9814575364939319, 0.9959018721886728, 30.733984173391054, 0.9957475714305857, 0.9944271152817112]
00023892,93139,390920,19,1;[117141, 1708, 1.0011284673044343, 0.9784178992053928, 59.47460187917027, 0.9921109682880714, 0.9933264364697103]
00023892,93139,390920,20,3;[118051.53000000001, 1470, 1.0213625513322462, 0.9716452290970454, 85.44257796364806, 0.9849400431888099, 9999]
00023892,93139,390920,21,2;[115941.7, 1478, 1.0067750976010585, 0.9966286729292532, 25.270836994108723, 0.9955051948918705, 1.001742742428838]
00023892,93166,391047,301,1;[119197, 1602, 0.9934559797032223, 0.9948353663934025, 20.712104405988043, 0.9968702647084702, 0.9987055043296481]
00023892,93166,391047,301,2;[116151.14, 1540, 1.0002683910551358, 0.9928704150270152, 33.4848806094114, 0.9948215854848882, 9999]
00023892,93166,391047,303,3;[118637.89000000001, 1398, 1.0223579081250327, 0.9703534494557088, 42.23273852076505, 0.9934911546531924, 9999]
00023892,93166,391047,304,1;[117753, 1622, 0.9772164352433422, 0.9958620833402838, 25.766315361363983, 0.9967860458868003, 0.9972686967237064]
00023892,93166,391047,305,2;[117093.62, 1536, 1.002178459818774, 0.997850638667676, 24.4138911119299, 0.9964615269265222, 1.000127051242307]
00023892,93166,391047,305,3;[119032.45000000001, 1370, 1.0183846266174685, 0.9748323649170428, 37.875699129217296, 0.9947455224370897, 2199.6202531645567]
00023892,93166,391047,307,2;[115370.5, 1528, 1.0058060097422366, 0.9895282762600829, 39.93207841576104, 0.9944151817445519, 9999]
00023892,93166,391047,308,1;[115460, 1682, 0.9960968642594321, 0.9954651582763876, 40.582903883813906, 0.9951983391381567, 0.9932470213772635]
00023892,93166,391047,308,3;[118877.64000000001, 1454, 1.017150500848034, 0.9733966928934351, 36.44529966828555, 0.9937569319287601, 1324.7633587786258]
00023892,93166,391047,309,1;[119716, 1620, 1.0322619672169577, 0.9876387315526259, 46.38197855060344, 0.9944067144527013, 0.999419796219075]
00023892,93166,391047,309,2;[115416.90999999999, 1496, 1.0140101989435855, 0.9782871975660953, 49.76970517264166, 0.9923215994050387, 9999]
00023892,93166,391047,310,3;[117396.67000000001, 1446, 1.0322636927019022, 0.9549682020607355, 42.6314536599798, 0.9954496600959517, 9999]
00023892,93166,391047,312,2;[119097.58, 1476, 1.0286965797742729, 0.9766518066581236, 64.13464440773701, 0.9901136968339167, 100082.0]
00023892,93166,391047,313,1;[120302, 1688, 1.021004314514589, 0.9866737636844082, 42.55555215394716, 0.9931729686905908, 0.9957002685780263]
00023892,93166,391047,313,3;[119017.38, 1408, 1.0256435421473993, 0.9687818342517958, 44.27779058241403, 0.9929874755115312, 24821.14285714286]
00023892,93166,391047,315,1;[117580, 1706, 0.9911475015587408, 0.9998940038735258, 31.46718806602632, 0.9964770636421072, 0.9924037812288994]
00023892,93166,391047,315,2;[119473.62, 1562, 1.0290292751963206, 0.976969826578464, 59.39391504055549, 0.9910613417632356, 9999]
00023892,93166,391047,315,3;[120414.78000000001, 1524, 1.0420803432332637, 0.9716719340706381, 114.80932319891738, 0.9838297153742086, 0.9968696835658387]
00023892,93265,391506,609,1;[120450, 1668, 1.0130823848066772, 0.9934285035407959, 28.081715577593773, 0.9950777124707098, 9999]
00023892,93265,391506,609,3;[119976.38, 1438, 1.0627480642574758, 0.9590433977019611, 126.38952663022229, 0.9846962103710577, 0.99012968218255]
00023892,93265,391506,610,2;[119833.0, 1508, 1.0279624297293433, 0.9939602657133225, 34.05485042585448, 0.9943307197997148, 0.9989534301203803]
00023892,93265,391506,611,3;[119896.92000000001, 1368, 1.0267371543472592, 0.9680652141772095, 60.138477372720004, 0.9910185054986551, 175032.0]
00023892,93265,391506,612,2;[116885.37, 1548, 1.0145783774572443, 0.9803564738122116, 29.62078944142632, 0.9948200399301197, 9999]
00023892,93265,391506,613,1;[114481, 1610, 0.9955593575803238, 0.9902087238335712, 36.759064237107594, 0.9944111491071127, 0.9902515396858349]
00023892,93329,391882,87,1;[118271, 1616, 1.0194271800477344, 0.9951980347867928, 37.73351695185407, 0.9949972892828642, 0.9989948475377988]
00023892,93329,391882,87,2;[111247.15, 1430, 0.9892958805203751, 0.987969527216751, 25.62743346510477, 0.9960790202361292, 9999]
00023892,93329,391882,87,3;[115923.92000000001, 1414, 1.0215942370198658, 0.9563196493174627, 47.010858776237484, 0.9953242287886229, 9999]
00023892,93329,391882,89,1;[114628, 1672, 0.9914825066265023, 0.992449732020601, 46.0862142629913, 0.9941192467786226, 0.9939475920434248]
00023892,93329,391882,89,3;[114667.63, 1414, 1.0167941706478845, 0.9529070402788227, 69.36194070195396, 0.9896615259912896, 0.9922821576763485]
00023892,93329,391882,90,2;[116098.78, 1540, 1.024478526931865, 0.9929498654533664, 58.7047229351499, 0.9922725834272821, 9999]
00023892,93329,391882,92,2;[114627.93999999999, 1522, 1.0073552101636527, 0.9847883422105579, 36.85985021329225, 0.9940911230252352, 0.9904477918873066]
00023892,93329,391882,92,3;[114493.64000000001, 1356, 1.0098884038015559, 0.9575393429604518, 53.70771228318953, 0.9928164272628103, 9999]
00023892,93329,391882,93,1;[115389, 1646, 0.9791536811644996, 0.9912072497007227, 30.555962129969355, 0.9961549890584726, 0.995354855405318]
00023892,93329,391882,94,1;[116973, 1592, 0.994606233216065, 0.9965614043713638, 34.71012332712566, 0.9946580766084038, 0.9999615310636661]
00023892,93329,391882,94,2;[112866.73999999999, 1496, 1.003006582190011, 0.9923183925625743, 26.138494257660792, 0.99570058885804, 9999]
00023892,93329,391882,94,3;[114433.36000000002, 1410, 1.0214616209838423, 0.9517095185099957, 73.57692311392724, 0.9894936176987641, 0.990536726513768]
00023892,93329,391882,96,1;[115407, 1632, 0.9872182726007631, 0.9927104473525977, 23.989429741072772, 0.9960868400620199, 0.996795591563164]
00023892,93329,391882,96,2;[113005.97, 1516, 0.9882006017804126, 0.9825266807640969, 27.477798069064683, 0.9957344812378607, 0.9942780561096016]
00023892,93329,391882,96,3;[117169.25000000001, 1434, 1.0569068397282255, 0.9348208440309685, 110.45560734956277, 0.9883416942725053, 9999]
00023892,93329,391882,99,1;[118266, 1608, 1.0340711010663866, 0.9901960891665134, 40.350390802242764, 0.9941750124012475, 0.995743928467688]
00023892,93329,391882,99,2;[114010.33, 1524, 1.0088953795511193, 0.9873587254334197, 27.375748128469997, 0.9954495918170748, 9999]
00023892,93329,391882,99,3;[113752.47000000002, 1336, 1.0058340005280906, 0.9771892906538502, 25.640739364499375, 0.99607581804577, 9999]
00023892,93377,392048,3,3;[118466.64000000001, 1406, 1.047556527781869, 0.9626297559970822, 107.28162349534367, 0.988306503325163, 9999]
00023892,93377,392048,4,1;[118492, 1724, 0.9863208326474601, 0.9986424630954116, 19.764201178268063, 0.9967779664001932, 0.982353745839223]
00023892,93377,392048,4,2;[116322.5, 1540, 1.0024661578187861, 0.9812524545754474, 28.71243987076844, 0.9953319054134065, 9999]
00023892,93377,392048,5,1;[112681, 1604, 0.9750116024793062, 0.9728192778387952, 30.87669786078407, 0.9962903174522396, 0.9869450782375636]
00023892,93377,392048,5,2;[117476.79999999999, 1468, 1.0128946844061226, 0.9826118107683158, 31.69563920609115, 0.9953051589361018, 9999]
00023892,93377,392048,5,3;[119291.38, 1442, 1.0494193382007337, 0.9224995551443748, 90.97954973781846, 0.9914184377585706, 9999]
00023892,93377,392048,8,2;[114999.22, 1520, 1.0070723933409482, 0.9772014446917673, 55.95936210100426, 0.9911467610708359, 1.0000983146794165]
00023892,93377,392048,8,3;[115359.48000000001, 1394, 1.0261842013140077, 0.9530082855170431, 74.80732270330151, 0.9887307322964278, 9999]
00023892,93377,392048,9,1;[115825, 1638, 0.9752674514762388, 0.977930434245964, 26.59457846165895, 0.9966290836236483, 0.9829547624402228]
00023698,93080,390528,134,1;[36900, 898, 0.9978155479327312, 1.0259673944738459, 89.73238912855744, 0.9929930238391793, 0.9837638966648005]
00023698,93080,390528,134,2;[39364.009999999995, 820, 1.0504391901326098, 1.022399976459444, 131.86334323534342, 0.9822628171354302, 1.0140555785472325]
00023698,93080,390528,134,3;[55474.04, 910, 1.2348669144335471, 0.954528904486548, 84.48481776732575, 0.9923977465338607, 26994.666666666668]
00023698,93244,391403,53,2;[43991.92, 860, 1.0139415938895173, 1.0212939734954087, 88.72411398565121, 0.9915332214735743, 9999]
00023698,93244,391403,54,1;[45368, 944, 1.0138822074695624, 0.9740646097252217, 57.91967425793741, 0.993886083647604, 1.000099198694986]
00023698,93244,391403,55,3;[38692.91, 766, 1.0128055678324268, 1.0020142613457823, 123.04365198080062, 0.9864740144323954, 0.9985680697226298]
00232831,93048,390346,740,1;[60347, 1074, 1.0041203919890753, 0.9799737843213558, 68.8031668473261, 0.9893269121354705, 1.0045276737411568]
00232831,93048,390346,740,2;[26282.34, 714, 1.0320528336306802, 1.014372897938292, 140.43680277580415, 0.9847081607347733, 9999]
00232831,93048,390346,740,3;[48303.46000000001, 810, 1.1451752258466206, 0.9524738607388366, 111.29907984614162, 0.9886044851043795, 1.0053033759124088]
00232831,93048,390346,741,1;[58549, 1054, 1.0054455670794802, 0.9721401613657598, 71.84338526471858, 0.9899833681219329, 1.006091640962634]
00232831,93048,390346,741,2;[26754.77, 714, 1.0341519316231074, 1.0048081338552852, 159.3327943069655, 0.9804418482813829, 1.0053435285174503]
00232831,93048,390346,741,3;[59377.170000000006, 910, 1.009236585552549, 0.9801747544230137, 119.60868056295885, 0.9820228240271109, 1.0022546741128724]
00232831,93048,390346,742,1;[60220, 1068, 1.0074655194483435, 0.9772295374079115, 65.41557014703079, 0.9913233628504808, 1.006005629755849]
00232831,93048,390346,742,2;[36023.68, 754, 1.1820072772154882, 0.975194568199687, 145.89823339616314, 0.9858882366313425, 1.007957912962408]
00232831,93048,390346,742,3;[30371.530000000002, 664, 1.0089733402220478, 0.9955065153366602, 110.20559259267367, 0.9896436106369197, 1.003848940409346]
00232831,93147,390953,359,1;[28614, 804, 1.0032679635817676, 0.9797642027110547, 76.11960080236409, 0.9935266967839056, 1.0029442691903259]
00232831,93147,390953,359,2;[32495.329999999998, 730, 1.0010910926167107, 1.0181539503852286, 138.38844875947652, 0.9872961394964037, 1.0066911209009972]
00232831,93147,390953,359,3;[44651.04, 780, 1.1265940771710539, 0.9490983104198878, 135.99181647196534, 0.9850378115291741, 1.0061277725469615]
00232831,93165,391039,287,1;[39866, 864, 1.0298398293658304, 0.9959000629021967, 86.7554628668432, 0.992586344484783, 0.9994735126733021]
00232831,93165,391039,287,2;[58477.79, 974, 1.0269415973797502, 0.9712203717647845, 110.17502078317794, 0.9861528678999373, 1.0036866453569715]
00232831,93165,391039,287,3;[47685.590000000004, 804, 1.0360607644632402, 0.94115180619928, 106.98442230112188, 0.9887037694940279, 9999]
00232831,93165,391039,289,1;[28699, 810, 1.00818441333912, 0.9786705332760606, 77.15163995602295, 0.9933617731220881, 0.9997039101280153]
00232831,93165,391039,289,2;[29376.34, 706, 1.0029025862775742, 1.0184988224387705, 115.10771404046059, 0.9898791421656763, 1.0058060178866095]
00232831,93165,391039,289,3;[29242.65, 658, 1.0054347153086407, 1.016919426240819, 136.91117619523283, 0.9875221844265234, 1.0027482207032625]
00232831,93165,391039,290,1;[29374, 836, 1.0333035036256313, 0.9688302861139513, 84.38927192001452, 0.9925713888783438, 1.00454840805718]
00232831,93165,391039,290,2;[48306.86, 868, 1.1486846561401474, 0.9733066559966124, 138.39645165229948, 0.9857525522417887, 1.0036095727848102]
00232831,93165,391039,290,3;[28849.460000000003, 652, 1.0052699092288533, 1.0203944978101065, 115.91342784668967, 0.98962519814608, 1.003669987131214]
00232831,93328,391868,72,1;[53913, 1002, 1.0197885864858176, 0.9823802569413564, 73.40299224254385, 0.9925419384832258, 1.0061398925052254]
00232831,93328,391868,72,2;[30416.399999999998, 710, 1.0438726826922544, 0.9772929921499058, 127.79972348039183, 0.989214036519754, 9999]
00232831,93328,391868,72,3;[54501.340000000004, 870, 1.009712309967718, 1.0058363780854904, 98.19940865914353, 0.988407161462243, 9999]
00232831,93328,391868,73,1;[53548, 998, 1.0189524065939604, 0.9797690597906243, 70.54455465725476, 0.9923345736926806, 1.0058606957697798]
00232831,93328,391868,73,2;[32314.449999999997, 730, 1.0032959324346369, 1.0173005886922057, 119.24168662801405, 0.9887060503406242, 1.0007739367583106]
00232831,93328,391868,73,3;[56224.8, 882, 1.0097929346542687, 1.0019868142286004, 108.93376190051036, 0.985441320762081, 9999]
00232831,93328,391868,74,1;[58872, 1058, 1.0073440151434425, 0.9871881459772484, 66.68563326524257, 0.9914655171775439, 1.0050875815208113]
00232831,93328,391868,74,2;[56247.729999999996, 944, 1.126253123694444, 0.9646773931279856, 122.14461848641795, 0.984343955618227, 1.0040039508480516]
00232831,93328,391868,74,3;[54302.69, 864, 1.013030303116915, 1.0093036032740614, 115.46933163720168, 0.98485697905831, 9999]
02011239,93051,390358,939,1;[116627, 1616, 1.226767054368351, 0.7894687830108843, 532.2675009887437, 0.9050921283062553, 0.9979207666638145]
02011239,93051,390358,940,2;[117272.12, 1552, 1.3092563299230477, 0.6068035466539268, 1228.139150718081, 0.8174875198029596, 1.0004923882862349]
02011239,93051,390358,940,3;[115392.36000000002, 1382, 1.318292950488103, 0.6057554136872206, 1168.9718829789124, 0.8214685434610559, 0.9951617190961454]
02011239,93067,390431,80,1;[118920, 1686, 1.2542632538325544, 0.7423580549697025, 569.507972460711, 0.9015609841400498, 0.9991975835080305]
02011239,93067,390431,80,2;[118553.75, 1466, 1.357853043853108, 0.531559173981394, 1633.6718951822672, 0.7669681218218305, 1.0011808155164184]
02011239,93067,390431,80,3;[118391.29000000001, 1452, 1.356266852165266, 0.5166416962040419, 1919.7424933362652, 0.746146720538869, 0.9946822592341072]
02011239,93067,390431,82,1;[118641, 1708, 1.2449748672074326, 0.7181549743029295, 893.282505245612, 0.8829947529564313, 0.9961502777089745]
02011239,93067,390431,82,2;[119248.70999999999, 1564, 1.3446848026017544, 0.5648885938993163, 1580.933163534961, 0.7894495725574902, 0.995040140603822]
02011239,93067,390431,82,3;[119714.71, 1434, 1.3542826948477997, 0.526979916014058, 2056.993155723269, 0.7251234012138238, 0.9949672644463422]
02011239,93096,390617,985,1;[116692, 1658, 1.24249198816296, 0.808200761305186, 593.4487026027602, 0.8906043572037874, 0.9970990716174705]
02011239,93096,390617,985,3;[115455.38, 1418, 1.3282275388581455, 0.6374442312904417, 1521.3487987242136, 0.7646659289135507, 0.9979868315096395]
02011239,93096,390617,986,2;[117091.23999999999, 1448, 1.3084930659141252, 0.6856419639128749, 1196.286329035447, 0.797253268629796, 1.0005084090862872]
02011239,93139,390919,102,1;[117379, 1712, 1.2282330911093862, 0.8078462631369242, 796.7003448656235, 0.8873595373247152, 0.9936678320790335]
02011239,93139,390919,102,2;[119220.15, 1512, 1.3770401088012958, 0.5089472011458898, 2095.068297686564, 0.7324270604301623, 0.9965384500611739]
02011239,93139,390919,102,3;[117903.57, 1412, 1.328656210046723, 0.5504035843614692, 1529.9069438810973, 0.7524930977388753, 0.9987698306776376]
02011239,93148,390958,452,1;[120294, 1614, 1.3278159476202218, 0.6225550249135221, 1261.0238793044919, 0.8281432758629721, 1.0027006751687921]
02011239,93148,390958,452,2;[116936.54, 1552, 1.321941468035762, 0.5742586742951914, 1317.463211886172, 0.8025810084082484, 0.9964407759311275]
02011239,93148,390958,452,3;[118457.05, 1462, 1.3390552445604098, 0.5392057778748746, 1591.021355224359, 0.7571806126754217, 0.9930116510763894]
02011239,93174,391097,944,1;[115789, 1634, 1.2360602781567875, 0.8085765807006626, 672.0021418727636, 0.9007379482195105, 0.9966731367629147]
02011239,93174,391097,944,2;[114926.62999999999, 1510, 1.3172811742534574, 0.6155551151938757, 1127.705228653941, 0.829468573790128, 0.9990379642081307]
02011239,93174,391097,944,3;[114674.48000000001, 1340, 1.3182123949532747, 0.6040507108458479, 1368.6495021835508, 0.803896915688656, 0.997194407877102]
02011239,93260,391459,220,1;[117062, 1700, 1.2413619639702593, 0.8204951892970752, 811.6401863374552, 0.885596061152482, 0.9971209540034072]
02011239,93260,391459,220,2;[115490.68999999999, 1464, 1.303444379783877, 0.6934132068266222, 1109.904663449888, 0.8164462635119065, 1.0005928232304226]
02011239,93260,391459,220,3;[118018.65000000001, 1430, 1.3548914329395276, 0.5815690308035358, 1793.5499390521295, 0.718576095141085, 0.9962472316828477]
02011239,93331,391886,298,1;[115718, 1646, 1.2205921459485618, 0.776693578962552, 697.2344406097402, 0.8936117073027604, 0.9979087706589744]
02011239,93331,391886,298,2;[117548.2, 1516, 1.3756616519061167, 0.5263497741207048, 2075.71238533834, 0.7315982624785673, 0.9965245726334054]
02011239,93331,391886,298,3;[118015.91, 1438, 1.3613632176448651, 0.5285279880511179, 2108.9797357386424, 0.7677025621574034, 0.9949181710035457]
02011239,93384,392075,333,1;[118950, 1684, 1.2319641615433563, 0.7375010922312449, 791.620269400836, 0.8865421919322041, 0.9976390467284233]
02011239,93384,392075,333,2;[120223.31999999999, 1582, 1.3319880322540039, 0.576774218032224, 1347.0331949162971, 0.8118873856839522, 0.9940374284196234]
02011239,93384,392075,334,3;[118057.01000000001, 1356, 1.2886390062202722, 0.648564078171752, 1157.7760607880286, 0.8337871472995934, 1.001016431338611]
02011239,93384,392075,336,3;[119116.02, 1420, 1.302945538818725, 0.5854081184562107, 1263.462135025676, 0.8089841962454187, 0.9971729219829687]
02011239,93384,392075,337,1;[118922, 1740, 1.2492116154755224, 0.7638034722072186, 859.3511361250377, 0.8920772312301488, 0.9940235880204285]
02011239,93384,392075,337,2;[117304.25, 1536, 1.3201723334547275, 0.6181872204919716, 1179.1622391595006, 0.8197647229250431, 0.9941004437273094]
