02247244,93026,390253,258,1;[58236, 1060, 0.955510998922515, 0.9724235170433218, 48.98294895896004, 0.9932889351618511, 1.0023062889401397]
02247244,93026,390253,258,2;[51227.119999999995, 906, 0.9823928067166697, 1.002784820891851, 136.6264373812005, 0.9853403605498132, 1.0046324927945485]
02247244,93026,390253,258,3;[48084.26, 832, 0.9871956452068171, 0.9972506956443723, 93.3285870952948, 0.9892404612108449, 6381.454545454545]
02247244,93026,390253,261,1;[48843, 964, 0.9558141923747525, 0.9742323586584131, 41.575223235218765, 0.9954343026931167, 1.0024114683276724]
02247244,93026,390253,261,2;[57651.93, 968, 0.960271183363095, 0.9685278618814466, 102.99001102624705, 0.9803117989330918, 1.003687667032671]
02247244,93026,390253,261,3;[30412.63, 690, 0.986608275118293, 0.9981370649018749, 115.07282063662349, 0.9896344815372035, 0.9891059772317152]
02247244,93026,390257,262,1;[57819, 1046, 0.9650623763973465, 0.97214860196746, 47.94703927719767, 0.9927323405260942, 1.0036801083201694]
02247244,93026,390257,262,2;[54350.869999999995, 934, 0.9650267653503872, 0.975565112336196, 77.33866811877941, 0.9862256775156092, 9999]
02247244,93026,390257,262,3;[55731.600000000006, 886, 0.9664220642677277, 0.9594430191757464, 76.66856590683963, 0.9868736954130795, 11622.857142857143]
02247244,93026,390257,264,2;[53234.649999999994, 924, 0.9720377179092504, 0.9770527716111954, 80.79579400506572, 0.9872863538763473, 9999]
02247244,93026,390257,265,1;[56089, 1022, 0.9683820414490616, 0.979498676435878, 43.279330417923866, 0.99330474301713, 1.004144474779573]
02247244,93026,390257,266,3;[38049.01, 742, 0.9850799949356299, 1.0019516377697004, 88.34284965871234, 0.9909760901001433, 9999]
02247244,93028,390275,421,1;[52416, 980, 0.9789282650789753, 0.9802939288839712, 43.750315848540545, 0.9944175154781443, 9999]
02247244,93028,390275,421,2;[29701.21, 694, 0.987544153377249, 1.0107360181953389, 166.5795901545683, 0.9874362010308103, 1.0149441880324503]
02247244,93028,390275,421,3;[35099.4, 716, 0.9906469667891751, 1.0011876676547238, 108.46955754109644, 0.9894723089438239, 9999]
02247244,93028,390275,424,1;[56833, 1046, 0.9375990739678189, 0.9799208411493309, 57.745560529573325, 0.9798984425903063, 1.0061698342023033]
02247244,93028,390275,424,2;[56592.829999999994, 960, 0.9637201944366169, 0.973868706341764, 115.81033351005365, 0.9709370646464864, 1.0052740051788829]
02247244,93028,390275,425,3;[31192.160000000003, 648, 0.9932421187758382, 1.00654280249663, 96.2814314379684, 0.9919992263820235, 9999]
02247244,93032,390301,44,2;[30159.359999999997, 684, 0.9785433551809275, 1.0290722033827568, 177.73886696928022, 0.9856989486306478, 1.0064131837585626]
02247244,93032,390301,44,3;[57808.520000000004, 908, 0.9623151304398468, 0.9530718791705419, 88.60499826910004, 0.978571649192419, 10549.0]
02247244,93032,390301,45,1;[57144, 1032, 0.9673476648564475, 0.9736704465678416, 51.78196088171395, 0.9920154008049563, 1.0047473362169006]
02247244,93032,390301,47,1;[58561, 1064, 0.946906182689848, 0.9772101693811506, 49.41339650715682, 0.9931850020031951, 1.0048387927040614]
02247244,93032,390301,47,2;[56947.45, 958, 0.9615503459484102, 0.9733598763324127, 96.1653264877922, 0.982332381274895, 1.004344358629953]
02247244,93032,390301,47,3;[57437.25000000001, 900, 0.9687148246524423, 0.9525475094255114, 133.754907537202, 0.9682596635635938, 1.0016006498160448]
02247244,93032,390301,48,1;[39622, 858, 0.9694569781342718, 1.0030548513026383, 50.09049213366696, 0.9947457282969333, 1.0028093442332515]
02247244,93032,390301,48,3;[57815.37, 902, 0.9665915208517003, 0.9532985837394716, 116.54744676589387, 0.970523573693283, 9999]
02247244,93032,390301,49,2;[57648.36, 972, 0.9867233644357202, 1.004686139512341, 115.76122897613018, 0.9846915865038434, 9999]
02247244,93032,390301,50,1;[30818, 760, 0.987715454688127, 1.0205750813248389, 87.23035758136021, 0.9938901316971982, 1.006433493354234]
02247244,93032,390301,51,2;[58004.17, 962, 0.9848718199374225, 0.9724609496794947, 128.82878843302709, 0.9734432077119046, 1.003995962841665]
02247244,93032,390301,51,3;[54509.560000000005, 862, 0.9842283072584963, 0.9703910974001333, 86.63730462111802, 0.9862905259546503, 9999]
02247244,93032,390301,52,1;[41116, 888, 0.9712385454200793, 0.973245983690499, 73.364191088529, 0.9932593440389683, 1.0042621789626662]
02247244,93032,390301,52,2;[58067.24, 972, 0.9663283031325796, 0.9717682920300712, 119.58969104203517, 0.9747134518059215, 1.0026403657471619]
02247244,93032,390301,52,3;[57315.32000000001, 880, 0.9746678312624072, 0.9191198526984506, 94.39837557426895, 0.9845243433621568, 9999]
02247244,93032,390301,54,1;[48487, 962, 0.9434750504508986, 0.9705051705529348, 36.56262024271889, 0.9959903267933587, 1.002387769657753]
02247244,93032,390301,54,2;[34977.67, 766, 0.9818503705592748, 0.9998279652384077, 117.63391978369117, 0.9900158274858811, 0.9994389567996735]
02247244,93032,390301,54,3;[48736.380000000005, 828, 0.9626965114164758, 0.9476116268227257, 91.17157817891895, 0.9900722958068526, 9999]
02247244,93032,390307,40,1;[55708, 1016, 0.9690275789432176, 0.974296155809056, 45.45334545711988, 0.9931838381030217, 1.00288941896575]
02247244,93032,390307,40,2;[56882.0, 962, 0.9618576125579041, 0.9684809140829655, 128.3185256580138, 0.9696630072025888, 1.0035270406449446]
02247244,93032,390307,40,3;[50994.14000000001, 824, 0.9907920831213639, 0.9093975997925562, 102.78407623609957, 0.9880132803074445, 1.004086807569361]
02247244,93032,390307,42,1;[58590, 1052, 0.9648326484411762, 0.9812986395784074, 66.22794361765403, 0.9894802794060087, 1.0042852245457663]
02247244,93032,390307,42,3;[34648.670000000006, 686, 0.9877946370834625, 0.8330813762977666, 97.46995776489136, 0.9909173208402735, 9999]
02247244,93032,390307,43,2;[50893.92, 900, 0.9838639727501894, 1.001457121340117, 128.59038273373002, 0.9880472417303501, 1.0053714782731344]
02247244,93048,390342,727,1;[58031, 1064, 0.9367795528126092, 0.9812158428066902, 60.397398735367425, 0.9887251996029333, 1.0039704851950209]
02247244,93048,390342,727,2;[36857.869999999995, 766, 0.9882003087604497, 1.0055530645995954, 147.81785929525947, 0.9870456072849906, 1.0028330446325946]
02247244,93048,390342,727,3;[57818.11000000001, 910, 0.9561662266455435, 0.9531705919611664, 73.99907224946288, 0.9847423649339648, 9999]
02247244,93048,390342,728,1;[58017, 1062, 0.9698059487253791, 0.9703430474867958, 69.55827315290944, 0.9888608940457588, 1.005476508206097]
02247244,93048,390342,728,3;[57683.850000000006, 910, 0.9917155639269809, 0.9959329767175079, 81.99662970318519, 0.9894190990330524, 9999]
02247244,93048,390342,729,2;[56285.81, 954, 0.9789118888654196, 1.0135733879512214, 119.62363888186502, 0.986517156596945, 1.0047156785691527]
02247244,93048,390342,730,1;[42415, 894, 0.971031203380992, 0.9909408209956099, 63.03277501616124, 0.994003260742107, 1.0038221685777509]
02247244,93048,390342,730,3;[45652.51, 796, 0.9794130514247081, 1.0067333982347957, 93.05693841237688, 0.9916916564841566, 1.0002701566908807]
02247244,93048,390342,732,2;[46558.75, 842, 0.9924531556886329, 0.9824722787226265, 121.21591717379111, 0.9874126676069239, 1.004183563472101]
02247244,93048,390342,733,3;[36698.19, 702, 0.994674170310841, 1.0046975693804505, 121.87437931776903, 0.9885788140040659, 352.4605263157895]
02247244,93048,390342,735,1;[40253, 860, 0.976978397389631, 1.000154118422935, 44.33353919568542, 0.995554641340938, 9999]
02247244,93048,390342,736,2;[36572.27, 788, 0.9886971707274498, 0.8211217051085408, 108.21343621716834, 0.9889103463132406, 0.9989923286958783]
02247244,93051,390361,925,1;[47055, 940, 0.9731272247483131, 0.9788003477563798, 65.08556009140453, 0.992555656056478, 1.00363659631648]
02247244,93051,390361,925,3;[57735.91, 908, 0.9919947538994391, 0.9938996120594744, 85.1178678519274, 0.98824906207226, 9999]
02247244,93051,390361,927,2;[51775.71, 892, 0.986027412171555, 0.9834379748731724, 105.93810659292802, 0.9846842267428654, 9999]
02247244,93051,390362,923,1;[32446, 770, 0.9648932127104688, 1.0437414189295229, 88.67424370159938, 0.9942600003389496, 1.0002312067450714]
02247244,93051,390362,923,3;[44727.76, 794, 0.984195525293434, 1.010656458975226, 97.19862055119098, 0.9920593565488255, 9999]
02247244,93051,390362,924,2;[56248.92, 948, 0.9751334706977195, 0.9812656510186761, 83.18927842283499, 0.9832902601000455, 1.0026727758686522]
02247244,93052,390366,989,1;[58606, 1074, 0.9759845554659451, 0.9811084332160981, 73.65110435757636, 0.9878396995837851, 1.003166669519522]
02247244,93052,390366,989,2;[33669.86, 752, 0.9866604090641464, 1.0104247128524357, 106.4062472403579, 0.9911698741454793, 1.0026755497280153]
02247244,93052,390366,989,3;[57877.020000000004, 904, 0.9933263042753875, 0.9976302063510689, 91.09684141394494, 0.9902027720776355, 0.9992785590103249]
02247244,93052,390372,986,3;[54139.66, 854, 0.9791936319428989, 0.9685642874491306, 78.11100055913444, 0.9855211250400324, 15807.2]
02247244,93052,390372,987,2;[33848.36, 752, 0.9929297329450906, 1.0050686458811635, 133.65815198685902, 0.9865803606563426, 9999]
02247244,93052,390372,988,1;[58649, 1048, 0.9596430596791887, 0.9809598225006894, 52.92559019613535, 0.9900295591854589, 1.0056154248433253]
02247244,93063,390412,1163,3;[55449.380000000005, 884, 0.9574298645425481, 0.9483407494649245, 108.66734462660284, 0.9735936348626917, 9999]
02247244,93063,390412,1164,1;[53699, 996, 0.9772076753762283, 0.9798197578728464, 48.884463945808, 0.9929768239592379, 1.0057028345616121]
02247244,93063,390412,1165,2;[55151.74, 928, 0.9759997323837941, 0.9821970801136445, 87.71179806744478, 0.9865318587741588, 9999]
02247244,93064,390415,1247,3;[37084.530000000006, 782, 0.9749185470940759, 0.9558099921383091, 95.43225094978044, 0.9931779535859726, 27069.0]
02247244,93064,390415,1248,1;[31595, 824, 0.9896340914556506, 1.0091801470357675, 58.13981966745973, 0.9955742753103016, 0.9341690936238783]
02247244,93064,390415,1248,2;[35916.58, 772, 0.9861857746794758, 1.0005699345867805, 99.60727966761198, 0.9919688958793648, 1.0004972320747838]
02247244,93064,390416,1253,3;[55987.79, 884, 0.9670140853796128, 0.9580213439511769, 61.88946457772341, 0.9908145562397357, 9999]
02247244,93064,390416,1254,1;[55489, 1012, 0.9672264265144341, 0.9779316049868297, 47.13926616739408, 0.9927397060562443, 1.0056909832351608]
02247244,93064,390416,1255,2;[57183.07, 964, 0.9864694557826801, 1.0109872547474237, 105.540475777685, 0.98779038685735, 1.0043578676754903]
02247244,93064,390417,1249,1;[33997, 784, 0.9784399770063761, 1.0126090767957239, 52.90609450626822, 0.9957257206704034, 1.0073782150053336]
02247244,93064,390417,1249,2;[57760.219999999994, 964, 0.9607865174465341, 0.983046656524697, 87.82704966280315, 0.9827189481545578, 9999]
02247244,93064,390417,1250,3;[56302.89000000001, 888, 0.9850751000155806, 1.0007443448552291, 122.27451378087336, 0.983967632894674, 498.1454545454545]
02247244,93064,390418,1245,2;[56551.18, 952, 0.9473645830602225, 0.9961536529143019, 87.65212225223293, 0.9855435485384221, 1.0044704663869544]
02247244,93064,390418,1246,1;[54174, 1008, 0.9640182210296102, 0.9767562057702, 47.075191788637, 0.9931082446063996, 1.0030550463811587]
02247244,93064,390418,1246,3;[55186.340000000004, 876, 0.9870346499219773, 0.8986195486545677, 95.11706322537708, 0.9875997117614953, 9999]
02247244,93064,390421,1251,1;[53943, 996, 0.9756481603241706, 0.9872950666898029, 65.63747003401137, 0.9918200351997137, 1.0052645800915012]
02247244,93064,390421,1251,3;[57282.44, 906, 0.9911402787927787, 0.9394043343572582, 115.81984535882317, 0.9838725762750593, 9999]
02247244,93064,390421,1252,2;[33018.93, 758, 0.9942996387885166, 1.0069738052250286, 134.0746117249629, 0.9877227572782312, 1.000180232138995]
02247244,93068,390442,148,1;[41071, 900, 0.9846389187360814, 1.0207691559265482, 97.01349783146165, 0.9928882499561953, 0.9609836564221954]
02247244,93068,390442,148,3;[58999.05, 920, 0.9927691491593725, 0.9975006463571678, 79.30728290948365, 0.9896543038101713, 9999]
02247244,93068,390442,149,2;[31763.48, 734, 0.9920237468165928, 1.0113676235437186, 158.56003125245022, 0.9851219296110281, 0.9983542788749252]
02247244,93078,390512,34,1;[58949, 1052, 0.9687535637734822, 0.9879674866910876, 72.82175420155264, 0.9887968046662, 1.0050294950046033]
02247244,93078,390512,34,2;[47492.9, 852, 0.9948358150610369, 0.9830778387260808, 136.04916285119555, 0.9840748727329431, 1.0042904415002705]
02247244,93078,390512,35,3;[56883.770000000004, 892, 0.9581525959734023, 0.9581525959734023, 59.760186527565374, 0.9895693383550904, 9999]
02247244,93079,390519,88,1;[57627, 1040, 0.9720914001261409, 0.9885316434749263, 72.39048887712921, 0.9906484172050322, 1.0038060565944067]
02247244,93079,390519,88,2;[58482.549999999996, 978, 0.9877132755918963, 0.9817893675174467, 137.8642109742662, 0.9815130035931668, 1.003133196574916]
02247244,93079,390519,89,3;[53112.16, 854, 0.9861471142605825, 0.8582651284591951, 98.6629668349363, 0.9884042336490559, 9999]
02247244,93091,390590,681,1;[42312, 896, 0.9577535111913881, 0.988934855973526, 47.080229553484465, 0.9949818826201786, 9999]
02247244,93091,390590,681,2;[56884.38, 950, 0.9625068605603446, 0.9813730757103023, 87.00634789446903, 0.9843765223048861, 9999]
02247244,93091,390590,681,3;[55990.530000000006, 888, 0.9570117852990411, 0.951662894847045, 105.55239495828818, 0.9568481044662858, 6811.5]
02247244,93096,390621,961,1;[33563, 800, 0.9783913435587812, 0.7949087128702039, 86.80945832991505, 0.9942866647009969, 0.9920929338910155]
02247244,93096,390621,961,3;[56541.270000000004, 894, 0.9583672582622897, 0.9534497745165118, 95.38776456161405, 0.9717551121030681, 82542.0]
02247244,93096,390621,963,2;[32672.64, 710, 0.9877145889284193, 1.0210114567877382, 175.6583012697036, 0.9869496046179538, 1.0087071530915905]
02247244,93097,390625,1100,2;[57807.82, 962, 0.9701549724230164, 0.9646005333750401, 112.99953502456826, 0.9843880856595649, 9999]
02247244,93097,390625,1100,3;[57234.490000000005, 898, 0.968479506283612, 0.9502036715596068, 119.14445505621718, 0.9678964238962915, 1492.0357142857142]
02247244,93097,390625,1102,1;[58694, 1074, 0.9675257626447626, 0.9899104353871961, 80.46831264521013, 0.9874725791934511, 1.0030076215865205]
02247244,93097,390625,1103,1;[46494, 938, 0.9615129639115754, 0.9822591882106633, 44.54014902819764, 0.9947754836177042, 1.0001075523242058]
02247244,93097,390625,1103,2;[56836.78, 966, 0.9786688514021882, 0.9830140319499477, 130.2073683187628, 0.9796752238152202, 1.0027082064954969]
02247244,93097,390625,1103,3;[43759.170000000006, 790, 0.9803657054358464, 1.0073967405370892, 105.14488157860181, 0.9884920998924738, 5323.5]
02247244,93099,390640,1301,1;[58409, 1066, 0.9708477543196071, 0.9904167442953199, 72.78084266107172, 0.989480858005071, 1.0005138834169822]
02247244,93099,390640,1301,3;[57797.560000000005, 908, 0.982263070696218, 0.9583478160999424, 98.86910132030478, 0.9842194160903028, 9999]
02247244,93099,390640,1302,2;[51170.0, 904, 0.9804233177650823, 0.8976759211783791, 116.52312416225153, 0.9891999591542564, 1.0029856316476955]
02247244,93099,390644,1295,1;[53807, 1018, 0.9815245196367846, 1.0060504038340423, 93.36310615053497, 0.9920566503776116, 1.001405134790579]
02247244,93099,390644,1295,2;[57945.86, 964, 0.9693792442662986, 0.9661088245425398, 101.87385855468162, 0.9854168470278954, 9999]
02247244,93099,390644,1295,3;[56909.8, 900, 0.9590919215289958, 0.9510307085048232, 128.31948222123992, 0.9663490337108283, 659.3650793650794]
02247244,93099,390644,1298,1;[58571, 1064, 0.982083636307582, 0.9755057625584784, 79.698209137389, 0.9908792579652026, 1.0027649611792602]
02247244,93099,390644,1298,2;[43972.88, 834, 0.9856086133075218, 0.978877737314358, 111.97941127972422, 0.989403329657524, 9999]
02247244,93099,390644,1298,3;[57915.380000000005, 902, 0.9867357319713178, 0.9628173607138379, 88.66456647131577, 0.9864369410434819, 9394.222222222223]
02247244,93101,390661,1378,3;[58198.97, 900, 0.9824280540480966, 0.967534367472252, 81.86578344911158, 0.9855997085030909, 84962.0]
02247244,93101,390661,1379,1;[57337, 1046, 0.9524121356117824, 0.9795904197943799, 58.967135206771566, 0.9843534025831945, 1.003482796037663]
02247244,93101,390661,1380,2;[55636.07, 948, 0.9880800242926676, 1.0050716636572465, 121.09484892324352, 0.9885927749091112, 1.0021327445957966]
02247244,93104,390683,1022,1;[57113, 1060, 0.9803906992720768, 1.0053804122612688, 85.38146846892876, 0.9922054917479234, 9999]
02247244,93104,390683,1022,2;[56943.88, 966, 0.9746903383235078, 0.9254675052993916, 142.18804447026017, 0.9819928975589927, 1.0051251890438582]
02247244,93104,390683,1022,3;[57685.22, 904, 0.961313052875481, 0.9508532519278143, 78.91127594588114, 0.9760951191969084, 42106.0]
02247244,93113,390732,1970,3;[58626.41, 904, 0.9890463337027823, 0.9520420105031849, 104.06153622450476, 0.9840952723276875, 9999]
02247244,93113,390732,1971,1;[56490, 1030, 0.9594713497256268, 0.9728416000863256, 55.08252847236709, 0.991811194846984, 1.0039364831122208]
02247244,93113,390732,1971,2;[57109.29, 962, 0.977998888501473, 1.0162438293355591, 143.1325612444737, 0.98216730682444, 1.0021927076807418]
02247244,93113,390732,1972,1;[52234, 988, 0.9837558078382587, 0.998848371053187, 84.36358381795604, 0.9921544806813892, 1.0034483089838535]
02247244,93113,390732,1972,2;[32269.23, 766, 0.9849219517322523, 1.0068841191675044, 168.45911792520485, 0.9854647711305559, 0.9971134930411282]
02247244,93113,390732,1972,3;[56401.530000000006, 882, 0.9701149271374275, 0.959248431552089, 70.64683514818832, 0.9881281443092301, 9999]
02247244,93114,390741,2014,1;[31573, 832, 0.9573570539334333, 1.0038820668232078, 66.27095505416163, 0.9950832520592189, 0.9540400072520698]
02247244,93114,390741,2014,2;[49631.329999999994, 884, 0.9740455411638798, 0.9795246622409076, 129.12820445442088, 0.9836553878407207, 1.002415487964621]
02247244,93114,390741,2015,3;[58074.3, 904, 0.9486374483722487, 0.9663674870407364, 73.3871427810016, 0.9879336207028847, 9999]
02247244,93117,390764,135,1;[50188, 958, 0.9846126170418967, 0.9773605123417696, 83.5521446143204, 0.992700880818641, 1.000209257137163]
02247244,93117,390764,135,2;[56262.009999999995, 950, 0.9617995169488992, 0.9853455069021295, 87.7090064960411, 0.986266467054235, 1.0035553951795209]
02247244,93117,390764,135,3;[58871.64000000001, 912, 0.9892826076529438, 0.9557347501468353, 137.98493946476088, 0.9761134820942444, 1.0011882295379884]
02247244,93118,390770,206,1;[37293, 858, 0.9589042520508934, 1.0002402891789781, 57.64556402152203, 0.9945451107505334, 0.9464507778595539]
02247244,93118,390770,206,2;[49079.17, 886, 0.9819930132768101, 1.002217774377358, 158.70417765242135, 0.9833303891110854, 1.0048851799963452]
02247244,93118,390770,206,3;[56757.73, 900, 0.9590167627515483, 0.9492950390568404, 135.82818198323508, 0.9619787384957392, 1.004059474328369]
02247244,93119,390773,303,1;[39730, 856, 0.9878223945206093, 0.9827312718137365, 83.2152673628795, 0.9934593945728609, 0.9860028788405222]
02247244,93119,390773,303,2;[58261.21, 966, 0.9756802101695962, 0.9787381636973865, 131.14708217910564, 0.9771274528732382, 1.0037930044695944]
02247244,93119,390778,305,1;[45960, 916, 0.9664667405605447, 0.9729651334166044, 48.4443774487103, 0.994513810104933, 9999]
02247244,93119,390778,305,2;[58323.09, 974, 0.9642808655600941, 0.9710239800937721, 119.07233926837998, 0.9747050228616227, 9999]
02247244,93119,390778,305,3;[58200.340000000004, 898, 0.9718677707420531, 0.9502578490298419, 86.25231311467685, 0.9843664187136163, 16992.8]
02247244,93119,390778,307,2;[58521.82, 968, 0.9831347785503876, 0.981419828739303, 117.6109951906804, 0.9795903608937517, 1.003253873537542]
02247244,93119,390778,307,3;[41079.450000000004, 750, 0.9816979868089566, 1.0043617702932341, 108.73448473477954, 0.9904895998944857, 9999]
02247244,93119,390778,308,1;[41324, 912, 0.9553640228404922, 0.982259016823458, 41.89870997223698, 0.9962626195744186, 9999]
02247244,93122,390795,1656,1;[56859, 1046, 0.9369016049227258, 0.9824266205412893, 59.050997678639, 0.9822833952158982, 1.0040969855369346]
02247244,93122,390795,1656,2;[31815.84, 700, 0.9873322032539403, 1.0162041582631531, 169.86793091949906, 0.984734242570667, 0.9980029489165532]
02247244,93122,390795,1656,3;[49776.21000000001, 834, 0.9903509345558984, 1.001407441572177, 85.74001390936395, 0.9888932216965998, 9999]
02247244,93125,390813,1867,1;[43952, 910, 0.9571225138752291, 0.9836775256896071, 46.01451418991447, 0.9949519729572253, 1.0025204429592967]
02247244,93125,390813,1868,2;[40279.119999999995, 792, 1.1222790682005166, 0.9880038099460536, 127.53362543325642, 0.9878975275466365, 0.9997489403807245]
02247244,93125,390813,1868,3;[57874.280000000006, 914, 0.986089677178051, 1.002529963843083, 111.3198407246526, 0.985642535347632, 1.002765414515459]
02247244,93125,390813,1870,1;[38365, 838, 0.9790178582847824, 0.9998773485548582, 53.24482803796924, 0.9946224327287145, 9999]
02247244,93125,390813,1870,3;[54241.04, 868, 0.9962258482692461, 0.9264731635081999, 104.04653109757895, 0.9865045896177962, 9999]
02247244,93125,390813,1871,2;[36494.92, 786, 1.1465277840457047, 0.9756172384937895, 103.51318856888678, 0.990372550026376, 9999]
02247244,93133,390878,751,2;[48371.119999999995, 868, 0.9708600873098936, 0.9747829914377791, 134.6877359254406, 0.981422893780172, 1.0041626008226385]
02247244,93133,390878,751,3;[51950.4, 838, 0.9740225206101729, 0.9604489507463843, 100.27785972074354, 0.9878870970586766, 0.9986963220479596]
02247244,93133,390878,752,1;[58458, 1066, 0.9440824067073119, 0.9787225435166151, 50.99884429061362, 0.9936068362682117, 1.0033727246981283]
02247244,93136,390895,951,1;[39700, 860, 0.9675563448937181, 0.9903078737755838, 54.14849347013637, 0.9945321303563122, 9999]
02247244,93136,390895,951,3;[57230.380000000005, 906, 0.9579431498627371, 0.9526225841246001, 127.41470864739753, 0.9661557504576697, 9999]
02247244,93136,390895,953,2;[55381.409999999996, 946, 0.9742289639054806, 0.9762133911952344, 135.39088700059727, 0.9580002846873376, 1.004662910433262]
02247244,93136,390897,949,1;[59294, 1076, 0.9395134675457559, 0.9737754021286341, 60.980156709745295, 0.9898033028754367, 1.0025107573695378]
02247244,93136,390897,949,2;[27828.149999999998, 688, 0.9715450946890907, 0.979561606547756, 127.17180884521662, 0.9700594540203282, 0.99957255823894]
02247244,93136,390897,949,3;[41160.280000000006, 746, 0.8971060177360856, 0.8849262425672413, 98.1438913520045, 0.9864364367509769, 9999]
02247244,93138,390912,1213,2;[58062.479999999996, 964, 0.9657223084949773, 0.9782524281611146, 149.39984473269217, 0.9709891731567756, 1.0058754406580495]
02247244,93138,390912,1213,3;[56638.54, 896, 0.9620117449175164, 0.951086075831538, 149.08238824461137, 0.9619520107822296, 1.0048123663231576]
02247244,93138,390912,1214,1;[59080, 1072, 0.9316708289591439, 0.9910157220726543, 57.94907323940724, 0.9895862565168276, 1.0023838003376344]
02247244,93139,390918,85,2;[57223.53, 964, 0.9680806346697816, 0.9669949952387912, 121.00618495488669, 0.9744928406253771, 9999]
02247244,93139,390918,85,3;[28609.710000000003, 642, 0.9747870941197673, 0.9407291638944665, 144.04486263106898, 0.9759706284328942, 1.0100116076610564]
02247244,93139,390918,86,1;[35412, 822, 0.9923873587795994, 0.9699129506635856, 77.75188580563868, 0.9945582563399431, 0.9670389688413119]
02247244,93140,390926,155,1;[35807, 868, 0.9878626832269121, 1.0405208577985128, 106.04990552838397, 0.9934388850414368, 0.9702479338842975]
02247244,93140,390926,155,3;[47482.83, 816, 0.9677438613452185, 0.9614303781422623, 77.36362393227508, 0.9909156602933161, 9999]
02247244,93140,390926,156,2;[57109.29, 958, 0.9697968563186621, 0.976965089788709, 92.72469300251174, 0.9805936234329111, 9999]
02247244,93140,390930,157,3;[31941.550000000003, 680, 0.9901961051763511, 1.0027522009534366, 105.23309857101914, 0.990814365779462, 1.0029251086161655]
02247244,93140,390930,158,1;[58870, 1054, 0.9597817624008483, 0.9799716711787461, 67.48343234882745, 0.9889059881256625, 1.0057832107497673]
02247244,93140,390930,158,2;[57999.409999999996, 976, 0.9887075354516831, 0.9769710716887056, 133.6671722193746, 0.9814064960597714, 1.0025712757641831]
02247244,93140,390930,159,1;[36105, 848, 0.971691963916991, 0.9987048610000799, 57.247175007754656, 0.9951995508349285, 0.9467184099430999]
02247244,93140,390930,159,2;[56212.03, 956, 0.955243197038159, 0.9733675573120754, 125.20644648152134, 0.9697377094065394, 1.0056737739645096]
02247244,93140,390930,159,3;[55435.68000000001, 870, 0.9719256731227659, 0.9566659259072426, 119.42687839473237, 0.9843554763509356, 9999]
02247244,93141,390935,231,1;[58953, 1074, 0.9803103157020306, 0.947333886752389, 89.75043596677898, 0.9906517251048078, 1.0023548614712359]
02247244,93141,390935,231,2;[55682.479999999996, 948, 0.9806227085881113, 0.9215072106386831, 140.52939343231807, 0.9847373341037529, 1.00276450292523]
02247244,93141,390935,231,3;[39245.020000000004, 750, 0.9857059713445478, 1.0051496039501109, 143.4196960413725, 0.9864339577960501, 1.0006287550649713]
02247244,93147,390946,343,1;[51657, 1002, 0.984404137120407, 1.0095779441357304, 89.36650436075885, 0.9932175160550145, 1.0003001462002459]
02247244,93147,390946,343,2;[38888.009999999995, 772, 0.9904543905780595, 1.006069752834117, 143.50166604725675, 0.9867509724045509, 9999]
02247244,93147,390946,343,3;[56826.23, 886, 0.990838670445921, 0.999619313482114, 98.87394339142114, 0.989043142939424, 0.9996746399951798]
02247244,93147,390946,346,1;[57774, 1048, 0.9308868805281165, 0.9815090813858164, 62.856880779400676, 0.986318418557382, 1.0050536240834327]
02247244,93147,390946,346,3;[52423.05, 842, 0.9733618068779031, 0.9500076857522569, 111.82262209642437, 0.9860673094929239, 9999]
02247244,93147,390946,347,2;[54456.78, 922, 0.9888455279146674, 0.9778547936467135, 104.05087973267555, 0.9840921211438748, 9999]
02247244,93147,390946,349,1;[55498, 1022, 0.9804642588508081, 0.9783636327445199, 58.547109466301634, 0.9915089474512299, 9999]
02247244,93147,390946,349,2;[57550.78, 972, 0.9858580917276261, 0.9499674729332876, 133.60882028349857, 0.9813340246636464, 9999]
02247244,93147,390946,349,3;[57815.37, 904, 0.9772183712644207, 0.9543112159056293, 127.24627513085102, 0.9717913644160412, 9999]
02247244,93147,390946,351,2;[35470.33, 786, 0.9800751057076732, 0.9895014692675058, 62.83449924900462, 0.9939699615499032, 9999]
02247244,93147,390946,352,1;[31889, 808, 0.9824704655807828, 1.0260445732994166, 53.23646411017367, 0.9956460373107439, 9999]
02247244,93147,390946,352,3;[50496.83, 820, 0.9842048279103446, 0.899270342410791, 103.04676199331995, 0.9881453071464675, 9999]
02247244,93147,390946,353,1;[53648, 994, 0.9693981931432816, 0.9756667199242898, 47.07843180857841, 0.9932397171714092, 1.004757088811477]
02247244,93147,390946,353,2;[56452.409999999996, 954, 0.9558379488713749, 0.9707088000523144, 95.7749257944811, 0.9773449759943358, 9999]
02247244,93147,390946,353,3;[56020.670000000006, 892, 0.9635813644832674, 0.9533687116477031, 125.78292538346267, 0.9650785793052299, 9999]
02247244,93147,390947,336,2;[50051.399999999994, 874, 0.9891209056906239, 0.9819431894401768, 94.07857969459792, 0.9863331067134684, 1.0040582477918358]
02247244,93147,390947,336,3;[56967.340000000004, 892, 0.9627263565184853, 0.9611113219828571, 69.24358624081589, 0.9872517832922617, 9999]
02247244,93147,390947,338,1;[57705, 1050, 0.9509547742633389, 0.9788970583097699, 51.17468613181423, 0.9917890949631839, 1.0041152979458312]
02247244,93147,390948,339,1;[57029, 1044, 0.9476026890575646, 0.9729931584904726, 49.90711282601583, 0.9935882352370853, 1.000473667590611]
02247244,93147,390948,339,3;[57300.25000000001, 904, 0.9668346214388185, 0.9545011515860551, 108.07396867586084, 0.9737849219746754, 9999]
02247244,93147,390948,340,2;[56763.0, 960, 0.9808340036193627, 1.0150548626607532, 108.12795564622138, 0.989375824001014, 9999]
02247244,93147,390950,341,1;[45301, 940, 0.9866632941618431, 1.0037148612163072, 94.11630683181114, 0.9932045241946714, 1.0023675709164934]
02247244,93147,390950,341,3;[35524.100000000006, 718, 0.9909910116783088, 0.9976176878438974, 95.12467270113949, 0.9898491621644836, 1.0035800677310112]
02247244,93147,390950,342,2;[53773.72, 912, 0.9703765115791234, 0.9549246594905297, 112.43060408759328, 0.9866771398406822, 1.0031523331705368]
02247244,93148,390958,431,2;[58091.04, 976, 0.9458488659728154, 0.9675509285707954, 83.15398860145147, 0.9869913919896973, 1.0053132336587174]
02247244,93148,390958,432,1;[56595, 1022, 0.9618137075598207, 0.9767169954557418, 49.81104635678215, 0.9924167439356617, 1.0047936085219706]
02247244,93148,390958,433,3;[44588.020000000004, 788, 0.9845745712805564, 1.0129048219631296, 96.1773547085411, 0.9922375768720914, 0.9999231915449253]
02247244,93165,391041,278,1;[59279, 1062, 0.9466455216650771, 0.9910410631697724, 65.46889804810317, 0.986784542137385, 1.0051888152205246]
02247244,93165,391041,278,2;[57856.61, 976, 0.9670970717631892, 0.9690600551801621, 106.42744127911305, 0.9868487734335113, 9999]
02247244,93165,391041,278,3;[53591.66, 852, 0.9745053693503948, 0.9487951018089892, 92.75816546517113, 0.9854844951305081, 15647.2]
02247244,93165,391041,281,1;[48691, 966, 0.9844203781523237, 0.9997406129170558, 92.82391798863263, 0.9930987627599779, 1.0047046200193963]
02247244,93165,391041,281,2;[57883.979999999996, 974, 0.9853386955300327, 1.0054277456039942, 140.93931572217764, 0.9807862996119234, 1.0039110469016046]
02247244,93165,391041,281,3;[52324.41, 840, 0.9884510466120279, 0.9752875247566182, 91.84115463152943, 0.9866365165425962, 2728.0714285714284]
02247244,93165,391041,282,1;[59063, 1056, 0.9629527533016353, 0.9810149411339599, 72.10882641877639, 0.9877420849660185, 1.003355106131775]
02247244,93165,391041,282,3;[58438.72, 900, 0.9852657794677938, 0.9376254136773917, 114.18436044182423, 0.9844020640442893, 9999]
02247244,93165,391041,283,2;[57490.09, 968, 0.979997329353355, 0.960389855042788, 130.82356956466236, 0.984336122689549, 9999]
02247244,93165,391041,284,1;[46050, 934, 0.9646180901508096, 0.9718620666945726, 58.951644807381136, 0.9935893418968973, 9999]
02247244,93165,391041,284,2;[56949.829999999994, 964, 0.9631485570539866, 0.9796130596458733, 120.0813921412761, 0.9603198170394512, 1.003607004299046]
02247244,93165,391041,284,3;[45297.68, 776, 0.9788687560502901, 0.9751700399434067, 94.84234644035149, 0.9877447481982696, 9999]
02247244,93171,391076,553,1;[57626, 1050, 0.9633914188221285, 0.9689346025119027, 72.22961683687124, 0.9880428224969394, 1.0027057359862885]
02247244,93171,391076,554,2;[46562.32, 844, 0.9904844214574455, 0.9879376087798741, 131.82098224568918, 0.985487394086075, 1.0003195664122917]
02247244,93171,391076,555,3;[51876.420000000006, 838, 0.9898521255611319, 0.9787226742946239, 83.47095750982795, 0.9880051515194899, 9999]
02247244,93172,391079,656,1;[58838, 1072, 0.9415452491904863, 0.978315380000811, 50.2609030657304, 0.9886036094341126, 1.0023594749529383]
02247244,93172,391079,656,2;[57688.82, 974, 0.9692288368476454, 0.9013413708638889, 97.77742320161748, 0.9892232448981617, 9999]
02247244,93172,391079,658,3;[56944.05, 898, 0.9780460984884227, 0.9276517450222008, 149.80820762707893, 0.9742541994344306, 1.004495033712753]
02247244,93172,391081,652,1;[50644, 956, 0.9731343831210979, 0.9650678535336586, 97.63131497464903, 0.9914544918599447, 1.0058191495700184]
02247244,93172,391081,652,2;[58141.02, 962, 0.9625352619323109, 0.9691839002170928, 103.91983149847533, 0.9831858064569924, 1.0039143165356759]
02247244,93172,391081,653,3;[32840.270000000004, 668, 0.9926015056974231, 1.0027575828249777, 123.19067509976388, 0.9897333326138236, 332.93055555555554]
02247244,93172,391082,649,1;[36176, 838, 0.9847347551817088, 0.9915852001818592, 71.20280272089298, 0.9942420824902304, 0.9667557455905933]
02247244,93172,391082,649,3;[55952.170000000006, 874, 0.9830113608897555, 0.9562155144434844, 84.219350418209, 0.9868742515531684, 9999]
02247244,93172,391082,650,2;[55951.42, 936, 0.9614645737816166, 0.9830777214455381, 101.04686814078504, 0.984362285494991, 9999]
02247244,93172,391085,654,3;[43809.86, 786, 0.9848075860937059, 1.0127096903238204, 88.50198575865429, 0.9926126174557689, 9999]
02247244,93172,391085,655,1;[51578, 970, 0.9709930850931728, 0.9808703798428484, 51.061215914965636, 0.9932538253576989, 9999]
02247244,93172,391085,655,2;[57396.079999999994, 966, 0.9673781668526914, 0.9752781959460642, 124.50712801926872, 0.9706858466891993, 1.0037250535866646]
02247244,93172,391086,651,1;[31105, 818, 0.9763181959409291, 0.9935162013016767, 76.99995526806384, 0.9945585205359666, 0.9013851860438159]
02247244,93172,391086,651,2;[28713.51, 754, 0.986394188255914, 1.0144451116907343, 120.86949324292384, 0.990785297982661, 9999]
02247244,93172,391086,651,3;[34560.990000000005, 676, 0.9883095400627746, 0.9996731721711637, 106.81235923612333, 0.9905219747902052, 504.54]
02247244,93173,391089,812,1;[59325, 1064, 0.9655015867500623, 0.9913900690955305, 73.55006513212899, 0.9888888297367905, 1.0032384350664174]
02247244,93173,391089,812,2;[29052.66, 740, 0.9926170076557019, 1.0172605526627756, 151.02823710687284, 0.988470702684077, 0.9905465168174625]
02247244,93173,391089,812,3;[41631.560000000005, 760, 0.9716389864828495, 0.9641869175914884, 73.42093100684366, 0.9923095800465096, 9999]
02247244,93173,391089,813,2;[57463.909999999996, 970, 0.9862399687328407, 0.9285698451387905, 112.16443366218648, 0.9872337747387009, 9999]
02247244,93173,391089,813,3;[32345.7, 670, 0.9871043029875013, 1.0030405807171272, 91.32863435863163, 0.9920181150481149, 0.9916209916209916]
02247244,93173,391089,814,1;[57213, 1056, 0.9585422255344762, 0.9831570631867586, 76.87744121876288, 0.9821582543133662, 2200.5]
02247244,93174,391095,930,1;[44433, 904, 0.9782430916193796, 1.0017213721735572, 99.57828429968183, 0.9921722026296713, 1.0049645470274915]
02247244,93174,391095,930,3;[43846.850000000006, 768, 0.9936214131693516, 0.9794658245024603, 91.68450928722267, 0.9861061034021199, 9999]
02247244,93174,391095,931,2;[51305.659999999996, 906, 0.971379445032339, 0.9733075061602721, 69.79277852875582, 0.9895896106690484, 1.002931050525728]
02247244,93174,391099,927,2;[57899.45, 970, 0.9475509049009152, 0.979166048818615, 97.56400622869289, 0.9788971292663391, 9999]
02247244,93174,391099,928,1;[54429, 1012, 0.9569995487593158, 0.9719852076793292, 47.81176005664974, 0.9940133871033261, 9999]
02247244,93174,391099,928,3;[57740.020000000004, 914, 0.9820682533785939, 1.0043700670873306, 100.33555987385436, 0.9885202849482183, 16858.4]
02247244,93175,391103,990,1;[54425, 1000, 0.9719729720834465, 0.9798766841232335, 52.390542766520745, 0.9919052424083783, 1.0013062516098172]
02247244,93175,391103,990,2;[58173.149999999994, 966, 0.9599519790078265, 0.9752162590878299, 133.55088689280075, 0.9583875262564949, 1.0060505031796012]
02247244,93175,391103,991,3;[58867.530000000006, 900, 0.9723665174716392, 0.9574023136405134, 114.85031772320943, 0.9807861459666959, 9999]
02247244,93175,391107,992,2;[54077.17, 932, 0.9838114584484959, 1.0050542326322969, 150.5954460451665, 0.9862068899955415, 1.0040765822994575]
02247244,93175,391107,993,1;[58707, 1070, 0.9228665953103081, 0.9637213236208246, 68.296767360926, 0.9866217219078298, 1.0028698816173833]
02247244,93175,391107,993,3;[58018.130000000005, 898, 0.9608485056631667, 0.9502934742440192, 93.41240216929431, 0.9847343204847553, 9999]
02247244,93203,391206,333,1;[58128, 1058, 0.9580444304905058, 0.9801083985239077, 80.32001004821662, 0.9880893753970214, 1.0049010709747686]
02247244,93203,391206,333,2;[55650.35, 942, 0.9843722722347161, 0.9283206179109913, 141.52316711651372, 0.9836102177627435, 1.0024436775203105]
02247244,93204,391212,396,2;[30621.079999999998, 698, 0.9868341397865813, 1.0140521349574894, 184.94497324384673, 0.9860725772178103, 1.013889162513052]
02247244,93204,391212,397,3;[59023.71000000001, 908, 0.9770647402508585, 0.9578729030911113, 123.80756212721857, 0.9791265225385133, 1.004277439130992]
02247244,93204,391212,398,1;[58524, 1074, 0.9680528782998662, 0.9904939029985937, 80.76421661228484, 0.9896085283301078, 1648.5633802816901]
02247244,93220,391260,306,2;[58421.86, 970, 0.973896166628322, 0.9718582139839382, 122.39871255812793, 0.9761261064245382, 9999]
02247244,93220,391260,306,3;[57994.840000000004, 910, 0.9874905964934609, 0.9200230806146766, 130.6234018081639, 0.9840688454436611, 1.003044771168268]
02247244,93220,391260,308,1;[33866, 820, 0.9772826178404111, 1.0025682758486263, 56.85043159824481, 0.9954122035342785, 9999]
02247244,93220,391263,309,3;[57811.26, 892, 0.9745347714963373, 0.9637493020551984, 89.97692541610033, 0.9846487667923675, 9999]
02247244,93220,391263,310,1;[59331, 1064, 0.9557093550433141, 0.9823068763471162, 67.87521289719955, 0.986927315298971, 1.0029921898772696]
02247244,93220,391263,311,2;[53590.46, 918, 0.9899992637644708, 0.9849106780203214, 74.7120058292272, 0.9901784032307825, 9999]
02247244,93220,391264,312,1;[31429, 838, 0.9716338730999879, 0.9969555662664992, 57.40436292501467, 0.9958201577545153, 0.8773168825368468]
02247244,93220,391264,312,2;[57027.18, 964, 0.98261957148133, 0.9345105588942472, 122.56859488099661, 0.9857034265703954, 1.0040962567965386]
02247244,93220,391264,312,3;[56231.65, 892, 0.9633996746201182, 0.9467880586670051, 148.87135102207208, 0.9603909945685429, 16418.0]
02247244,93220,391266,313,2;[56665.42, 956, 0.9777757682032047, 0.97218325844709, 129.5676866161549, 0.9815004823465083, 1.0055431787226405]
02247244,93220,391266,313,3;[58973.020000000004, 902, 0.9809674362055784, 0.9542816459092206, 126.86752295833185, 0.9774076931644018, 1.002421871361371]
02247244,93220,391266,315,1;[59156, 1072, 0.9354919284246099, 0.9743229826800559, 53.619013517630634, 0.9886067507847114, 1.0048240250033973]
02247244,93221,391267,438,1;[36395, 820, 0.9698213295153391, 1.0054389972062716, 50.16164645026437, 0.9952501989464329, 0.977033865317244]
02247244,93221,391267,438,3;[38757.3, 722, 0.9975496712316496, 0.8773504540323795, 128.98933939935765, 0.9849970730725844, 1.003939103587778]
02247244,93221,391267,439,2;[52198.159999999996, 902, 0.980784482428437, 0.997007847458614, 120.81974608313818, 0.98621064261284, 9999]
02247244,93222,391269,393,2;[33089.14, 754, 0.9954898400140937, 1.016957751048547, 129.81706107989157, 0.989675374114001, 9999]
02247244,93222,391269,394,1;[58259, 1066, 0.9668069193883819, 0.9746741497382871, 73.44518028610918, 0.9882990719470943, 1.0032201405152226]
02247244,93222,391269,394,3;[58168.83, 900, 0.9879203985673567, 0.9219984375396804, 121.0486375653338, 0.9841017090384162, 9999]
02247244,93222,391272,398,1;[45810, 930, 0.972301951451106, 0.9746535151048507, 60.651707819663486, 0.9937079475923846, 0.9793169793169794]
02247244,93222,391272,398,2;[56522.619999999995, 958, 0.9634755562753254, 0.9692733622741265, 134.36270744207636, 0.9646517637852443, 1.0047277073263599]
02247244,93222,391272,398,3;[39101.170000000006, 718, 0.9780440640370234, 0.9461323818147073, 105.5968966712661, 0.9891434270506329, 1.0018428488688418]
02247244,93222,391273,399,1;[43602, 890, 0.9690550239182744, 0.9651559060529686, 94.63846716422879, 0.9928681777315133, 1.0012285153334788]
02247244,93222,391273,399,2;[52464.72, 916, 0.9855191482614821, 0.9191698188606315, 121.17585192272016, 0.9891250493241869, 1.0025126485134443]
02247244,93222,391273,399,3;[57697.55, 896, 0.9703231789047245, 0.9509132439620301, 90.12836233272036, 0.9845574348322953, 21057.5]
02247244,93222,391275,402,1;[32169, 796, 0.9688140931672083, 1.0367364304216085, 80.79306782334653, 0.9942624655966699, 0.9774543465710552]
02247244,93222,391275,402,3;[52547.72, 844, 0.9877741105820855, 0.9368603962669574, 103.37182639348715, 0.9844295171166171, 6973.818181818182]
02247244,93222,391275,403,2;[49131.53, 880, 0.9781131940810779, 0.9805927840226468, 72.40122065174752, 0.9900175362396711, 1.0025496576174056]
02247244,93223,391276,447,1;[58300, 1062, 0.9491638294249282, 0.9712449685095261, 64.50109659176597, 0.9837136778278174, 1.0035546145437957]
02247244,93223,391276,447,3;[27182.170000000002, 634, 0.9577998514802484, 0.9469572624783814, 116.60980488956693, 0.956773051988977, 1.0113413359838928]
02247244,93223,391276,448,2;[40718.229999999996, 780, 0.9908506886023845, 0.9000364210114047, 141.37185863692633, 0.985373085895533, 9999]
02247244,93272,391520,743,1;[49558, 970, 0.9579987707278759, 0.990364591078277, 42.03920011081599, 0.9951240993295639, 1.003492928086179]
02247244,93272,391520,744,3;[56959.12, 882, 0.9895554890387088, 0.9620801387124659, 95.65713745628408, 0.9868427654206425, 9999]
02247244,93272,391520,745,2;[44520.28, 848, 0.978743221307068, 0.9850398003447407, 53.98754146392053, 0.9935577151680678, 1.002492028189394]
02247244,93328,391870,61,1;[39612, 872, 0.9545878183641807, 0.9762100688258697, 53.93121912341712, 0.9947921805725599, 1.005814691618211]
02247244,93328,391870,62,2;[45734.079999999994, 830, 1.002722444774515, 0.9852369384153677, 105.38734263567008, 0.9876484486853969, 1.0048632536735869]
02247244,93328,391870,62,3;[51159.91, 836, 0.9892728187678104, 0.9387392186851997, 101.68214699529082, 0.9849717543755087, 4149.222222222223]
02247244,93328,391870,64,1;[30352, 822, 0.9622372761235488, 0.994223459214235, 62.899765025855984, 0.995228754678613, 1.0000494225795291]
02247244,93328,391870,65,2;[47841.57, 866, 0.9828745016557014, 0.9844528142756667, 75.46621014321872, 0.9903766512431591, 9999]
02247244,93328,391870,65,3;[34104.780000000006, 668, 0.9941892669977831, 1.0046506881365362, 140.4517376597242, 0.9857386548001498, 1.0014683697073319]
02247244,93328,391870,66,2;[37961.0, 766, 0.9879757653651482, 1.0086293237152952, 145.92817047212813, 0.9882669349612525, 1.0010669679281994]
02247244,93328,391870,66,3;[42039.82, 756, 0.9970896511499353, 0.8982702486947534, 123.75616479121156, 0.9865465431917604, 9999]
02247244,93328,391870,68,1;[49358, 946, 0.9853463796128809, 1.0029437161481374, 75.03372579604716, 0.9934922999168134, 1.0028954292854892]
02247244,93328,391870,69,1;[47888, 944, 0.9634664186734496, 0.9779575849796003, 37.87978270345086, 0.9955636233661148, 1.0040044447239869]
02247244,93328,391870,69,2;[52039.89, 914, 0.9874347682764775, 0.9985878068250654, 117.29908033473545, 0.9867689668158697, 1.0017868187753418]
02247244,93328,391870,69,3;[55539.8, 876, 0.9898971409549094, 0.9940250602652714, 97.37507739794647, 0.9860373681773804, 1801.7777777777778]
02247244,93331,391889,285,1;[34621, 844, 0.9559358729524884, 0.9922408150060378, 58.19369289452554, 0.9949152850897612, 1.0020404914545376]
02247244,93331,391889,285,3;[37248.93, 708, 0.989127527239922, 0.8529979797015449, 87.9524797841979, 0.9905587969485007, 9999]
02247244,93331,391889,286,2;[38641.68, 784, 0.9896583739958977, 1.0016406281966073, 158.4523281194551, 0.9859222012826212, 1.0032750417104368]
02247244,93331,391890,282,1;[57563, 1048, 0.9710766155587417, 0.9902542670797512, 81.9634466956188, 0.9893100160045287, 1.0035915407012221]
02247244,93331,391890,283,2;[56204.89, 958, 0.9734544677477514, 0.9045543025523307, 105.33250619830886, 0.9884025556759523, 9999]
02247244,93331,391890,283,3;[57142.700000000004, 904, 0.9930685080868651, 0.9969089382441388, 80.50435245826432, 0.9907197461956775, 9999]
02247244,93332,391894,342,1;[44875, 926, 0.9833015285416276, 0.9597848776209729, 57.53000669300439, 0.9945042814052231, 9999]
02247244,93332,391894,342,2;[29320.41, 674, 0.9911406983350248, 1.0205997454488869, 160.31496712577442, 0.9879714282880928, 0.9984398743794954]
02247244,93332,391894,342,3;[56287.82000000001, 880, 0.9877463014139243, 0.9057289782122734, 93.1360949728558, 0.9874773252075245, 9999]
02247244,93332,391900,340,2;[25743.27, 674, 0.9756499652878075, 0.972265907845592, 134.82300451105124, 0.96941595884042, 1.011242257800631]
02247244,93332,391900,340,3;[56902.950000000004, 896, 0.9853159213147653, 0.942010073862601, 124.64635341309454, 0.9751958106946285, 1.0026796060254926]
02247244,93332,391900,341,1;[52310, 1000, 0.988528477921422, 0.9733741207366027, 59.43961482234891, 0.9920500746095495, 9999]
02247244,93377,392046,58,1;[39014, 900, 0.9602061029301914, 0.9715036092982186, 60.6097687311218, 0.9948416873901456, 13004.666666666666]
02247244,93377,392046,58,2;[44433.409999999996, 846, 0.9907134079645148, 1.0060830313206495, 153.28628249888294, 0.9855506686426401, 0.9930321002101008]
02247244,93377,392046,60,3;[58212.670000000006, 906, 0.9594694038019489, 0.9683557980172203, 76.08639725736393, 0.9875641238739777, 9999]
02247244,93378,392054,38,2;[49507.57, 890, 0.9756861934703652, 0.9756863534731132, 116.09746418720383, 0.9848490645894945, 1.0011430496564835]
02247244,93378,392054,38,3;[59430.600000000006, 920, 0.9713396756631908, 0.9524272324029774, 102.41877975866825, 0.9735539691537662, 8676.0]
02247244,93378,392054,39,1;[41641, 874, 0.9779521781149312, 1.003024597230722, 50.39262875878379, 0.9949438190698034, 9999]
02247244,93378,392055,30,2;[38811.85, 802, 0.9898103427496685, 0.8657580029282347, 122.12474308566715, 0.9902564262655266, 9999]
02247244,93378,392055,31,1;[59419, 1080, 0.9389045396606339, 0.9824577845055378, 54.94177887183457, 0.9901263638475718, 0.9981856972466275]
02247244,93378,392055,31,3;[34950.07, 704, 0.9897165260950476, 0.9897165260950476, 124.40672668479955, 0.989071450849569, 9999]
02247244,93378,392057,35,3;[59342.920000000006, 924, 0.9689037658626902, 0.9598158380702617, 84.83596779380288, 0.9818865692034447, 9999]
02247244,93378,392057,36,1;[47160, 936, 0.9779157845690187, 0.9841239357717209, 42.016936285098645, 0.9950537690196662, 9999]
02247244,93378,392057,37,2;[57477.0, 964, 0.9941837755180987, 0.9780894556209572, 150.4589428320651, 0.9778744480019215, 1.0032715376226826]
02247244,93378,392059,32,3;[57381.08, 896, 0.9548844095712161, 0.9646990229035255, 65.27284031522389, 0.990600787757428, 0.9985933290417948]
02247244,93378,392059,33,2;[56428.61, 960, 0.9675130445270155, 0.970127634325977, 122.79338826921835, 0.9704192369579103, 9999]
02247244,93378,392059,34,1;[45841, 918, 0.9782194235622572, 0.9862596190305258, 47.145955937917996, 0.9946199625014294, 0.9826054337924013]
02247244,93378,392060,40,1;[49673, 974, 0.9599861755559482, 0.982026865217525, 45.3768249644867, 0.9944298343487953, 0.9867500993245928]
02247244,93378,392060,40,3;[57078.310000000005, 900, 0.9624396365424279, 0.9522431857981135, 95.68270141520158, 0.9750429819609336, 16665.2]
02247244,93378,392060,41,2;[45171.21, 870, 0.9867105896820496, 1.0087888360263817, 159.96792655321158, 0.9848866534260936, 0.9865117729611727]
02247244,93379,392067,214,1;[29908, 842, 0.9806798263529631, 1.0136235822504807, 74.83323735597837, 0.994448147986535, 0.8519341423118555]
02247244,93379,392067,214,2;[36825.74, 800, 0.9738915117654576, 1.0200136774154818, 147.53809621446715, 0.987873711027439, 0.9631047414530912]
02247244,93379,392067,217,1;[33604, 862, 0.9637586989517826, 1.009368064574509, 75.77938495467758, 0.9937358323757904, 0.9079953524818287]
02247244,93379,392067,217,3;[59385.39000000001, 918, 0.9776425944750373, 0.938761537269472, 134.84507980957335, 0.9698275714432602, 0.999631021838895]
02247244,93379,392067,218,2;[56578.549999999996, 960, 0.9726753483125274, 0.9778402873917632, 100.49179395276688, 0.981785672367354, 1.0024774656053976]
02247244,93385,392087,390,2;[55027.979999999996, 934, 0.9862593597043845, 0.9807245160619977, 123.59252657758654, 0.9810592727914733, 9999]
02247244,93385,392087,390,3;[39155.97, 734, 0.9855124681381795, 0.9689456383212594, 101.69226017401891, 0.9898853293580501, 9999]
02247244,93385,392087,391,1;[55678, 1044, 0.9779455860658021, 1.0079240821234874, 102.71229049089197, 0.9917788342786056, 0.9928759306317151]
00023892,93026,390259,210,1;[115384, 1676, 0.9705763288702812, 0.9705763288702812, 27.44450635858385, 0.9967809945790217, 0.9971869206936336]
00023892,93026,390259,211,2;[117053.15999999999, 1570, 1.0149650236071255, 0.9746772383627069, 32.01824097753799, 0.9959190027831599, 0.996711876257112]
00023892,93026,390259,211,3;[116700.71, 1438, 1.0186254340279237, 0.9437976061425024, 56.93241554978748, 0.9908537816795847, 9999]
00023892,93026,390259,212,1;[115337, 1664, 0.9804131521278897, 0.9889032468085639, 29.32303153461915, 0.9964262448288627, 0.9924920079683675]
00023892,93026,390259,212,2;[117691.0, 1554, 1.014747909288223, 0.9808503008994244, 33.38817836122004, 0.9959185983378324, 9999]
00023892,93026,390259,212,3;[114356.64000000001, 1394, 1.0039062202291396, 0.9507977939312924, 37.10296143051946, 0.9936297065684685, 9999]
00023892,93026,390259,214,1;[120043, 1634, 1.0032661182443197, 0.9887838124952426, 22.927187669422857, 0.9969424029558446, 0.9982495311986761]
00023892,93026,390259,215,3;[114305.95000000001, 1398, 1.010278510246198, 0.9543713578041263, 39.13504025500448, 0.9933049493998183, 9999]
00023892,93026,390259,216,2;[116758.04, 1568, 1.0123332269148082, 0.98091887278259, 29.98789604125521, 0.996023856518871, 0.9963240520725442]
00023892,93049,390350,751,2;[112488.31999999999, 1480, 0.9848740726439702, 0.9929826624223882, 26.49613653842162, 0.9961483784872827, 9999]
00023892,93049,390350,752,3;[118309.09000000001, 1532, 1.0130833231157215, 0.9721992345752148, 59.29260583943325, 0.9911236827270111, 9999]
00023892,93049,390350,753,1;[115862, 1658, 0.9829469492684024, 0.9978529551266063, 24.60371064380052, 0.9960469422803894, 0.9909383646292598]
00023892,93049,390350,756,2;[116076.17, 1538, 1.0085478725212538, 0.9927081192712227, 43.37188848757056, 0.9943862237694245, 9999]
00023892,93049,390350,756,3;[117833.70000000001, 1382, 1.047327962051423, 0.9430491915437306, 103.28006889242694, 0.9876476852572468, 0.9989779088945155]
00023892,93049,390350,757,1;[119330, 1636, 1.0075125795868425, 0.9942916148693116, 29.0029681718026, 0.9953227996444487, 9999]
00023892,93049,390350,758,3;[117121.3, 1400, 1.030931342867741, 0.9719735434960686, 74.73251000866165, 0.9910807744684849, 9999]
00023892,93049,390350,760,1;[119412, 1684, 1.0004737661313214, 0.9880028410604836, 28.934950571560975, 0.9954903479060804, 0.999870214146658]
00023892,93049,390350,760,2;[117228.09, 1564, 1.0405712513178689, 0.9825036010815462, 94.58212834702178, 0.9879751501300211, 0.9954779023530066]
00023892,93049,390350,761,1;[115473, 1576, 0.991677529821298, 0.9926776955103828, 36.86362273631874, 0.9942467519164607, 1.0014917476864902]
00023892,93049,390350,763,2;[118247.92, 1546, 1.0345050869305332, 0.994516715150005, 59.95186314319832, 0.9908730469999921, 9999]
00023892,93049,390350,763,3;[118310.46, 1494, 1.0361395917367435, 0.9712337522244107, 108.28824339469637, 0.9843328979744623, 0.9939059128182995]
00023892,93049,390350,766,1;[116227, 1652, 0.9751026370807013, 0.9892795240401203, 27.456611617824382, 0.9965442441576506, 0.9924685549359998]
00023892,93049,390350,767,3;[117711.77, 1466, 1.0214023858039325, 0.9691685127209577, 43.76655418360943, 0.9929606828812833, 10740.125]
00023892,93049,390350,769,2;[117706.47, 1490, 1.0202549609913965, 0.9997484379105231, 29.963769686372082, 0.995278891855519, 9999]
00023892,93049,390350,770,1;[117114, 1588, 1.0024585818836231, 0.9928265580916606, 32.869004539460455, 0.9955113006843905, 9999]
00023892,93049,390350,770,3;[118395.40000000001, 1410, 1.0424963099943128, 0.9275135170288007, 78.28360049762023, 0.9922517167138535, 9999]
00023892,93049,390350,773,2;[114238.81, 1522, 1.0044227657496143, 0.986742260703326, 36.17136856988099, 0.9948063335800724, 9999]
00023892,93099,390646,1221,2;[114072.20999999999, 1486, 1.0090858747803573, 0.9867088647928606, 38.53013999163804, 0.9934468550222741, 9999]
00023892,93099,390646,1222,1;[115757, 1704, 0.9986716907804245, 0.9931340390066832, 35.39650912607604, 0.9961712619634862, 0.989105543782897]
00023892,93099,390646,1222,3;[117585.73000000001, 1392, 1.1323117391248805, 0.9651113997953958, 50.31573890807299, 0.9940088735414381, 9999]
00023892,93103,390673,1487,1;[118131, 1640, 0.9941992381714719, 0.9832364950716539, 24.18140079113889, 0.9967673469878491, 0.9975637458357788]
00023892,93103,390673,1488,3;[117951.52, 1364, 1.034720293021279, 0.9614925636421753, 96.22023479779668, 0.98528403584093, 0.9961010262284081]
00023892,93103,390673,1489,2;[116541.45999999999, 1546, 1.014966414714585, 0.992022459678374, 40.09946663942671, 0.9947342202306876, 0.9929282227280332]
00023892,93103,390673,1491,2;[120403.01, 1514, 1.0503891899546012, 0.9843946252209498, 113.66690920960296, 0.984839104179109, 9999]
00023892,93103,390673,1492,1;[114627, 1678, 0.9987680845865211, 0.9924709850319351, 45.564953524898826, 0.9946129103177113, 0.9927122981592382]
00023892,93103,390673,1492,3;[112581.12000000001, 1362, 1.004285977747245, 0.9649001229124898, 31.23126453415144, 0.9956981357234577, 9999]
00023892,93103,390673,1495,2;[114817.15, 1510, 0.9930315460441014, 0.9870770259924616, 31.546042712339776, 0.9947702350629656, 9999]
00023892,93103,390673,1497,3;[113548.34000000001, 1404, 1.0054351093309934, 0.960491452600365, 28.91913419738997, 0.9948299282430487, 9999]
00023892,93103,390673,1498,1;[116314, 1654, 0.989772517025471, 0.9913499174139772, 25.89202116124958, 0.9956881817830718, 0.9948765321221763]
00023892,93103,390673,1499,1;[115761, 1706, 0.9962542217613665, 0.9812057965453727, 38.26655464467754, 0.9959036968410945, 0.9896936302274583]
00023892,93103,390673,1499,3;[117251.45000000001, 1500, 1.0242496834682837, 0.9748615169204323, 53.78139989410666, 0.9908513476631625, 34234.0]
00023892,93103,390673,1500,2;[113904.42, 1520, 1.0033341804562999, 0.9866325509813356, 31.931454020851525, 0.9944117262205622, 0.9918501209788144]
00023892,93122,390798,1587,3;[117843.29000000001, 1442, 1.0406381091708652, 0.97290517790024, 111.87571133625764, 0.982512094931687, 0.9956477955389904]
00023892,93122,390798,1589,1;[115972, 1698, 0.9778822539189395, 0.9908134710763481, 20.37117655163161, 0.9968449509462828, 0.9941706957446079]
00023892,93122,390798,1589,2;[117505.36, 1504, 1.0292453359150497, 0.9978651105229204, 41.27597117489877, 0.9945531923571351, 9999]
00023892,93122,390798,1590,1;[114476, 1708, 0.9714008354292216, 0.9792266459744134, 31.895664856885332, 0.9963746613606888, 0.9873600048300221]
00023892,93122,390798,1590,2;[115546.62, 1446, 1.0044099548766843, 0.9937778684089924, 34.96544073137213, 0.9941037791054449, 9999]
00023892,93122,390798,1592,3;[117977.55, 1424, 1.0384956777881869, 0.9582881772027657, 51.69301507743181, 0.993571167624946, 172230.0]
00023892,93139,390920,17,2;[116130.90999999999, 1510, 0.9981631323817355, 0.9808162066148503, 32.268889709424414, 0.993887002655094, 0.9946034641785189]
00023892,93139,390920,17,3;[117082.94, 1368, 1.01704474354301, 0.9629625559037094, 53.25214145749839, 0.9925764721536028, 9999]
00023892,93139,390920,18,1;[114291, 1656, 0.9814575364939319, 0.9959018721886728, 30.733984173391054, 0.9957475714305857, 0.9944271152817112]
00023892,93139,390920,19,1;[117141, 1708, 1.0011284673044343, 0.9784178992053928, 59.47460187917027, 0.9921109682880714, 0.9933264364697103]
00023892,93139,390920,20,3;[118051.53000000001, 1470, 1.0213625513322462, 0.9716452290970454, 85.44257796364806, 0.9849400431888099, 9999]
00023892,93139,390920,21,2;[115941.7, 1478, 1.0067750976010585, 0.9966286729292532, 25.270836994108723, 0.9955051948918705, 1.001742742428838]
00023892,93166,391047,301,1;[119197, 1602, 0.9934559797032223, 0.9948353663934025, 20.712104405988043, 0.9968702647084702, 0.9987055043296481]
00023892,93166,391047,301,2;[116151.14, 1540, 1.0002683910551358, 0.9928704150270152, 33.4848806094114, 0.9948215854848882, 9999]
00023892,93166,391047,303,3;[118637.89000000001, 1398, 1.0223579081250327, 0.9703534494557088, 42.23273852076505, 0.9934911546531924, 9999]
00023892,93166,391047,304,1;[117753, 1622, 0.9772164352433422, 0.9958620833402838, 25.766315361363983, 0.9967860458868003, 0.9972686967237064]
00023892,93166,391047,305,2;[117093.62, 1536, 1.002178459818774, 0.997850638667676, 24.4138911119299, 0.9964615269265222, 1.000127051242307]
00023892,93166,391047,305,3;[119032.45000000001, 1370, 1.0183846266174685, 0.9748323649170428, 37.875699129217296, 0.9947455224370897, 2199.6202531645567]
00023892,93166,391047,307,2;[115370.5, 1528, 1.0058060097422366, 0.9895282762600829, 39.93207841576104, 0.9944151817445519, 9999]
00023892,93166,391047,308,1;[115460, 1682, 0.9960968642594321, 0.9954651582763876, 40.582903883813906, 0.9951983391381567, 0.9932470213772635]
00023892,93166,391047,308,3;[118877.64000000001, 1454, 1.017150500848034, 0.9733966928934351, 36.44529966828555, 0.9937569319287601, 1324.7633587786258]
00023892,93166,391047,309,1;[119716, 1620, 1.0322619672169577, 0.9876387315526259, 46.38197855060344, 0.9944067144527013, 0.999419796219075]
00023892,93166,391047,309,2;[115416.90999999999, 1496, 1.0140101989435855, 0.9782871975660953, 49.76970517264166, 0.9923215994050387, 9999]
00023892,93166,391047,310,3;[117396.67000000001, 1446, 1.0322636927019022, 0.9549682020607355, 42.6314536599798, 0.9954496600959517, 9999]
00023892,93166,391047,312,2;[119097.58, 1476, 1.0286965797742729, 0.9766518066581236, 64.13464440773701, 0.9901136968339167, 100082.0]
00023892,93166,391047,313,1;[120302, 1688, 1.021004314514589, 0.9866737636844082, 42.55555215394716, 0.9931729686905908, 0.9957002685780263]
00023892,93166,391047,313,3;[119017.38, 1408, 1.0256435421473993, 0.9687818342517958, 44.27779058241403, 0.9929874755115312, 24821.14285714286]
00023892,93166,391047,315,1;[117580, 1706, 0.9911475015587408, 0.9998940038735258, 31.46718806602632, 0.9964770636421072, 0.9924037812288994]
00023892,93166,391047,315,2;[119473.62, 1562, 1.0290292751963206, 0.976969826578464, 59.39391504055549, 0.9910613417632356, 9999]
00023892,93166,391047,315,3;[120414.78000000001, 1524, 1.0420803432332637, 0.9716719340706381, 114.80932319891738, 0.9838297153742086, 0.9968696835658387]
00023892,93265,391506,609,1;[120450, 1668, 1.0130823848066772, 0.9934285035407959, 28.081715577593773, 0.9950777124707098, 9999]
00023892,93265,391506,609,3;[119976.38, 1438, 1.0627480642574758, 0.9590433977019611, 126.38952663022229, 0.9846962103710577, 0.99012968218255]
00023892,93265,391506,610,2;[119833.0, 1508, 1.0279624297293433, 0.9939602657133225, 34.05485042585448, 0.9943307197997148, 0.9989534301203803]
00023892,93265,391506,611,3;[119896.92000000001, 1368, 1.0267371543472592, 0.9680652141772095, 60.138477372720004, 0.9910185054986551, 175032.0]
00023892,93265,391506,612,2;[116885.37, 1548, 1.0145783774572443, 0.9803564738122116, 29.62078944142632, 0.9948200399301197, 9999]
00023892,93265,391506,613,1;[114481, 1610, 0.9955593575803238, 0.9902087238335712, 36.759064237107594, 0.9944111491071127, 0.9902515396858349]
00023892,93329,391882,87,1;[118271, 1616, 1.0194271800477344, 0.9951980347867928, 37.73351695185407, 0.9949972892828642, 0.9989948475377988]
00023892,93329,391882,87,2;[111247.15, 1430, 0.9892958805203751, 0.987969527216751, 25.62743346510477, 0.9960790202361292, 9999]
00023892,93329,391882,87,3;[115923.92000000001, 1414, 1.0215942370198658, 0.9563196493174627, 47.010858776237484, 0.9953242287886229, 9999]
00023892,93329,391882,89,1;[114628, 1672, 0.9914825066265023, 0.992449732020601, 46.0862142629913, 0.9941192467786226, 0.9939475920434248]
00023892,93329,391882,89,3;[114667.63, 1414, 1.0167941706478845, 0.9529070402788227, 69.36194070195396, 0.9896615259912896, 0.9922821576763485]
00023892,93329,391882,90,2;[116098.78, 1540, 1.024478526931865, 0.9929498654533664, 58.7047229351499, 0.9922725834272821, 9999]
00023892,93329,391882,92,2;[114627.93999999999, 1522, 1.0073552101636527, 0.9847883422105579, 36.85985021329225, 0.9940911230252352, 0.9904477918873066]
00023892,93329,391882,92,3;[114493.64000000001, 1356, 1.0098884038015559, 0.9575393429604518, 53.70771228318953, 0.9928164272628103, 9999]
00023892,93329,391882,93,1;[115389, 1646, 0.9791536811644996, 0.9912072497007227, 30.555962129969355, 0.9961549890584726, 0.995354855405318]
00023892,93329,391882,94,1;[116973, 1592, 0.994606233216065, 0.9965614043713638, 34.71012332712566, 0.9946580766084038, 0.9999615310636661]
00023892,93329,391882,94,2;[112866.73999999999, 1496, 1.003006582190011, 0.9923183925625743, 26.138494257660792, 0.99570058885804, 9999]
00023892,93329,391882,94,3;[114433.36000000002, 1410, 1.0214616209838423, 0.9517095185099957, 73.57692311392724, 0.9894936176987641, 0.990536726513768]
00023892,93329,391882,96,1;[115407, 1632, 0.9872182726007631, 0.9927104473525977, 23.989429741072772, 0.9960868400620199, 0.996795591563164]
00023892,93329,391882,96,2;[113005.97, 1516, 0.9882006017804126, 0.9825266807640969, 27.477798069064683, 0.9957344812378607, 0.9942780561096016]
00023892,93329,391882,96,3;[117169.25000000001, 1434, 1.0569068397282255, 0.9348208440309685, 110.45560734956277, 0.9883416942725053, 9999]
00023892,93329,391882,99,1;[118266, 1608, 1.0340711010663866, 0.9901960891665134, 40.350390802242764, 0.9941750124012475, 0.995743928467688]
00023892,93329,391882,99,2;[114010.33, 1524, 1.0088953795511193, 0.9873587254334197, 27.375748128469997, 0.9954495918170748, 9999]
00023892,93329,391882,99,3;[113752.47000000002, 1336, 1.0058340005280906, 0.9771892906538502, 25.640739364499375, 0.99607581804577, 9999]
00023892,93377,392048,3,3;[118466.64000000001, 1406, 1.047556527781869, 0.9626297559970822, 107.28162349534367, 0.988306503325163, 9999]
00023892,93377,392048,4,1;[118492, 1724, 0.9863208326474601, 0.9986424630954116, 19.764201178268063, 0.9967779664001932, 0.982353745839223]
00023892,93377,392048,4,2;[116322.5, 1540, 1.0024661578187861, 0.9812524545754474, 28.71243987076844, 0.9953319054134065, 9999]
00023892,93377,392048,5,1;[112681, 1604, 0.9750116024793062, 0.9728192778387952, 30.87669786078407, 0.9962903174522396, 0.9869450782375636]
00023892,93377,392048,5,2;[117476.79999999999, 1468, 1.0128946844061226, 0.9826118107683158, 31.69563920609115, 0.9953051589361018, 9999]
00023892,93377,392048,5,3;[119291.38, 1442, 1.0494193382007337, 0.9224995551443748, 90.97954973781846, 0.9914184377585706, 9999]
00023892,93377,392048,8,2;[114999.22, 1520, 1.0070723933409482, 0.9772014446917673, 55.95936210100426, 0.9911467610708359, 1.0000983146794165]
00023892,93377,392048,8,3;[115359.48000000001, 1394, 1.0261842013140077, 0.9530082855170431, 74.80732270330151, 0.9887307322964278, 9999]
00023892,93377,392048,9,1;[115825, 1638, 0.9752674514762388, 0.977930434245964, 26.59457846165895, 0.9966290836236483, 0.9829547624402228]
00236683,93026,390254,285,1;[64897, 1162, 0.8963368703322728, 1.2183853081758376, 597.4072147536523, 0.8989622045180786, 0.997670968584979]
00236683,93026,390254,285,2;[63899.43, 1088, 0.88279605279225, 1.1669173179368035, 687.6252383263844, 0.8561036678773236, 0.9979278366800785]
00236683,93026,390254,285,3;[62998.08, 1026, 0.8724861808634222, 1.1462304604636613, 477.53626792143336, 0.8912045056441245, 0.9973322922766608]
00236683,93027,390265,359,1;[65010, 1234, 0.8963836176640538, 1.168149733389122, 588.7646334944752, 0.876576323213372, 0.9996079064510921]
00236683,93027,390265,359,2;[63329.42, 1172, 0.8722834267262409, 1.3744132304889976, 811.2780416461782, 0.8789933373649661, 0.9967690881336567]
00236683,93027,390265,359,3;[64039.280000000006, 1110, 0.8752503306714794, 1.2607893360585687, 730.6566746111167, 0.906247409796963, 0.9980783191698339]
00236683,93032,390303,79,1;[64084, 1312, 0.883011742050798, 1.2912871714364584, 268.94763745587096, 0.9133944969761918, 0.9972688863125296]
00236683,93032,390303,79,2;[62079.92, 1082, 0.8815052374057251, 1.2447192829726832, 397.38154880436065, 0.9006467679184194, 1.0009209516500384]
00236683,93032,390303,80,3;[63635.130000000005, 1136, 0.8704188168610484, 1.2765842202638427, 618.6186577698837, 0.9267038002201853, 0.9954032595068951]
00236683,93032,390303,81,1;[65182, 1222, 0.8845825357301805, 1.253814231694861, 436.65751315797803, 0.9024325561089953, 0.9954869993509221]
00236683,93032,390303,81,2;[60467.469999999994, 1070, 0.8658963652934529, 1.3236490956893558, 415.1546219052248, 0.8831104988944727, 0.9955720135582594]
00236683,93032,390303,82,3;[60681.41, 1002, 0.8646670726583039, 1.236890745793808, 413.0430619188642, 0.895977356431816, 0.9920933566276934]
00236683,93032,390303,83,1;[65190, 1240, 0.8856361340584233, 1.336348925504289, 421.8157871130205, 0.9179699132432548, 0.9945383535729542]
00236683,93032,390303,83,2;[63473.409999999996, 1108, 0.880705724041829, 1.1517486320231045, 936.4060692327542, 0.8892920877813058, 0.9974381030742763]
00236683,93032,390303,83,3;[63620.060000000005, 1086, 0.8776824258320373, 1.2010975539393451, 632.373901310016, 0.932411605387967, 0.9935599820278568]
00236683,93051,390358,937,1;[61910, 1138, 0.8881777418456696, 1.3158803350304593, 191.94476886811364, 0.9332287887186778, 1.0035906206181056]
00236683,93051,390358,937,2;[61018.439999999995, 1108, 0.8744115177055395, 1.2886368708134575, 416.8174297521665, 0.8915586599846775, 9999]
00236683,93051,390358,937,3;[61560.950000000004, 966, 0.877243343342936, 1.162882267156796, 350.0519987317953, 0.9193836774930555, 0.9962310165170158]
00236683,93078,390512,47,1;[62003, 1166, 0.8984033152613793, 1.421216003534498, 222.0834782523327, 0.932324088329441, 0.9965764433586216]
00236683,93078,390512,47,2;[64851.43, 1158, 0.8730279854116749, 1.169443966109788, 818.8359163722441, 0.8605912354463219, 0.9972094895653209]
00236683,93078,390512,47,3;[63713.22000000001, 1070, 0.8713599068622755, 1.156260139954396, 363.6832766722085, 0.9245821144862727, 0.997929295638646]
00236683,93078,390512,49,1;[62757, 1248, 0.8806822073163417, 1.3655628375229387, 291.7005471112284, 0.9308936894344648, 0.9898424315073895]
00236683,93078,390512,49,2;[62070.399999999994, 1146, 0.8777771267882485, 1.3229664281527502, 421.0606639502385, 0.9063259873638182, 0.9963420341346475]
00236683,93078,390512,49,3;[65910.70000000001, 1050, 0.8768575047476552, 1.2247830161026592, 788.4647293313469, 0.8942845465139775, 0.9974602187321826]
00236683,93078,390512,50,1;[61924, 1150, 0.8810465426974625, 1.3914188745424354, 213.8200019221468, 0.9351294831793443, 0.9981302385557704]
00236683,93078,390512,50,2;[65937.9, 1150, 0.879228667524834, 1.179293606603073, 824.4007872140987, 0.8489372623533138, 0.9963318588844535]
00236683,93078,390512,50,3;[66360.06000000001, 1022, 0.8702875750297601, 1.1372706087217193, 861.5471674866211, 0.8701131027160595, 1.0023072227452847]
00236683,93098,390636,1213,1;[66424, 1244, 0.8823566767419234, 1.2142968859041916, 308.83078904861543, 0.8957330070359494, 0.9993380273214179]
00236683,93098,390636,1213,2;[65266.74, 1126, 0.8933927484060082, 1.2840118591047747, 875.6931159719495, 0.8581356473660497, 1.0014607603257495]
00236683,93098,390636,1213,3;[65509.29000000001, 1070, 0.873847573315857, 1.18952807666033, 761.6841148447202, 0.9046977956138212, 0.9943334823610144]
00236683,93098,390636,1214,1;[64254, 1292, 0.8798340578149664, 1.4185855049254117, 354.04704705750584, 0.9389706014256528, 0.9968196838300315]
00236683,93098,390636,1214,2;[64413.509999999995, 1112, 0.8841799100241723, 1.185020667030353, 814.5381436463231, 0.8548762815733646, 0.9979719390106749]
00236683,93098,390636,1214,3;[63554.3, 1080, 0.8725345513198169, 1.3418491871000942, 573.436488312685, 0.915630657414964, 0.9923631462981581]
00236683,93099,390639,1320,1;[65733, 1174, 0.8986561124046707, 1.1888863137764243, 524.71293379162, 0.8909896119273859, 1.000334799348663]
00236683,93099,390639,1320,2;[64945.439999999995, 1110, 0.8799012392870388, 1.211244114648881, 500.3592752505392, 0.8843490229777067, 0.9975689557476832]
00236683,93099,390639,1320,3;[64221.490000000005, 1086, 0.8771087575357576, 1.1782370262963473, 420.12826866959915, 0.914358419458132, 0.9936620315414617]
00236683,93099,390639,1321,1;[65480, 1300, 0.8724248348033831, 1.2238853834367018, 405.04023958956503, 0.9273045058082094, 0.9972965769333283]
00236683,93099,390639,1321,2;[62571.39, 1128, 0.8732663509695608, 1.2989479846148317, 506.449168846685, 0.8607900347818224, 0.995871133922991]
00236683,93099,390639,1322,3;[60664.97, 960, 0.8918258292316278, 1.1659305552185804, 304.4898032449558, 0.9395602745783597, 0.9997403623638313]
00236683,93103,390670,1523,1;[66007, 1202, 0.8862135690644956, 1.1227076770295574, 539.0951049981684, 0.8570147705480499, 0.9933781811067467]
00236683,93103,390670,1523,2;[62395.27, 1128, 0.8744661556219134, 1.3175950505831138, 451.64267112748917, 0.8726407365729938, 0.9936702863532132]
00236683,93103,390670,1523,3;[64702.36000000001, 1090, 0.8682338163167673, 1.2139867077421442, 760.4879409415294, 0.8519364279323118, 0.9934162091668244]
00236683,93103,390670,1525,2;[63179.479999999996, 1148, 0.8755774904728971, 1.3231910436666334, 440.6480455143491, 0.8949090950326803, 0.9963966669168981]
00236683,93103,390670,1525,3;[64450.280000000006, 1072, 0.8786524256469906, 1.2380248607050208, 794.7149607156023, 0.9022725765178526, 0.9949768937110709]
00236683,93103,390670,1526,1;[64594, 1280, 0.8692302139795223, 1.3064345589587993, 387.3175180665426, 0.9216866545350719, 0.9963366573347833]
00236683,93129,390840,509,1;[63851, 1282, 0.8863538304611583, 1.2824864508734586, 310.17420054510205, 0.9399106307757903, 0.9891788472412645]
00236683,93129,390840,509,2;[62792.729999999996, 1156, 0.8655992666530318, 1.2966369654810306, 598.0539074640125, 0.8907444545283135, 0.9932237845163476]
00236683,93129,390840,509,3;[65155.83, 1070, 0.8798077353627585, 1.207208180569444, 693.4138006979172, 0.9218608231747977, 0.9943860749568763]
00236683,93139,390919,100,1;[65548, 1228, 0.8895657063217315, 1.2174121974362748, 494.76634957258426, 0.901591666436485, 0.9952249003605997]
00236683,93139,390919,100,2;[64462.299999999996, 1176, 0.8687574373580252, 1.3160805760010135, 749.5912923506529, 0.8728901235789747, 0.9998523385876186]
00236683,93139,390919,100,3;[62899.44, 1048, 0.8704034933278246, 1.1903627541986614, 354.52133648183104, 0.9138656498268735, 0.9938737958653534]
00236683,93140,390930,162,1;[64174, 1274, 0.873669116798967, 1.2219762812449149, 318.14095600560046, 0.9407832771655248, 0.9941057556018558]
00236683,93140,390930,162,2;[62256.03999999999, 1108, 0.8758086297832357, 1.284617442261192, 345.67866423307373, 0.9220027450821668, 0.9939582779192158]
00236683,93140,390930,162,3;[64168.060000000005, 1070, 0.8653375047802901, 1.175778012518249, 544.2792229979488, 0.8837986711791864, 0.9959280876896416]
00236683,93140,390930,163,1;[64757, 1294, 0.8689080832153993, 1.3437099942523156, 321.5276598014192, 0.9430963941414967, 0.994830513031255]
00236683,93140,390930,163,2;[64700.299999999996, 1190, 0.8678894662354549, 1.2921604955880843, 715.6913109359365, 0.8801013288764067, 0.9996414749170336]
00236683,93140,390930,163,3;[64600.98, 1086, 0.8652007934289446, 1.1908760180148013, 721.4497155138856, 0.9086264422759408, 0.9967868769289308]
00236683,93140,390930,164,1;[66120, 1190, 0.8928024080834541, 1.1879672972458664, 349.6492563200557, 0.8948358029776258, 0.9994029580030079]
00236683,93140,390930,165,2;[62164.409999999996, 1120, 0.8752461396656094, 1.298778050862342, 346.29783056866313, 0.9093205097922705, 0.9977652991061197]
00236683,93140,390930,165,3;[62617.22000000001, 1048, 0.8756071525749004, 1.1433205584440507, 348.4088358753567, 0.9269208623011866, 0.9946249428764172]
00236683,93174,391097,943,1;[62928, 1236, 0.8851371504840055, 1.4349269202301336, 299.8036945734148, 0.9301702078122605, 0.9953969534475395]
00236683,93174,391097,943,2;[64325.45, 1168, 0.8802286326493914, 1.2679251780083614, 607.869629047859, 0.8870972782303799, 0.9962677970787449]
00236683,93174,391097,943,3;[64610.57000000001, 1052, 0.8809168323652462, 1.192026993741771, 915.8897240293949, 0.8497624850878942, 0.9998092007631969]
00236683,93203,391206,348,1;[66259, 1190, 0.8894026810814899, 1.1508446047025152, 594.0886112205731, 0.8912596097118567, 0.9980268112667571]
00236683,93203,391206,348,3;[64683.18000000001, 1094, 0.8774361244422536, 1.1828319494737503, 463.56244202686634, 0.9045813327238634, 0.9901953587869509]
00236683,93203,391206,349,2;[65912.91, 1094, 0.8899903614837441, 1.2170274147339144, 883.2863549263491, 0.8237073210150379, 1.001093469007835]
00236683,93203,391206,350,1;[62393, 1240, 0.8787493015584305, 1.3128339148304562, 295.70120819668693, 0.9335410441337777, 0.9891953166493591]
00236683,93203,391206,350,2;[64784.78999999999, 1186, 0.8806837105180522, 1.3963042186163492, 714.3957716221242, 0.8977856171105484, 0.9971061741057529]
00236683,93203,391206,350,3;[66107.98000000001, 1110, 0.8779627186987592, 1.2067523980043482, 629.3045444407546, 0.8784160439673843, 0.9945279732890899]
00236683,93203,391206,351,1;[63854, 1268, 0.871032185835836, 1.479426503068035, 318.9796186826759, 0.9362372556116996, 0.9921610976017153]
00236683,93203,391206,352,2;[60755.45, 1072, 0.8829527874848939, 1.2554864592775605, 342.8331537019416, 0.9050124376649543, 0.9934812220276318]
00236683,93203,391206,352,3;[64896.9, 1114, 0.8569397877711894, 1.2417527424010701, 692.591624038142, 0.8946675282111177, 0.9943116223421002]
00236683,93220,391265,336,1;[65533, 1310, 0.8757480096155889, 1.367463148321185, 361.0624601301009, 0.9290297774806068, 0.9930972821021845]
00236683,93220,391265,336,2;[60632.88, 1050, 0.8682370583990296, 1.2168716618617368, 346.1947867002257, 0.8994860601241726, 0.9980021154072158]
00236683,93220,391265,336,3;[64026.950000000004, 1090, 0.8629840702248537, 1.2222749057270437, 655.7167830778669, 0.908215481352808, 0.9938013673141739]
00236683,93220,391265,337,1;[61118, 1124, 0.8808351635338167, 1.2224316677897844, 151.10157403778504, 0.9337813620401505, 0.9949534414273621]
00236683,93220,391265,337,2;[64254.049999999996, 1166, 0.8722362436156592, 1.2337152288179494, 564.8185975037665, 0.8790782291139434, 0.9932763679509938]
00236683,93220,391265,337,3;[64409.18000000001, 1080, 0.8726724947670236, 1.265388216239573, 693.2371551550842, 0.9054723116006371, 0.9945737828032283]
00236683,93222,391274,426,2;[62796.299999999996, 1136, 0.8830140146854797, 1.2618411779405492, 351.3399176267912, 0.9240262330636166, 0.9985146219854868]
00236683,93222,391274,426,3;[64573.58, 1060, 0.8698739445591321, 1.2390712166734024, 806.0081702436511, 0.9022446887703707, 0.9947974377644812]
00236683,93222,391274,427,1;[65596, 1204, 0.8814352650098592, 1.1250380127803834, 426.6307949767584, 0.9036493789843961, 0.999078537540076]
00236683,93222,391274,428,3;[65283.240000000005, 1108, 0.8695688977103744, 1.2047253991752296, 663.4549987691171, 0.9024267478443797, 0.9949367881489524]
00236683,93222,391274,429,1;[65683, 1302, 0.8898643963502091, 1.2157433048057757, 263.5146465566555, 0.9138523580591842, 0.9900666244611257]
00236683,93222,391274,429,2;[65128.7, 1114, 0.8920105206580566, 1.2152927457141203, 901.9103499453104, 0.8625949441156302, 1.0004935743926293]
00236683,93260,391459,217,1;[61886, 1206, 0.88409827167143, 1.4305143674075829, 243.25219511796246, 0.9397923110539514, 0.9929323802876786]
00236683,93260,391459,217,2;[63468.649999999994, 1168, 0.8773761500382609, 1.303462920522043, 423.0964271691172, 0.9175794943361034, 0.9939989190599549]
00236683,93260,391459,217,3;[61080.08, 1002, 0.8684022285641108, 1.183091136102187, 330.8801757872058, 0.916625577751276, 0.9937478407203914]
00236683,93260,391459,218,1;[61371, 1146, 0.8861261793421696, 1.3227932692907638, 233.6975189654019, 0.9138117041258418, 0.9979592334523103]
00236683,93260,391459,218,2;[65415.49, 1146, 0.8806046328095137, 1.2456073480301915, 888.1625960645373, 0.8361238909296961, 0.9979485876116476]
00236683,93260,391459,219,3;[65165.420000000006, 1002, 0.8855295886816785, 1.201654730491485, 874.0681197302487, 0.8664653855605965, 1.0001682156524665]
00236683,93314,391804,1,1;[61200, 1184, 0.8911802629893917, 1.382171928150076, 230.7785941011806, 0.9282939375778478, 0.9964830011723329]
00236683,93314,391804,1,2;[63119.979999999996, 1172, 0.8732368986285801, 1.2855284088582624, 778.1732000879881, 0.8841258201664252, 0.9969738548578088]
00236683,93314,391804,1,3;[62554.200000000004, 1048, 0.8706816695963225, 1.2236399679595413, 396.73644698103055, 0.9037575184900603, 0.9935482467115642]
00236683,93314,391804,2,1;[60876, 1180, 0.8846231316147987, 1.3470361909588835, 237.77139752352406, 0.9341344635075844, 0.9983027082872112]
00236683,93314,391804,2,2;[63148.53999999999, 1058, 0.8865645945619125, 1.2173674482590253, 625.6957682754448, 0.8446343329217425, 1.0054568191291826]
00236683,93314,391804,2,3;[61967.840000000004, 1040, 0.8630861857690876, 1.2021879598329055, 462.1138465086889, 0.8699951446873627, 0.9957841205543386]
00236683,93331,391886,297,1;[64499, 1258, 0.8861004128455874, 1.1767130557255576, 486.22112839956037, 0.882567298345443, 0.9920557405541756]
00236683,93331,391886,297,2;[63365.119999999995, 1142, 0.8718246979181136, 1.2238753766468728, 720.7594945839151, 0.8495607612385334, 0.9981722919458998]
00236683,93331,391886,297,3;[60114.23, 962, 0.8786204077621724, 1.2399047265569842, 333.37371361298034, 0.9318307664323562, 1.000205151584226]
00236683,93341,391961,155,1;[64154, 1280, 0.8792525968196029, 1.2928483788835097, 374.536365774355, 0.935168653948244, 0.9960873210570443]
00236683,93341,391961,155,2;[62858.18, 1052, 0.8910501307441899, 1.1703169142364331, 1016.6524047850945, 0.8434156386230575, 0.9998391080909702]
00236683,93341,391961,156,3;[63548.82000000001, 1042, 0.8926078558902395, 1.1802893869861124, 792.7012788894507, 0.8845421833110562, 0.9976556618991289]
00023698,93080,390528,134,1;[36900, 898, 0.9978155479327312, 1.0259673944738459, 89.73238912855744, 0.9929930238391793, 0.9837638966648005]
00023698,93080,390528,134,2;[39364.009999999995, 820, 1.0504391901326098, 1.022399976459444, 131.86334323534342, 0.9822628171354302, 1.0140555785472325]
00023698,93080,390528,134,3;[55474.04, 910, 1.2348669144335471, 0.954528904486548, 84.48481776732575, 0.9923977465338607, 26994.666666666668]
00023698,93244,391403,53,2;[43991.92, 860, 1.0139415938895173, 1.0212939734954087, 88.72411398565121, 0.9915332214735743, 9999]
00023698,93244,391403,54,1;[45368, 944, 1.0138822074695624, 0.9740646097252217, 57.91967425793741, 0.993886083647604, 1.000099198694986]
00023698,93244,391403,55,3;[38692.91, 766, 1.0128055678324268, 1.0020142613457823, 123.04365198080062, 0.9864740144323954, 0.9985680697226298]
00521701,93026,390258,236,1;[65015, 1268, 0.8381775642546434, 1.2907349359759162, 250.17272954094338, 0.8658941841502674, 0.9906670222086777]
00521701,93026,390258,236,2;[63711.409999999996, 1160, 0.8328008538305073, 1.244832771554797, 383.41423372086234, 0.8778173893145765, 0.991986511399535]
00521701,93026,390258,236,3;[64650.3, 1088, 0.7961479669495897, 1.7462056904974999, 589.4067175037352, 0.9620048103930134, 9999]
00521701,93122,390796,1603,2;[62828.43, 1126, 0.819885475612702, 1.256333279056509, 299.49397662419483, 0.8638672780054223, 0.9927420416298441]
00521701,93122,390796,1604,3;[62922.73, 1048, 0.8185142145814573, 1.450235556326929, 320.0687700976941, 0.8812622518672641, 0.997166708279508]
00521701,93122,390796,1605,1;[62224, 1146, 0.8566837480585704, 1.2049831781894702, 156.220883867245, 0.9003790357456036, 0.9972993548904115]
00521701,93139,390917,48,1;[65905, 1250, 0.8177142451097035, 1.363160319113161, 272.79423457219696, 0.8735352990091628, 0.9921342817357269]
00521701,93139,390917,48,2;[63280.63, 1130, 0.8069446185618948, 1.4570263221994737, 273.2561554452453, 0.9667913955202088, 9999]
00521701,93139,390917,48,3;[62114.43000000001, 1014, 0.8202161911979294, 1.608353300801054, 300.4638342307913, 0.9710721126599146, 0.9903020771902235]
00521701,93141,390932,199,2;[64893.079999999994, 1162, 0.8456843959906979, 1.2595769526941694, 346.6162792194861, 0.8648392540420272, 0.9924382364984758]
00521701,93141,390932,199,3;[62017.16, 1054, 0.7860292950526333, 1.5138959370819465, 276.9085808237027, 0.9731655031711313, 0.9876726376191827]
00521701,93141,390932,200,1;[64754, 1262, 0.8692715981718601, 1.325863861317932, 226.1344441489002, 0.9672597308634594, 0.9923832584941227]
