02261898,93027,390265,287,1;[19944, 612, 0.96754396533173, 0.9635381305931301, 91.24550023874619, 0.9910463381866129, 1.0006522502634088]
02261898,93027,390265,287,2;[20874.98, 580, 0.9304790412595437, 0.9735894949948444, 94.26324207861636, 0.9872995415587795, 9999]
02261898,93027,390265,287,3;[12349.18, 436, 0.8123031600068894, 0.9950814062318332, 164.9966650295731, 0.9772685746673386, 9999]
02261898,93027,390265,288,1;[20740, 624, 0.961783026286035, 0.9573951624462376, 73.82813296022387, 0.9924507957875969, 1.0016662239501581]
02261898,93027,390265,288,2;[22445.78, 606, 0.883739135982032, 0.8968782366521758, 158.9998073570189, 0.981168959005075, 9999]
02261898,93027,390265,289,3;[14058.94, 456, 0.9739014979670515, 1.0002235114646105, 180.10127158532245, 0.9789839215655453, 1.0077085481416017]
02261898,93032,390303,85,1;[21479, 640, 0.9617081709643188, 0.9654469096182072, 80.9082851021279, 0.9909713305550505, 0.9967515894009003]
02261898,93032,390303,85,3;[22180.300000000003, 562, 0.9032885220293227, 0.9734507300851377, 137.74846598749352, 0.9505746669653525, 0.9874359599902415]
02261898,93032,390303,86,2;[12337.92, 472, 0.982219467857203, 1.0038843901759378, 246.52070986430545, 0.9678011101502391, 1.006162356252123]
02261898,93032,390303,87,1;[22241, 656, 0.9656842988990192, 0.9638474604472219, 89.39172480464866, 0.9908995266972929, 0.9967508459004638]
02261898,93032,390303,87,2;[13568.38, 484, 0.987459986679262, 1.008357214514335, 237.99265379846142, 0.9712726700870403, 1.004006516092106]
02261898,93032,390303,87,3;[11979.28, 450, 0.9628125177945173, 0.9906456899011049, 179.40250020611634, 0.9796126337952438, 1.0012595900606893]
02261898,93068,390439,183,1;[19782, 614, 0.9739436107153315, 0.9577297704065689, 109.51053330806316, 0.9894269973457168, 0.9873228189259333]
02261898,93068,390439,183,2;[21713.93, 602, 0.9828172394379892, 0.9993137115560172, 164.97902414090535, 0.9794397063653838, 9999]
02261898,93068,390439,183,3;[12068.330000000002, 474, 0.9054849108473005, 0.9862424519837066, 188.54053190849507, 0.9729237014533516, 9999]
02261898,93068,390439,185,1;[20970, 640, 0.9784487732414983, 0.9595743332739579, 104.14778579046362, 0.9900298872326381, 0.9892442683272007]
02261898,93068,390439,185,2;[22425.55, 614, 0.8606120849441747, 0.8920279141242102, 201.39663394692656, 0.978949190969093, 0.9880200277872441]
02261898,93068,390439,185,3;[22698.160000000003, 576, 0.9134829908157984, 0.9881526919135065, 114.19102685670791, 0.9656254007114279, 0.9875424688561721]
02261898,93069,390450,248,1;[21915, 654, 0.9669445735303598, 0.9477604769856149, 98.40610023025762, 0.9906825324489501, 0.9875625253481141]
02261898,93069,390450,248,2;[21534.239999999998, 596, 0.9883966937199912, 0.9955418582039631, 214.13669375780358, 0.9728335491209154, 0.9985377293419782]
02261898,93069,390450,248,3;[14343.900000000001, 458, 0.9686256575525162, 1.0012784579024243, 203.72177736230407, 0.9757380981784718, 1.0028255351755184]
02261898,93069,390450,250,1;[14396, 552, 0.9939568076339321, 1.0147581474747795, 155.63521098422044, 0.9862094074007187, 1.001182279713471]
02261898,93069,390450,250,2;[22686.16, 624, 0.8722344853638636, 0.8930377941852993, 170.2951713215211, 0.9800851697069664, 9999]
02261898,93069,390450,251,3;[14626.12, 468, 0.9582333377252404, 0.9928504644242421, 189.40563033343545, 0.9765528695222252, 9999]
02261898,93072,390475,507,1;[12045, 530, 0.9769699523434198, 1.0253604065854347, 166.48866907780783, 0.9860808402536847, 1.0018298261665142]
02261898,93072,390475,507,3;[22206.33, 564, 0.9059183324181156, 0.9743474351282447, 102.99417534369849, 0.972022117698254, 0.9871498172959805]
02261898,93072,390475,508,2;[11876.199999999999, 460, 0.9819001298734418, 1.0005091088563194, 212.92352700495377, 0.9769332506732737, 9999]
02261898,93072,390475,509,1;[13975, 526, 1.195788762537376, 0.9532358392515922, 124.83464888350863, 0.9894782809310859, 0.9978579078900393]
02261898,93072,390475,509,2;[12969.81, 482, 0.7502315142252259, 1.0744041430623699, 253.07135524915205, 0.9819333498592893, 1.0013781697905182]
02261898,93072,390475,509,3;[21950.140000000003, 568, 0.9004430235642332, 0.9727395088610555, 136.8632756300716, 0.9533498796820653, 9999]
02261898,93074,390483,649,1;[13004, 522, 0.9618103824597546, 0.770553091665872, 140.0790052983719, 0.9895957409945001, 0.9865715803049845]
02261898,93074,390483,649,2;[15468.81, 510, 0.9896514642837357, 1.01108742648428, 264.7003387699793, 0.9723752751481789, 1.0037450291494536]
02261898,93074,390483,649,3;[19556.75, 522, 0.8969095287601303, 0.9566264714183332, 197.0053005840914, 0.9504543284015047, 0.9896013864818024]
02261898,93074,390483,650,1;[13083, 524, 0.9844478678987317, 1.020300723657581, 165.92297456481072, 0.9849224797230869, 1.0019145351508654]
02261898,93074,390483,650,2;[13232.8, 478, 0.9419893569635093, 1.063888067362996, 256.1218105665021, 0.9790103818152635, 1.0021177848871266]
02261898,93074,390483,650,3;[11520.330000000002, 424, 0.9133200978953158, 0.9727662849550585, 203.4247201797213, 0.9677905834501755, 4204.5]
02261898,93080,390527,185,1;[15007, 536, 0.9704970129851246, 0.9460375664761187, 102.05993466459579, 0.9906883414471189, 0.9968447972367066]
02261898,93080,390527,185,2;[13351.8, 488, 0.928905362360421, 1.0565970535049778, 223.71726584918235, 0.9823790026418222, 0.995475113122172]
02261898,93080,390527,185,3;[22385.800000000003, 566, 0.905757793591621, 0.9839857203193363, 146.14472278590432, 0.9378502928608347, 0.9912642562484834]
02261898,93080,390527,187,1;[11598, 488, 1.1988796901786491, 0.9682938478364697, 107.18007741097502, 0.9906956408683636, 0.9980637666193365]
02261898,93080,390527,187,2;[14746.48, 502, 0.9897306884000435, 1.009578003144109, 249.1721687472632, 0.9727469604670487, 1.002670118941662]
02261898,93080,390527,187,3;[22602.260000000002, 570, 0.9096185065806824, 0.9867864249762295, 117.65934939643309, 0.9556263861287936, 9999]
02261898,93082,390546,328,1;[20146, 618, 0.9742338912170472, 0.9843586748749253, 66.0522391601835, 0.9937819558710193, 9999]
02261898,93082,390546,328,2;[11575.13, 456, 0.9351425571713766, 0.9791411748988295, 206.2617731414486, 0.9773324238555502, 0.9955987717502559]
02261898,93082,390546,329,3;[22683.09, 568, 0.9039466409763269, 0.9943331428280558, 152.77394839181326, 0.9433820242127087, 0.9985525601592183]
02261898,93082,390546,330,1;[11986, 512, 0.9792413220652826, 1.0736375771672617, 108.59483889403538, 0.992549120051588, 1.0043993798969288]
02261898,93082,390546,330,2;[12465.25, 476, 0.9849294326117233, 1.0093814198652826, 291.0737347863472, 0.9676417568086799, 0.9970967588406073]
02261898,93082,390546,331,3;[22581.710000000003, 568, 0.9063795750689105, 0.9865232378690738, 146.0003663706727, 0.9416226140926196, 0.9944794714772693]
02261898,93084,390559,447,1;[22625, 662, 0.9639091534623662, 0.9644904263213239, 81.61649631312835, 0.9918519821161507, 9999]
02261898,93084,390559,447,2;[15061.83, 502, 0.9208101773063322, 0.97281869521355, 173.07537984902382, 0.9791865399135535, 9999]
02261898,93084,390559,447,3;[22380.320000000003, 562, 0.902047638270203, 0.9814023117586557, 149.0018368610989, 0.9384469567898439, 0.9969790363431082]
02261898,93084,390559,449,2;[13331.57, 480, 0.9462672192289273, 1.0470276698567316, 240.56743289727527, 0.9819767555325848, 1.0011170188999599]
02261898,93084,390559,449,3;[22147.420000000002, 564, 0.9067609981272137, 0.9822729612050602, 92.80916126423868, 0.9758217131348464, 9999]
02261898,93084,390559,450,1;[15706, 548, 0.9738533078395958, 0.9595458507094635, 92.62987135148654, 0.9918701524431872, 0.9999363341185459]
02261898,93085,390563,550,1;[12328, 514, 0.9764649991400128, 1.0963415375283871, 110.17959352548519, 0.9925354052003542, 1.006531678641411]
02261898,93085,390563,550,2;[20907.11, 584, 0.9810367911048011, 1.0030359035058527, 187.4943203063458, 0.9776301239617131, 1.002339114559562]
02261898,93085,390563,550,3;[13961.670000000002, 458, 0.952321981981379, 0.9989745087791289, 180.4163435905014, 0.9763982350186551, 9999]
02261898,93085,390563,552,1;[22420, 654, 0.9738427012125199, 0.96473504400384, 104.08832439761935, 0.9902136923222247, 0.9988639148158873]
02261898,93085,390563,552,2;[14460.88, 498, 0.9880052741335572, 1.0105909233280652, 267.3199342612344, 0.9709092199791202, 0.9999588562024275]
02261898,93085,390563,552,3;[22674.870000000003, 570, 0.8979624189082102, 0.9824145474379892, 174.45799023999615, 0.936813630183547, 0.9937854633882734]
02261898,93085,390565,554,1;[13156, 538, 0.989382344333315, 1.0191905889468948, 123.70749548212581, 0.9886418486372754, 0.9991266375545852]
02261898,93085,390565,554,3;[22902.29, 574, 0.9078103216585293, 0.9888557333409058, 130.45223483440915, 0.9406136405612642, 0.9937581738199976]
02261898,93085,390565,555,2;[11603.689999999999, 466, 0.9841002223547677, 1.0138924088349188, 299.05765389990444, 0.9698818510726037, 0.9976978564485599]
02261898,93085,390565,556,1;[18636, 604, 0.9848912162629222, 1.013382353996323, 110.59841415447691, 0.9890489450063022, 0.9844170936559083]
02261898,93085,390565,557,2;[22633.8, 614, 0.9892121261137731, 0.9986228829076381, 165.8965341650874, 0.9742385038437676, 1.0003155569580309]
02261898,93085,390565,557,3;[12165.6, 444, 0.9257739969794211, 1.0216949902927508, 158.21723256281166, 0.971498170519938, 1.0019180864267179]
02261898,93104,390680,1064,1;[11952, 524, 0.9851214080994998, 1.0242743728927273, 123.17686518013107, 0.9892215186488093, 0.9997490589711417]
02261898,93104,390680,1064,2;[21936.46, 606, 0.9851941056833077, 1.0019813089205707, 198.90145649074964, 0.9690767331021608, 0.9743643955811618]
02261898,93104,390680,1064,3;[19275.9, 514, 0.8995206045545997, 0.9654908712894399, 184.5722009815766, 0.9600488815984807, 0.9973771886297583]
02261898,93104,390680,1065,1;[21976, 648, 0.9835247035546245, 0.9680980132404287, 98.60986098754918, 0.990042007068766, 1.0008197467893252]
02261898,93104,390680,1065,3;[13258.86, 442, 0.9638808978305602, 0.9993066142793896, 184.09465884232156, 0.9765210590152044, 9999]
02261898,93104,390680,1067,2;[20277.6, 580, 0.938415101417943, 0.9707420280569485, 132.09743824731535, 0.9842420245738752, 9999]
02261898,93113,390734,1954,1;[12669, 528, 0.9903226365920456, 1.0168225998989198, 128.74293667101932, 0.987817534171672, 1.0018979833926454]
02261898,93113,390734,1954,2;[14422.8, 490, 0.9222038344122071, 0.9793727037397124, 137.51195685858582, 0.9835566468262082, 9999]
02261898,93113,390734,1954,3;[21839.170000000002, 556, 0.909541547522855, 0.9745952150151664, 86.69284930279807, 0.9787406865744432, 6376.4]
02261898,93113,390734,1955,1;[19103, 598, 0.9725308285205181, 0.9584505083437359, 84.31911865864025, 0.9921867908998965, 0.9991108786610878]
02261898,93113,390734,1955,2;[21361.69, 592, 0.9416421946144349, 0.9748851236090442, 123.3614308008942, 0.9858163316974308, 9999]
02261898,93113,390734,1955,3;[22752.960000000003, 570, 0.9002019088770394, 0.9815967893595551, 180.10545281168731, 0.9385073147408136, 0.993806660084373]
02261898,93123,390800,1776,1;[14561, 536, 0.9930746693016697, 1.0170127154661748, 111.02092889692993, 0.9898927250596314, 1.0056633745424408]
02261898,93123,390800,1776,2;[16449.37, 518, 0.9858168809665678, 1.0027272693578215, 185.39187165968775, 0.9798198326255855, 0.9931743066532548]
02261898,93123,390800,1776,3;[11714.87, 454, 0.9499945627920356, 0.9837969331824666, 242.07789339299828, 0.9753702450245524, 1.0064144059318543]
02261898,93123,390800,1778,1;[18303, 584, 0.9806604515912676, 0.9796328791992058, 88.36990497312576, 0.9911129392383743, 9999]
02261898,93123,390800,1778,2;[18597.32, 556, 0.9368422674634076, 0.9675923791851313, 123.93633878761996, 0.9840082924200596, 15628.0]
02261898,93123,390800,1778,3;[20248.600000000002, 526, 0.9010098910401245, 0.9731223850694224, 190.01243914603825, 0.9535101724897714, 1.0017622339704486]
02261898,93129,390844,485,1;[22804, 660, 0.9729633738011799, 0.9661961334881793, 96.28337948743032, 0.9899627171698309, 1.0026380583890258]
02261898,93129,390844,485,2;[22742.09, 618, 0.9629086161794029, 0.9920747988186038, 117.98523926816793, 0.9859465504532043, 9999]
02261898,93129,390844,485,3;[22195.370000000003, 564, 0.9158832492198724, 0.9823438191377468, 98.01356716698874, 0.9662632863009972, 9999]
02261898,93129,390844,487,1;[12099, 508, 0.98335521642385, 1.0184964076719318, 99.22394562091898, 0.9900861762443794, 9999]
02261898,93129,390844,487,3;[21714.5, 556, 0.9209721879759142, 0.9754863182804281, 92.96011848377067, 0.9772258000209462, 9999]
02261898,93129,390844,488,2;[13076.91, 482, 0.9860899021260016, 1.0051821067576496, 272.3644074308819, 0.9660232165997734, 0.9982739825581395]
02261898,93130,390852,564,2;[11537.05, 480, 0.9756987075209038, 1.0253158184728777, 286.60897269425055, 0.9742975305159255, 1.0000515756356698]
02261898,93130,390852,564,3;[18870.38, 508, 0.9055207520635, 0.9667779227719994, 222.34609737116034, 0.9536649363085256, 0.9942254944420384]
02261898,93130,390852,565,1;[22240, 656, 0.9689985445056744, 0.972320781596153, 92.97904255280635, 0.9905554029175628, 1.0008550470275865]
02261898,93130,390852,566,1;[22544, 658, 0.9573655866202155, 0.9674914744966979, 82.61368049127168, 0.9910094852034307, 1.0019332903713252]
02261898,93130,390852,566,2;[12068.98, 482, 0.9808897479293539, 1.0355858383973415, 256.2109052285031, 0.9783000485688133, 1.0015800908552241]
02261898,93130,390852,566,3;[22336.480000000003, 568, 0.9082581907807428, 0.9932863238789648, 176.1163513850332, 0.9475005554051136, 0.9850466725070235]
02261898,93137,390903,1139,1;[11405, 484, 0.9792207155457547, 0.7996605365738854, 98.91875622758151, 0.9912042757955106, 9999]
02261898,93137,390903,1139,2;[12965.05, 476, 0.9248515983656228, 1.098309187624924, 262.4488652053458, 0.977752255116724, 1.0039624032436418]
02261898,93137,390903,1139,3;[22074.81, 558, 0.8952072217494562, 0.9660713089718308, 201.4432256184773, 0.9423210003440143, 0.9912337362738766]
02261898,93137,390903,1141,1;[19301, 602, 0.9672224692769169, 0.9765260333567182, 73.02591452149238, 0.9926563323790305, 9999]
02261898,93137,390903,1141,2;[14097.929999999998, 502, 0.9840568498019665, 1.0156091314865627, 277.2775860765733, 0.9683494534638589, 1.0001266303659617]
02261898,93137,390903,1141,3;[22283.050000000003, 568, 0.9005693181598264, 0.9855351795891817, 141.08610759941996, 0.9372562961293602, 32530.0]
02261898,93138,390914,1203,1;[21635, 642, 0.9673804497774136, 0.9545516065920447, 89.13051960321006, 0.9913585920232848, 1.0008558277241921]
02261898,93138,390914,1203,2;[12093.97, 470, 0.9844345267800043, 1.0051612633025226, 298.38287904099195, 0.9665507415084874, 1.0006399842465417]
02261898,93138,390914,1203,3;[19418.38, 518, 0.8994428118122285, 0.9618473780821034, 184.30067014650487, 0.9569443474779921, 0.9897353536764193]
02261898,93138,390914,1204,1;[11693, 508, 0.9821936760910054, 1.0201060885789972, 81.35261230837229, 0.9921812135980361, 9999]
02261898,93138,390914,1204,2;[22466.01, 616, 0.9808494127282118, 1.0038737068078736, 192.66722102828905, 0.9786981524782588, 9999]
02261898,93138,390914,1204,3;[22336.480000000003, 568, 0.909414879574531, 0.9970692030963219, 141.52353078745088, 0.9452031348988347, 0.9867158894907253]
02261898,93181,391155,112,3;[22635.140000000003, 572, 0.9061382791754419, 0.9817777146435891, 166.60725348858912, 0.9407951491848545, 0.9876262777213223]
02261898,93181,391155,113,1;[22440, 658, 0.966244334606492, 0.9619784115620267, 99.27872592968446, 0.9898856650085487, 0.9975328399013136]
02261898,93181,391155,114,2;[14877.38, 500, 0.9885711555023571, 1.0085517685129686, 260.4747175620372, 0.9708261370865923, 1.0024053880692751]
02261898,93181,391155,115,1;[19312, 602, 0.9749556377889504, 0.9457786602315406, 92.44169005185617, 0.9914115617016835, 0.9995341856011594]
02261898,93181,391155,115,2;[14025.34, 486, 0.9826828372564074, 1.0034371744219324, 256.2377528084738, 0.9734050076273637, 0.9905450266840358]
02261898,93181,391155,116,3;[14195.94, 456, 0.9661426732463144, 1.0024522731509802, 195.67931522184577, 0.9756436654900239, 1.0060194174757282]
02261898,93188,391170,283,1;[17304, 570, 0.9821884907335977, 0.9791277292338233, 80.23949714167273, 0.9922209173476961, 0.9953980671882191]
02261898,93188,391170,283,2;[21888.86, 612, 0.9615924032027802, 0.9863793119856279, 161.17614540843493, 0.9832889234565526, 9999]
02261898,93188,391170,283,3;[18286.760000000002, 506, 0.9216538698024882, 0.9802919681029864, 148.80324752656287, 0.9753754842044012, 9999]
02261898,93188,391170,285,1;[14623, 540, 0.9926391729216251, 1.0189442128231503, 95.27071620867513, 0.9916905664566615, 1.002227476782838]
02261898,93188,391170,286,2;[22552.879999999997, 616, 0.9609491511587396, 0.9931608197941113, 141.6425948483232, 0.9848437443966035, 9999]
02261898,93188,391170,286,3;[22722.820000000003, 566, 0.9017473746799813, 0.9957687314769736, 146.20253383583923, 0.9490019294944863, 0.9972942096085623]
02261898,93228,391298,546,1;[22456, 658, 0.9728224001361179, 0.9685470366269123, 81.16635474186, 0.9920186188069533, 9999]
02261898,93228,391298,546,2;[12948.39, 488, 0.9831289109202364, 1.0077825846794408, 262.45798660143885, 0.9689444536015799, 9999]
02261898,93228,391298,547,3;[22413.2, 566, 0.9088755153681193, 0.9891637286739978, 123.82840650735797, 0.9448109983090828, 0.9935926634478152]
02261898,93228,391298,548,1;[22586, 658, 0.9728208477779453, 0.9670299653730907, 89.54756721301762, 0.9912524861590465, 0.9984969053934571]
02261898,93228,391298,548,2;[12603.289999999999, 478, 0.9832256667690289, 1.0038958812669685, 283.2564256609316, 0.967665462299611, 1.0014656517422345]
02261898,93228,391298,548,3;[12212.18, 434, 0.9163597679218056, 0.9629367827509332, 220.98548989674595, 0.9736313112203594, 1.0049605411499436]
02261898,93230,391307,636,1;[14288, 524, 0.9839060112374045, 0.9755801000902391, 80.68905507473724, 0.9924401120630836, 0.9958182325062727]
02261898,93230,391307,636,2;[12123.72, 476, 0.9797364495084704, 1.003489909665069, 255.25422715458095, 0.9682060128167108, 0.9939512195121951]
02261898,93230,391307,636,3;[22503.620000000003, 570, 0.9087402083456328, 0.9905023088058501, 119.91900218556131, 0.9525752731017991, 0.9892796916405685]
02261898,93230,391307,637,1;[13099, 506, 0.9833336179419302, 0.9543887094531321, 98.4635137388618, 0.9915820456265412, 1.000725772565797]
02261898,93230,391307,637,2;[14055.09, 490, 0.9893455167908696, 1.0062577655909295, 255.26379166736803, 0.9708468220410449, 9999]
02261898,93230,391307,637,3;[11687.470000000001, 448, 0.9166831881874974, 1.0126925611776763, 209.38470353170473, 0.9755054117354831, 1.003824204271342]
02261898,93243,391390,20,1;[22668, 664, 0.9662421687599024, 0.9502546289525755, 95.91054655378652, 0.9908258898535733, 0.9957172036634381]
02261898,93243,391390,20,2;[22951.53, 622, 0.9592488694652661, 0.982185204064972, 175.6338136232352, 0.9805175668793094, 0.9996890063753693]
02261898,93243,391390,22,3;[22610.480000000003, 572, 0.9145766823980407, 0.9966866737956602, 103.13417414727898, 0.968756719671912, 16504.0]
02261898,93243,391390,23,1;[22828, 668, 0.9681111942807651, 0.9544661341038055, 101.85248629069726, 0.9904762928325608, 0.9928886762499185]
02261898,93243,391390,23,2;[22344.629999999997, 614, 0.8835147624713954, 0.9937582798745852, 159.86988595793116, 0.9813066981802455, 9999]
02261898,93243,391390,23,3;[14586.390000000001, 460, 0.9669427762005213, 0.9970814592506825, 202.5191010281929, 0.9761441455151423, 1.0012224938875305]
02261898,93246,391415,223,1;[12399, 502, 0.9816438313530361, 0.8175105438564384, 99.46933719824632, 0.9914027283043578, 1.0020608558613164]
02261898,93246,391415,224,2;[21378.35, 598, 0.9375552810377691, 0.9815415196196506, 106.99319472740929, 0.9874428883319273, 4491.25]
02261898,93246,391415,224,3;[22718.710000000003, 568, 0.908552594721067, 0.9961844199314352, 125.68660947375737, 0.9478089160614961, 9999]
02261898,93246,391415,225,1;[22895, 668, 0.9626616739530932, 0.9569956605019827, 83.15927111003535, 0.9916082689001218, 0.9993016454977958]
02261898,93246,391415,225,3;[18542.95, 512, 0.926879201216644, 0.9862497246114876, 147.6805845204444, 0.9756832492655985, 9999]
02261898,93246,391415,226,2;[14062.23, 496, 0.9903278354844341, 1.0072008665475816, 274.5533947027533, 0.9695858769688209, 1.003652114829285]
02261898,93247,391428,277,1;[12689, 508, 0.9806266834753353, 0.9583109789440936, 105.35461088947939, 0.991008361431665, 1.0005914126877735]
02261898,93247,391428,277,3;[22573.49, 570, 0.9066729201476793, 0.9903602547319951, 168.3297700687988, 0.9344952887828573, 0.9900258366880971]
02261898,93247,391428,278,2;[14428.75, 500, 0.9899767225442693, 1.0095139967867117, 238.35008775741187, 0.9718391585300641, 1.0025632545063667]
02261898,93247,391428,279,1;[14301, 536, 0.9922247699334931, 1.0139340487620339, 98.53947664927863, 0.9906576374779594, 1.0032973200505122]
02261898,93247,391428,279,2;[22921.78, 616, 0.9822228853994402, 0.9983514962259807, 171.59965132420967, 0.977579529189626, 9999]
02261898,93247,391428,279,3;[13935.640000000001, 452, 0.9656596284105469, 0.9974099209144054, 228.45490025040374, 0.9707316900727505, 1.0025625862408831]
02261898,93249,391439,136,1;[11697, 526, 0.9794882384580852, 1.0286109000368677, 129.02881932203897, 0.9892254918706561, 1.0011554756708179]
02261898,93249,391439,136,2;[11708.41, 476, 0.9653934039409264, 1.0360629804621453, 279.718209622105, 0.9783019428571568, 0.999035386099406]
02261898,93249,391439,136,3;[20836.33, 544, 0.9163001113730408, 0.9731090577937266, 95.45023478911065, 0.9806179504686703, 9999]
02261898,93249,391439,137,1;[18518, 590, 0.9780764412326505, 0.97489016952468, 90.43693447781439, 0.9915638708113258, 9999]
02261898,93249,391439,137,2;[22482.67, 614, 0.9531364915196513, 0.9917908424535395, 140.13611576700103, 0.9852734498079132, 0.9908223201174743]
02261898,93249,391439,138,3;[22735.15, 566, 0.9027534203292118, 0.9778017359251507, 194.7073236475259, 0.9421619644763654, 0.9908350001492671]
02261898,93249,391440,133,1;[13022, 512, 0.9810180867102802, 0.8308314664497572, 114.43546192443195, 0.9898394413347209, 1.0008069784421474]
02261898,93249,391440,133,2;[13417.25, 486, 0.9845439585890596, 1.0072778886011453, 277.06889209074365, 0.9652673071916428, 1.0031138790035588]
02261898,93249,391440,133,3;[14598.720000000001, 454, 0.9025519559462778, 0.9686693775919946, 211.2950861057784, 0.9621216881709231, 9999]
02261898,93249,391440,134,1;[20497, 624, 0.9649626132245209, 0.9518930919896544, 93.6795701446572, 0.9911012278593686, 0.998976508431621]
02261898,93249,391440,134,2;[11977.35, 460, 0.9804004085338552, 1.0002923464464621, 256.84814883032107, 0.974189799357877, 1.0016420361247949]
02261898,93249,391440,134,3;[22565.27, 570, 0.9027271823430962, 0.9915100802957026, 127.38268538959119, 0.9526685314930856, 9999]
02261898,93265,391502,653,1;[21844, 646, 0.9624644889167386, 0.9795750178092761, 73.93846752648027, 0.9927892638058078, 0.998993871764383]
02261898,93265,391502,653,2;[21700.84, 600, 0.9349541108154156, 0.989084238692071, 108.99814759217792, 0.9867650253846822, 0.9897421981004071]
02261898,93265,391502,653,3;[22654.320000000003, 568, 0.8992801490824622, 0.9920003802836868, 158.4188356570929, 0.9305004039238324, 0.9935708706363036]
02261898,93265,391502,654,1;[11816, 520, 0.9829828775488259, 1.022732441030559, 109.92405616804578, 0.989708543168692, 0.9946127946127946]
02261898,93265,391502,654,2;[22337.489999999998, 610, 0.9485298539781338, 0.9833197464441958, 129.48824882438183, 0.9847649640775479, 9999]
02261898,93265,391502,654,3;[22936.54, 574, 0.8950578752816151, 0.9874919928207452, 177.4468775689735, 0.9361018014050401, 0.9909147406114054]
02261898,93341,391964,147,1;[18640, 590, 0.9639691466248377, 0.962313002238552, 79.50352261456666, 0.9917778990931113, 9999]
02261898,93341,391964,147,2;[22307.739999999998, 608, 0.9845127167236749, 1.002211169450573, 154.56516614972674, 0.97830329190236, 0.9870731643103494]
02261898,93341,391964,147,3;[22195.370000000003, 552, 0.8955464845161866, 0.9678321911367098, 182.63875448366, 0.9325795200542193, 1.0072429979172495]
02261898,93341,391964,148,2;[22109.01, 600, 0.9814548381370598, 1.0014188687616357, 185.88088899849123, 0.9740348219082313, 1.0006193617880705]
02261898,93341,391964,148,3;[10839.44, 426, 0.9019084869628867, 1.0342960131703898, 174.0041380779027, 0.9762541660727317, 1.0020263424518743]
02261898,93341,391964,149,1;[15702, 540, 0.9672344755058027, 0.9910105111685912, 68.95736965351998, 0.9927343067752414, 9999]
02261898,93342,391974,235,2;[17896.41, 538, 0.9270853020709223, 0.9686827987788034, 122.91421470448869, 0.9827952974454591, 9999]
02261898,93342,391974,235,3;[11060.01, 440, 0.9082370662305609, 1.0117035315297809, 214.6538639869652, 0.9711169373022821, 1.0083057515768439]
02261898,93342,391974,236,1;[11365, 500, 0.9732583124176502, 0.798506883870037, 86.16515541167216, 0.9932451008936067, 22730.0]
02261898,93342,391974,237,1;[15524, 532, 0.9846864029137653, 0.9700058401056715, 77.8781351107772, 0.9920229292512074, 9999]
02261898,93342,391974,237,2;[13501.74, 486, 0.9873211508147488, 1.0137012260724476, 211.44614033876692, 0.9738841224358461, 1.006431010777487]
02261898,93342,391974,237,3;[15453.6, 452, 0.9005567963256559, 0.9586067437635919, 184.37544357350822, 0.9583719993220345, 1.006603605211494]
02261898,93385,392082,367,1;[21060, 634, 0.9670197959987905, 0.9571881510134752, 101.64272642800226, 0.9900520062402909, 0.995791763203934]
02261898,93385,392082,367,2;[20420.399999999998, 580, 0.9839638567800818, 1.0017012642535041, 225.23174812984638, 0.9702833871535044, 0.9841424597826398]
02261898,93385,392082,368,3;[22621.440000000002, 570, 0.8977287402482951, 0.9807673822619761, 192.76863691410946, 0.9428304300138646, 0.9938007824255191]
02261898,93385,392082,369,1;[11446, 518, 0.9757131354822322, 1.0149031960986339, 160.51470479666563, 0.9866246218445488, 1.0029793200140202]
02261898,93385,392082,369,2;[19076.89, 572, 0.9370715319784106, 0.9791423465684864, 148.5886570249371, 0.9824706364324924, 9999]
02261898,93385,392082,369,3;[22528.280000000002, 574, 0.9020925307457143, 0.976310678663331, 185.57133046727088, 0.9297558722493011, 0.9756155443488579]
02261898,93386,392094,429,1;[22625, 666, 0.9625832262370557, 0.9759802755047169, 106.0173503624391, 0.9897966121722224, 0.9933047963999561]
02261898,93386,392094,429,2;[11864.3, 482, 0.9766611873755665, 1.0370859137561494, 267.5458900532602, 0.9792101624030821, 0.9963025881882682]
02261898,93386,392094,429,3;[22091.25, 566, 0.916945961222584, 0.984076128297806, 88.95440171575791, 0.9773788336881746, 0.981167665581551]
02261898,93386,392094,431,1;[12988, 514, 0.9777803655173778, 0.8241608983590019, 114.51367342395426, 0.9902695390453707, 0.9938401499789571]
02261898,93386,392094,431,2;[15429.539999999999, 508, 0.9222136276309002, 0.9798849223237155, 171.94875705675156, 0.9790265960738476, 9999]
02261898,93386,392094,431,3;[22436.49, 572, 0.9016230940512926, 0.9863298549758086, 195.47850998692397, 0.926917027187421, 0.9703738816140309]
02261898,93389,392120,715,2;[22826.579999999998, 616, 0.8901443803484582, 0.99438412395587, 191.2385767958217, 0.9738465920023991, 9999]
02261898,93389,392120,715,3;[22969.420000000002, 578, 0.9167683552777659, 0.9934914184655546, 126.16617910048619, 0.9303319977803614, 0.9853948103088542]
02261898,93389,392120,716,1;[22069, 650, 0.9792157646405956, 0.9754345016504946, 103.10060414655483, 0.9886617646328346, 0.9915309446254071]
02261898,93389,392120,717,1;[21669, 648, 0.9709648263810241, 0.9600630735661992, 104.20140074743205, 0.9897451843495672, 0.9921021907836001]
02261898,93389,392120,717,2;[13199.48, 482, 0.987471127137623, 1.0066732482029312, 291.01835172314156, 0.9650697252263772, 1.0034830596643598]
02261898,93389,392120,717,3;[12127.240000000002, 454, 0.9139536454955319, 1.010652118677864, 215.49835636714576, 0.9674838779396405, 0.9972960793150067]
02261898,93391,392126,854,1;[11564, 522, 0.9741646546225626, 1.0117711502505613, 146.97328627207705, 0.9884349401701864, 1.0030793251507135]
02261898,93391,392126,854,2;[12073.74, 486, 0.8417855066723915, 1.0494511940579712, 246.77885969605447, 0.9814399567469407, 0.9973949373310396]
02261898,93391,392126,854,3;[11965.580000000002, 450, 0.9161916261776374, 0.9829971634924797, 194.8450319514806, 0.9720865914793896, 0.9935726067914226]
02261898,93391,392126,857,1;[22917, 670, 0.9805202578546802, 0.9635396054366069, 105.86833862139216, 0.9895864679181808, 0.9858470274455821]
02261898,93391,392126,857,3;[23155.74, 578, 0.9028284382973384, 0.9845881600336288, 168.29855338495906, 0.940225106470597, 0.9917559043567552]
02261898,93391,392126,858,2;[11585.84, 478, 0.9715006590740739, 1.0155079670157083, 276.48728818680024, 0.9782500975617707, 0.9976943177742481]
00023698,93080,390528,134,1;[36900, 898, 0.9978155479327312, 1.0259673944738459, 89.73238912855744, 0.9929930238391793, 0.9837638966648005]
00023698,93080,390528,134,2;[39364.009999999995, 820, 1.0504391901326098, 1.022399976459444, 131.86334323534342, 0.9822628171354302, 1.0140555785472325]
00023698,93080,390528,134,3;[55474.04, 910, 1.2348669144335471, 0.954528904486548, 84.48481776732575, 0.9923977465338607, 26994.666666666668]
00023698,93244,391403,53,2;[43991.92, 860, 1.0139415938895173, 1.0212939734954087, 88.72411398565121, 0.9915332214735743, 9999]
00023698,93244,391403,54,1;[45368, 944, 1.0138822074695624, 0.9740646097252217, 57.91967425793741, 0.993886083647604, 1.000099198694986]
00023698,93244,391403,55,3;[38692.91, 766, 1.0128055678324268, 1.0020142613457823, 123.04365198080062, 0.9864740144323954, 0.9985680697226298]
00023892,93026,390259,210,1;[115384, 1676, 0.9705763288702812, 0.9705763288702812, 27.44450635858385, 0.9967809945790217, 0.9971869206936336]
00023892,93026,390259,211,2;[117053.15999999999, 1570, 1.0149650236071255, 0.9746772383627069, 32.01824097753799, 0.9959190027831599, 0.996711876257112]
00023892,93026,390259,211,3;[116700.71, 1438, 1.0186254340279237, 0.9437976061425024, 56.93241554978748, 0.9908537816795847, 9999]
00023892,93026,390259,212,1;[115337, 1664, 0.9804131521278897, 0.9889032468085639, 29.32303153461915, 0.9964262448288627, 0.9924920079683675]
00023892,93026,390259,212,2;[117691.0, 1554, 1.014747909288223, 0.9808503008994244, 33.38817836122004, 0.9959185983378324, 9999]
00023892,93026,390259,212,3;[114356.64000000001, 1394, 1.0039062202291396, 0.9507977939312924, 37.10296143051946, 0.9936297065684685, 9999]
00023892,93026,390259,214,1;[120043, 1634, 1.0032661182443197, 0.9887838124952426, 22.927187669422857, 0.9969424029558446, 0.9982495311986761]
00023892,93026,390259,215,3;[114305.95000000001, 1398, 1.010278510246198, 0.9543713578041263, 39.13504025500448, 0.9933049493998183, 9999]
00023892,93026,390259,216,2;[116758.04, 1568, 1.0123332269148082, 0.98091887278259, 29.98789604125521, 0.996023856518871, 0.9963240520725442]
00023892,93049,390350,751,2;[112488.31999999999, 1480, 0.9848740726439702, 0.9929826624223882, 26.49613653842162, 0.9961483784872827, 9999]
00023892,93049,390350,752,3;[118309.09000000001, 1532, 1.0130833231157215, 0.9721992345752148, 59.29260583943325, 0.9911236827270111, 9999]
00023892,93049,390350,753,1;[115862, 1658, 0.9829469492684024, 0.9978529551266063, 24.60371064380052, 0.9960469422803894, 0.9909383646292598]
00023892,93049,390350,756,2;[116076.17, 1538, 1.0085478725212538, 0.9927081192712227, 43.37188848757056, 0.9943862237694245, 9999]
00023892,93049,390350,756,3;[117833.70000000001, 1382, 1.047327962051423, 0.9430491915437306, 103.28006889242694, 0.9876476852572468, 0.9989779088945155]
00023892,93049,390350,757,1;[119330, 1636, 1.0075125795868425, 0.9942916148693116, 29.0029681718026, 0.9953227996444487, 9999]
00023892,93049,390350,758,3;[117121.3, 1400, 1.030931342867741, 0.9719735434960686, 74.73251000866165, 0.9910807744684849, 9999]
00023892,93049,390350,760,1;[119412, 1684, 1.0004737661313214, 0.9880028410604836, 28.934950571560975, 0.9954903479060804, 0.999870214146658]
00023892,93049,390350,760,2;[117228.09, 1564, 1.0405712513178689, 0.9825036010815462, 94.58212834702178, 0.9879751501300211, 0.9954779023530066]
00023892,93049,390350,761,1;[115473, 1576, 0.991677529821298, 0.9926776955103828, 36.86362273631874, 0.9942467519164607, 1.0014917476864902]
00023892,93049,390350,763,2;[118247.92, 1546, 1.0345050869305332, 0.994516715150005, 59.95186314319832, 0.9908730469999921, 9999]
00023892,93049,390350,763,3;[118310.46, 1494, 1.0361395917367435, 0.9712337522244107, 108.28824339469637, 0.9843328979744623, 0.9939059128182995]
00023892,93049,390350,766,1;[116227, 1652, 0.9751026370807013, 0.9892795240401203, 27.456611617824382, 0.9965442441576506, 0.9924685549359998]
00023892,93049,390350,767,3;[117711.77, 1466, 1.0214023858039325, 0.9691685127209577, 43.76655418360943, 0.9929606828812833, 10740.125]
00023892,93049,390350,769,2;[117706.47, 1490, 1.0202549609913965, 0.9997484379105231, 29.963769686372082, 0.995278891855519, 9999]
00023892,93049,390350,770,1;[117114, 1588, 1.0024585818836231, 0.9928265580916606, 32.869004539460455, 0.9955113006843905, 9999]
00023892,93049,390350,770,3;[118395.40000000001, 1410, 1.0424963099943128, 0.9275135170288007, 78.28360049762023, 0.9922517167138535, 9999]
00023892,93049,390350,773,2;[114238.81, 1522, 1.0044227657496143, 0.986742260703326, 36.17136856988099, 0.9948063335800724, 9999]
00023892,93099,390646,1221,2;[114072.20999999999, 1486, 1.0090858747803573, 0.9867088647928606, 38.53013999163804, 0.9934468550222741, 9999]
00023892,93099,390646,1222,1;[115757, 1704, 0.9986716907804245, 0.9931340390066832, 35.39650912607604, 0.9961712619634862, 0.989105543782897]
00023892,93099,390646,1222,3;[117585.73000000001, 1392, 1.1323117391248805, 0.9651113997953958, 50.31573890807299, 0.9940088735414381, 9999]
00023892,93103,390673,1487,1;[118131, 1640, 0.9941992381714719, 0.9832364950716539, 24.18140079113889, 0.9967673469878491, 0.9975637458357788]
00023892,93103,390673,1488,3;[117951.52, 1364, 1.034720293021279, 0.9614925636421753, 96.22023479779668, 0.98528403584093, 0.9961010262284081]
00023892,93103,390673,1489,2;[116541.45999999999, 1546, 1.014966414714585, 0.992022459678374, 40.09946663942671, 0.9947342202306876, 0.9929282227280332]
00023892,93103,390673,1491,2;[120403.01, 1514, 1.0503891899546012, 0.9843946252209498, 113.66690920960296, 0.984839104179109, 9999]
00023892,93103,390673,1492,1;[114627, 1678, 0.9987680845865211, 0.9924709850319351, 45.564953524898826, 0.9946129103177113, 0.9927122981592382]
00023892,93103,390673,1492,3;[112581.12000000001, 1362, 1.004285977747245, 0.9649001229124898, 31.23126453415144, 0.9956981357234577, 9999]
00023892,93103,390673,1495,2;[114817.15, 1510, 0.9930315460441014, 0.9870770259924616, 31.546042712339776, 0.9947702350629656, 9999]
00023892,93103,390673,1497,3;[113548.34000000001, 1404, 1.0054351093309934, 0.960491452600365, 28.91913419738997, 0.9948299282430487, 9999]
00023892,93103,390673,1498,1;[116314, 1654, 0.989772517025471, 0.9913499174139772, 25.89202116124958, 0.9956881817830718, 0.9948765321221763]
00023892,93103,390673,1499,1;[115761, 1706, 0.9962542217613665, 0.9812057965453727, 38.26655464467754, 0.9959036968410945, 0.9896936302274583]
00023892,93103,390673,1499,3;[117251.45000000001, 1500, 1.0242496834682837, 0.9748615169204323, 53.78139989410666, 0.9908513476631625, 34234.0]
00023892,93103,390673,1500,2;[113904.42, 1520, 1.0033341804562999, 0.9866325509813356, 31.931454020851525, 0.9944117262205622, 0.9918501209788144]
00023892,93122,390798,1587,3;[117843.29000000001, 1442, 1.0406381091708652, 0.97290517790024, 111.87571133625764, 0.982512094931687, 0.9956477955389904]
00023892,93122,390798,1589,1;[115972, 1698, 0.9778822539189395, 0.9908134710763481, 20.37117655163161, 0.9968449509462828, 0.9941706957446079]
00023892,93122,390798,1589,2;[117505.36, 1504, 1.0292453359150497, 0.9978651105229204, 41.27597117489877, 0.9945531923571351, 9999]
00023892,93122,390798,1590,1;[114476, 1708, 0.9714008354292216, 0.9792266459744134, 31.895664856885332, 0.9963746613606888, 0.9873600048300221]
00023892,93122,390798,1590,2;[115546.62, 1446, 1.0044099548766843, 0.9937778684089924, 34.96544073137213, 0.9941037791054449, 9999]
00023892,93122,390798,1592,3;[117977.55, 1424, 1.0384956777881869, 0.9582881772027657, 51.69301507743181, 0.993571167624946, 172230.0]
00023892,93139,390920,17,2;[116130.90999999999, 1510, 0.9981631323817355, 0.9808162066148503, 32.268889709424414, 0.993887002655094, 0.9946034641785189]
00023892,93139,390920,17,3;[117082.94, 1368, 1.01704474354301, 0.9629625559037094, 53.25214145749839, 0.9925764721536028, 9999]
00023892,93139,390920,18,1;[114291, 1656, 0.9814575364939319, 0.9959018721886728, 30.733984173391054, 0.9957475714305857, 0.9944271152817112]
00023892,93139,390920,19,1;[117141, 1708, 1.0011284673044343, 0.9784178992053928, 59.47460187917027, 0.9921109682880714, 0.9933264364697103]
00023892,93139,390920,20,3;[118051.53000000001, 1470, 1.0213625513322462, 0.9716452290970454, 85.44257796364806, 0.9849400431888099, 9999]
00023892,93139,390920,21,2;[115941.7, 1478, 1.0067750976010585, 0.9966286729292532, 25.270836994108723, 0.9955051948918705, 1.001742742428838]
00023892,93166,391047,301,1;[119197, 1602, 0.9934559797032223, 0.9948353663934025, 20.712104405988043, 0.9968702647084702, 0.9987055043296481]
00023892,93166,391047,301,2;[116151.14, 1540, 1.0002683910551358, 0.9928704150270152, 33.4848806094114, 0.9948215854848882, 9999]
00023892,93166,391047,303,3;[118637.89000000001, 1398, 1.0223579081250327, 0.9703534494557088, 42.23273852076505, 0.9934911546531924, 9999]
00023892,93166,391047,304,1;[117753, 1622, 0.9772164352433422, 0.9958620833402838, 25.766315361363983, 0.9967860458868003, 0.9972686967237064]
00023892,93166,391047,305,2;[117093.62, 1536, 1.002178459818774, 0.997850638667676, 24.4138911119299, 0.9964615269265222, 1.000127051242307]
00023892,93166,391047,305,3;[119032.45000000001, 1370, 1.0183846266174685, 0.9748323649170428, 37.875699129217296, 0.9947455224370897, 2199.6202531645567]
00023892,93166,391047,307,2;[115370.5, 1528, 1.0058060097422366, 0.9895282762600829, 39.93207841576104, 0.9944151817445519, 9999]
00023892,93166,391047,308,1;[115460, 1682, 0.9960968642594321, 0.9954651582763876, 40.582903883813906, 0.9951983391381567, 0.9932470213772635]
00023892,93166,391047,308,3;[118877.64000000001, 1454, 1.017150500848034, 0.9733966928934351, 36.44529966828555, 0.9937569319287601, 1324.7633587786258]
00023892,93166,391047,309,1;[119716, 1620, 1.0322619672169577, 0.9876387315526259, 46.38197855060344, 0.9944067144527013, 0.999419796219075]
00023892,93166,391047,309,2;[115416.90999999999, 1496, 1.0140101989435855, 0.9782871975660953, 49.76970517264166, 0.9923215994050387, 9999]
00023892,93166,391047,310,3;[117396.67000000001, 1446, 1.0322636927019022, 0.9549682020607355, 42.6314536599798, 0.9954496600959517, 9999]
00023892,93166,391047,312,2;[119097.58, 1476, 1.0286965797742729, 0.9766518066581236, 64.13464440773701, 0.9901136968339167, 100082.0]
00023892,93166,391047,313,1;[120302, 1688, 1.021004314514589, 0.9866737636844082, 42.55555215394716, 0.9931729686905908, 0.9957002685780263]
00023892,93166,391047,313,3;[119017.38, 1408, 1.0256435421473993, 0.9687818342517958, 44.27779058241403, 0.9929874755115312, 24821.14285714286]
00023892,93166,391047,315,1;[117580, 1706, 0.9911475015587408, 0.9998940038735258, 31.46718806602632, 0.9964770636421072, 0.9924037812288994]
00023892,93166,391047,315,2;[119473.62, 1562, 1.0290292751963206, 0.976969826578464, 59.39391504055549, 0.9910613417632356, 9999]
00023892,93166,391047,315,3;[120414.78000000001, 1524, 1.0420803432332637, 0.9716719340706381, 114.80932319891738, 0.9838297153742086, 0.9968696835658387]
00023892,93265,391506,609,1;[120450, 1668, 1.0130823848066772, 0.9934285035407959, 28.081715577593773, 0.9950777124707098, 9999]
00023892,93265,391506,609,3;[119976.38, 1438, 1.0627480642574758, 0.9590433977019611, 126.38952663022229, 0.9846962103710577, 0.99012968218255]
00023892,93265,391506,610,2;[119833.0, 1508, 1.0279624297293433, 0.9939602657133225, 34.05485042585448, 0.9943307197997148, 0.9989534301203803]
00023892,93265,391506,611,3;[119896.92000000001, 1368, 1.0267371543472592, 0.9680652141772095, 60.138477372720004, 0.9910185054986551, 175032.0]
00023892,93265,391506,612,2;[116885.37, 1548, 1.0145783774572443, 0.9803564738122116, 29.62078944142632, 0.9948200399301197, 9999]
00023892,93265,391506,613,1;[114481, 1610, 0.9955593575803238, 0.9902087238335712, 36.759064237107594, 0.9944111491071127, 0.9902515396858349]
00023892,93329,391882,87,1;[118271, 1616, 1.0194271800477344, 0.9951980347867928, 37.73351695185407, 0.9949972892828642, 0.9989948475377988]
00023892,93329,391882,87,2;[111247.15, 1430, 0.9892958805203751, 0.987969527216751, 25.62743346510477, 0.9960790202361292, 9999]
00023892,93329,391882,87,3;[115923.92000000001, 1414, 1.0215942370198658, 0.9563196493174627, 47.010858776237484, 0.9953242287886229, 9999]
00023892,93329,391882,89,1;[114628, 1672, 0.9914825066265023, 0.992449732020601, 46.0862142629913, 0.9941192467786226, 0.9939475920434248]
00023892,93329,391882,89,3;[114667.63, 1414, 1.0167941706478845, 0.9529070402788227, 69.36194070195396, 0.9896615259912896, 0.9922821576763485]
00023892,93329,391882,90,2;[116098.78, 1540, 1.024478526931865, 0.9929498654533664, 58.7047229351499, 0.9922725834272821, 9999]
00023892,93329,391882,92,2;[114627.93999999999, 1522, 1.0073552101636527, 0.9847883422105579, 36.85985021329225, 0.9940911230252352, 0.9904477918873066]
00023892,93329,391882,92,3;[114493.64000000001, 1356, 1.0098884038015559, 0.9575393429604518, 53.70771228318953, 0.9928164272628103, 9999]
00023892,93329,391882,93,1;[115389, 1646, 0.9791536811644996, 0.9912072497007227, 30.555962129969355, 0.9961549890584726, 0.995354855405318]
00023892,93329,391882,94,1;[116973, 1592, 0.994606233216065, 0.9965614043713638, 34.71012332712566, 0.9946580766084038, 0.9999615310636661]
00023892,93329,391882,94,2;[112866.73999999999, 1496, 1.003006582190011, 0.9923183925625743, 26.138494257660792, 0.99570058885804, 9999]
00023892,93329,391882,94,3;[114433.36000000002, 1410, 1.0214616209838423, 0.9517095185099957, 73.57692311392724, 0.9894936176987641, 0.990536726513768]
00023892,93329,391882,96,1;[115407, 1632, 0.9872182726007631, 0.9927104473525977, 23.989429741072772, 0.9960868400620199, 0.996795591563164]
00023892,93329,391882,96,2;[113005.97, 1516, 0.9882006017804126, 0.9825266807640969, 27.477798069064683, 0.9957344812378607, 0.9942780561096016]
00023892,93329,391882,96,3;[117169.25000000001, 1434, 1.0569068397282255, 0.9348208440309685, 110.45560734956277, 0.9883416942725053, 9999]
00023892,93329,391882,99,1;[118266, 1608, 1.0340711010663866, 0.9901960891665134, 40.350390802242764, 0.9941750124012475, 0.995743928467688]
00023892,93329,391882,99,2;[114010.33, 1524, 1.0088953795511193, 0.9873587254334197, 27.375748128469997, 0.9954495918170748, 9999]
00023892,93329,391882,99,3;[113752.47000000002, 1336, 1.0058340005280906, 0.9771892906538502, 25.640739364499375, 0.99607581804577, 9999]
00023892,93377,392048,3,3;[118466.64000000001, 1406, 1.047556527781869, 0.9626297559970822, 107.28162349534367, 0.988306503325163, 9999]
00023892,93377,392048,4,1;[118492, 1724, 0.9863208326474601, 0.9986424630954116, 19.764201178268063, 0.9967779664001932, 0.982353745839223]
00023892,93377,392048,4,2;[116322.5, 1540, 1.0024661578187861, 0.9812524545754474, 28.71243987076844, 0.9953319054134065, 9999]
00023892,93377,392048,5,1;[112681, 1604, 0.9750116024793062, 0.9728192778387952, 30.87669786078407, 0.9962903174522396, 0.9869450782375636]
00023892,93377,392048,5,2;[117476.79999999999, 1468, 1.0128946844061226, 0.9826118107683158, 31.69563920609115, 0.9953051589361018, 9999]
00023892,93377,392048,5,3;[119291.38, 1442, 1.0494193382007337, 0.9224995551443748, 90.97954973781846, 0.9914184377585706, 9999]
00023892,93377,392048,8,2;[114999.22, 1520, 1.0070723933409482, 0.9772014446917673, 55.95936210100426, 0.9911467610708359, 1.0000983146794165]
00023892,93377,392048,8,3;[115359.48000000001, 1394, 1.0261842013140077, 0.9530082855170431, 74.80732270330151, 0.9887307322964278, 9999]
00023892,93377,392048,9,1;[115825, 1638, 0.9752674514762388, 0.977930434245964, 26.59457846165895, 0.9966290836236483, 0.9829547624402228]
00232831,93048,390346,740,1;[60347, 1074, 1.0041203919890753, 0.9799737843213558, 68.8031668473261, 0.9893269121354705, 1.0045276737411568]
00232831,93048,390346,740,2;[26282.34, 714, 1.0320528336306802, 1.014372897938292, 140.43680277580415, 0.9847081607347733, 9999]
00232831,93048,390346,740,3;[48303.46000000001, 810, 1.1451752258466206, 0.9524738607388366, 111.29907984614162, 0.9886044851043795, 1.0053033759124088]
00232831,93048,390346,741,1;[58549, 1054, 1.0054455670794802, 0.9721401613657598, 71.84338526471858, 0.9899833681219329, 1.006091640962634]
00232831,93048,390346,741,2;[26754.77, 714, 1.0341519316231074, 1.0048081338552852, 159.3327943069655, 0.9804418482813829, 1.0053435285174503]
00232831,93048,390346,741,3;[59377.170000000006, 910, 1.009236585552549, 0.9801747544230137, 119.60868056295885, 0.9820228240271109, 1.0022546741128724]
00232831,93048,390346,742,1;[60220, 1068, 1.0074655194483435, 0.9772295374079115, 65.41557014703079, 0.9913233628504808, 1.006005629755849]
00232831,93048,390346,742,2;[36023.68, 754, 1.1820072772154882, 0.975194568199687, 145.89823339616314, 0.9858882366313425, 1.007957912962408]
00232831,93048,390346,742,3;[30371.530000000002, 664, 1.0089733402220478, 0.9955065153366602, 110.20559259267367, 0.9896436106369197, 1.003848940409346]
00232831,93147,390953,359,1;[28614, 804, 1.0032679635817676, 0.9797642027110547, 76.11960080236409, 0.9935266967839056, 1.0029442691903259]
00232831,93147,390953,359,2;[32495.329999999998, 730, 1.0010910926167107, 1.0181539503852286, 138.38844875947652, 0.9872961394964037, 1.0066911209009972]
00232831,93147,390953,359,3;[44651.04, 780, 1.1265940771710539, 0.9490983104198878, 135.99181647196534, 0.9850378115291741, 1.0061277725469615]
00232831,93165,391039,287,1;[39866, 864, 1.0298398293658304, 0.9959000629021967, 86.7554628668432, 0.992586344484783, 0.9994735126733021]
00232831,93165,391039,287,2;[58477.79, 974, 1.0269415973797502, 0.9712203717647845, 110.17502078317794, 0.9861528678999373, 1.0036866453569715]
00232831,93165,391039,287,3;[47685.590000000004, 804, 1.0360607644632402, 0.94115180619928, 106.98442230112188, 0.9887037694940279, 9999]
00232831,93165,391039,289,1;[28699, 810, 1.00818441333912, 0.9786705332760606, 77.15163995602295, 0.9933617731220881, 0.9997039101280153]
00232831,93165,391039,289,2;[29376.34, 706, 1.0029025862775742, 1.0184988224387705, 115.10771404046059, 0.9898791421656763, 1.0058060178866095]
00232831,93165,391039,289,3;[29242.65, 658, 1.0054347153086407, 1.016919426240819, 136.91117619523283, 0.9875221844265234, 1.0027482207032625]
00232831,93165,391039,290,1;[29374, 836, 1.0333035036256313, 0.9688302861139513, 84.38927192001452, 0.9925713888783438, 1.00454840805718]
00232831,93165,391039,290,2;[48306.86, 868, 1.1486846561401474, 0.9733066559966124, 138.39645165229948, 0.9857525522417887, 1.0036095727848102]
00232831,93165,391039,290,3;[28849.460000000003, 652, 1.0052699092288533, 1.0203944978101065, 115.91342784668967, 0.98962519814608, 1.003669987131214]
00232831,93328,391868,72,1;[53913, 1002, 1.0197885864858176, 0.9823802569413564, 73.40299224254385, 0.9925419384832258, 1.0061398925052254]
00232831,93328,391868,72,2;[30416.399999999998, 710, 1.0438726826922544, 0.9772929921499058, 127.79972348039183, 0.989214036519754, 9999]
00232831,93328,391868,72,3;[54501.340000000004, 870, 1.009712309967718, 1.0058363780854904, 98.19940865914353, 0.988407161462243, 9999]
00232831,93328,391868,73,1;[53548, 998, 1.0189524065939604, 0.9797690597906243, 70.54455465725476, 0.9923345736926806, 1.0058606957697798]
00232831,93328,391868,73,2;[32314.449999999997, 730, 1.0032959324346369, 1.0173005886922057, 119.24168662801405, 0.9887060503406242, 1.0007739367583106]
00232831,93328,391868,73,3;[56224.8, 882, 1.0097929346542687, 1.0019868142286004, 108.93376190051036, 0.985441320762081, 9999]
00232831,93328,391868,74,1;[58872, 1058, 1.0073440151434425, 0.9871881459772484, 66.68563326524257, 0.9914655171775439, 1.0050875815208113]
00232831,93328,391868,74,2;[56247.729999999996, 944, 1.126253123694444, 0.9646773931279856, 122.14461848641795, 0.984343955618227, 1.0040039508480516]
00232831,93328,391868,74,3;[54302.69, 864, 1.013030303116915, 1.0093036032740614, 115.46933163720168, 0.98485697905831, 9999]
00236683,93026,390254,285,1;[64897, 1162, 0.8963368703322728, 1.2183853081758376, 597.4072147536523, 0.8989622045180786, 0.997670968584979]
00236683,93026,390254,285,2;[63899.43, 1088, 0.88279605279225, 1.1669173179368035, 687.6252383263844, 0.8561036678773236, 0.9979278366800785]
00236683,93026,390254,285,3;[62998.08, 1026, 0.8724861808634222, 1.1462304604636613, 477.53626792143336, 0.8912045056441245, 0.9973322922766608]
00236683,93027,390265,359,1;[65010, 1234, 0.8963836176640538, 1.168149733389122, 588.7646334944752, 0.876576323213372, 0.9996079064510921]
00236683,93027,390265,359,2;[63329.42, 1172, 0.8722834267262409, 1.3744132304889976, 811.2780416461782, 0.8789933373649661, 0.9967690881336567]
00236683,93027,390265,359,3;[64039.280000000006, 1110, 0.8752503306714794, 1.2607893360585687, 730.6566746111167, 0.906247409796963, 0.9980783191698339]
00236683,93032,390303,79,1;[64084, 1312, 0.883011742050798, 1.2912871714364584, 268.94763745587096, 0.9133944969761918, 0.9972688863125296]
00236683,93032,390303,79,2;[62079.92, 1082, 0.8815052374057251, 1.2447192829726832, 397.38154880436065, 0.9006467679184194, 1.0009209516500384]
00236683,93032,390303,80,3;[63635.130000000005, 1136, 0.8704188168610484, 1.2765842202638427, 618.6186577698837, 0.9267038002201853, 0.9954032595068951]
00236683,93032,390303,81,1;[65182, 1222, 0.8845825357301805, 1.253814231694861, 436.65751315797803, 0.9024325561089953, 0.9954869993509221]
00236683,93032,390303,81,2;[60467.469999999994, 1070, 0.8658963652934529, 1.3236490956893558, 415.1546219052248, 0.8831104988944727, 0.9955720135582594]
00236683,93032,390303,82,3;[60681.41, 1002, 0.8646670726583039, 1.236890745793808, 413.0430619188642, 0.895977356431816, 0.9920933566276934]
00236683,93032,390303,83,1;[65190, 1240, 0.8856361340584233, 1.336348925504289, 421.8157871130205, 0.9179699132432548, 0.9945383535729542]
00236683,93032,390303,83,2;[63473.409999999996, 1108, 0.880705724041829, 1.1517486320231045, 936.4060692327542, 0.8892920877813058, 0.9974381030742763]
00236683,93032,390303,83,3;[63620.060000000005, 1086, 0.8776824258320373, 1.2010975539393451, 632.373901310016, 0.932411605387967, 0.9935599820278568]
00236683,93051,390358,937,1;[61910, 1138, 0.8881777418456696, 1.3158803350304593, 191.94476886811364, 0.9332287887186778, 1.0035906206181056]
00236683,93051,390358,937,2;[61018.439999999995, 1108, 0.8744115177055395, 1.2886368708134575, 416.8174297521665, 0.8915586599846775, 9999]
00236683,93051,390358,937,3;[61560.950000000004, 966, 0.877243343342936, 1.162882267156796, 350.0519987317953, 0.9193836774930555, 0.9962310165170158]
00236683,93078,390512,47,1;[62003, 1166, 0.8984033152613793, 1.421216003534498, 222.0834782523327, 0.932324088329441, 0.9965764433586216]
00236683,93078,390512,47,2;[64851.43, 1158, 0.8730279854116749, 1.169443966109788, 818.8359163722441, 0.8605912354463219, 0.9972094895653209]
00236683,93078,390512,47,3;[63713.22000000001, 1070, 0.8713599068622755, 1.156260139954396, 363.6832766722085, 0.9245821144862727, 0.997929295638646]
00236683,93078,390512,49,1;[62757, 1248, 0.8806822073163417, 1.3655628375229387, 291.7005471112284, 0.9308936894344648, 0.9898424315073895]
00236683,93078,390512,49,2;[62070.399999999994, 1146, 0.8777771267882485, 1.3229664281527502, 421.0606639502385, 0.9063259873638182, 0.9963420341346475]
00236683,93078,390512,49,3;[65910.70000000001, 1050, 0.8768575047476552, 1.2247830161026592, 788.4647293313469, 0.8942845465139775, 0.9974602187321826]
00236683,93078,390512,50,1;[61924, 1150, 0.8810465426974625, 1.3914188745424354, 213.8200019221468, 0.9351294831793443, 0.9981302385557704]
00236683,93078,390512,50,2;[65937.9, 1150, 0.879228667524834, 1.179293606603073, 824.4007872140987, 0.8489372623533138, 0.9963318588844535]
00236683,93078,390512,50,3;[66360.06000000001, 1022, 0.8702875750297601, 1.1372706087217193, 861.5471674866211, 0.8701131027160595, 1.0023072227452847]
00236683,93098,390636,1213,1;[66424, 1244, 0.8823566767419234, 1.2142968859041916, 308.83078904861543, 0.8957330070359494, 0.9993380273214179]
00236683,93098,390636,1213,2;[65266.74, 1126, 0.8933927484060082, 1.2840118591047747, 875.6931159719495, 0.8581356473660497, 1.0014607603257495]
00236683,93098,390636,1213,3;[65509.29000000001, 1070, 0.873847573315857, 1.18952807666033, 761.6841148447202, 0.9046977956138212, 0.9943334823610144]
00236683,93098,390636,1214,1;[64254, 1292, 0.8798340578149664, 1.4185855049254117, 354.04704705750584, 0.9389706014256528, 0.9968196838300315]
00236683,93098,390636,1214,2;[64413.509999999995, 1112, 0.8841799100241723, 1.185020667030353, 814.5381436463231, 0.8548762815733646, 0.9979719390106749]
00236683,93098,390636,1214,3;[63554.3, 1080, 0.8725345513198169, 1.3418491871000942, 573.436488312685, 0.915630657414964, 0.9923631462981581]
00236683,93099,390639,1320,1;[65733, 1174, 0.8986561124046707, 1.1888863137764243, 524.71293379162, 0.8909896119273859, 1.000334799348663]
00236683,93099,390639,1320,2;[64945.439999999995, 1110, 0.8799012392870388, 1.211244114648881, 500.3592752505392, 0.8843490229777067, 0.9975689557476832]
00236683,93099,390639,1320,3;[64221.490000000005, 1086, 0.8771087575357576, 1.1782370262963473, 420.12826866959915, 0.914358419458132, 0.9936620315414617]
00236683,93099,390639,1321,1;[65480, 1300, 0.8724248348033831, 1.2238853834367018, 405.04023958956503, 0.9273045058082094, 0.9972965769333283]
00236683,93099,390639,1321,2;[62571.39, 1128, 0.8732663509695608, 1.2989479846148317, 506.449168846685, 0.8607900347818224, 0.995871133922991]
00236683,93099,390639,1322,3;[60664.97, 960, 0.8918258292316278, 1.1659305552185804, 304.4898032449558, 0.9395602745783597, 0.9997403623638313]
00236683,93103,390670,1523,1;[66007, 1202, 0.8862135690644956, 1.1227076770295574, 539.0951049981684, 0.8570147705480499, 0.9933781811067467]
00236683,93103,390670,1523,2;[62395.27, 1128, 0.8744661556219134, 1.3175950505831138, 451.64267112748917, 0.8726407365729938, 0.9936702863532132]
00236683,93103,390670,1523,3;[64702.36000000001, 1090, 0.8682338163167673, 1.2139867077421442, 760.4879409415294, 0.8519364279323118, 0.9934162091668244]
00236683,93103,390670,1525,2;[63179.479999999996, 1148, 0.8755774904728971, 1.3231910436666334, 440.6480455143491, 0.8949090950326803, 0.9963966669168981]
00236683,93103,390670,1525,3;[64450.280000000006, 1072, 0.8786524256469906, 1.2380248607050208, 794.7149607156023, 0.9022725765178526, 0.9949768937110709]
00236683,93103,390670,1526,1;[64594, 1280, 0.8692302139795223, 1.3064345589587993, 387.3175180665426, 0.9216866545350719, 0.9963366573347833]
00236683,93129,390840,509,1;[63851, 1282, 0.8863538304611583, 1.2824864508734586, 310.17420054510205, 0.9399106307757903, 0.9891788472412645]
00236683,93129,390840,509,2;[62792.729999999996, 1156, 0.8655992666530318, 1.2966369654810306, 598.0539074640125, 0.8907444545283135, 0.9932237845163476]
00236683,93129,390840,509,3;[65155.83, 1070, 0.8798077353627585, 1.207208180569444, 693.4138006979172, 0.9218608231747977, 0.9943860749568763]
00236683,93139,390919,100,1;[65548, 1228, 0.8895657063217315, 1.2174121974362748, 494.76634957258426, 0.901591666436485, 0.9952249003605997]
00236683,93139,390919,100,2;[64462.299999999996, 1176, 0.8687574373580252, 1.3160805760010135, 749.5912923506529, 0.8728901235789747, 0.9998523385876186]
00236683,93139,390919,100,3;[62899.44, 1048, 0.8704034933278246, 1.1903627541986614, 354.52133648183104, 0.9138656498268735, 0.9938737958653534]
00236683,93140,390930,162,1;[64174, 1274, 0.873669116798967, 1.2219762812449149, 318.14095600560046, 0.9407832771655248, 0.9941057556018558]
00236683,93140,390930,162,2;[62256.03999999999, 1108, 0.8758086297832357, 1.284617442261192, 345.67866423307373, 0.9220027450821668, 0.9939582779192158]
00236683,93140,390930,162,3;[64168.060000000005, 1070, 0.8653375047802901, 1.175778012518249, 544.2792229979488, 0.8837986711791864, 0.9959280876896416]
00236683,93140,390930,163,1;[64757, 1294, 0.8689080832153993, 1.3437099942523156, 321.5276598014192, 0.9430963941414967, 0.994830513031255]
00236683,93140,390930,163,2;[64700.299999999996, 1190, 0.8678894662354549, 1.2921604955880843, 715.6913109359365, 0.8801013288764067, 0.9996414749170336]
00236683,93140,390930,163,3;[64600.98, 1086, 0.8652007934289446, 1.1908760180148013, 721.4497155138856, 0.9086264422759408, 0.9967868769289308]
00236683,93140,390930,164,1;[66120, 1190, 0.8928024080834541, 1.1879672972458664, 349.6492563200557, 0.8948358029776258, 0.9994029580030079]
00236683,93140,390930,165,2;[62164.409999999996, 1120, 0.8752461396656094, 1.298778050862342, 346.29783056866313, 0.9093205097922705, 0.9977652991061197]
00236683,93140,390930,165,3;[62617.22000000001, 1048, 0.8756071525749004, 1.1433205584440507, 348.4088358753567, 0.9269208623011866, 0.9946249428764172]
00236683,93174,391097,943,1;[62928, 1236, 0.8851371504840055, 1.4349269202301336, 299.8036945734148, 0.9301702078122605, 0.9953969534475395]
00236683,93174,391097,943,2;[64325.45, 1168, 0.8802286326493914, 1.2679251780083614, 607.869629047859, 0.8870972782303799, 0.9962677970787449]
00236683,93174,391097,943,3;[64610.57000000001, 1052, 0.8809168323652462, 1.192026993741771, 915.8897240293949, 0.8497624850878942, 0.9998092007631969]
00236683,93203,391206,348,1;[66259, 1190, 0.8894026810814899, 1.1508446047025152, 594.0886112205731, 0.8912596097118567, 0.9980268112667571]
00236683,93203,391206,348,3;[64683.18000000001, 1094, 0.8774361244422536, 1.1828319494737503, 463.56244202686634, 0.9045813327238634, 0.9901953587869509]
00236683,93203,391206,349,2;[65912.91, 1094, 0.8899903614837441, 1.2170274147339144, 883.2863549263491, 0.8237073210150379, 1.001093469007835]
00236683,93203,391206,350,1;[62393, 1240, 0.8787493015584305, 1.3128339148304562, 295.70120819668693, 0.9335410441337777, 0.9891953166493591]
00236683,93203,391206,350,2;[64784.78999999999, 1186, 0.8806837105180522, 1.3963042186163492, 714.3957716221242, 0.8977856171105484, 0.9971061741057529]
00236683,93203,391206,350,3;[66107.98000000001, 1110, 0.8779627186987592, 1.2067523980043482, 629.3045444407546, 0.8784160439673843, 0.9945279732890899]
00236683,93203,391206,351,1;[63854, 1268, 0.871032185835836, 1.479426503068035, 318.9796186826759, 0.9362372556116996, 0.9921610976017153]
00236683,93203,391206,352,2;[60755.45, 1072, 0.8829527874848939, 1.2554864592775605, 342.8331537019416, 0.9050124376649543, 0.9934812220276318]
00236683,93203,391206,352,3;[64896.9, 1114, 0.8569397877711894, 1.2417527424010701, 692.591624038142, 0.8946675282111177, 0.9943116223421002]
00236683,93220,391265,336,1;[65533, 1310, 0.8757480096155889, 1.367463148321185, 361.0624601301009, 0.9290297774806068, 0.9930972821021845]
00236683,93220,391265,336,2;[60632.88, 1050, 0.8682370583990296, 1.2168716618617368, 346.1947867002257, 0.8994860601241726, 0.9980021154072158]
00236683,93220,391265,336,3;[64026.950000000004, 1090, 0.8629840702248537, 1.2222749057270437, 655.7167830778669, 0.908215481352808, 0.9938013673141739]
00236683,93220,391265,337,1;[61118, 1124, 0.8808351635338167, 1.2224316677897844, 151.10157403778504, 0.9337813620401505, 0.9949534414273621]
00236683,93220,391265,337,2;[64254.049999999996, 1166, 0.8722362436156592, 1.2337152288179494, 564.8185975037665, 0.8790782291139434, 0.9932763679509938]
00236683,93220,391265,337,3;[64409.18000000001, 1080, 0.8726724947670236, 1.265388216239573, 693.2371551550842, 0.9054723116006371, 0.9945737828032283]
00236683,93222,391274,426,2;[62796.299999999996, 1136, 0.8830140146854797, 1.2618411779405492, 351.3399176267912, 0.9240262330636166, 0.9985146219854868]
00236683,93222,391274,426,3;[64573.58, 1060, 0.8698739445591321, 1.2390712166734024, 806.0081702436511, 0.9022446887703707, 0.9947974377644812]
00236683,93222,391274,427,1;[65596, 1204, 0.8814352650098592, 1.1250380127803834, 426.6307949767584, 0.9036493789843961, 0.999078537540076]
00236683,93222,391274,428,3;[65283.240000000005, 1108, 0.8695688977103744, 1.2047253991752296, 663.4549987691171, 0.9024267478443797, 0.9949367881489524]
00236683,93222,391274,429,1;[65683, 1302, 0.8898643963502091, 1.2157433048057757, 263.5146465566555, 0.9138523580591842, 0.9900666244611257]
00236683,93222,391274,429,2;[65128.7, 1114, 0.8920105206580566, 1.2152927457141203, 901.9103499453104, 0.8625949441156302, 1.0004935743926293]
00236683,93260,391459,217,1;[61886, 1206, 0.88409827167143, 1.4305143674075829, 243.25219511796246, 0.9397923110539514, 0.9929323802876786]
00236683,93260,391459,217,2;[63468.649999999994, 1168, 0.8773761500382609, 1.303462920522043, 423.0964271691172, 0.9175794943361034, 0.9939989190599549]
00236683,93260,391459,217,3;[61080.08, 1002, 0.8684022285641108, 1.183091136102187, 330.8801757872058, 0.916625577751276, 0.9937478407203914]
00236683,93260,391459,218,1;[61371, 1146, 0.8861261793421696, 1.3227932692907638, 233.6975189654019, 0.9138117041258418, 0.9979592334523103]
00236683,93260,391459,218,2;[65415.49, 1146, 0.8806046328095137, 1.2456073480301915, 888.1625960645373, 0.8361238909296961, 0.9979485876116476]
00236683,93260,391459,219,3;[65165.420000000006, 1002, 0.8855295886816785, 1.201654730491485, 874.0681197302487, 0.8664653855605965, 1.0001682156524665]
00236683,93314,391804,1,1;[61200, 1184, 0.8911802629893917, 1.382171928150076, 230.7785941011806, 0.9282939375778478, 0.9964830011723329]
00236683,93314,391804,1,2;[63119.979999999996, 1172, 0.8732368986285801, 1.2855284088582624, 778.1732000879881, 0.8841258201664252, 0.9969738548578088]
00236683,93314,391804,1,3;[62554.200000000004, 1048, 0.8706816695963225, 1.2236399679595413, 396.73644698103055, 0.9037575184900603, 0.9935482467115642]
00236683,93314,391804,2,1;[60876, 1180, 0.8846231316147987, 1.3470361909588835, 237.77139752352406, 0.9341344635075844, 0.9983027082872112]
00236683,93314,391804,2,2;[63148.53999999999, 1058, 0.8865645945619125, 1.2173674482590253, 625.6957682754448, 0.8446343329217425, 1.0054568191291826]
00236683,93314,391804,2,3;[61967.840000000004, 1040, 0.8630861857690876, 1.2021879598329055, 462.1138465086889, 0.8699951446873627, 0.9957841205543386]
00236683,93331,391886,297,1;[64499, 1258, 0.8861004128455874, 1.1767130557255576, 486.22112839956037, 0.882567298345443, 0.9920557405541756]
00236683,93331,391886,297,2;[63365.119999999995, 1142, 0.8718246979181136, 1.2238753766468728, 720.7594945839151, 0.8495607612385334, 0.9981722919458998]
00236683,93331,391886,297,3;[60114.23, 962, 0.8786204077621724, 1.2399047265569842, 333.37371361298034, 0.9318307664323562, 1.000205151584226]
00236683,93341,391961,155,1;[64154, 1280, 0.8792525968196029, 1.2928483788835097, 374.536365774355, 0.935168653948244, 0.9960873210570443]
00236683,93341,391961,155,2;[62858.18, 1052, 0.8910501307441899, 1.1703169142364331, 1016.6524047850945, 0.8434156386230575, 0.9998391080909702]
00236683,93341,391961,156,3;[63548.82000000001, 1042, 0.8926078558902395, 1.1802893869861124, 792.7012788894507, 0.8845421833110562, 0.9976556618991289]
