80009539,93080,390526,129,2;[40705.14, 878, 1.0330693771661126, 1.033592991988249, 97.41509587677318, 0.9895355957384511, 1.0011121517209085]
80009539,93080,390526,129,3;[90784.42000000001, 1140, 1.125981308401516, 0.9334530879940393, 72.7217602412618, 0.9907356143457988, 9999]
80009539,93080,390526,130,1;[90671, 1318, 1.0302650281068952, 0.9658418409798334, 61.00436253952829, 0.9935488447193651, 1.0027537546172391]
80009539,93080,390526,131,2;[39855.479999999996, 876, 1.028272167467049, 0.9851842881494165, 99.0741772766339, 0.9897005661405364, 1.0013304432319305]
80009539,93080,390526,131,3;[40691.740000000005, 802, 1.0104252589191376, 0.9974400089331872, 123.46372200762247, 0.9895930837687865, 9999]
80009539,93080,390526,133,1;[83131, 1260, 1.0232737909273668, 0.9615106758519064, 45.41491737908165, 0.9944799713655947, 1.0016869299080624]
80009539,93081,390532,198,1;[92872, 1348, 1.0077742498607993, 0.9619293462212879, 49.01994774131408, 0.99269244442332, 1.001347752487951]
80009539,93081,390532,198,2;[40085.15, 878, 1.1309555921738694, 0.9325501697402755, 111.50013858055567, 0.990011878706106, 1.0025745196958198]
80009539,93081,390532,198,3;[54136.920000000006, 874, 1.153262114333414, 0.9233659275632043, 125.85521535087074, 0.9877125527932689, 1.0029441624365483]
80009539,93081,390532,201,1;[85306, 1282, 1.0187481191640493, 0.9650997611363854, 48.069758941226766, 0.9939151043158372, 1.0023853448174564]
80009539,93081,390532,201,2;[91982.23999999999, 1226, 1.0498558240623594, 0.9602594301312132, 75.13626255442844, 0.9899328594664828, 9999]
80009539,93081,390532,202,3;[88255.40000000001, 1112, 1.0441642431189198, 0.9370325713304917, 69.12025838603996, 0.9924557240534742, 9999]
80009539,93081,390532,203,1;[41496, 964, 0.9916372407620215, 0.7769311730758209, 75.04790297900504, 0.9948004411906293, 0.93137463947838]
80009539,93081,390532,203,2;[90620.87999999999, 1212, 1.0360939140925434, 0.9570430027601724, 95.14391205081354, 0.9894501343003311, 9999]
80009539,93081,390532,203,3;[89698.01000000001, 1124, 1.1361811099759938, 0.9276280289710525, 78.19221602149865, 0.9911401032519616, 5456.083333333333]
80009539,93081,390532,205,1;[42502, 976, 1.022530970048588, 0.9356364931777218, 66.70203402790105, 0.9947123251810179, 0.9485253913877947]
80009539,93081,390532,205,3;[81934.22, 1064, 1.1528744774757151, 0.9202685618085711, 106.68832029060935, 0.9886465853281738, 9999]
80009539,93081,390532,206,2;[66165.19, 1026, 1.1774609452284959, 0.9545924847015229, 103.56647319827987, 0.9899645577041226, 9999]
80009539,93118,390771,158,1;[81880, 1250, 1.0223809615075163, 0.9637401348768225, 51.17489565930599, 0.993831700293517, 0.9991641091661226]
80009539,93118,390771,158,2;[90450.70999999999, 1220, 1.0440595782351938, 0.9597574999919849, 104.13625893367166, 0.9859251113715324, 9999]
80009539,93118,390771,158,3;[79825.79000000001, 1050, 1.1284735387391118, 0.9199426959198195, 99.39906408106468, 0.9897959260237694, 9999]
80009539,93118,390771,160,1;[44309, 1000, 1.0690033094677502, 0.8837850122183893, 89.01929361161424, 0.9934010321650292, 0.9884885666480758]
80009539,93118,390771,160,2;[77297.64, 1112, 1.0414740593764429, 0.964448520998984, 97.59800196263684, 0.9901537618465107, 1.0010248191155735]
80009539,93118,390771,160,3;[87990.99, 1110, 1.126686260653402, 0.9219320270452284, 82.24154187160336, 0.9913543022948729, 1.0001479347529878]
80009539,93232,391315,779,1;[64296, 1106, 1.0318020325326531, 0.9683885021039699, 60.41309221002463, 0.9935500391412444, 0.9939631917015143]
80009539,93232,391315,779,3;[91013.21, 1142, 1.1220511435106393, 0.9399035128492538, 95.19830464421048, 0.9866732927951567, 9999]
80009539,93232,391315,780,2;[90992.15999999999, 1222, 1.0360112422838692, 0.9761011022997484, 65.63198056311658, 0.9920012845179861, 9999]
80009539,93232,391315,782,1;[44031, 974, 1.032857818339615, 0.9833104172275217, 72.23996158836816, 0.9941461440925237, 0.9746546839029573]
80009539,93232,391315,782,2;[90326.95, 1216, 1.0498433193148302, 0.9563125297468525, 99.98210741744057, 0.9873420477365225, 9999]
80009539,93232,391315,782,3;[91559.84000000001, 1144, 1.011985854127833, 0.8706142867491622, 78.51529840780955, 0.9885315967009204, 9999]
80009539,93232,391315,783,1;[50165, 1002, 1.0301414078783933, 0.9829444305536772, 54.26003380888859, 0.9950568589262054, 0.9937500619050921]
80009539,93232,391315,783,3;[89288.38, 1120, 1.1323675345588267, 0.9337719496067097, 93.91797662991816, 0.9893567565796146, 9999]
80009539,93232,391315,785,2;[71077.51, 1064, 1.1520108853389477, 0.9660024828940622, 92.35706405492732, 0.9907097761490262, 1.000502520980251]
80009539,93233,391322,836,1;[76916, 1206, 1.0240295161885513, 0.9693682867088887, 49.161591274430336, 0.9942841297162963, 1.0007416177676005]
80009539,93233,391322,836,2;[41458.409999999996, 892, 1.0037210216854036, 1.0113771363528532, 111.42474312173941, 0.9875819713901792, 1.0028786090561042]
80009539,93233,391322,836,3;[83302.85, 1076, 1.1627232308841686, 0.9253281171707228, 83.50594763981736, 0.9915254021644978, 1.0022747127763034]
80009539,93233,391322,837,1;[81344, 1244, 1.1734595753104085, 0.9846996687654495, 72.58090339381971, 0.9932168763318983, 1.003181806970377]
80009539,93233,391322,837,2;[44319.17, 878, 1.2002142015251802, 0.982668146878725, 117.37070462973666, 0.9903100900352668, 1.0041251011054193]
80009539,93233,391322,837,3;[77942.04000000001, 1032, 1.1612368743990127, 0.9312584303678976, 86.28527184836733, 0.9913295080287293, 9999]
80009539,93233,391322,839,1;[75128, 1190, 1.0353532653790178, 0.9628757611489476, 55.613674984708055, 0.9935840344638425, 1.0008259398396078]
80009539,93233,391322,839,2;[52143.42, 928, 1.199502136184593, 0.9782257638924171, 92.3016164853122, 0.9917316121707228, 9999]
80009539,93233,391322,839,3;[88351.3, 1112, 1.0503771253074856, 0.9313949901502564, 76.69174410991529, 0.9917577978359147, 1.001576368450888]
80009539,93244,391397,40,1;[84361, 1274, 1.0182913492666426, 0.9595682829405395, 48.86393538332565, 0.9938926329757233, 1.0002608520376102]
80009539,93244,391397,40,2;[90813.65999999999, 1222, 1.0437471778389056, 0.962148460570443, 96.50050955474786, 0.9868741458049909, 9999]
80009539,93244,391397,40,3;[42090.51, 842, 0.9942186292596071, 1.0111028013242132, 118.33935124728254, 0.9887497784385092, 1.002905268655742]
80009539,93244,391397,42,1;[89527, 1312, 1.0327035454775166, 0.9763464546368197, 59.35872167545069, 0.9935688803445248, 1.0017175113428478]
80009539,93244,391397,42,2;[91145.67, 1214, 1.0421896371680315, 0.9556699149164484, 98.8500447039139, 0.9883576593364787, 1.0015495361198832]
80009539,93244,391397,42,3;[81202.64, 1064, 1.0111553005172986, 1.0086459367265794, 102.6461188731321, 0.9870610798433013, 9999]
80009539,93244,391397,45,1;[74543, 1186, 1.028019495905764, 0.9571603062806422, 54.56890392877729, 0.993762421916317, 0.999684845071178]
80009539,93244,391397,45,2;[88590.73999999999, 1196, 1.0450849532080588, 0.9601327108291794, 90.93490270558911, 0.9899024182901209, 9999]
80009539,93244,391397,45,3;[41930.22, 826, 1.012924264691893, 1.006069799945603, 116.36099643713003, 0.9869943236141658, 1.0026207167660355]
80009539,93244,391397,46,1;[93365, 1352, 1.029964394714788, 0.9647841773706153, 61.78176084895211, 0.9926472338478125, 1.0022005152425935]
80009539,93244,391397,46,2;[44089.5, 896, 1.0062856164199876, 1.0135222338347907, 99.42728437863686, 0.98936036298129, 1.0088358225211365]
80009539,93244,391397,46,3;[41441.130000000005, 838, 0.9950492605232569, 1.0092201060111448, 128.1331453900477, 0.9880284417019658, 9999]
80009539,93245,391409,198,1;[92366, 1340, 1.0335694440320962, 0.9629930743720111, 67.09289530791673, 0.9917347734585513, 1.0030951010523343]
80009539,93245,391409,198,2;[81236.54, 1136, 1.0073876024547126, 0.8599398692464032, 85.51927167765068, 0.9907183329281466, 9999]
80009539,93245,391409,198,3;[92358.55, 1146, 1.0126976170360236, 1.0074567892917663, 97.42707730730883, 0.9855576640101094, 1.0030949157081852]
80009539,93245,391409,200,2;[40331.479999999996, 872, 1.024714251229586, 1.0209752369588154, 118.57259158972914, 0.9872060201244769, 1.0061003666157067]
80009539,93245,391409,200,3;[75566.46, 1022, 1.142704887446897, 0.9287943997542388, 97.11854377394658, 0.9904896418920414, 9999]
80009539,93245,391409,201,1;[91736, 1340, 1.020795106935161, 0.9678408575365084, 55.44069470643926, 0.992394376526611, 1.0044619149553535]
80009539,93245,391409,202,1;[93177, 1344, 1.026996727605932, 0.9662114995950201, 62.24045759584922, 0.9923747261167187, 1.0038677842659829]
80009539,93245,391409,202,2;[74762.94, 1098, 1.004868076932999, 0.8644730416887262, 112.04111570856405, 0.9888634922408838, 1.000429943151961]
80009539,93245,391409,202,3;[76336.40000000001, 1024, 1.151973761716804, 0.9361787050570737, 92.99732795966807, 0.990929672501498, 9999]
80009539,93245,391409,204,1;[42795, 970, 0.9986949705581334, 1.0300389051285723, 81.44891882285364, 0.9943751350686392, 0.9465302737074924]
80009539,93245,391409,204,2;[74886.7, 1090, 1.004825901774417, 0.8628145868496084, 131.48948434520415, 0.9865104138394265, 9999]
80009539,93245,391409,204,3;[78695.54000000001, 1046, 1.0042032755580197, 0.8405128089136752, 86.38034875960821, 0.9911912446267591, 1.0012550113299634]
00405361,93027,390264,296,1;[15322, 602, 1.018640503791091, 0.9927375670227192, 82.40854338920666, 0.9917555342255795, 1.0019618100967826]
00405361,93027,390264,296,2;[13975.359999999999, 534, 1.003405662515515, 1.0159657999859721, 132.46165449746343, 0.9835521802289796, 1.0098022355975924]
00405361,93027,390264,296,3;[14512.410000000002, 510, 0.9927567335686451, 0.8542390956082103, 174.40780022384928, 0.9829357433307083, 1.0026977140423114]
00405361,93027,390264,297,1;[15363, 602, 0.9932394512240788, 0.9603395025905435, 68.9777012225038, 0.992055882286068, 1.0025450274079875]
00405361,93027,390264,297,2;[14372.82, 538, 1.048435694487263, 0.7502852608028041, 180.79881598010874, 0.9832443598563488, 1.0095285857572718]
00405361,93027,390264,297,3;[14720.650000000001, 510, 0.9881080068596788, 0.8245030108317383, 166.8333850954313, 0.9839198454286033, 1.0053330838323353]
00405361,93027,390264,298,1;[15512, 608, 1.0115537966445416, 0.99792671194979, 90.15410940655968, 0.9921975943672326, 0.9978450355408317]
00405361,93027,390264,298,2;[14013.439999999999, 536, 1.0331885764895083, 0.890388705597696, 182.89811209283846, 0.9841709415888718, 1.0103818103818103]
00405361,93027,390264,299,1;[33145, 790, 0.980625345153473, 0.9945526092568331, 62.84380361550296, 0.9809613502881281, 1.0056128640776698]
00405361,93027,390264,299,2;[14185.99, 538, 1.028249682126268, 0.8753451976429305, 182.9625310459328, 0.9832199529165405, 1.0104683195592286]
00405361,93027,390264,299,3;[14413.77, 506, 0.981690414763174, 1.0080240128484836, 165.7491610622887, 0.9870887576670854, 1.0032899442139893]
00405361,93048,390345,677,1;[15591, 602, 1.0111650518980335, 1.0080798013785595, 86.02788497524776, 0.9922486519126169, 1.0032172961842867]
00405361,93048,390345,677,2;[14075.32, 534, 1.0056165482379342, 1.0124909918861744, 152.6694363782077, 0.9821928910612598, 1.0087416314869302]
00405361,93048,390345,677,3;[14749.420000000002, 504, 0.9707038172606778, 0.9964386275397188, 143.73003060591563, 0.9901520537898685, 0.9996750081247969]
00405361,93048,390345,678,1;[15272, 598, 1.0104190354263958, 1.0124879962421987, 80.16167790832759, 0.9925105085380144, 1.003284719484956]
00405361,93048,390345,678,2;[14134.82, 540, 1.0141685530992965, 0.9864673157628709, 152.7640917202346, 0.9837496584459205, 1.0090901367768244]
00405361,93048,390345,678,3;[32137.460000000003, 666, 1.0252347440852476, 0.9462587111446663, 117.79338040000854, 0.9805818985762284, 9999]
00405361,93048,390345,679,1;[24533, 668, 0.9885628417361576, 0.9912653723906587, 40.05113946365599, 0.9938281307102488, 1.0066472446760495]
00405361,93048,390345,679,2;[14151.48, 538, 0.9991032285284419, 0.8039433462354347, 191.5834391616236, 0.9832012582735807, 1.0107088220295768]
00405361,93048,390345,679,3;[15304.27, 522, 0.9794783581619722, 0.8006143489970098, 135.4871591898587, 0.9887860872482312, 1.0062604152591992]
00405361,93048,390345,680,1;[15775, 604, 1.000314281700106, 0.9183624256599702, 82.39297256933537, 0.9912603924017701, 1.006636462255121]
00405361,93048,390345,680,2;[20861.89, 572, 1.0195744056280431, 0.9746618483683398, 283.1793681465919, 0.9600648089584348, 1.0078762791767275]
00405361,93048,390345,680,3;[14571.320000000002, 506, 1.0677148845757554, 0.6230224933626721, 170.87808393531077, 0.9873997739023425, 1.0069585798816567]
00405361,93048,390345,681,1;[15353, 602, 1.0248911491600798, 1.023815239454053, 87.85221213847703, 0.9928264439141017, 1.003989013863458]
00405361,93048,390345,681,2;[30267.649999999998, 690, 1.0276120265550563, 0.9585364289387787, 119.01313547411853, 0.9853596106587521, 1.0070874247703516]
00405361,93048,390345,681,3;[15030.27, 520, 0.9765735208145171, 0.7558047525556503, 144.42761776552496, 0.9902846276874879, 1.0042105263157894]
00405361,93048,390345,682,1;[15407, 602, 1.0035198049753833, 1.021427037630859, 76.65437589087486, 0.9929048227092895, 1.0041058394160585]
00405361,93048,390345,682,2;[14371.63, 542, 0.9617780241394256, 0.7840018717896796, 187.9725972475059, 0.9883164317999001, 1.0048674959437534]
00405361,93048,390345,682,3;[14498.710000000001, 506, 1.081457127684736, 0.6972756587965315, 181.5685527073131, 0.9875493973913797, 1.00565401244833]
00405361,93048,390345,683,1;[15379, 600, 1.0158964970973832, 1.0125428473854436, 86.99642096900304, 0.9926513269674111, 1.0023463468682787]
00405361,93048,390345,683,2;[13938.47, 536, 1.0394498819289624, 1.017657971100031, 198.2747785964625, 0.9827090086301224, 1.0020532124219352]
00405361,93048,390345,683,3;[14263.070000000002, 504, 1.0751169716724474, 0.7381447377819766, 159.77559436697157, 0.9891050286771973, 1.0027932960893855]
00405361,93048,390345,684,1;[17909, 586, 0.9994271967362993, 0.9791966472682153, 58.17879968355248, 0.9936840136538768, 0.9840380230226106]
00405361,93048,390345,684,2;[14094.359999999999, 536, 1.0416381879368257, 1.013969135884616, 157.20912932678434, 0.9856654076972731, 1.0064581917063222]
00405361,93048,390345,684,3;[14628.86, 504, 1.0679387674874707, 0.6023949612400352, 164.8300291687835, 0.9898244585196027, 1.0067886102206298]
00405361,93051,390360,877,1;[15218, 598, 1.0225651761003887, 0.9919658924150764, 74.61589036215952, 0.99201615303646, 1.0051187213103927]
00405361,93051,390360,877,2;[14168.14, 538, 1.0329150768679602, 1.0217600666873514, 162.87489727240032, 0.9810817496712038, 1.0046409585688971]
00405361,93051,390360,877,3;[32326.520000000004, 668, 1.025221777974596, 0.947481498297523, 79.87046411647515, 0.9893329704905914, 9999]
00405361,93051,390360,878,1;[15290, 598, 1.000836068950414, 0.986588670657336, 71.82889157957825, 0.9919898397897519, 1.007345916921962]
00405361,93051,390360,878,2;[14479.92, 540, 1.0680916030960705, 0.8349623557523841, 223.68205794911682, 0.9815290909698429, 1.0017700572181287]
00405361,93051,390360,878,3;[14463.090000000002, 506, 1.0734719836836524, 0.6442329459036521, 167.95271085628949, 0.9878765788852087, 1.0060993042981035]
00405361,93051,390360,879,1;[17088, 580, 1.0006628700287548, 0.9793649943006845, 72.51364982680273, 0.9918677481720697, 0.9862064985283084]
00405361,93051,390360,879,2;[14121.73, 538, 1.0321979693574515, 1.0176613027654446, 188.3367744687969, 0.9776293413492384, 1.003212443993575]
00405361,93051,390360,879,3;[14657.630000000001, 506, 1.0792917810537115, 0.5692186902183792, 155.35978755118552, 0.9896122719399335, 1.0091492171288436]
00405361,93051,390360,880,1;[15348, 604, 1.0214978306896505, 0.9948713588322995, 87.35145286462307, 0.9921030556809461, 1.0022856396525828]
00405361,93051,390360,880,2;[13990.83, 540, 1.030741916994737, 1.0150257044065119, 170.42598505839356, 0.9810700510023638, 0.9994899260392757]
00405361,93051,390360,880,3;[14206.900000000001, 506, 1.0120365469262083, 0.8766912307184611, 167.80590098184197, 0.9848609395653292, 0.99788298691301]
00405361,93062,390398,1044,1;[15360, 604, 0.9991374830012136, 1.002637656613611, 92.4930073891407, 0.9918511376989976, 1.0025782448353513]
00405361,93062,390398,1044,2;[14090.789999999999, 538, 1.0201650966006919, 1.0255744252476924, 147.3854454836881, 0.9842618516470268, 9999]
00405361,93062,390398,1044,3;[14454.87, 506, 1.041407318254478, 0.7009424418931729, 157.49381029927156, 0.9885944473670681, 1.005431675242996]
00405361,93062,390398,1045,1;[15022, 600, 1.0200692238791949, 0.9993239023374407, 90.85551180799933, 0.9920807777812656, 1.003708281829419]
00405361,93062,390398,1045,2;[14121.73, 536, 1.0143239671960917, 0.8882507213034465, 185.46410615164618, 0.9835372119163414, 1.0133640749754493]
00405361,93062,390398,1045,3;[15053.560000000001, 516, 0.998845333476355, 0.9894486119435991, 137.35744471144366, 0.9901887367173032, 1.005766590389016]
00405361,93062,390398,1046,1;[15157, 600, 1.023744459995501, 0.9930101199214172, 85.9377852077754, 0.9921356320538159, 1.0036751316094428]
00405361,93062,390398,1046,2;[14049.14, 538, 1.0323857467544018, 0.9413559293725743, 149.52250321812102, 0.9831220497855931, 1.007423841624712]
00405361,93062,390398,1046,3;[14500.080000000002, 508, 0.9887160943807538, 1.0141718394922652, 156.5536108255989, 0.9868459663751756, 1.0049850448654039]
00405361,93079,390520,56,1;[16208, 610, 0.9912603595313353, 1.0233948959801742, 66.71959746794518, 0.9936178409986496, 1.0025980452802177]
00405361,93079,390520,56,2;[14747.67, 544, 1.0383103292848392, 0.9551750722693538, 174.98134139709413, 0.98565386972591, 1.008298755186722]
00405361,93079,390520,56,3;[15179.6, 512, 1.0655820744502873, 0.9201677790599431, 198.14599282594853, 0.9841074877208091, 0.9998195271611623]
00405361,93079,390520,57,1;[16053, 608, 0.9958823279578763, 1.0214951206966247, 68.77058974829566, 0.9932126022134029, 1.004128354287859]
00405361,93079,390520,57,2;[14929.74, 550, 1.0092432100245858, 1.0146116326926038, 157.51960711667112, 0.9824869986889616, 9999]
00405361,93079,390520,57,3;[15626.220000000001, 516, 1.0780382234588408, 0.601904560844854, 167.09179939012054, 0.989194409194922, 1.0064857710125745]
00405361,93100,390650,1332,1;[15689, 602, 1.018741143721798, 1.0129343312257109, 95.51079916863462, 0.9917581364310617, 1.0009569988516014]
00405361,93100,390650,1332,2;[14583.449999999999, 538, 1.0340792060394788, 1.023245020460648, 196.10691000307708, 0.9791251168514433, 1.0043847067983445]
00405361,93100,390650,1332,3;[15028.900000000001, 510, 1.0451044370275668, 0.7223819404784996, 167.18806714273614, 0.9884472795629949, 1.0033842495198024]
00405361,93100,390650,1333,1;[15945, 608, 0.9947505757023661, 1.013730010844252, 81.13444620443566, 0.9925935995875067, 1.0062476334721697]
00405361,93100,390650,1333,2;[16069.759999999998, 522, 1.0381481817746296, 0.9786469657163921, 149.81188167561464, 0.9852504790046634, 1.005322910850549]
00405361,93100,390650,1333,3;[14894.640000000001, 514, 0.9817619527470497, 0.8290030206323216, 168.64948866318883, 0.9875648350950647, 1.0004140786749482]
00405361,93100,390650,1334,1;[18582, 644, 1.022882931476703, 0.9754043052103442, 85.6685048058754, 0.9920576813549642, 0.9199009900990099]
00405361,93100,390650,1334,2;[14789.32, 542, 1.0489016236016597, 0.9739009360227545, 231.0942387858276, 0.981779494065903, 1.0031479538300105]
00405361,93100,390650,1334,3;[16715.370000000003, 496, 1.0008116729867191, 0.8440378452741452, 118.33557110204873, 0.9887683762616066, 1.0001229558588467]
00405361,93114,390743,1982,1;[16023, 618, 0.9867430454809994, 1.005320920329961, 98.72230998069416, 0.9915029132163244, 1.0003746019853905]
00405361,93114,390743,1982,2;[14686.98, 546, 1.1017925846723737, 1.0088979265696345, 212.8560470179528, 0.9792250515258191, 1.0000405137138921]
00405361,93114,390743,1982,3;[15165.900000000001, 510, 1.0755895695590212, 0.6129978916176825, 148.08392725023086, 0.9896241715122215, 1.0048563518358826]
00405361,93114,390743,1983,1;[15935, 610, 1.0314365197163586, 1.0201198610117237, 91.78020713105774, 0.991783403895467, 1.0020437038201542]
00405361,93114,390743,1983,2;[15853.179999999998, 522, 1.1459083509353367, 0.9743728123620269, 146.81781737478457, 0.9844133313327105, 1.0051305266334691]
00405361,93114,390743,1983,3;[15042.6, 506, 1.0347736705359467, 0.7980070424915999, 157.6790902886698, 0.9873137760207835, 1.0028771064529387]
00405361,93114,390743,1984,1;[16083, 608, 1.0092610313250108, 1.0049696654246771, 91.75352510849555, 0.9916988037450576, 1.003087285994948]
00405361,93114,390743,1984,2;[15994.789999999999, 522, 1.1499899783110081, 0.9834636754163316, 154.0952349745932, 0.9831861363690587, 1.004559043348281]
00405361,93114,390743,1984,3;[15150.830000000002, 508, 0.9710487194744435, 0.6738081909108341, 153.5333765168163, 0.988217534292047, 1.008480758708736]
00405361,93114,390743,1985,1;[16129, 600, 1.06603812923077, 0.9726816340194819, 96.80089195048906, 0.9912586362065567, 1.0047343175730392]
00405361,93114,390743,1985,2;[15333.15, 548, 0.9580835421142396, 0.982661591407734, 175.71981686934348, 0.9874774268830468, 1.0061296997618396]
00405361,93114,390743,1985,3;[14901.490000000002, 510, 1.0370228556221968, 0.7432945213614632, 154.0282604617929, 0.9876992387252541, 0.9920649398029916]
00405361,93114,390743,1986,1;[16090, 604, 1.0613282120242884, 0.9930569151838584, 96.01838266965152, 0.9912813871259483, 1.003398709114153]
00405361,93114,390743,1986,2;[14894.039999999999, 544, 1.04719014900695, 0.9502068211656797, 162.7106026364758, 0.9826618108414095, 1.0075672194493641]
00405361,93114,390743,1986,3;[15116.580000000002, 512, 1.0495437969157884, 0.7132554554724065, 167.3405459373205, 0.986754067954064, 1.0085923217550274]
00405361,93122,390796,1583,1;[15862, 610, 1.0175440849462916, 1.0120885317577435, 94.33625120538916, 0.9922838526417235, 1.0023697431198457]
00405361,93122,390796,1583,2;[14939.26, 554, 1.113833165190293, 1.0216901050727374, 192.8244480257877, 0.9805042065705123, 0.9985285344999005]
00405361,93122,390796,1583,3;[15090.550000000001, 516, 0.9928997613544163, 1.0226711540219113, 168.1647463091816, 0.9868281061426712, 0.9983685307713224]
00405361,93122,390796,1584,1;[16031, 616, 1.0266889029060602, 1.012580110743933, 95.7503826393691, 0.9919793387884002, 1.0023760395172887]
00405361,93122,390796,1584,2;[14659.609999999999, 544, 1.0079316673880023, 0.9533366985754268, 192.34121816671072, 0.9821973699053242, 1.009257742094052]
00405361,93122,390796,1584,3;[31923.74, 666, 1.032474529171173, 0.9341306535463403, 178.91041319370973, 0.960158568677347, 1.0022796679427073]
00405361,93122,390796,1585,1;[16314, 642, 1.0240684399635802, 0.9879509012166234, 77.36486536417914, 0.9932700822266001, 0.8685051107325383]
00405361,93122,390796,1585,2;[14921.41, 546, 1.0637031272828483, 0.8243085809411286, 209.9053567064059, 0.9848012288747424, 1.0119849884992536]
00405361,93122,390796,1585,3;[15111.1, 506, 0.9359096615756192, 0.6163058283531667, 144.27527203627042, 0.9908516941509178, 1.0090568109047662]
00405361,93122,390796,1586,1;[16119, 610, 1.0201312054162184, 1.01054546561142, 94.28123982842196, 0.9921019971725451, 0.999906950776961]
00405361,93122,390796,1586,2;[14653.66, 542, 1.028042842403126, 1.0406561872103786, 180.3954334531167, 0.9834863953829308, 1.0107112077810152]
00405361,93122,390796,1586,3;[15412.500000000002, 514, 1.0678375880070243, 0.617904012368274, 166.7720618406968, 0.9888503601335586, 1.0028525583883046]
00405361,93135,390891,791,1;[33836, 800, 0.9775679661783937, 1.002315458278104, 65.05530355885176, 0.9797589997712742, 1.0022066555099745]
00405361,93135,390891,791,2;[15176.07, 560, 1.0061933353213255, 1.0143461749239004, 191.6828109976082, 0.9791465109813872, 9999]
00405361,93135,390891,791,3;[22976.27, 556, 0.9991967656043232, 0.8561384537571031, 81.8034490737222, 0.9907178411613432, 9999]
00405361,93135,390891,792,1;[16666, 666, 1.0005962366239667, 0.9881387106123593, 88.26390658532212, 0.9907648555909732, 0.8477110885045778]
00405361,93135,390891,792,2;[15531.88, 520, 1.1372835834099684, 0.9790290321267318, 156.35015629223247, 0.9832705697885632, 1.0029199323805134]
00405361,93138,390911,1124,1;[16169, 602, 1.024818096239507, 0.9653898020724268, 75.00634647086048, 0.992279016361654, 1.0072574365363651]
00405361,93138,390911,1124,2;[15518.789999999999, 554, 1.0014897139887482, 1.0030942476015525, 178.29757201912525, 0.9778253861144702, 1.004660837409961]
00405361,93138,390911,1124,3;[15243.990000000002, 512, 1.001984599581315, 0.8725716048189267, 182.388793184815, 0.9843307861029189, 1.0038794658967882]
00405361,93138,390914,1125,1;[16288, 604, 0.99492630286413, 1.0252049733289805, 79.80097997948813, 0.9918488591209224, 1.0055252029508905]
00405361,93138,390914,1125,2;[17884.51, 538, 1.0373220271752608, 0.9731629861958725, 185.35823090878296, 0.9807199192065753, 1.0056206088992974]
00405361,93138,390914,1125,3;[15491.960000000001, 516, 1.0574951761181823, 0.6255789063213942, 163.610825806203, 0.9892845756766507, 1.0048875855327468]
00405361,93138,390914,1126,1;[33932, 798, 0.9838058998277209, 0.9790100441864791, 52.71231096021703, 0.9910722824426794, 1.0051989987113592]
00405361,93138,390914,1126,2;[14928.55, 544, 1.0297659359585152, 0.9225199738983587, 198.75761391607708, 0.9834090578311502, 1.0057321521625846]
00405361,93138,390914,1126,3;[15124.800000000001, 516, 0.98307610879218, 1.0264299806332982, 166.51835375247433, 0.9879411546922147, 1.0006344602555968]
00405361,93138,390914,1127,1;[16337, 608, 0.9862513539140588, 0.9759799522511902, 102.1363052744748, 0.9910194840750559, 1.0008270285171685]
00405361,93138,390914,1127,2;[15065.4, 548, 1.0287031247310405, 1.0053320567398487, 194.06103483595345, 0.9825990526889542, 1.0064393036012402]
00405361,93138,390914,1127,3;[15730.340000000002, 514, 0.9562544590608542, 0.6339858610467127, 158.97457837829077, 0.99001273706701, 1.0077233631736002]
00405361,93138,390914,1128,1;[16227, 608, 0.9989320413302576, 1.0245472056216742, 77.00384476459965, 0.9928555670006889, 1.0037423066217177]
00405361,93138,390914,1128,2;[14809.55, 546, 0.9959923761501324, 1.0116323149171789, 174.5831454672293, 0.984136854832106, 1.0052504038772214]
00405361,93138,390914,1128,3;[15402.910000000002, 514, 1.0419733833286788, 0.7420343897764227, 168.30838177993033, 0.9882454738928325, 1.0040634070104935]
00405361,93139,390917,12,1;[15810, 600, 1.0244438659828883, 1.006933447008285, 92.88853033153083, 0.9911037555963167, 1.0057571805719012]
00405361,93139,390917,12,2;[14516.81, 544, 1.0332939115764415, 1.0229259894400387, 206.85811466787962, 0.9773677712251462, 1.0025888637764537]
00405361,93139,390917,12,3;[14943.960000000001, 516, 1.0092143912930074, 0.9454887715141718, 177.32131591831254, 0.9819156474279718, 0.9995418308439475]
00405361,93139,390917,13,1;[15820, 608, 1.0182929724786969, 1.0020590606210322, 93.16808612707005, 0.9917327133546903, 1.0004743083003953]
00405361,93139,390917,13,2;[14721.49, 542, 1.013498924893983, 0.7453743328928419, 202.49585947612408, 0.9848615927321025, 1.0121911307478317]
00405361,93139,390917,13,3;[15016.570000000002, 510, 0.9965626128164727, 0.8704398900332395, 175.65841360674824, 0.9850491531850878, 1.0020569547927047]
00405361,93139,390917,14,1;[15991, 602, 1.0256869183060833, 0.955116793350101, 75.92704635524761, 0.9923097216100107, 1.0079420107154113]
00405361,93139,390917,14,2;[15454.529999999999, 514, 1.1434925509456892, 0.9759368596424782, 138.17058880751662, 0.9855081436833389, 1.0032057471708316]
00405361,93139,390917,14,3;[15297.420000000002, 508, 1.001688093303521, 0.9779058972259459, 134.6826508395843, 0.9904199793000241, 0.9995524124966431]
00405361,93147,390951,262,1;[15881, 604, 1.0301938274544193, 1.0213575408342312, 87.9964315379845, 0.992303942203136, 1.0001259525159014]
00405361,93147,390951,262,2;[15377.179999999998, 514, 1.1556029990251209, 0.9760605351933638, 127.99323841545183, 0.9872063760058087, 0.9979919678714859]
00405361,93147,390951,262,3;[23061.210000000003, 560, 1.0005608394763674, 0.8669254586589312, 112.94276605792122, 0.9876172255992078, 1.0006836489017032]
00405361,93147,390951,263,1;[16297, 610, 1.0226645480017558, 1.0033214044869039, 100.30580895769823, 0.9924126907471653, 1.0047781990813527]
00405361,93147,390951,263,2;[14376.39, 540, 1.0080628380993897, 0.9115049029450409, 172.54478165593486, 0.9866498996383642, 1.0097371390363157]
00405361,93147,390951,263,3;[15054.93, 514, 0.9853591289173299, 0.8282394289391333, 183.08176065648072, 0.9865672379786521, 1.002783227631519]
00405361,93147,390951,264,1;[15769, 602, 1.0008712839508414, 1.057688958106282, 76.59808434309369, 0.9933021235694558, 1.0038194665478388]
00405361,93147,390951,264,2;[14534.66, 542, 1.0364305399085971, 1.0042855106886155, 172.75683210254303, 0.9851035778999838, 1.0087962007020441]
00405361,93147,390951,264,3;[14965.880000000001, 506, 1.0006504859186174, 0.8206212375998112, 180.07199370013748, 0.9866041994111772, 1.0046905177963763]
00405361,93165,391037,226,1;[15765, 608, 1.0086420797844349, 1.0064979845827793, 89.94394780789949, 0.9923840095799608, 1.004972270032511]
00405361,93165,391037,226,2;[14716.73, 542, 1.033658816291856, 0.9221677366451142, 230.17039755884284, 0.9811514059492991, 1.0050794424803933]
00405361,93165,391037,226,3;[14813.810000000001, 512, 1.0417037145995194, 0.7594866335472394, 166.01884819554436, 0.9868632197738016, 1.0008330248056276]
00405361,93165,391037,227,1;[15609, 596, 1.0068682265904763, 1.011359384825478, 70.31772966852097, 0.9926559113966539, 1.007682375726275]
00405361,93165,391037,227,2;[14476.349999999999, 538, 1.0150245184639761, 0.8686610317552266, 191.67942036428514, 0.983289694662197, 1.0095854599775924]
00405361,93165,391037,227,3;[14901.490000000002, 510, 0.9542557627497793, 0.6871140611577113, 148.53989676926233, 0.988726839820642, 1.0037373690767315]
00405361,93165,391037,229,1;[15661, 600, 1.0080479159979963, 1.0337471578962898, 66.67182562512963, 0.9933517875606547, 1.0052634957314333]
00405361,93165,391037,229,2;[16746.87, 528, 1.0228527858064584, 0.9764634999756611, 217.32188920906734, 0.974424045000513, 1.0061845350874057]
00405361,93165,391037,229,3;[15224.810000000001, 516, 0.9782990861903322, 1.003474316093699, 150.9222320396373, 0.9885067813293393, 1.0043380027112516]
00405361,93165,391037,231,1;[15696, 602, 1.0182928833470668, 1.0352641618447025, 88.5523052671779, 0.9916987526235492, 1.0003505305758262]
00405361,93165,391037,231,2;[31101.84, 700, 1.0059817205462835, 0.9765371309242074, 101.71852354256885, 0.9866725832998984, 1.0039565167287674]
00405361,93165,391037,231,3;[15033.010000000002, 528, 0.9941772865442341, 1.0118743586326586, 133.20463328209266, 0.9890296143570083, 9999]
00405361,93165,391037,233,1;[33702, 796, 0.9827626680417894, 0.9760203039558484, 52.63428336431502, 0.9913956749036857, 1.0070519333054444]
00405361,93165,391037,233,2;[15959.09, 520, 1.177055942260098, 0.9742634174054802, 137.19112093892147, 0.98761499770418, 1.004155591329415]
00405361,93165,391037,233,3;[15179.6, 516, 0.9910663521285337, 1.0318637438914386, 157.2173241591049, 0.9889346415001035, 1.0044875572276868]
00405361,93165,391037,235,1;[15874, 608, 0.9936671434368677, 1.0228331196299065, 75.76111886896392, 0.9928906636617422, 1.0060844213461781]
00405361,93165,391037,235,2;[14642.949999999999, 546, 1.0197524219214247, 0.9596304716498563, 192.0491070302252, 0.9839417960684025, 1.010138324508476]
00405361,93165,391037,235,3;[15111.1, 512, 1.0642566480681854, 0.6079960184760501, 153.490792475962, 0.9903940313365113, 1.0032745133709295]
00405361,93165,391037,237,1;[16415, 606, 1.0511310288926334, 0.9357200996836121, 108.96004964085954, 0.991941820598584, 1.0006705681541088]
00405361,93165,391037,237,2;[14591.779999999999, 538, 1.0260435113976634, 0.8789708434629134, 198.4345486644897, 0.9850862893226722, 1.0101742389916382]
00405361,93165,391037,237,3;[15274.130000000001, 512, 0.9891405061667514, 0.9937467172087132, 148.76592071940698, 0.9904874946337687, 1.0060912331363083]
00405361,93165,391037,238,1;[16145, 610, 1.0284985516777485, 0.9984619224448424, 99.07880054767556, 0.9922992837837507, 1.0013334573758799]
00405361,93165,391037,238,2;[14612.01, 546, 1.0269411053445288, 0.9900118808794196, 187.11766776678127, 0.9838362914734555, 1.0114497528830313]
00405361,93165,391037,238,3;[24244.890000000003, 570, 1.003597150123362, 0.865248815641499, 88.31598810018387, 0.9904525138392918, 9999]
00405361,93170,391068,432,1;[15853, 602, 1.0093274725825416, 1.0356204335589365, 78.12425114889908, 0.9921478378344697, 1.006252181916278]
00405361,93170,391068,432,2;[14554.89, 544, 1.0313025486299932, 1.0214915833814562, 178.59011403333008, 0.9837404910500145, 1.0086590796635329]
00405361,93170,391068,432,3;[15070.000000000002, 514, 1.0458644718924728, 0.7314210035880537, 164.1942237070232, 0.9883355129678189, 1.0056223431000595]
00405361,93170,391068,433,1;[15761, 602, 1.0299495449786549, 1.0394309222767846, 89.70911155079973, 0.992078839449561, 1.0014614309315033]
00405361,93170,391068,433,2;[14734.58, 548, 1.0031134553898349, 1.0029101498983501, 190.71861579084882, 0.9759798611345205, 1.004380272550292]
00405361,93170,391068,433,3;[14972.730000000001, 510, 1.0752018836625614, 0.5836593379626526, 160.17103686051894, 0.989115505986612, 1.0050117246769967]
00405361,93170,391068,434,1;[15854, 600, 1.0143305514361114, 0.9960747081536059, 89.91035020708888, 0.9915547972940455, 1.0050079239302694]
00405361,93170,391068,434,2;[29935.64, 684, 1.0261762049503704, 0.9695699693203642, 113.03147499877801, 0.9840091609464101, 1.005918106206014]
00405361,93170,391068,434,3;[16093.390000000001, 530, 1.0020757576347827, 0.9458800990898207, 129.38919949620464, 0.9903063160000738, 1.0042746003248697]
00405361,93174,391096,876,1;[15371, 600, 0.9979303082781674, 0.949714376574314, 72.93461202086647, 0.9922174379864152, 1.0049032426778242]
00405361,93174,391096,876,2;[14626.289999999999, 540, 1.0869046771382918, 0.8549429387944709, 216.27231195268556, 0.9815209201022039, 1.003674669279765]
00405361,93174,391096,876,3;[14969.990000000002, 510, 1.06301461741573, 0.6176627355355677, 164.16119370080767, 0.9878768339322203, 1.0063547614662]
00405361,93174,391096,877,1;[16506, 600, 1.0471893797691831, 0.724497460742621, 112.71732149238726, 0.990644377659146, 1.005237515225335]
00405361,93174,391096,877,2;[15656.83, 578, 1.002354218512614, 1.00389088605697, 145.61518211458932, 0.9844724594276358, 1.0007986916669835]
00405361,93174,391096,877,3;[14971.36, 508, 0.9267374006011273, 0.583718414886124, 153.4026175422809, 0.9896058671744604, 1.004457925456133]
00405361,93174,391096,879,1;[15799, 602, 0.9988314723557701, 1.0238522504698824, 80.62004788647954, 0.9914898477129725, 1.0049615164429744]
00405361,93174,391096,879,2;[15157.029999999999, 558, 1.0116515640257522, 0.9560342409956696, 154.5422228788526, 0.9856235251051875, 1.004931160992544]
00405361,93174,391096,879,3;[14916.560000000001, 514, 0.9908367585332013, 0.9855903269746318, 139.39511073761926, 0.9898350708230043, 9999]
00405361,93174,391096,881,1;[15699, 610, 1.0267124904213907, 0.9982168651410681, 90.48701981443611, 0.9919976333858498, 1.0003185930929017]
00405361,93174,391096,881,2;[14614.39, 542, 1.0673455615560383, 0.7915182151852309, 186.30599734757877, 0.9835688945067997, 1.0105323788365013]
00405361,93174,391096,881,3;[14967.250000000002, 510, 1.0728591737343607, 0.6179534440538672, 150.80953722246198, 0.9890890614192341, 1.007237357672982]
00405361,93204,391209,362,1;[16127, 612, 0.9945649772974272, 1.0505906613145004, 83.19223626405929, 0.9923419219774102, 1.0035157586882797]
00405361,93204,391209,362,2;[16279.199999999999, 578, 0.985486390287492, 0.9597928369136314, 174.821966565989, 0.987798611918977, 1.0072154321896627]
00405361,93204,391209,362,3;[15212.480000000001, 518, 1.0014353619575773, 0.8737588845504815, 174.4433669916806, 0.9867405189364935, 1.0012623985572588]
00405361,93204,391209,363,1;[15825, 606, 1.0397779209881501, 0.9855681687148088, 115.56250780002308, 0.9894433744735532, 0.9985802176999526]
00405361,93204,391209,363,2;[15935.289999999999, 560, 1.203913278206219, 0.8813754410524376, 165.60963620124852, 0.9882867738668322, 1.0081686429512517]
00405361,93204,391209,363,3;[15308.380000000001, 518, 0.9885142041481709, 1.0228546854751395, 164.76531890869558, 0.9871898614077773, 1.0033222591362125]
00405361,93220,391259,254,1;[16037, 606, 1.009846528443918, 1.0000267901898439, 73.70783849711833, 0.9918613665638701, 1.006306278040975]
00405361,93220,391259,254,2;[14816.689999999999, 544, 1.0560619803049103, 0.8805227905402107, 172.101127947742, 0.9824397014189751, 1.007647796706187]
00405361,93220,391259,254,3;[15328.93, 512, 0.9877436838043534, 0.9959290619333327, 150.1109529977775, 0.9877804914225092, 1.0048946966635233]
00405361,93222,391268,338,1;[15991, 606, 1.0062865091879525, 0.9921571841371475, 75.07514552785115, 0.991942266594691, 1.003640243519739]
00405361,93222,391268,338,2;[14974.96, 542, 0.964548909682405, 0.7561451894627679, 164.3659290188071, 0.987138860682827, 1.0057142857142858]
00405361,93222,391268,338,3;[15017.94, 510, 1.051111095640988, 0.621519094869683, 154.58773147770552, 0.988178810029035, 1.0056419430301362]
00405361,93328,391872,11,1;[14864, 590, 1.0046659810211809, 0.9523589123354654, 102.25159823324472, 0.9900591503066865, 1.000774280424171]
00405361,93328,391872,11,2;[13652.869999999999, 532, 1.0626641649522628, 0.8874960829470443, 155.73591266608128, 0.9884540682610955, 1.0048169556840076]
00405361,93328,391872,11,3;[22561.160000000003, 550, 1.0246345806761208, 0.9497385974555167, 165.95708291148736, 0.974801621326415, 9999]
00405361,93328,391872,12,1;[15071, 590, 1.0591603426565894, 0.8855356358599881, 71.93055006851617, 0.9925032293358742, 1.0111711228152571]
00405361,93328,391872,12,2;[13943.23, 536, 1.1549716944668436, 0.9396153118840865, 165.91870200187714, 0.9869511459326575, 1.0052333562113933]
00405361,93328,391872,12,3;[14271.29, 502, 0.9314423107000973, 0.6037441073620452, 136.9402633080718, 0.9906585226185537, 1.0090081363812475]
00405361,93328,391872,14,1;[14735, 592, 0.9969352371939875, 1.0317410555549371, 70.95671377406494, 0.9917701780610855, 1.0066609735269]
00405361,93328,391872,14,2;[14168.14, 538, 1.0693144534047911, 0.8549957956717691, 147.93506141903416, 0.9892381628206597, 1.0041325799106013]
00405361,93328,391872,14,3;[16144.080000000002, 484, 1.0035100800600523, 0.8533242543484961, 132.89994016996104, 0.9865818122487566, 1.00580402867873]
00405361,93328,391872,15,1;[15092, 594, 1.043316166203579, 0.9724715098123914, 63.787941028484845, 0.9927102878014854, 1.0056640234557206]
00405361,93328,391872,15,2;[15232.0, 508, 1.1649527756237934, 0.9618923001901083, 135.84791567836322, 0.9861308856125863, 1.0026633244555851]
00405361,93328,391872,15,3;[14104.150000000001, 500, 0.9295406388619075, 0.6023666767544963, 144.53821253086846, 0.9899400399037867, 1.0133871444039768]
00405361,93328,391872,16,1;[31453, 766, 0.9896676735623089, 0.9848890893365331, 47.020907997884315, 0.9913268487902142, 9999]
00405361,93328,391872,16,2;[14913.08, 562, 1.176190049106385, 0.9602064157115415, 177.79082921712552, 0.9882538924651476, 1.0022392834293026]
00405361,93328,391872,16,3;[30935.97, 648, 1.0211353777284176, 0.9502920629523742, 63.99192833341802, 0.9924802834721292, 45162.0]
00405361,93328,391872,17,1;[14799, 594, 0.9922232700596794, 1.000991725733012, 67.35045777755128, 0.9931190316440363, 1.0053668478260869]
00405361,93328,391872,17,2;[13946.8, 544, 1.1873059515166753, 0.977658316831813, 179.25405214126812, 0.9875508983238606, 1.007262257745692]
00405361,93328,391872,17,3;[13930.160000000002, 500, 1.024337855499972, 0.6724839565656657, 163.54370393985712, 0.9896180372381759, 1.0065831807157353]
00405361,93328,391872,18,1;[14712, 594, 0.9954903830636491, 1.0217910578752112, 73.69250728297993, 0.9930855616529731, 1.0067058984535378]
00405361,93328,391872,18,2;[13436.289999999999, 530, 1.0781825079584655, 0.7769621284912163, 194.95818021570588, 0.986041730969303, 1.0136002513577809]
00405361,93328,391872,18,3;[13821.93, 500, 1.053026228728256, 0.7133234316062881, 166.17177181311425, 0.9889723746997181, 1.0073386251310468]
00405361,93328,391872,19,1;[15020, 598, 0.9865824407514492, 0.9685398514335478, 73.86981965947172, 0.9929640177719817, 1.007647927009258]
00405361,93328,391872,19,2;[13548.15, 532, 1.0734683285002815, 0.7940618369633647, 196.54993532545834, 0.9849130790935285, 1.0152940651892808]
00405361,93328,391872,19,3;[14712.43, 500, 1.0125377285676074, 1.0064729666707324, 148.9301238671883, 0.9816710871745111, 1.0073636320998076]
00405361,93331,391888,230,1;[14865, 594, 1.005754042097058, 0.988590335157251, 70.62552615848205, 0.991277730187137, 1.0045615813482007]
00405361,93331,391888,230,2;[15395.029999999999, 508, 1.0385214739504702, 0.9627081118978578, 141.98213419475223, 0.9848060375910511, 1.0052449590116166]
00405361,93331,391888,230,3;[13847.960000000001, 498, 1.040034673186841, 0.6655306462350448, 163.16699765102834, 0.9870147947809422, 1.0053709966182613]
00405361,93331,391888,231,1;[14895, 592, 1.024139630005881, 0.9002756520562747, 64.38120577691497, 0.9929725933051945, 1.0106527344280092]
00405361,93331,391888,231,2;[13604.08, 532, 1.0525009132874297, 0.7868799880054834, 190.1112293229123, 0.9837094862469371, 1.0153203961099515]
00405361,93331,391888,231,3;[20569.18, 530, 1.0356338681802317, 0.9236420187943759, 107.9909687193687, 0.9875350126811142, 9999]
00405361,93331,391888,232,1;[15070, 598, 1.0138038164107521, 0.9621107179029494, 67.47312945341437, 0.9921382622177283, 1.0071846282372598]
00405361,93331,391888,232,2;[13725.46, 532, 1.033850201227697, 0.7286331088369226, 183.60382239745874, 0.9848823597360211, 1.010956262599702]
00405361,93331,391888,232,3;[14180.87, 506, 0.9726627468409671, 0.9571416273985265, 114.77102229968752, 0.9922101141388909, 646.9375]
00405361,93331,391888,234,1;[14888, 596, 1.0126501771905727, 1.0043288099249512, 65.8551805258589, 0.9922694516729536, 1.0072390230701576]
00405361,93331,391888,234,2;[13717.13, 534, 1.043725805796424, 0.770602023026005, 184.74474896416922, 0.9849102423198559, 1.0102541630148991]
00405361,93331,391888,234,3;[14086.340000000002, 504, 0.9126747210392896, 0.5908516265668865, 143.82419552943682, 0.9899715028170886, 1.0055745721271394]
00405361,93376,392041,23,1;[16268, 640, 1.035569367492569, 0.9846218344473717, 102.65249620056134, 0.9916071418313614, 0.922823836401282]
00405361,93376,392041,23,2;[15863.89, 576, 0.9886067445987229, 1.0202418816289793, 182.8342053749457, 0.9856873090431181, 9999]
00405361,93376,392041,23,3;[16405.75, 526, 1.0034630800660758, 0.990914387043702, 135.73337444516412, 0.9906682692157598, 1.0014216424151197]
00405361,93376,392041,24,1;[28136, 724, 0.9864021466833766, 0.9982367099959959, 57.98224943138142, 0.988887286525942, 0.9712786523059929]
00405361,93376,392041,24,2;[15768.689999999999, 560, 0.981683828608821, 1.0403981417157195, 195.137385013903, 0.984921682186732, 1.0015494501341597]
00405361,93376,392041,24,3;[16178.330000000002, 514, 0.9989101417038406, 1.0005048643212497, 155.4338251514344, 0.988324954319591, 1.0024192521539832]
00023698,93080,390528,134,1;[36900, 898, 0.9978155479327312, 1.0259673944738459, 89.73238912855744, 0.9929930238391793, 0.9837638966648005]
00023698,93080,390528,134,2;[39364.009999999995, 820, 1.0504391901326098, 1.022399976459444, 131.86334323534342, 0.9822628171354302, 1.0140555785472325]
00023698,93080,390528,134,3;[55474.04, 910, 1.2348669144335471, 0.954528904486548, 84.48481776732575, 0.9923977465338607, 26994.666666666668]
00023698,93244,391403,53,2;[43991.92, 860, 1.0139415938895173, 1.0212939734954087, 88.72411398565121, 0.9915332214735743, 9999]
00023698,93244,391403,54,1;[45368, 944, 1.0138822074695624, 0.9740646097252217, 57.91967425793741, 0.993886083647604, 1.000099198694986]
00023698,93244,391403,55,3;[38692.91, 766, 1.0128055678324268, 1.0020142613457823, 123.04365198080062, 0.9864740144323954, 0.9985680697226298]
00236683,93026,390254,285,1;[64897, 1162, 0.8963368703322728, 1.2183853081758376, 597.4072147536523, 0.8989622045180786, 0.997670968584979]
00236683,93026,390254,285,2;[63899.43, 1088, 0.88279605279225, 1.1669173179368035, 687.6252383263844, 0.8561036678773236, 0.9979278366800785]
00236683,93026,390254,285,3;[62998.08, 1026, 0.8724861808634222, 1.1462304604636613, 477.53626792143336, 0.8912045056441245, 0.9973322922766608]
00236683,93027,390265,359,1;[65010, 1234, 0.8963836176640538, 1.168149733389122, 588.7646334944752, 0.876576323213372, 0.9996079064510921]
00236683,93027,390265,359,2;[63329.42, 1172, 0.8722834267262409, 1.3744132304889976, 811.2780416461782, 0.8789933373649661, 0.9967690881336567]
00236683,93027,390265,359,3;[64039.280000000006, 1110, 0.8752503306714794, 1.2607893360585687, 730.6566746111167, 0.906247409796963, 0.9980783191698339]
00236683,93032,390303,79,1;[64084, 1312, 0.883011742050798, 1.2912871714364584, 268.94763745587096, 0.9133944969761918, 0.9972688863125296]
00236683,93032,390303,79,2;[62079.92, 1082, 0.8815052374057251, 1.2447192829726832, 397.38154880436065, 0.9006467679184194, 1.0009209516500384]
00236683,93032,390303,80,3;[63635.130000000005, 1136, 0.8704188168610484, 1.2765842202638427, 618.6186577698837, 0.9267038002201853, 0.9954032595068951]
00236683,93032,390303,81,1;[65182, 1222, 0.8845825357301805, 1.253814231694861, 436.65751315797803, 0.9024325561089953, 0.9954869993509221]
00236683,93032,390303,81,2;[60467.469999999994, 1070, 0.8658963652934529, 1.3236490956893558, 415.1546219052248, 0.8831104988944727, 0.9955720135582594]
00236683,93032,390303,82,3;[60681.41, 1002, 0.8646670726583039, 1.236890745793808, 413.0430619188642, 0.895977356431816, 0.9920933566276934]
00236683,93032,390303,83,1;[65190, 1240, 0.8856361340584233, 1.336348925504289, 421.8157871130205, 0.9179699132432548, 0.9945383535729542]
00236683,93032,390303,83,2;[63473.409999999996, 1108, 0.880705724041829, 1.1517486320231045, 936.4060692327542, 0.8892920877813058, 0.9974381030742763]
00236683,93032,390303,83,3;[63620.060000000005, 1086, 0.8776824258320373, 1.2010975539393451, 632.373901310016, 0.932411605387967, 0.9935599820278568]
00236683,93051,390358,937,1;[61910, 1138, 0.8881777418456696, 1.3158803350304593, 191.94476886811364, 0.9332287887186778, 1.0035906206181056]
00236683,93051,390358,937,2;[61018.439999999995, 1108, 0.8744115177055395, 1.2886368708134575, 416.8174297521665, 0.8915586599846775, 9999]
00236683,93051,390358,937,3;[61560.950000000004, 966, 0.877243343342936, 1.162882267156796, 350.0519987317953, 0.9193836774930555, 0.9962310165170158]
00236683,93078,390512,47,1;[62003, 1166, 0.8984033152613793, 1.421216003534498, 222.0834782523327, 0.932324088329441, 0.9965764433586216]
00236683,93078,390512,47,2;[64851.43, 1158, 0.8730279854116749, 1.169443966109788, 818.8359163722441, 0.8605912354463219, 0.9972094895653209]
00236683,93078,390512,47,3;[63713.22000000001, 1070, 0.8713599068622755, 1.156260139954396, 363.6832766722085, 0.9245821144862727, 0.997929295638646]
00236683,93078,390512,49,1;[62757, 1248, 0.8806822073163417, 1.3655628375229387, 291.7005471112284, 0.9308936894344648, 0.9898424315073895]
00236683,93078,390512,49,2;[62070.399999999994, 1146, 0.8777771267882485, 1.3229664281527502, 421.0606639502385, 0.9063259873638182, 0.9963420341346475]
00236683,93078,390512,49,3;[65910.70000000001, 1050, 0.8768575047476552, 1.2247830161026592, 788.4647293313469, 0.8942845465139775, 0.9974602187321826]
00236683,93078,390512,50,1;[61924, 1150, 0.8810465426974625, 1.3914188745424354, 213.8200019221468, 0.9351294831793443, 0.9981302385557704]
00236683,93078,390512,50,2;[65937.9, 1150, 0.879228667524834, 1.179293606603073, 824.4007872140987, 0.8489372623533138, 0.9963318588844535]
00236683,93078,390512,50,3;[66360.06000000001, 1022, 0.8702875750297601, 1.1372706087217193, 861.5471674866211, 0.8701131027160595, 1.0023072227452847]
00236683,93098,390636,1213,1;[66424, 1244, 0.8823566767419234, 1.2142968859041916, 308.83078904861543, 0.8957330070359494, 0.9993380273214179]
00236683,93098,390636,1213,2;[65266.74, 1126, 0.8933927484060082, 1.2840118591047747, 875.6931159719495, 0.8581356473660497, 1.0014607603257495]
00236683,93098,390636,1213,3;[65509.29000000001, 1070, 0.873847573315857, 1.18952807666033, 761.6841148447202, 0.9046977956138212, 0.9943334823610144]
00236683,93098,390636,1214,1;[64254, 1292, 0.8798340578149664, 1.4185855049254117, 354.04704705750584, 0.9389706014256528, 0.9968196838300315]
00236683,93098,390636,1214,2;[64413.509999999995, 1112, 0.8841799100241723, 1.185020667030353, 814.5381436463231, 0.8548762815733646, 0.9979719390106749]
00236683,93098,390636,1214,3;[63554.3, 1080, 0.8725345513198169, 1.3418491871000942, 573.436488312685, 0.915630657414964, 0.9923631462981581]
00236683,93099,390639,1320,1;[65733, 1174, 0.8986561124046707, 1.1888863137764243, 524.71293379162, 0.8909896119273859, 1.000334799348663]
00236683,93099,390639,1320,2;[64945.439999999995, 1110, 0.8799012392870388, 1.211244114648881, 500.3592752505392, 0.8843490229777067, 0.9975689557476832]
00236683,93099,390639,1320,3;[64221.490000000005, 1086, 0.8771087575357576, 1.1782370262963473, 420.12826866959915, 0.914358419458132, 0.9936620315414617]
00236683,93099,390639,1321,1;[65480, 1300, 0.8724248348033831, 1.2238853834367018, 405.04023958956503, 0.9273045058082094, 0.9972965769333283]
00236683,93099,390639,1321,2;[62571.39, 1128, 0.8732663509695608, 1.2989479846148317, 506.449168846685, 0.8607900347818224, 0.995871133922991]
00236683,93099,390639,1322,3;[60664.97, 960, 0.8918258292316278, 1.1659305552185804, 304.4898032449558, 0.9395602745783597, 0.9997403623638313]
00236683,93103,390670,1523,1;[66007, 1202, 0.8862135690644956, 1.1227076770295574, 539.0951049981684, 0.8570147705480499, 0.9933781811067467]
00236683,93103,390670,1523,2;[62395.27, 1128, 0.8744661556219134, 1.3175950505831138, 451.64267112748917, 0.8726407365729938, 0.9936702863532132]
00236683,93103,390670,1523,3;[64702.36000000001, 1090, 0.8682338163167673, 1.2139867077421442, 760.4879409415294, 0.8519364279323118, 0.9934162091668244]
00236683,93103,390670,1525,2;[63179.479999999996, 1148, 0.8755774904728971, 1.3231910436666334, 440.6480455143491, 0.8949090950326803, 0.9963966669168981]
00236683,93103,390670,1525,3;[64450.280000000006, 1072, 0.8786524256469906, 1.2380248607050208, 794.7149607156023, 0.9022725765178526, 0.9949768937110709]
00236683,93103,390670,1526,1;[64594, 1280, 0.8692302139795223, 1.3064345589587993, 387.3175180665426, 0.9216866545350719, 0.9963366573347833]
00236683,93129,390840,509,1;[63851, 1282, 0.8863538304611583, 1.2824864508734586, 310.17420054510205, 0.9399106307757903, 0.9891788472412645]
00236683,93129,390840,509,2;[62792.729999999996, 1156, 0.8655992666530318, 1.2966369654810306, 598.0539074640125, 0.8907444545283135, 0.9932237845163476]
00236683,93129,390840,509,3;[65155.83, 1070, 0.8798077353627585, 1.207208180569444, 693.4138006979172, 0.9218608231747977, 0.9943860749568763]
00236683,93139,390919,100,1;[65548, 1228, 0.8895657063217315, 1.2174121974362748, 494.76634957258426, 0.901591666436485, 0.9952249003605997]
00236683,93139,390919,100,2;[64462.299999999996, 1176, 0.8687574373580252, 1.3160805760010135, 749.5912923506529, 0.8728901235789747, 0.9998523385876186]
00236683,93139,390919,100,3;[62899.44, 1048, 0.8704034933278246, 1.1903627541986614, 354.52133648183104, 0.9138656498268735, 0.9938737958653534]
00236683,93140,390930,162,1;[64174, 1274, 0.873669116798967, 1.2219762812449149, 318.14095600560046, 0.9407832771655248, 0.9941057556018558]
00236683,93140,390930,162,2;[62256.03999999999, 1108, 0.8758086297832357, 1.284617442261192, 345.67866423307373, 0.9220027450821668, 0.9939582779192158]
00236683,93140,390930,162,3;[64168.060000000005, 1070, 0.8653375047802901, 1.175778012518249, 544.2792229979488, 0.8837986711791864, 0.9959280876896416]
00236683,93140,390930,163,1;[64757, 1294, 0.8689080832153993, 1.3437099942523156, 321.5276598014192, 0.9430963941414967, 0.994830513031255]
00236683,93140,390930,163,2;[64700.299999999996, 1190, 0.8678894662354549, 1.2921604955880843, 715.6913109359365, 0.8801013288764067, 0.9996414749170336]
00236683,93140,390930,163,3;[64600.98, 1086, 0.8652007934289446, 1.1908760180148013, 721.4497155138856, 0.9086264422759408, 0.9967868769289308]
00236683,93140,390930,164,1;[66120, 1190, 0.8928024080834541, 1.1879672972458664, 349.6492563200557, 0.8948358029776258, 0.9994029580030079]
00236683,93140,390930,165,2;[62164.409999999996, 1120, 0.8752461396656094, 1.298778050862342, 346.29783056866313, 0.9093205097922705, 0.9977652991061197]
00236683,93140,390930,165,3;[62617.22000000001, 1048, 0.8756071525749004, 1.1433205584440507, 348.4088358753567, 0.9269208623011866, 0.9946249428764172]
00236683,93174,391097,943,1;[62928, 1236, 0.8851371504840055, 1.4349269202301336, 299.8036945734148, 0.9301702078122605, 0.9953969534475395]
00236683,93174,391097,943,2;[64325.45, 1168, 0.8802286326493914, 1.2679251780083614, 607.869629047859, 0.8870972782303799, 0.9962677970787449]
00236683,93174,391097,943,3;[64610.57000000001, 1052, 0.8809168323652462, 1.192026993741771, 915.8897240293949, 0.8497624850878942, 0.9998092007631969]
00236683,93203,391206,348,1;[66259, 1190, 0.8894026810814899, 1.1508446047025152, 594.0886112205731, 0.8912596097118567, 0.9980268112667571]
00236683,93203,391206,348,3;[64683.18000000001, 1094, 0.8774361244422536, 1.1828319494737503, 463.56244202686634, 0.9045813327238634, 0.9901953587869509]
00236683,93203,391206,349,2;[65912.91, 1094, 0.8899903614837441, 1.2170274147339144, 883.2863549263491, 0.8237073210150379, 1.001093469007835]
00236683,93203,391206,350,1;[62393, 1240, 0.8787493015584305, 1.3128339148304562, 295.70120819668693, 0.9335410441337777, 0.9891953166493591]
00236683,93203,391206,350,2;[64784.78999999999, 1186, 0.8806837105180522, 1.3963042186163492, 714.3957716221242, 0.8977856171105484, 0.9971061741057529]
00236683,93203,391206,350,3;[66107.98000000001, 1110, 0.8779627186987592, 1.2067523980043482, 629.3045444407546, 0.8784160439673843, 0.9945279732890899]
00236683,93203,391206,351,1;[63854, 1268, 0.871032185835836, 1.479426503068035, 318.9796186826759, 0.9362372556116996, 0.9921610976017153]
00236683,93203,391206,352,2;[60755.45, 1072, 0.8829527874848939, 1.2554864592775605, 342.8331537019416, 0.9050124376649543, 0.9934812220276318]
00236683,93203,391206,352,3;[64896.9, 1114, 0.8569397877711894, 1.2417527424010701, 692.591624038142, 0.8946675282111177, 0.9943116223421002]
00236683,93220,391265,336,1;[65533, 1310, 0.8757480096155889, 1.367463148321185, 361.0624601301009, 0.9290297774806068, 0.9930972821021845]
00236683,93220,391265,336,2;[60632.88, 1050, 0.8682370583990296, 1.2168716618617368, 346.1947867002257, 0.8994860601241726, 0.9980021154072158]
00236683,93220,391265,336,3;[64026.950000000004, 1090, 0.8629840702248537, 1.2222749057270437, 655.7167830778669, 0.908215481352808, 0.9938013673141739]
00236683,93220,391265,337,1;[61118, 1124, 0.8808351635338167, 1.2224316677897844, 151.10157403778504, 0.9337813620401505, 0.9949534414273621]
00236683,93220,391265,337,2;[64254.049999999996, 1166, 0.8722362436156592, 1.2337152288179494, 564.8185975037665, 0.8790782291139434, 0.9932763679509938]
00236683,93220,391265,337,3;[64409.18000000001, 1080, 0.8726724947670236, 1.265388216239573, 693.2371551550842, 0.9054723116006371, 0.9945737828032283]
00236683,93222,391274,426,2;[62796.299999999996, 1136, 0.8830140146854797, 1.2618411779405492, 351.3399176267912, 0.9240262330636166, 0.9985146219854868]
00236683,93222,391274,426,3;[64573.58, 1060, 0.8698739445591321, 1.2390712166734024, 806.0081702436511, 0.9022446887703707, 0.9947974377644812]
00236683,93222,391274,427,1;[65596, 1204, 0.8814352650098592, 1.1250380127803834, 426.6307949767584, 0.9036493789843961, 0.999078537540076]
00236683,93222,391274,428,3;[65283.240000000005, 1108, 0.8695688977103744, 1.2047253991752296, 663.4549987691171, 0.9024267478443797, 0.9949367881489524]
00236683,93222,391274,429,1;[65683, 1302, 0.8898643963502091, 1.2157433048057757, 263.5146465566555, 0.9138523580591842, 0.9900666244611257]
00236683,93222,391274,429,2;[65128.7, 1114, 0.8920105206580566, 1.2152927457141203, 901.9103499453104, 0.8625949441156302, 1.0004935743926293]
00236683,93260,391459,217,1;[61886, 1206, 0.88409827167143, 1.4305143674075829, 243.25219511796246, 0.9397923110539514, 0.9929323802876786]
00236683,93260,391459,217,2;[63468.649999999994, 1168, 0.8773761500382609, 1.303462920522043, 423.0964271691172, 0.9175794943361034, 0.9939989190599549]
00236683,93260,391459,217,3;[61080.08, 1002, 0.8684022285641108, 1.183091136102187, 330.8801757872058, 0.916625577751276, 0.9937478407203914]
00236683,93260,391459,218,1;[61371, 1146, 0.8861261793421696, 1.3227932692907638, 233.6975189654019, 0.9138117041258418, 0.9979592334523103]
00236683,93260,391459,218,2;[65415.49, 1146, 0.8806046328095137, 1.2456073480301915, 888.1625960645373, 0.8361238909296961, 0.9979485876116476]
00236683,93260,391459,219,3;[65165.420000000006, 1002, 0.8855295886816785, 1.201654730491485, 874.0681197302487, 0.8664653855605965, 1.0001682156524665]
00236683,93314,391804,1,1;[61200, 1184, 0.8911802629893917, 1.382171928150076, 230.7785941011806, 0.9282939375778478, 0.9964830011723329]
00236683,93314,391804,1,2;[63119.979999999996, 1172, 0.8732368986285801, 1.2855284088582624, 778.1732000879881, 0.8841258201664252, 0.9969738548578088]
00236683,93314,391804,1,3;[62554.200000000004, 1048, 0.8706816695963225, 1.2236399679595413, 396.73644698103055, 0.9037575184900603, 0.9935482467115642]
00236683,93314,391804,2,1;[60876, 1180, 0.8846231316147987, 1.3470361909588835, 237.77139752352406, 0.9341344635075844, 0.9983027082872112]
00236683,93314,391804,2,2;[63148.53999999999, 1058, 0.8865645945619125, 1.2173674482590253, 625.6957682754448, 0.8446343329217425, 1.0054568191291826]
00236683,93314,391804,2,3;[61967.840000000004, 1040, 0.8630861857690876, 1.2021879598329055, 462.1138465086889, 0.8699951446873627, 0.9957841205543386]
00236683,93331,391886,297,1;[64499, 1258, 0.8861004128455874, 1.1767130557255576, 486.22112839956037, 0.882567298345443, 0.9920557405541756]
00236683,93331,391886,297,2;[63365.119999999995, 1142, 0.8718246979181136, 1.2238753766468728, 720.7594945839151, 0.8495607612385334, 0.9981722919458998]
00236683,93331,391886,297,3;[60114.23, 962, 0.8786204077621724, 1.2399047265569842, 333.37371361298034, 0.9318307664323562, 1.000205151584226]
00236683,93341,391961,155,1;[64154, 1280, 0.8792525968196029, 1.2928483788835097, 374.536365774355, 0.935168653948244, 0.9960873210570443]
00236683,93341,391961,155,2;[62858.18, 1052, 0.8910501307441899, 1.1703169142364331, 1016.6524047850945, 0.8434156386230575, 0.9998391080909702]
00236683,93341,391961,156,3;[63548.82000000001, 1042, 0.8926078558902395, 1.1802893869861124, 792.7012788894507, 0.8845421833110562, 0.9976556618991289]
00521701,93026,390258,236,1;[65015, 1268, 0.8381775642546434, 1.2907349359759162, 250.17272954094338, 0.8658941841502674, 0.9906670222086777]
00521701,93026,390258,236,2;[63711.409999999996, 1160, 0.8328008538305073, 1.244832771554797, 383.41423372086234, 0.8778173893145765, 0.991986511399535]
00521701,93026,390258,236,3;[64650.3, 1088, 0.7961479669495897, 1.7462056904974999, 589.4067175037352, 0.9620048103930134, 9999]
00521701,93122,390796,1603,2;[62828.43, 1126, 0.819885475612702, 1.256333279056509, 299.49397662419483, 0.8638672780054223, 0.9927420416298441]
00521701,93122,390796,1604,3;[62922.73, 1048, 0.8185142145814573, 1.450235556326929, 320.0687700976941, 0.8812622518672641, 0.997166708279508]
00521701,93122,390796,1605,1;[62224, 1146, 0.8566837480585704, 1.2049831781894702, 156.220883867245, 0.9003790357456036, 0.9972993548904115]
00521701,93139,390917,48,1;[65905, 1250, 0.8177142451097035, 1.363160319113161, 272.79423457219696, 0.8735352990091628, 0.9921342817357269]
00521701,93139,390917,48,2;[63280.63, 1130, 0.8069446185618948, 1.4570263221994737, 273.2561554452453, 0.9667913955202088, 9999]
00521701,93139,390917,48,3;[62114.43000000001, 1014, 0.8202161911979294, 1.608353300801054, 300.4638342307913, 0.9710721126599146, 0.9903020771902235]
00521701,93141,390932,199,2;[64893.079999999994, 1162, 0.8456843959906979, 1.2595769526941694, 346.6162792194861, 0.8648392540420272, 0.9924382364984758]
00521701,93141,390932,199,3;[62017.16, 1054, 0.7860292950526333, 1.5138959370819465, 276.9085808237027, 0.9731655031711313, 0.9876726376191827]
00521701,93141,390932,200,1;[64754, 1262, 0.8692715981718601, 1.325863861317932, 226.1344441489002, 0.9672597308634594, 0.9923832584941227]
