02317354,93025,390252,151,1;[34305, 806, 0.7474679984971133, 1.1019098013669473, 427.0566642347689, 0.9607244978767855, 9999]
02317354,93025,390252,151,2;[23540.579999999998, 640, 0.7183303701848985, 1.0270916995370416, 898.1332399769611, 0.92230958596367, 1.0059752345597397]
02317354,93025,390252,151,3;[35196.670000000006, 698, 0.6987970762385983, 1.0312267301436535, 708.0299401743424, 0.8715651625621095, 7340.285714285715]
02317354,93057,390392,454,1;[20813, 670, 0.7222592394737198, 0.8671381125481531, 588.9573892420947, 0.9122187468710524, 9999]
02317354,93057,390392,454,2;[41582.17, 832, 0.6785898211933453, 0.9703204559617534, 1501.0006600845309, 0.8285810858094571, 1.0061475114815934]
02317354,93057,390392,454,3;[30909.940000000002, 668, 0.7477700942725045, 1.1922478385012734, 434.0183160405244, 0.9201308090389941, 1.0038709677419355]
02317354,93064,390414,935,1;[27313, 736, 0.756092317640246, 1.0481284484645057, 433.18559710864344, 0.9665854132885859, 1.0042836394388983]
02317354,93064,390414,935,2;[22420.789999999997, 622, 0.6980521279941861, 1.0508941390986573, 1023.3558936531554, 0.9164114631085772, 1.0077017703374873]
02317354,93064,390414,935,3;[22700.9, 576, 0.705770055328682, 0.809367312576609, 624.2137217329122, 0.9069107184649398, 9999]
02317354,93073,390478,585,1;[23060, 682, 0.7454130708910707, 0.8070549646367883, 403.2054179221554, 0.9595513502518404, 1.0053844309288689]
02317354,93073,390478,585,2;[24122.489999999998, 652, 0.710720310190106, 1.217774577647044, 745.7184156925706, 0.9392356214003882, 1.0063046068308181]
02317354,93073,390478,585,3;[36837.93, 722, 0.6970506609483912, 1.0089324474435397, 729.5615867162679, 0.8719901826769197, 9999]
02317354,93079,390522,141,1;[30833, 770, 0.7918436189477213, 2.0817756259268108, 412.61128865389594, 0.9694267462551255, 1.0014941371358042]
02317354,93079,390522,141,2;[37994.32, 796, 0.730917138439986, 1.031091514992942, 731.5463179899353, 0.9021260808730868, 0.9953859583489213]
02317354,93079,390522,141,3;[22987.230000000003, 580, 0.7249021900957334, 0.903731600634456, 593.9692527549006, 0.887993452601213, 11186.0]
02317354,93084,390555,451,1;[27986, 772, 0.7342447242999466, 1.4849502795002225, 371.4708616783469, 0.9727820455491659, 1.002902705608314]
02317354,93084,390555,451,2;[22778.98, 624, 0.6843664011664361, 0.9543425623646371, 1124.2233732750751, 0.9048158819404488, 1.0024613773239068]
02317354,93084,390555,451,3;[40564.33, 756, 0.7306330498192563, 1.0078534476808643, 485.45184305864774, 0.880984258614538, 1.0025394460621657]
02317354,93085,390569,565,1;[22606, 676, 0.7535599012980423, 1.1887366060809545, 359.5726524826951, 0.9722581435070836, 9999]
02317354,93085,390569,565,2;[32744.039999999997, 730, 0.7595130889699624, 1.6600926758558392, 577.7232664723858, 0.9435819097081409, 1.000399927285948]
02317354,93085,390569,565,3;[39482.030000000006, 748, 0.685855867946957, 1.1336089841945416, 771.4337211276677, 0.8333590499968905, 6404.222222222223]
02317354,93094,390605,843,1;[26780, 724, 0.7512704837053327, 1.0448570351442037, 432.32026113757627, 0.9655339163457253, 1.0042939378597813]
02317354,93094,390605,843,2;[32244.239999999998, 722, 0.7522526272925109, 1.6839313219984138, 532.0407099599981, 0.954248523095685, 0.9986363468838684]
02317354,93094,390605,843,3;[32623.81, 674, 0.7250812164728118, 0.9744530751421004, 673.7566320157432, 0.8823511984727376, 1.0044500685437099]
02317354,93096,390622,1000,1;[41366, 902, 0.7556293283386284, 1.1978171358145016, 356.8256546992183, 0.9614110673560254, 1.0046753372921904]
02317354,93096,390622,1000,2;[39290.229999999996, 802, 0.6970962028205935, 0.9553369572561246, 1204.4479544257292, 0.8745357199402631, 1.0041208582333532]
02317354,93096,390622,1000,3;[42243.950000000004, 780, 0.7002386980860085, 1.0792905514410276, 606.8146467553453, 0.8336233631918959, 9999]
02317354,93102,390664,1552,1;[41869, 904, 0.7697013658887543, 1.1774894569694927, 330.16519134605517, 0.9657882778302997, 1.0050288649647738]
02317354,93102,390664,1552,2;[26609.59, 670, 0.7279534126573547, 1.1695419452618308, 617.3665872739028, 0.9473222622840324, 1.0055310729382139]
02317354,93102,390664,1552,3;[42211.07, 780, 0.710362987602063, 1.0430327609790757, 581.8625322241635, 0.8470468945214998, 9999]
02317354,93103,390672,1620,1;[42153, 906, 0.7575483765729166, 1.134611858425704, 382.57366609610716, 0.9606059935401372, 1.0042166952544311]
02317354,93103,390672,1620,2;[24478.3, 652, 0.7047994061769397, 0.9820674570738918, 1041.8631141384196, 0.9133641756281619, 0.9985921646681878]
02317354,93103,390672,1620,3;[37991.47, 726, 0.7259061377125945, 1.0475620595076787, 593.7819013783575, 0.8846265267014383, 1.0044552303680092]
02317354,93103,390672,1621,1;[39632, 874, 0.7499562720097716, 1.1337845514374614, 369.23467312429574, 0.9646525222887237, 9999]
02317354,93103,390672,1621,2;[32040.75, 718, 0.7966304908679838, 1.791962521228382, 497.18413014319856, 0.9613134899233599, 1.0014691934314035]
02317354,93103,390672,1621,3;[42146.68, 782, 0.6773320633169131, 1.0955484909894044, 953.8915929516447, 0.7543866493159264, 1.0047356216728176]
02317354,93103,390672,1622,1;[40953, 894, 0.749559725269546, 1.1420731537424187, 400.57248231150857, 0.9586817435427586, 1.0046487666662578]
02317354,93103,390672,1622,2;[31770.62, 728, 0.787225932036555, 2.0530977761584177, 513.2426027562943, 0.9622255604806719, 1.0012939036510586]
02317354,93103,390672,1623,3;[41882.270000000004, 778, 0.728622593255778, 1.016156473797626, 468.2558366265639, 0.8179522662268803, 1.0038418598542063]
02317354,93104,390679,1076,1;[36834, 836, 0.7562750759602362, 1.10567103671527, 385.5766402407076, 0.9625121544202373, 1.0055417542518632]
02317354,93104,390679,1076,2;[37723.0, 796, 0.6685301007447387, 0.884081745162315, 1282.746128387904, 0.8857382330579664, 1.0000946461810265]
02317354,93104,390679,1076,3;[29731.74, 656, 0.6929774568736612, 0.921699126490181, 802.3379241959174, 0.8806317652994127, 9999]
02317354,93104,390679,1077,1;[23578, 678, 0.7614411748257732, 1.1381235425437888, 363.8634964065543, 0.9742068864145319, 1.0059732059049407]
02317354,93104,390679,1077,2;[22789.69, 628, 0.6954299163359619, 1.0137882001225014, 1086.3834929777045, 0.916052409212846, 1.0045899231515725]
02317354,93104,390679,1077,3;[41495.93, 770, 0.7240691265854098, 1.004486655769469, 512.5928755898477, 0.8776826574093958, 9999]
02317354,93113,390739,1963,1;[25086, 700, 0.7382498612778551, 1.3377170694459553, 753.3183116648796, 0.9500327053371754, 1.003179173414912]
02317354,93113,390739,1963,2;[22977.71, 662, 0.697750913874809, 1.0464739870239608, 1028.2607472906352, 0.9250560584494311, 1.0002072002072002]
02317354,93113,390739,1963,3;[24180.500000000004, 592, 0.7057688849580489, 0.8861829178817983, 548.3584466869728, 0.9094717845775311, 35300.0]
02317354,93114,390744,2045,1;[28626, 750, 0.7433489634690931, 1.8992621097686997, 411.18277501485323, 0.9748171946814251, 1.00608020243911]
02317354,93114,390744,2045,2;[42018.9, 842, 0.7004298255970258, 0.9357564547966506, 1220.0102118915715, 0.8630897475922522, 9999]
02317354,93114,390744,2045,3;[41990.5, 776, 0.6830218320421148, 1.0843537876992202, 915.7431528295484, 0.7952778367501435, 9999]
02317354,93115,390750,52,1;[30445, 776, 0.790654741463605, 1.9514070740015805, 367.6968846335158, 0.9726200612707886, 0.998769785942754]
02317354,93115,390750,52,2;[42023.659999999996, 850, 0.7021966109308562, 0.9578985500964908, 1167.8306653179075, 0.8598337435394708, 0.9993349840820658]
02317354,93115,390750,52,3;[30996.250000000004, 686, 0.7646593338684805, 1.134982608397858, 568.9807825287406, 0.8693536011922759, 9999]
02317354,93119,390777,295,1;[28914, 744, 0.8034010789799818, 2.0324600243423854, 420.0696274683521, 0.9740445929373382, 1.0058967802536138]
02317354,93119,390777,295,2;[32753.559999999998, 728, 0.7712053746204739, 1.7445386066727389, 469.16958155524947, 0.9620197193708198, 1.0021117017403336]
02317354,93119,390777,295,3;[41089.04, 770, 0.682353650792429, 1.0719728310107792, 916.2411131956518, 0.8188539621184181, 59984.0]
02317354,93123,390804,1783,1;[22981, 676, 0.7459639187310763, 0.9758177255292512, 644.0550768432622, 0.9423380596855826, 1.007320066625756]
02317354,93123,390804,1783,2;[22247.05, 620, 0.7063880423129066, 1.0106867822305605, 985.8094113705998, 0.9090997670696948, 1.0042166894958773]
02317354,93123,390804,1783,3;[30081.090000000004, 668, 0.7468695770553259, 1.2734491146895321, 452.3999841937206, 0.9318801827559828, 1.0033128469921635]
02317354,93123,390804,1784,1;[41881, 908, 0.7658928394890789, 1.2379462187126895, 346.03735909814196, 0.9654194082238698, 1.003317961310415]
02317354,93123,390804,1784,2;[27348.579999999998, 684, 0.6995422578602597, 0.9408383065925111, 1129.666984439533, 0.9061726710439049, 1.0024863685932388]
02317354,93123,390804,1784,3;[35044.600000000006, 702, 0.6906387898760993, 0.9545032412696526, 810.3840085942828, 0.8719655661470725, 9999]
02317354,93123,390806,1782,1;[39314, 864, 0.734982811578865, 0.9983760166911978, 502.03664367076493, 0.9499773713131094, 1.0038941307151157]
02317354,93123,390806,1782,2;[25506.46, 654, 0.7115721262458657, 1.006319317763271, 993.6877327764554, 0.9120874701997589, 1.006385576110433]
02317354,93123,390806,1782,3;[30185.210000000003, 672, 0.7625711920607582, 1.2956934420055624, 470.9369529940664, 0.9211079034202878, 1.0028219015975604]
02317354,93125,390816,1848,1;[24595, 696, 0.7430011337450593, 1.2095902444778273, 742.4948132865914, 0.94529207410201, 9999]
02317354,93125,390816,1848,2;[42364.0, 844, 0.7181089059039911, 0.9896818437577007, 999.156314795644, 0.8807294734358029, 9999]
02317354,93125,390816,1848,3;[40367.05, 754, 0.7505516967320487, 1.1288683777053996, 450.03782040463494, 0.8979002343367258, 1.0050825487788237]
02317354,93125,390817,1846,1;[41625, 904, 0.7458053524081276, 1.0191028509425972, 653.6106869054946, 0.9394555846438339, 1.0032537960954446]
02317354,93125,390817,1846,2;[35663.11, 766, 0.7371896874436665, 1.0379435764582718, 691.623288540218, 0.9232514325193597, 9999]
02317354,93125,390817,1846,3;[41113.700000000004, 770, 0.6978341797037124, 1.0744828711373433, 792.525221944754, 0.8280743174480732, 9999]
02317354,93125,390817,1847,1;[26147, 718, 0.7563401512230918, 1.0278399152492894, 444.93378333280486, 0.9664113746372383, 1.0062150045217526]
02317354,93125,390817,1847,2;[41514.34, 834, 0.7260932726659678, 0.9942765542307984, 934.5600755940834, 0.888834671244976, 1.0022696584020456]
02317354,93125,390817,1847,3;[22758.440000000002, 630, 0.7104911890606982, 1.2092800801435957, 756.0516996369121, 0.8919041667086685, 9999]
02317354,93135,390891,977,1;[23236, 680, 0.7456480720820061, 0.9691003781229117, 646.6433979883469, 0.9376093313871969, 9999]
02317354,93135,390891,977,2;[42022.47, 846, 0.6867068136756631, 0.9624666514272879, 1427.3937427554044, 0.8404357539581926, 9999]
02317354,93135,390891,977,3;[23428.370000000003, 590, 0.705256509335694, 0.9502261566180751, 878.2501206453055, 0.8639229215487505, 0.9921099959389685]
02317354,93136,390892,1070,1;[30683, 786, 0.7919752774420984, 1.7618001810258421, 364.04552781450104, 0.9731539643868605, 0.9991533426682732]
02317354,93136,390892,1070,2;[42328.299999999996, 844, 0.7156604519099705, 0.9856154770619848, 1044.8316686049825, 0.8673602316294281, 1.002677942212826]
02317354,93136,390892,1070,3;[27815.11, 636, 0.715233092907074, 0.9683325079870937, 771.1213382996021, 0.8776867799248591, 9999]
02317354,93136,390892,1071,1;[27153, 728, 0.7384448532574194, 1.6410890050113074, 545.1992882312853, 0.9653883438460251, 1.0070280193595045]
02317354,93136,390892,1071,2;[40301.729999999996, 826, 0.6849654053110172, 0.9051593041934838, 1423.9094257800562, 0.8618872389648966, 9999]
02317354,93136,390892,1071,3;[22583.08, 580, 0.7015687048411892, 0.9997221745175646, 687.7892335506781, 0.9076793125939283, 9999]
02317354,93136,390897,1069,1;[27278, 734, 0.7544570203390566, 1.027322301807986, 454.7981025474534, 0.962424785457648, 1.0051773376324276]
02317354,93136,390897,1069,2;[24637.76, 674, 0.7292823243142001, 1.226997927833094, 993.7982010557224, 0.9169081995619871, 0.9947150956087248]
02317354,93136,390897,1069,3;[41553.47, 774, 0.6751899899611531, 1.135542030313574, 898.2056277797237, 0.7880159438501384, 30331.0]
02317354,93139,390919,53,1;[42093, 906, 0.7679131869200556, 1.199271568886325, 340.54762559269477, 0.9620224934086349, 1.0038874314333412]
02317354,93139,390919,53,2;[39672.22, 810, 0.7010733723834116, 0.9434914703898296, 1181.7823587494504, 0.8698376368255143, 1.0029180830901598]
02317354,93139,390919,53,3;[27160.250000000004, 624, 0.7230144564449771, 1.1037427779397202, 579.7104078227833, 0.9028639382157336, 9999]
02317354,93141,390934,206,1;[40105, 878, 0.7654674269617455, 1.1820965483781396, 346.9566078816789, 0.9645417757393646, 9999]
02317354,93141,390934,206,2;[26212.129999999997, 672, 0.7236155741149476, 1.0029422473265432, 961.9682658588312, 0.9117718874124082, 1.0038738492389025]
02317354,93141,390934,206,3;[39173.780000000006, 746, 0.7187588096608597, 0.9926654357862353, 557.8864907586925, 0.8742725349369928, 9999]
02317354,93164,391036,119,1;[35726, 824, 0.755567974327374, 1.1000623471121247, 390.90048440194005, 0.9600799701857355, 9999]
02317354,93164,391036,119,2;[40198.2, 812, 0.6918004348967196, 1.002069276834825, 1245.325125861316, 0.862104652469683, 1.0025970171403131]
02317354,93164,391036,119,3;[39488.880000000005, 750, 0.7340453866321515, 1.093369820610023, 525.7324505021035, 0.8850110016399785, 1.0031845471156355]
02317354,93172,391084,490,1;[20691, 666, 0.751856431452651, 0.901454148002503, 438.76454418912124, 0.9298465158074415, 9999]
02317354,93172,391084,490,2;[32282.32, 730, 0.7674554218665649, 1.6461072885223038, 563.752304756195, 0.9497658328131261, 1.0008854781582055]
02317354,93172,391084,490,3;[34144.51, 686, 0.7282091698193937, 1.0125570449645995, 656.260271399123, 0.8865669331105399, 1.0055881700256208]
02317354,93182,391159,207,1;[34796, 820, 0.7429719655373158, 0.9506874906164062, 567.6891429281216, 0.9476817926497874, 1.001842681101002]
02317354,93182,391159,207,2;[22775.41, 624, 0.7024330324660165, 0.9810810918595264, 1019.4435289642856, 0.9123135971707232, 1.0075279006106548]
02317354,93182,391159,207,3;[28819.320000000003, 646, 0.7295976606552097, 1.009379163968387, 812.9650106600001, 0.8833356777546675, 1.0050164827289667]
02317354,93204,391213,535,1;[22627, 678, 0.7618228752694605, 1.1815099863014302, 345.4091127265129, 0.9741847164780029, 1.0030810151834202]
02317354,93204,391213,535,2;[42372.329999999994, 842, 0.7563096111954642, 1.206529574810285, 613.8997280203096, 0.9275353444077505, 9999]
02317354,93204,391213,535,3;[42193.26, 772, 0.6851187428524351, 1.1171102389925582, 898.4196035941229, 0.7935933407893779, 1.0055997257277194]
02317354,93218,391247,162,1;[20286, 668, 0.746348724930145, 0.8995787477445122, 354.0982790403432, 0.9567967790557894, 9999]
02317354,93218,391247,162,2;[23566.76, 644, 0.7243147034933015, 1.0333261174847965, 878.0217366251535, 0.9240228178479394, 1.003547177460221]
02317354,93218,391247,162,3;[22428.27, 594, 0.70823992113191, 0.9618030362665697, 752.1709500913947, 0.8928679393045383, 32742.0]
02317354,93218,391247,163,1;[39074, 864, 0.7508012413446424, 1.0427221855926778, 517.1045266482487, 0.9503792001266019, 9999]
02317354,93218,391247,163,2;[25928.91, 668, 0.7295582098654899, 1.01077102315794, 887.3343597907659, 0.9193366100274007, 1.0065133037694014]
02317354,93218,391247,163,3;[37614.72, 732, 0.7525114787693646, 1.0936077547055403, 489.03664102921215, 0.9063489905822215, 9999]
02317354,93219,391255,207,1;[41108, 890, 0.7707898649403061, 1.1950570016503406, 341.03436247193684, 0.9646754003368506, 82216.0]
02317354,93219,391255,207,2;[22331.539999999997, 624, 0.7074306143879181, 0.8673941787163301, 931.9445424692766, 0.9176575318142847, 1.004308153380964]
02317354,93219,391255,207,3;[38839.5, 742, 0.7015028651574035, 1.0107649311058284, 723.6197140113395, 0.8658280776368082, 9999]
02317354,93219,391255,208,1;[29037, 780, 0.7924167618393773, 1.568899133096731, 361.9571561237099, 0.9740707683672066, 1.0026588397790055]
02317354,93219,391255,208,2;[39243.82, 810, 0.689824627165441, 0.9252997182361615, 1303.9052598179417, 0.8762409060301456, 9999]
02317354,93219,391255,208,3;[25286.090000000004, 612, 0.7048500739796291, 0.929915938389096, 793.424442132183, 0.8889931363154155, 1.0039981505154079]
02317354,93220,391259,270,1;[30003, 756, 0.752797978579192, 1.0012209031390897, 446.48944911152006, 0.960017166687724, 1.0060018776824033]
02317354,93220,391259,270,2;[22704.01, 624, 0.716015579052616, 1.053175038870481, 1007.9991477859971, 0.915550961396879, 1.0060906478234504]
02317354,93220,391259,270,3;[42334.37, 780, 0.6985258574914087, 1.0810063857668202, 784.5175767412036, 0.772652266576996, 1.0035887692632468]
02317354,93222,391268,338,1;[29924, 760, 0.7478081597080098, 0.9820328839322479, 496.54942755021943, 0.95494339171227, 1.0030839367122553]
02317354,93222,391268,338,2;[39302.13, 810, 0.709701162284631, 1.0163146896391009, 1085.4820663781425, 0.8739375276888688, 1.004073815097437]
02317354,93222,391268,338,3;[42002.83, 780, 0.7052518127076902, 1.084728265929719, 617.6517059847118, 0.8185469273640025, 9999]
02317354,93247,391425,281,1;[39726, 880, 0.7576247987633956, 1.0335459075248805, 522.4666007982094, 0.9491431526141724, 9999]
02317354,93247,391425,281,2;[39876.9, 814, 0.7326407249847514, 1.0226020720243196, 809.0628743079347, 0.8961044158956017, 9999]
02317354,93247,391425,281,3;[25673.800000000003, 606, 0.7207880442917619, 0.9814744839944167, 689.9485096742477, 0.8891268548467177, 9999]
02317354,93248,391430,54,1;[41176, 896, 0.7472060657117475, 1.2116824498197425, 389.8232050531274, 0.9595966424615004, 9999]
02317354,93248,391430,54,2;[31075.66, 730, 0.7715890950652641, 1.5016997784660178, 585.2960377401643, 0.9424436347998886, 0.9968316982860633]
02317354,93248,391430,54,3;[36176.22, 712, 0.6818484029782564, 1.0380364062472407, 881.9649734811236, 0.8371666714986905, 52812.0]
02317354,93263,391485,502,1;[37511, 844, 0.7510667073938395, 1.095561223287554, 454.28837327539316, 0.9534672600088047, 9999]
02317354,93263,391485,502,2;[41986.77, 838, 0.7307876390889121, 1.0369526276605536, 857.5390307668241, 0.8819414866207735, 1.0005671667186569]
02317354,93263,391485,502,3;[32792.32, 680, 0.6990061686195288, 0.9436684365036958, 775.2885966870103, 0.86579163576599, 47872.0]
02317354,93267,391508,827,1;[22270, 674, 0.7621202136983417, 1.1589753596351644, 348.1326444551174, 0.9737851195044571, 0.9977598566308243]
02317354,93267,391508,827,2;[41877.29, 836, 0.7523390409529203, 1.1262355611884463, 666.789463401192, 0.9102405661975428, 1.0031213032510014]
02317354,93267,391508,827,3;[30616.760000000002, 656, 0.7336205197063312, 1.016443748548323, 703.8376605278203, 0.8743020324444988, 1.0048335244261595]
02317354,93342,391971,246,1;[25778, 704, 0.7733184120054701, 1.1179009288491863, 341.2104777132075, 0.9701262124986504, 9999]
02317354,93342,391971,246,2;[38444.14, 792, 0.7558213780651323, 1.22119881603914, 531.2593885685653, 0.9366162865765083, 1.006589914159747]
02317354,93342,391971,246,3;[40565.700000000004, 754, 0.6969265982487283, 1.1151631953952068, 771.396152215918, 0.7973965763034466, 59220.0]
02317354,93378,392056,38,1;[37251, 850, 0.7574147417264625, 0.9940428154341424, 531.9165104010215, 0.9497649245841255, 1.004692936321709]
02317354,93378,392056,38,2;[25595.71, 670, 0.7221708866474948, 1.0306654879170551, 925.0974258740814, 0.9141043086599147, 1.0027272091559638]
02317354,93378,392056,38,3;[34333.57, 700, 0.6933221406162707, 0.9471501557788022, 699.6303496637148, 0.8798831944872295, 25061.0]
02317354,93390,392122,796,1;[22912, 694, 0.7676004992476901, 1.1009117494977396, 349.4251720165906, 0.9752895739883777, 1.0028011204481793]
02317354,93390,392122,796,2;[22219.68, 628, 0.7155133785131816, 1.0442068402008278, 998.5018946471524, 0.9181403235436562, 1.0012064666613045]
02317354,93390,392122,796,3;[42268.61, 780, 0.6999594608814392, 1.0777821129827996, 660.6082151975454, 0.8234982335097948, 30853.0]
00023892,93026,390259,210,1;[115384, 1676, 0.9705763288702812, 0.9705763288702812, 27.44450635858385, 0.9967809945790217, 0.9971869206936336]
00023892,93026,390259,211,2;[117053.15999999999, 1570, 1.0149650236071255, 0.9746772383627069, 32.01824097753799, 0.9959190027831599, 0.996711876257112]
00023892,93026,390259,211,3;[116700.71, 1438, 1.0186254340279237, 0.9437976061425024, 56.93241554978748, 0.9908537816795847, 9999]
00023892,93026,390259,212,1;[115337, 1664, 0.9804131521278897, 0.9889032468085639, 29.32303153461915, 0.9964262448288627, 0.9924920079683675]
00023892,93026,390259,212,2;[117691.0, 1554, 1.014747909288223, 0.9808503008994244, 33.38817836122004, 0.9959185983378324, 9999]
00023892,93026,390259,212,3;[114356.64000000001, 1394, 1.0039062202291396, 0.9507977939312924, 37.10296143051946, 0.9936297065684685, 9999]
00023892,93026,390259,214,1;[120043, 1634, 1.0032661182443197, 0.9887838124952426, 22.927187669422857, 0.9969424029558446, 0.9982495311986761]
00023892,93026,390259,215,3;[114305.95000000001, 1398, 1.010278510246198, 0.9543713578041263, 39.13504025500448, 0.9933049493998183, 9999]
00023892,93026,390259,216,2;[116758.04, 1568, 1.0123332269148082, 0.98091887278259, 29.98789604125521, 0.996023856518871, 0.9963240520725442]
00023892,93049,390350,751,2;[112488.31999999999, 1480, 0.9848740726439702, 0.9929826624223882, 26.49613653842162, 0.9961483784872827, 9999]
00023892,93049,390350,752,3;[118309.09000000001, 1532, 1.0130833231157215, 0.9721992345752148, 59.29260583943325, 0.9911236827270111, 9999]
00023892,93049,390350,753,1;[115862, 1658, 0.9829469492684024, 0.9978529551266063, 24.60371064380052, 0.9960469422803894, 0.9909383646292598]
00023892,93049,390350,756,2;[116076.17, 1538, 1.0085478725212538, 0.9927081192712227, 43.37188848757056, 0.9943862237694245, 9999]
00023892,93049,390350,756,3;[117833.70000000001, 1382, 1.047327962051423, 0.9430491915437306, 103.28006889242694, 0.9876476852572468, 0.9989779088945155]
00023892,93049,390350,757,1;[119330, 1636, 1.0075125795868425, 0.9942916148693116, 29.0029681718026, 0.9953227996444487, 9999]
00023892,93049,390350,758,3;[117121.3, 1400, 1.030931342867741, 0.9719735434960686, 74.73251000866165, 0.9910807744684849, 9999]
00023892,93049,390350,760,1;[119412, 1684, 1.0004737661313214, 0.9880028410604836, 28.934950571560975, 0.9954903479060804, 0.999870214146658]
00023892,93049,390350,760,2;[117228.09, 1564, 1.0405712513178689, 0.9825036010815462, 94.58212834702178, 0.9879751501300211, 0.9954779023530066]
00023892,93049,390350,761,1;[115473, 1576, 0.991677529821298, 0.9926776955103828, 36.86362273631874, 0.9942467519164607, 1.0014917476864902]
00023892,93049,390350,763,2;[118247.92, 1546, 1.0345050869305332, 0.994516715150005, 59.95186314319832, 0.9908730469999921, 9999]
00023892,93049,390350,763,3;[118310.46, 1494, 1.0361395917367435, 0.9712337522244107, 108.28824339469637, 0.9843328979744623, 0.9939059128182995]
00023892,93049,390350,766,1;[116227, 1652, 0.9751026370807013, 0.9892795240401203, 27.456611617824382, 0.9965442441576506, 0.9924685549359998]
00023892,93049,390350,767,3;[117711.77, 1466, 1.0214023858039325, 0.9691685127209577, 43.76655418360943, 0.9929606828812833, 10740.125]
00023892,93049,390350,769,2;[117706.47, 1490, 1.0202549609913965, 0.9997484379105231, 29.963769686372082, 0.995278891855519, 9999]
00023892,93049,390350,770,1;[117114, 1588, 1.0024585818836231, 0.9928265580916606, 32.869004539460455, 0.9955113006843905, 9999]
00023892,93049,390350,770,3;[118395.40000000001, 1410, 1.0424963099943128, 0.9275135170288007, 78.28360049762023, 0.9922517167138535, 9999]
00023892,93049,390350,773,2;[114238.81, 1522, 1.0044227657496143, 0.986742260703326, 36.17136856988099, 0.9948063335800724, 9999]
00023892,93099,390646,1221,2;[114072.20999999999, 1486, 1.0090858747803573, 0.9867088647928606, 38.53013999163804, 0.9934468550222741, 9999]
00023892,93099,390646,1222,1;[115757, 1704, 0.9986716907804245, 0.9931340390066832, 35.39650912607604, 0.9961712619634862, 0.989105543782897]
00023892,93099,390646,1222,3;[117585.73000000001, 1392, 1.1323117391248805, 0.9651113997953958, 50.31573890807299, 0.9940088735414381, 9999]
00023892,93103,390673,1487,1;[118131, 1640, 0.9941992381714719, 0.9832364950716539, 24.18140079113889, 0.9967673469878491, 0.9975637458357788]
00023892,93103,390673,1488,3;[117951.52, 1364, 1.034720293021279, 0.9614925636421753, 96.22023479779668, 0.98528403584093, 0.9961010262284081]
00023892,93103,390673,1489,2;[116541.45999999999, 1546, 1.014966414714585, 0.992022459678374, 40.09946663942671, 0.9947342202306876, 0.9929282227280332]
00023892,93103,390673,1491,2;[120403.01, 1514, 1.0503891899546012, 0.9843946252209498, 113.66690920960296, 0.984839104179109, 9999]
00023892,93103,390673,1492,1;[114627, 1678, 0.9987680845865211, 0.9924709850319351, 45.564953524898826, 0.9946129103177113, 0.9927122981592382]
00023892,93103,390673,1492,3;[112581.12000000001, 1362, 1.004285977747245, 0.9649001229124898, 31.23126453415144, 0.9956981357234577, 9999]
00023892,93103,390673,1495,2;[114817.15, 1510, 0.9930315460441014, 0.9870770259924616, 31.546042712339776, 0.9947702350629656, 9999]
00023892,93103,390673,1497,3;[113548.34000000001, 1404, 1.0054351093309934, 0.960491452600365, 28.91913419738997, 0.9948299282430487, 9999]
00023892,93103,390673,1498,1;[116314, 1654, 0.989772517025471, 0.9913499174139772, 25.89202116124958, 0.9956881817830718, 0.9948765321221763]
00023892,93103,390673,1499,1;[115761, 1706, 0.9962542217613665, 0.9812057965453727, 38.26655464467754, 0.9959036968410945, 0.9896936302274583]
00023892,93103,390673,1499,3;[117251.45000000001, 1500, 1.0242496834682837, 0.9748615169204323, 53.78139989410666, 0.9908513476631625, 34234.0]
00023892,93103,390673,1500,2;[113904.42, 1520, 1.0033341804562999, 0.9866325509813356, 31.931454020851525, 0.9944117262205622, 0.9918501209788144]
00023892,93122,390798,1587,3;[117843.29000000001, 1442, 1.0406381091708652, 0.97290517790024, 111.87571133625764, 0.982512094931687, 0.9956477955389904]
00023892,93122,390798,1589,1;[115972, 1698, 0.9778822539189395, 0.9908134710763481, 20.37117655163161, 0.9968449509462828, 0.9941706957446079]
00023892,93122,390798,1589,2;[117505.36, 1504, 1.0292453359150497, 0.9978651105229204, 41.27597117489877, 0.9945531923571351, 9999]
00023892,93122,390798,1590,1;[114476, 1708, 0.9714008354292216, 0.9792266459744134, 31.895664856885332, 0.9963746613606888, 0.9873600048300221]
00023892,93122,390798,1590,2;[115546.62, 1446, 1.0044099548766843, 0.9937778684089924, 34.96544073137213, 0.9941037791054449, 9999]
00023892,93122,390798,1592,3;[117977.55, 1424, 1.0384956777881869, 0.9582881772027657, 51.69301507743181, 0.993571167624946, 172230.0]
00023892,93139,390920,17,2;[116130.90999999999, 1510, 0.9981631323817355, 0.9808162066148503, 32.268889709424414, 0.993887002655094, 0.9946034641785189]
00023892,93139,390920,17,3;[117082.94, 1368, 1.01704474354301, 0.9629625559037094, 53.25214145749839, 0.9925764721536028, 9999]
00023892,93139,390920,18,1;[114291, 1656, 0.9814575364939319, 0.9959018721886728, 30.733984173391054, 0.9957475714305857, 0.9944271152817112]
00023892,93139,390920,19,1;[117141, 1708, 1.0011284673044343, 0.9784178992053928, 59.47460187917027, 0.9921109682880714, 0.9933264364697103]
00023892,93139,390920,20,3;[118051.53000000001, 1470, 1.0213625513322462, 0.9716452290970454, 85.44257796364806, 0.9849400431888099, 9999]
00023892,93139,390920,21,2;[115941.7, 1478, 1.0067750976010585, 0.9966286729292532, 25.270836994108723, 0.9955051948918705, 1.001742742428838]
00023892,93166,391047,301,1;[119197, 1602, 0.9934559797032223, 0.9948353663934025, 20.712104405988043, 0.9968702647084702, 0.9987055043296481]
00023892,93166,391047,301,2;[116151.14, 1540, 1.0002683910551358, 0.9928704150270152, 33.4848806094114, 0.9948215854848882, 9999]
00023892,93166,391047,303,3;[118637.89000000001, 1398, 1.0223579081250327, 0.9703534494557088, 42.23273852076505, 0.9934911546531924, 9999]
00023892,93166,391047,304,1;[117753, 1622, 0.9772164352433422, 0.9958620833402838, 25.766315361363983, 0.9967860458868003, 0.9972686967237064]
00023892,93166,391047,305,2;[117093.62, 1536, 1.002178459818774, 0.997850638667676, 24.4138911119299, 0.9964615269265222, 1.000127051242307]
00023892,93166,391047,305,3;[119032.45000000001, 1370, 1.0183846266174685, 0.9748323649170428, 37.875699129217296, 0.9947455224370897, 2199.6202531645567]
00023892,93166,391047,307,2;[115370.5, 1528, 1.0058060097422366, 0.9895282762600829, 39.93207841576104, 0.9944151817445519, 9999]
00023892,93166,391047,308,1;[115460, 1682, 0.9960968642594321, 0.9954651582763876, 40.582903883813906, 0.9951983391381567, 0.9932470213772635]
00023892,93166,391047,308,3;[118877.64000000001, 1454, 1.017150500848034, 0.9733966928934351, 36.44529966828555, 0.9937569319287601, 1324.7633587786258]
00023892,93166,391047,309,1;[119716, 1620, 1.0322619672169577, 0.9876387315526259, 46.38197855060344, 0.9944067144527013, 0.999419796219075]
00023892,93166,391047,309,2;[115416.90999999999, 1496, 1.0140101989435855, 0.9782871975660953, 49.76970517264166, 0.9923215994050387, 9999]
00023892,93166,391047,310,3;[117396.67000000001, 1446, 1.0322636927019022, 0.9549682020607355, 42.6314536599798, 0.9954496600959517, 9999]
00023892,93166,391047,312,2;[119097.58, 1476, 1.0286965797742729, 0.9766518066581236, 64.13464440773701, 0.9901136968339167, 100082.0]
00023892,93166,391047,313,1;[120302, 1688, 1.021004314514589, 0.9866737636844082, 42.55555215394716, 0.9931729686905908, 0.9957002685780263]
00023892,93166,391047,313,3;[119017.38, 1408, 1.0256435421473993, 0.9687818342517958, 44.27779058241403, 0.9929874755115312, 24821.14285714286]
00023892,93166,391047,315,1;[117580, 1706, 0.9911475015587408, 0.9998940038735258, 31.46718806602632, 0.9964770636421072, 0.9924037812288994]
00023892,93166,391047,315,2;[119473.62, 1562, 1.0290292751963206, 0.976969826578464, 59.39391504055549, 0.9910613417632356, 9999]
00023892,93166,391047,315,3;[120414.78000000001, 1524, 1.0420803432332637, 0.9716719340706381, 114.80932319891738, 0.9838297153742086, 0.9968696835658387]
00023892,93265,391506,609,1;[120450, 1668, 1.0130823848066772, 0.9934285035407959, 28.081715577593773, 0.9950777124707098, 9999]
00023892,93265,391506,609,3;[119976.38, 1438, 1.0627480642574758, 0.9590433977019611, 126.38952663022229, 0.9846962103710577, 0.99012968218255]
00023892,93265,391506,610,2;[119833.0, 1508, 1.0279624297293433, 0.9939602657133225, 34.05485042585448, 0.9943307197997148, 0.9989534301203803]
00023892,93265,391506,611,3;[119896.92000000001, 1368, 1.0267371543472592, 0.9680652141772095, 60.138477372720004, 0.9910185054986551, 175032.0]
00023892,93265,391506,612,2;[116885.37, 1548, 1.0145783774572443, 0.9803564738122116, 29.62078944142632, 0.9948200399301197, 9999]
00023892,93265,391506,613,1;[114481, 1610, 0.9955593575803238, 0.9902087238335712, 36.759064237107594, 0.9944111491071127, 0.9902515396858349]
00023892,93329,391882,87,1;[118271, 1616, 1.0194271800477344, 0.9951980347867928, 37.73351695185407, 0.9949972892828642, 0.9989948475377988]
00023892,93329,391882,87,2;[111247.15, 1430, 0.9892958805203751, 0.987969527216751, 25.62743346510477, 0.9960790202361292, 9999]
00023892,93329,391882,87,3;[115923.92000000001, 1414, 1.0215942370198658, 0.9563196493174627, 47.010858776237484, 0.9953242287886229, 9999]
00023892,93329,391882,89,1;[114628, 1672, 0.9914825066265023, 0.992449732020601, 46.0862142629913, 0.9941192467786226, 0.9939475920434248]
00023892,93329,391882,89,3;[114667.63, 1414, 1.0167941706478845, 0.9529070402788227, 69.36194070195396, 0.9896615259912896, 0.9922821576763485]
00023892,93329,391882,90,2;[116098.78, 1540, 1.024478526931865, 0.9929498654533664, 58.7047229351499, 0.9922725834272821, 9999]
00023892,93329,391882,92,2;[114627.93999999999, 1522, 1.0073552101636527, 0.9847883422105579, 36.85985021329225, 0.9940911230252352, 0.9904477918873066]
00023892,93329,391882,92,3;[114493.64000000001, 1356, 1.0098884038015559, 0.9575393429604518, 53.70771228318953, 0.9928164272628103, 9999]
00023892,93329,391882,93,1;[115389, 1646, 0.9791536811644996, 0.9912072497007227, 30.555962129969355, 0.9961549890584726, 0.995354855405318]
00023892,93329,391882,94,1;[116973, 1592, 0.994606233216065, 0.9965614043713638, 34.71012332712566, 0.9946580766084038, 0.9999615310636661]
00023892,93329,391882,94,2;[112866.73999999999, 1496, 1.003006582190011, 0.9923183925625743, 26.138494257660792, 0.99570058885804, 9999]
00023892,93329,391882,94,3;[114433.36000000002, 1410, 1.0214616209838423, 0.9517095185099957, 73.57692311392724, 0.9894936176987641, 0.990536726513768]
00023892,93329,391882,96,1;[115407, 1632, 0.9872182726007631, 0.9927104473525977, 23.989429741072772, 0.9960868400620199, 0.996795591563164]
00023892,93329,391882,96,2;[113005.97, 1516, 0.9882006017804126, 0.9825266807640969, 27.477798069064683, 0.9957344812378607, 0.9942780561096016]
00023892,93329,391882,96,3;[117169.25000000001, 1434, 1.0569068397282255, 0.9348208440309685, 110.45560734956277, 0.9883416942725053, 9999]
00023892,93329,391882,99,1;[118266, 1608, 1.0340711010663866, 0.9901960891665134, 40.350390802242764, 0.9941750124012475, 0.995743928467688]
00023892,93329,391882,99,2;[114010.33, 1524, 1.0088953795511193, 0.9873587254334197, 27.375748128469997, 0.9954495918170748, 9999]
00023892,93329,391882,99,3;[113752.47000000002, 1336, 1.0058340005280906, 0.9771892906538502, 25.640739364499375, 0.99607581804577, 9999]
00023892,93377,392048,3,3;[118466.64000000001, 1406, 1.047556527781869, 0.9626297559970822, 107.28162349534367, 0.988306503325163, 9999]
00023892,93377,392048,4,1;[118492, 1724, 0.9863208326474601, 0.9986424630954116, 19.764201178268063, 0.9967779664001932, 0.982353745839223]
00023892,93377,392048,4,2;[116322.5, 1540, 1.0024661578187861, 0.9812524545754474, 28.71243987076844, 0.9953319054134065, 9999]
00023892,93377,392048,5,1;[112681, 1604, 0.9750116024793062, 0.9728192778387952, 30.87669786078407, 0.9962903174522396, 0.9869450782375636]
00023892,93377,392048,5,2;[117476.79999999999, 1468, 1.0128946844061226, 0.9826118107683158, 31.69563920609115, 0.9953051589361018, 9999]
00023892,93377,392048,5,3;[119291.38, 1442, 1.0494193382007337, 0.9224995551443748, 90.97954973781846, 0.9914184377585706, 9999]
00023892,93377,392048,8,2;[114999.22, 1520, 1.0070723933409482, 0.9772014446917673, 55.95936210100426, 0.9911467610708359, 1.0000983146794165]
00023892,93377,392048,8,3;[115359.48000000001, 1394, 1.0261842013140077, 0.9530082855170431, 74.80732270330151, 0.9887307322964278, 9999]
00023892,93377,392048,9,1;[115825, 1638, 0.9752674514762388, 0.977930434245964, 26.59457846165895, 0.9966290836236483, 0.9829547624402228]
00023698,93080,390528,134,1;[36900, 898, 0.9978155479327312, 1.0259673944738459, 89.73238912855744, 0.9929930238391793, 0.9837638966648005]
00023698,93080,390528,134,2;[39364.009999999995, 820, 1.0504391901326098, 1.022399976459444, 131.86334323534342, 0.9822628171354302, 1.0140555785472325]
00023698,93080,390528,134,3;[55474.04, 910, 1.2348669144335471, 0.954528904486548, 84.48481776732575, 0.9923977465338607, 26994.666666666668]
00023698,93244,391403,53,2;[43991.92, 860, 1.0139415938895173, 1.0212939734954087, 88.72411398565121, 0.9915332214735743, 9999]
00023698,93244,391403,54,1;[45368, 944, 1.0138822074695624, 0.9740646097252217, 57.91967425793741, 0.993886083647604, 1.000099198694986]
00023698,93244,391403,55,3;[38692.91, 766, 1.0128055678324268, 1.0020142613457823, 123.04365198080062, 0.9864740144323954, 0.9985680697226298]
00232831,93048,390346,740,1;[60347, 1074, 1.0041203919890753, 0.9799737843213558, 68.8031668473261, 0.9893269121354705, 1.0045276737411568]
00232831,93048,390346,740,2;[26282.34, 714, 1.0320528336306802, 1.014372897938292, 140.43680277580415, 0.9847081607347733, 9999]
00232831,93048,390346,740,3;[48303.46000000001, 810, 1.1451752258466206, 0.9524738607388366, 111.29907984614162, 0.9886044851043795, 1.0053033759124088]
00232831,93048,390346,741,1;[58549, 1054, 1.0054455670794802, 0.9721401613657598, 71.84338526471858, 0.9899833681219329, 1.006091640962634]
00232831,93048,390346,741,2;[26754.77, 714, 1.0341519316231074, 1.0048081338552852, 159.3327943069655, 0.9804418482813829, 1.0053435285174503]
00232831,93048,390346,741,3;[59377.170000000006, 910, 1.009236585552549, 0.9801747544230137, 119.60868056295885, 0.9820228240271109, 1.0022546741128724]
00232831,93048,390346,742,1;[60220, 1068, 1.0074655194483435, 0.9772295374079115, 65.41557014703079, 0.9913233628504808, 1.006005629755849]
00232831,93048,390346,742,2;[36023.68, 754, 1.1820072772154882, 0.975194568199687, 145.89823339616314, 0.9858882366313425, 1.007957912962408]
00232831,93048,390346,742,3;[30371.530000000002, 664, 1.0089733402220478, 0.9955065153366602, 110.20559259267367, 0.9896436106369197, 1.003848940409346]
00232831,93147,390953,359,1;[28614, 804, 1.0032679635817676, 0.9797642027110547, 76.11960080236409, 0.9935266967839056, 1.0029442691903259]
00232831,93147,390953,359,2;[32495.329999999998, 730, 1.0010910926167107, 1.0181539503852286, 138.38844875947652, 0.9872961394964037, 1.0066911209009972]
00232831,93147,390953,359,3;[44651.04, 780, 1.1265940771710539, 0.9490983104198878, 135.99181647196534, 0.9850378115291741, 1.0061277725469615]
00232831,93165,391039,287,1;[39866, 864, 1.0298398293658304, 0.9959000629021967, 86.7554628668432, 0.992586344484783, 0.9994735126733021]
00232831,93165,391039,287,2;[58477.79, 974, 1.0269415973797502, 0.9712203717647845, 110.17502078317794, 0.9861528678999373, 1.0036866453569715]
00232831,93165,391039,287,3;[47685.590000000004, 804, 1.0360607644632402, 0.94115180619928, 106.98442230112188, 0.9887037694940279, 9999]
00232831,93165,391039,289,1;[28699, 810, 1.00818441333912, 0.9786705332760606, 77.15163995602295, 0.9933617731220881, 0.9997039101280153]
00232831,93165,391039,289,2;[29376.34, 706, 1.0029025862775742, 1.0184988224387705, 115.10771404046059, 0.9898791421656763, 1.0058060178866095]
00232831,93165,391039,289,3;[29242.65, 658, 1.0054347153086407, 1.016919426240819, 136.91117619523283, 0.9875221844265234, 1.0027482207032625]
00232831,93165,391039,290,1;[29374, 836, 1.0333035036256313, 0.9688302861139513, 84.38927192001452, 0.9925713888783438, 1.00454840805718]
00232831,93165,391039,290,2;[48306.86, 868, 1.1486846561401474, 0.9733066559966124, 138.39645165229948, 0.9857525522417887, 1.0036095727848102]
00232831,93165,391039,290,3;[28849.460000000003, 652, 1.0052699092288533, 1.0203944978101065, 115.91342784668967, 0.98962519814608, 1.003669987131214]
00232831,93328,391868,72,1;[53913, 1002, 1.0197885864858176, 0.9823802569413564, 73.40299224254385, 0.9925419384832258, 1.0061398925052254]
00232831,93328,391868,72,2;[30416.399999999998, 710, 1.0438726826922544, 0.9772929921499058, 127.79972348039183, 0.989214036519754, 9999]
00232831,93328,391868,72,3;[54501.340000000004, 870, 1.009712309967718, 1.0058363780854904, 98.19940865914353, 0.988407161462243, 9999]
00232831,93328,391868,73,1;[53548, 998, 1.0189524065939604, 0.9797690597906243, 70.54455465725476, 0.9923345736926806, 1.0058606957697798]
00232831,93328,391868,73,2;[32314.449999999997, 730, 1.0032959324346369, 1.0173005886922057, 119.24168662801405, 0.9887060503406242, 1.0007739367583106]
00232831,93328,391868,73,3;[56224.8, 882, 1.0097929346542687, 1.0019868142286004, 108.93376190051036, 0.985441320762081, 9999]
00232831,93328,391868,74,1;[58872, 1058, 1.0073440151434425, 0.9871881459772484, 66.68563326524257, 0.9914655171775439, 1.0050875815208113]
00232831,93328,391868,74,2;[56247.729999999996, 944, 1.126253123694444, 0.9646773931279856, 122.14461848641795, 0.984343955618227, 1.0040039508480516]
00232831,93328,391868,74,3;[54302.69, 864, 1.013030303116915, 1.0093036032740614, 115.46933163720168, 0.98485697905831, 9999]
02011239,93051,390358,939,1;[116627, 1616, 1.226767054368351, 0.7894687830108843, 532.2675009887437, 0.9050921283062553, 0.9979207666638145]
02011239,93051,390358,940,2;[117272.12, 1552, 1.3092563299230477, 0.6068035466539268, 1228.139150718081, 0.8174875198029596, 1.0004923882862349]
02011239,93051,390358,940,3;[115392.36000000002, 1382, 1.318292950488103, 0.6057554136872206, 1168.9718829789124, 0.8214685434610559, 0.9951617190961454]
02011239,93067,390431,80,1;[118920, 1686, 1.2542632538325544, 0.7423580549697025, 569.507972460711, 0.9015609841400498, 0.9991975835080305]
02011239,93067,390431,80,2;[118553.75, 1466, 1.357853043853108, 0.531559173981394, 1633.6718951822672, 0.7669681218218305, 1.0011808155164184]
02011239,93067,390431,80,3;[118391.29000000001, 1452, 1.356266852165266, 0.5166416962040419, 1919.7424933362652, 0.746146720538869, 0.9946822592341072]
02011239,93067,390431,82,1;[118641, 1708, 1.2449748672074326, 0.7181549743029295, 893.282505245612, 0.8829947529564313, 0.9961502777089745]
02011239,93067,390431,82,2;[119248.70999999999, 1564, 1.3446848026017544, 0.5648885938993163, 1580.933163534961, 0.7894495725574902, 0.995040140603822]
02011239,93067,390431,82,3;[119714.71, 1434, 1.3542826948477997, 0.526979916014058, 2056.993155723269, 0.7251234012138238, 0.9949672644463422]
02011239,93096,390617,985,1;[116692, 1658, 1.24249198816296, 0.808200761305186, 593.4487026027602, 0.8906043572037874, 0.9970990716174705]
02011239,93096,390617,985,3;[115455.38, 1418, 1.3282275388581455, 0.6374442312904417, 1521.3487987242136, 0.7646659289135507, 0.9979868315096395]
02011239,93096,390617,986,2;[117091.23999999999, 1448, 1.3084930659141252, 0.6856419639128749, 1196.286329035447, 0.797253268629796, 1.0005084090862872]
02011239,93139,390919,102,1;[117379, 1712, 1.2282330911093862, 0.8078462631369242, 796.7003448656235, 0.8873595373247152, 0.9936678320790335]
02011239,93139,390919,102,2;[119220.15, 1512, 1.3770401088012958, 0.5089472011458898, 2095.068297686564, 0.7324270604301623, 0.9965384500611739]
02011239,93139,390919,102,3;[117903.57, 1412, 1.328656210046723, 0.5504035843614692, 1529.9069438810973, 0.7524930977388753, 0.9987698306776376]
02011239,93148,390958,452,1;[120294, 1614, 1.3278159476202218, 0.6225550249135221, 1261.0238793044919, 0.8281432758629721, 1.0027006751687921]
02011239,93148,390958,452,2;[116936.54, 1552, 1.321941468035762, 0.5742586742951914, 1317.463211886172, 0.8025810084082484, 0.9964407759311275]
02011239,93148,390958,452,3;[118457.05, 1462, 1.3390552445604098, 0.5392057778748746, 1591.021355224359, 0.7571806126754217, 0.9930116510763894]
02011239,93174,391097,944,1;[115789, 1634, 1.2360602781567875, 0.8085765807006626, 672.0021418727636, 0.9007379482195105, 0.9966731367629147]
02011239,93174,391097,944,2;[114926.62999999999, 1510, 1.3172811742534574, 0.6155551151938757, 1127.705228653941, 0.829468573790128, 0.9990379642081307]
02011239,93174,391097,944,3;[114674.48000000001, 1340, 1.3182123949532747, 0.6040507108458479, 1368.6495021835508, 0.803896915688656, 0.997194407877102]
02011239,93260,391459,220,1;[117062, 1700, 1.2413619639702593, 0.8204951892970752, 811.6401863374552, 0.885596061152482, 0.9971209540034072]
02011239,93260,391459,220,2;[115490.68999999999, 1464, 1.303444379783877, 0.6934132068266222, 1109.904663449888, 0.8164462635119065, 1.0005928232304226]
02011239,93260,391459,220,3;[118018.65000000001, 1430, 1.3548914329395276, 0.5815690308035358, 1793.5499390521295, 0.718576095141085, 0.9962472316828477]
02011239,93331,391886,298,1;[115718, 1646, 1.2205921459485618, 0.776693578962552, 697.2344406097402, 0.8936117073027604, 0.9979087706589744]
02011239,93331,391886,298,2;[117548.2, 1516, 1.3756616519061167, 0.5263497741207048, 2075.71238533834, 0.7315982624785673, 0.9965245726334054]
02011239,93331,391886,298,3;[118015.91, 1438, 1.3613632176448651, 0.5285279880511179, 2108.9797357386424, 0.7677025621574034, 0.9949181710035457]
02011239,93384,392075,333,1;[118950, 1684, 1.2319641615433563, 0.7375010922312449, 791.620269400836, 0.8865421919322041, 0.9976390467284233]
02011239,93384,392075,333,2;[120223.31999999999, 1582, 1.3319880322540039, 0.576774218032224, 1347.0331949162971, 0.8118873856839522, 0.9940374284196234]
02011239,93384,392075,334,3;[118057.01000000001, 1356, 1.2886390062202722, 0.648564078171752, 1157.7760607880286, 0.8337871472995934, 1.001016431338611]
02011239,93384,392075,336,3;[119116.02, 1420, 1.302945538818725, 0.5854081184562107, 1263.462135025676, 0.8089841962454187, 0.9971729219829687]
02011239,93384,392075,337,1;[118922, 1740, 1.2492116154755224, 0.7638034722072186, 859.3511361250377, 0.8920772312301488, 0.9940235880204285]
02011239,93384,392075,337,2;[117304.25, 1536, 1.3201723334547275, 0.6181872204919716, 1179.1622391595006, 0.8197647229250431, 0.9941004437273094]
