02395460,93027,390262,355,4;[59795, 1124, 0.8019704443390139, 1.016528556921166, 333.2630127196444, 0.9262008997333371, 1.0024728613940233]
02395460,93027,390262,355,6;[55694.61000000001, 970, 0.7879085128331305, 1.0179723577777984, 468.1931481583621, 0.9245793112868594, 1.0028244754986]
02395460,93027,390262,355,7;[45306.36, 904, 0.8027899215514104, 1.1451773597768373, 351.37377474260484, 0.949008905359104, 1.0034224526447766]
02395460,93027,390262,356,5;[59340.54, 996, 0.793690459411, 0.9775153837514611, 258.5588879023222, 0.9088108616469198, 1.004037007580715]
02395460,93064,390419,1291,4;[47995, 1010, 0.8029049536155867, 1.004696205336506, 236.79067132781074, 0.9219387633846203, 1.006068482669713]
02395460,93064,390419,1291,5;[46310.04, 940, 0.7914526858577395, 1.039115729441437, 243.6112271083984, 0.911943043071319, 1.003830528148578]
02395460,93064,390419,1291,6;[57793.450000000004, 1022, 0.7913066779737372, 1.044476985707413, 305.6782418275814, 0.9254974118726214, 1.002709705022462]
02395460,93064,390419,1291,7;[50269.68, 840, 0.7987594242608727, 1.000580736850044, 321.67830466499566, 0.9246296150208775, 1.006540552960098]
02395460,93064,390419,1292,4;[49097, 1172, 0.8158958205741162, 1.2796832599450925, 336.11523414333834, 0.9563196639338366, 1.0003259917279599]
02395460,93064,390419,1292,6;[57129.00000000001, 916, 0.7856446280947806, 0.9714036582013861, 350.67568397647494, 0.8834421859327791, 1.0067964798338906]
02395460,93064,390419,1292,7;[42993.0, 838, 0.7923748330416177, 1.0743427508517773, 432.9634675092275, 0.957600341036041, 1.0037685974030612]
02395460,93064,390419,1293,5;[58155.299999999996, 1092, 0.7844774163753748, 1.0610950642809298, 369.83899584634986, 0.9269682663781151, 0.9996624835077168]
02395460,93064,390420,1294,4;[62690, 1212, 0.7898016254262907, 1.0692906281746646, 336.6383708249948, 0.9351244726496838, 0.9583135882110155]
02395460,93064,390420,1295,5;[60223.52, 1074, 0.7965364376390693, 1.0465934306341753, 229.3718897455585, 0.9168619178931358, 1.0023966565650564]
02395460,93064,390420,1295,7;[49963.68, 866, 0.7867170852664102, 0.9682567647009949, 406.80946248692675, 0.9091043618039585, 1.0008888344009563]
02395460,93064,390420,1296,6;[57398.89000000001, 980, 0.7895193188490464, 1.0062834384165338, 496.2605066319577, 0.9201596226564184, 1.0027283823564608]
02395460,93072,390471,376,4;[53675, 1062, 0.7989162390628256, 1.0062996700901077, 423.3164263426531, 0.9304730492313015, 0.9951978343901806]
02395460,93072,390471,376,7;[55285.020000000004, 892, 0.7835220472966798, 1.0236735431755704, 497.6876976847443, 0.9286782788641906, 1.0025108549391708]
02395460,93072,390471,377,5;[52774.119999999995, 980, 0.788496202027187, 0.968346850591299, 241.23072326544695, 0.9053124467447365, 0.995320548068183]
02395460,93072,390471,378,6;[59651.170000000006, 934, 0.7912872081187404, 0.9819674447108276, 326.3325275433534, 0.8885165744152478, 1.0057981057981058]
02395460,93079,390522,122,5;[51812.6, 1042, 0.7842286390122217, 0.9954681435611933, 461.0658568407822, 0.9326508461214325, 0.9999081388939923]
02395460,93079,390522,123,4;[63998, 1188, 0.8103269121031677, 1.040065379431746, 309.0297688023824, 0.9626240763355143, 0.9630058760241662]
02395460,93079,390522,123,7;[42520.23, 798, 0.8020857562815765, 0.9766527563703011, 232.6007661386933, 0.9256686689698909, 1.0062275969441326]
02395460,93079,390522,124,6;[59621.030000000006, 1000, 0.7980718406291347, 1.00810498245693, 304.7372740223396, 0.9229154879066447, 1.0003562931718137]
02395460,93092,390596,745,4;[57808, 1214, 0.7952196361388822, 1.0721882447606004, 342.0837114031838, 0.9440662717311455, 0.9843345593243428]
02395460,93092,390596,745,6;[58411.32000000001, 930, 0.7951782191640251, 1.019074300477508, 207.2447528126307, 0.9007849112446029, 1.0099488345650938]
02395460,93092,390596,746,5;[58439.71, 1060, 0.7936394454871273, 1.0343765737309447, 205.92615560135349, 0.9172096643048898, 1.002316539274015]
02395460,93092,390596,746,7;[55601.73, 862, 0.7974472988325976, 1.0222924089287586, 230.30941713864706, 0.9031102794323598, 1.0079183481022314]
02395460,93093,390600,871,4;[46510, 1020, 0.8021245252677202, 1.0029706351467902, 250.05410389810325, 0.9199705987700393, 0.9821975376428104]
02395460,93093,390600,871,5;[53288.2, 996, 0.7860537269883007, 0.9665853477270208, 281.6345781102578, 0.9166816659896669, 1.001912987056573]
02395460,93093,390600,871,7;[56189.25, 878, 0.7914753178802094, 1.0045856775736146, 306.4116375832707, 0.8974893859746887, 1.0029905367945269]
02395460,93093,390600,872,6;[47562.29, 1002, 0.7878085703396281, 1.044195708158186, 517.69971435616, 0.9321493881140908, 1.0033525042628826]
02395460,93097,390628,1112,5;[47223.96, 960, 0.7882907113646979, 0.9631308749717373, 407.08083815204395, 0.922243346829474, 0.9992697605318158]
02395460,93097,390628,1113,4;[48660, 1140, 0.8003686436847264, 1.1016775736644109, 370.1563482791919, 0.9582989743361916, 0.9430232558139535]
02395460,93097,390628,1113,6;[51846.280000000006, 1014, 0.8005849184983687, 1.031596031981108, 327.7911294618141, 0.9475954066480665, 1.0000396379731784]
02395460,93097,390628,1113,7;[37556.91, 768, 0.7953082310466888, 0.9218493119434026, 297.68894612419047, 0.9742714892869457, 1.0086910069651331]
02395460,93115,390754,88,4;[61215, 1238, 0.7991218047390621, 1.0821336387671456, 305.69886184108424, 0.951153977453804, 0.9775396628953315]
02395460,93115,390754,88,5;[58869.299999999996, 1030, 0.7926205234005755, 0.994654098678639, 380.6658657590702, 0.9272450941629573, 0.9975097543024791]
02395460,93115,390754,89,6;[56656.350000000006, 928, 0.7974506017573457, 1.01526262041879, 211.1554206401808, 0.9106316061344994, 1.0037864996723223]
02395460,93115,390754,89,7;[56424.87, 916, 0.7817451254669427, 0.9740284146795964, 417.37118104224925, 0.9138972155450873, 1.004945840997343]
02395460,93172,391080,701,5;[44044.28, 992, 0.7857012850226888, 1.6219071930998459, 242.14792450260848, 0.9840648535632999, 0.9929842917890727]
02395460,93172,391080,701,6;[44155.100000000006, 880, 0.7940871981670936, 1.0119582857981932, 410.45840891492924, 0.9196347425238799, 0.9974159407058969]
02395460,93172,391080,702,7;[43158.24, 816, 0.7759853624954739, 1.0002705915108459, 552.3543271319185, 0.946705144152975, 1.0017579061384663]
02395460,93172,391080,703,4;[47507, 1006, 0.7972966260213754, 0.9848692337300584, 373.8516803623651, 0.9229968845910369, 0.9962358319440513]
02395460,93172,391080,704,4;[58610, 1192, 0.7855268897808019, 1.0099613468160933, 370.5294697857588, 0.9234969190236538, 0.9985603421104192]
02395460,93172,391080,704,5;[47602.38, 968, 0.7858605088185201, 0.9817376402978664, 475.3538930078523, 0.9171600390038075, 1.0024307730860795]
02395460,93172,391080,704,6;[45525.100000000006, 884, 0.7844026097313507, 0.9855527772540302, 486.3970212143988, 0.908860841956736, 1.0034424447397028]
02395460,93172,391080,704,7;[31111.02, 680, 0.8268311944664827, 1.228386150262034, 305.2492234079115, 0.9585419953041083, 1.006932752302664]
02395460,93172,391083,706,4;[42585, 1032, 0.7977324291937201, 0.9698141660973957, 256.3422380831815, 0.9758399609506635, 1.0033929455008128]
02395460,93172,391083,706,5;[45554.39, 986, 0.8020254900949341, 1.0312242357878265, 418.84850709169467, 0.9297905417425839, 0.9965636633431391]
02395460,93172,391083,706,7;[43058.79, 830, 0.7823849971848886, 0.9558204336167718, 598.4380797104284, 0.9217313615511432, 1.0022971312570117]
02395460,93172,391083,708,6;[56863.22, 1010, 0.7812021329825253, 1.034804910642598, 503.02043160966605, 0.9111134382620499, 1.0028631833282997]
02395460,93181,391153,94,5;[60177.11, 1114, 0.790438796596734, 1.0398833151346518, 365.3602949118734, 0.9145570738786225, 1.0018623080733036]
02395460,93181,391153,94,6;[44896.270000000004, 972, 0.7876684871127059, 0.9964179499817619, 480.02324081767904, 0.9289090266269837, 0.9933465694669678]
02395460,93181,391153,94,7;[52042.950000000004, 904, 0.7945590452470624, 1.0521842604418072, 446.86393860824404, 0.9441826996257412, 1.0060632948831707]
02395460,93181,391153,95,4;[59489, 1140, 0.7928034468901374, 1.0374254341785756, 232.29379322527373, 0.9196306975099907, 1.0014814565411356]
02395460,93204,391213,426,4;[66407, 1188, 0.8018750175325351, 1.0634450099056763, 297.0458706010994, 0.9529372419075777, 0.9747101130192279]
02395460,93204,391213,426,6;[47023.880000000005, 910, 0.6040618845323696, 1.2851647068555316, 215.31958380827228, 0.9851712784541251, 1.0059936400005862]
02395460,93204,391213,426,7;[51934.32, 946, 0.7817425308855714, 0.9901325050197393, 541.2304591199403, 0.9042251869836032, 212.15]
02395460,93204,391213,428,5;[59990.28, 1016, 0.7921194579776345, 1.0139506026374971, 282.27373838801566, 0.9026943320182709, 1.0078368652538985]
02395460,93218,391250,185,4;[55393, 1134, 0.7908392611768721, 0.9843737910049777, 410.9863865648319, 0.9327779827091537, 0.998620863717899]
02395460,93218,391250,185,6;[60110.12, 976, 0.7855130062312536, 0.9953178861561626, 344.77805790768, 0.8907437209550391, 1.0034763516604153]
02395460,93218,391250,186,5;[60899.439999999995, 1028, 0.7844569643576428, 0.9932127711202705, 275.46637556366693, 0.9000538465399934, 1.004494867214949]
02395460,93218,391250,187,7;[35009.46, 754, 0.8091546276566909, 1.0995394931519062, 316.53620078078853, 0.967585248760516, 1.0056916822327218]
02395460,93218,391250,188,4;[59742, 1238, 0.7911018407206711, 1.0572372590883305, 308.59128667186394, 0.949830616168117, 0.9712646014030353]
02395460,93218,391250,188,5;[47398.89, 1022, 0.7901388114408355, 1.025224403805602, 466.76038793141265, 0.9259133230507524, 0.9982706766917293]
02395460,93218,391250,188,6;[46893.73, 920, 0.7832593014403493, 0.9880738525035386, 524.8505417839085, 0.9214787036611942, 1.000570017100513]
02395460,93218,391250,189,7;[51730.83, 824, 0.7886352098596681, 0.9520053952685692, 441.1979925324045, 0.9116190924888221, 1.0080197960765607]
02395460,93219,391258,243,4;[46682, 1072, 0.7976073844519163, 1.0100172010509845, 308.6716378096319, 0.9280300404644939, 0.9783506234936603]
02395460,93219,391258,243,5;[57219.96, 1054, 0.8100383088445922, 1.023558086140732, 204.0017309413878, 0.9343015400579892, 0.9974898869411887]
02395460,93219,391258,243,6;[47552.700000000004, 954, 0.6442731234085547, 1.2045948018678645, 252.75164095041822, 0.9842648510331997, 1.0077519379844961]
02395460,93219,391258,244,7;[38041.92, 756, 0.777592694542407, 1.0779602733334135, 361.8985636588162, 0.9576743767506778, 1.008374733853797]
02395460,93219,391258,245,5;[46655.14, 994, 0.7856208627094217, 0.9628031680379708, 428.9952912082903, 0.9238717432170845, 0.996517804946242]
02395460,93219,391258,245,6;[54671.22, 964, 0.7863603158448871, 0.973515425135417, 383.5673557406668, 0.9182991251938692, 0.9997494738951799]
02395460,93219,391258,246,4;[61852, 1244, 0.7916157743860047, 1.0489787826350787, 379.6755404556121, 0.9422240733092789, 0.9636819718617079]
02395460,93219,391258,246,7;[54699.03, 836, 0.790392605509482, 0.9852557854599904, 324.6320998304061, 0.9010426018067943, 1.0092167849934368]
02395460,93262,391481,403,4;[49400, 1134, 0.7894754712957155, 1.0401909005986518, 226.97531753416507, 0.9087639949130958, 0.9794008604452904]
02395460,93262,391481,403,5;[57932.77, 1100, 0.7751168921376594, 1.041183481136723, 394.20676630666327, 0.9148686070113222, 1.0006371783277153]
02395460,93262,391481,403,6;[45138.76, 932, 0.7856263948103703, 1.0074944596124016, 499.76276198434306, 0.9235906279080972, 1.0001365975078544]
02395460,93262,391481,404,7;[54524.61, 888, 0.7905850626605888, 1.0164270696091053, 265.707610565515, 0.9118758253838952, 1.002828078173146]
02395460,93265,391502,683,4;[45620, 1098, 0.7927714277218261, 1.006313799209213, 453.6210687835041, 0.9290910031888283, 0.9733304885854491]
02395460,93265,391502,683,5;[46274.34, 1002, 0.7901519980331413, 0.9838789448477964, 403.35003340976255, 0.9230514669993721, 0.9950485548689211]
02395460,93265,391502,684,6;[58759.3, 932, 0.7847992146517601, 1.0117285245114225, 362.6501394215815, 0.8923446636178537, 1.0058276561565611]
02395460,93265,391502,685,7;[50220.72, 830, 0.7972907133471333, 0.9639037716364501, 266.30365740576565, 0.9109598817410751, 1.004698428245665]
02395460,93273,391524,809,4;[53736, 1068, 0.7962425065896287, 0.9757746017486165, 322.184233549173, 0.9242897565819135, 1.00206993006993]
02395460,93273,391524,809,5;[46367.159999999996, 994, 0.7896463026769641, 0.9821202321674815, 446.01085467658567, 0.9244426410408081, 0.9994997883720036]
02395460,93273,391524,810,6;[59725.15, 1038, 0.7869534897697492, 1.0014552046673257, 425.6335992896415, 0.9144100595552251, 1.004863544163747]
02395460,93273,391524,810,7;[43326.54, 790, 0.7939588149830717, 1.012490761874271, 317.56072846487325, 0.9206504640077369, 1.0033838249623528]
02395460,93378,392058,84,4;[46807, 1030, 0.8006593457970694, 0.9762981379007335, 416.27649772640257, 0.9256388042815435, 0.9667472168866307]
02395460,93378,392058,85,5;[60801.86, 1116, 0.7876281377066808, 1.0785247109742464, 337.1885820366429, 0.9256188188507928, 1.0002740798747063]
02395460,93378,392058,85,7;[56186.19, 944, 0.7991504165822481, 1.029778340961224, 334.41028665584724, 0.9303490007864382, 1.0016228674294598]
02395460,93378,392058,86,6;[59816.94, 938, 0.784938223381304, 0.9915833846679699, 376.74840531443226, 0.8825295913302935, 1.006918500069185]
02395460,93378,392058,87,4;[59208, 1102, 0.7888440631717439, 1.0157843671058526, 296.57236342035884, 0.8938583484023835, 1.0016155635440898]
02395460,93378,392058,87,5;[61088.649999999994, 1072, 0.7897675387829598, 1.0199396001479852, 292.14693308542974, 0.9129134529072445, 1.0025877642693228]
02395460,93378,392058,87,7;[43989.03, 796, 0.7877650536550624, 0.9902267076192716, 453.33060543827975, 0.9067215389372533, 1.0049107845021932]
02395460,93378,392058,88,6;[60203.280000000006, 1016, 0.7821900000509932, 1.0293967988018655, 358.8548440489812, 0.8864108265775178, 1.0002389975758816]
02395460,93379,392068,269,5;[60509.119999999995, 1004, 0.7864581977877295, 1.0350599695743117, 244.73913301439552, 0.8900426329284428, 1.0036218654087181]
02395460,93379,392068,269,7;[54835.200000000004, 884, 0.7896985795459869, 0.9969783759815994, 319.29082868231046, 0.8939128740311908, 1.004301346447536]
02395460,93379,392068,270,4;[50355, 1032, 0.7920834347438713, 0.9744916474520184, 291.01207742244685, 0.9116819659665689, 0.9886711694023403]
02395460,93379,392068,270,6;[51050.310000000005, 984, 0.7890467081264202, 1.0622803372404235, 489.22040922629105, 0.933487296046009, 0.9960572566525441]
02395460,93389,392115,625,4;[51276, 1116, 0.8012115612653433, 1.0782565778837858, 426.54672675382324, 0.9369458871816534, 0.9917604734826506]
02395460,93389,392115,625,5;[56790.369999999995, 1080, 0.7961188387660912, 1.0541348364847214, 390.03423438832493, 0.9263609487720527, 0.9986920718628036]
02395460,93389,392115,625,6;[49367.950000000004, 900, 0.7857113164214286, 0.9989583102009615, 318.4759630186558, 0.8887487210828092, 0.9967085246445759]
02395460,93389,392115,625,7;[54541.44, 844, 0.7830417674184327, 0.9828296032907806, 462.5890370703365, 0.8723313270822395, 1.009543768230863]
00023892,93026,390259,210,4;[92611, 1418, 1.0160441936584983, 0.9304499353148526, 74.45688925008452, 0.9880816605513132, 0.9949399454244644]
00023892,93026,390259,210,5;[94888.22, 1378, 1.0014205542741594, 0.9214935775142608, 74.6538927008212, 0.9898794256868059, 0.9885570473958915]
00023892,93026,390259,211,6;[95338.3, 1286, 0.9940124245760389, 0.9461625478712523, 64.84368830459766, 0.9871449405213691, 9999]
00023892,93026,390259,211,7;[92165.67, 1228, 1.025457311970587, 0.9129974662194441, 96.16186030449495, 0.9897792446865475, 0.9926669303275987]
00023892,93026,390259,212,5;[96077.03, 1324, 1.024863976416576, 0.9152186552580622, 123.85239814624725, 0.9837529135848878, 80737.0]
00023892,93026,390259,212,7;[92529.81, 1152, 1.0332821118120454, 0.9098564960488107, 124.19430960027086, 0.9869055025334524, 0.994548459508128]
00023892,93026,390259,213,4;[90619, 1400, 0.9987099010700802, 0.934555185539091, 60.12113214553628, 0.9906597384443807, 0.9921878849259573]
00023892,93026,390259,213,6;[95193.08, 1278, 0.989239541281801, 0.9351501072580485, 55.0984043912589, 0.989414745965852, 0.9943616016485876]
00023892,93026,390259,214,4;[100641, 1570, 1.0094269700037355, 0.8690844925864935, 86.1464904029383, 0.9922469789182753, 0.9511887378255384]
00023892,93026,390259,214,7;[89982.36, 1158, 1.008920090794288, 0.9329343800151616, 58.02976786039906, 0.9899631349538053, 0.9979637548360822]
00023892,93026,390259,215,5;[95573.65999999999, 1358, 1.0317974933529983, 0.933398931652862, 94.94247928936427, 0.9849689627285628, 0.9944035856672362]
00023892,93026,390259,217,6;[94154.62000000001, 1266, 0.9992145882702959, 0.9332819723681481, 71.57122887508336, 0.9858247548618859, 9999]
00023892,93049,390350,751,4;[94062, 1416, 1.0042568194395987, 0.9269790547528483, 71.87525478755839, 0.9890887467282874, 0.9971271983293227]
00023892,93049,390350,751,6;[95987.68000000001, 1284, 1.0095928404100811, 0.9253451933941378, 98.42784833501379, 0.9835381050528386, 0.994344509490864]
00023892,93049,390350,751,7;[89679.42, 1162, 1.0041294275073303, 0.9535479364809879, 46.058774457944274, 0.9917592787674725, 0.9962267999184173]
00023892,93049,390350,752,5;[96983.81, 1404, 1.0146149076499849, 0.9020451217885349, 91.74932642453085, 0.9889152050712641, 9999]
00023892,93049,390350,754,7;[90897.3, 1178, 1.0301547328590062, 0.9025702558377184, 106.2823224278836, 0.987943185325579, 0.9895317171481632]
00023892,93049,390350,755,4;[94211, 1432, 1.006878641709757, 0.9021774065487673, 67.40252514981128, 0.9898337940644919, 0.9970525825620836]
00023892,93049,390350,756,5;[96698.20999999999, 1396, 1.018777525987453, 0.9174234812121812, 92.5480158782108, 0.9880598833555087, 0.9951076740327094]
00023892,93049,390350,756,6;[95656.14000000001, 1324, 1.015869651702508, 0.9346324469381384, 72.73117350095313, 0.9913127711952096, 0.9911210475886298]
00023892,93049,390350,759,5;[96461.4, 1336, 0.9983372822599396, 0.9318084676447657, 72.49302335243128, 0.9886949927878868, 9999]
00023892,93049,390350,759,6;[95868.49, 1302, 1.014836196554872, 0.9488075913305484, 90.71000575414179, 0.9850786410477492, 0.9903199784888411]
00023892,93049,390350,760,4;[93045, 1480, 1.006407325199679, 0.9047898848903233, 81.23724104642969, 0.9897547141549994, 9999]
00023892,93049,390350,760,7;[89624.34, 1120, 0.9943237821856326, 0.9496279440033996, 43.224490146306906, 0.9927302380798315, 0.9985255137263592]
00023892,93049,390350,762,4;[93819, 1410, 1.0108942299757921, 0.929920250343206, 75.34480076131943, 0.988044022170128, 0.9959448413498795]
00023892,93049,390350,762,5;[95332.09, 1408, 0.9973485956391293, 0.9204010381176894, 58.16578114818714, 0.993176482685951, 0.9936309682540667]
00023892,93049,390350,764,6;[96163.04000000001, 1240, 1.0204081692490419, 0.9240917712752229, 120.17536190160143, 0.9837515655368135, 0.9950877889379559]
00023892,93049,390350,765,7;[90767.25, 1130, 1.0421586617828782, 0.9063415631994299, 118.69597953445579, 0.9871334237014758, 1.0017053897068755]
00023892,93049,390350,768,4;[91215, 1390, 0.9976108402478597, 0.9366020212282651, 56.67169378485127, 0.9905504434179085, 0.9933298848384199]
00023892,93049,390350,769,5;[93813.65, 1352, 0.988616800064661, 0.9505031169705055, 43.70675916526144, 0.9920036319898549, 0.9901033620938674]
00023892,93049,390350,769,6;[95650.66, 1292, 1.0269486114441029, 0.9221812211990361, 122.71199409600104, 0.9803018617699638, 0.9938080936045436]
00023892,93049,390350,769,7;[90528.57, 1160, 1.035041309645009, 0.9280734162924721, 101.90240378751751, 0.9898436454282711, 0.9946208542755803]
00023892,93049,390350,771,4;[91901, 1452, 1.007159125444201, 0.9205988503231611, 65.16109412411225, 0.9904268585308402, 0.9947879739128082]
00023892,93049,390350,772,5;[96073.45999999999, 1412, 1.015219393434655, 0.9214154617550364, 92.3423385228769, 0.9875485882731128, 0.9886239790357935]
00023892,93049,390350,772,6;[95035.53000000001, 1328, 1.0242700862042984, 0.9232330309140899, 78.05145689182541, 0.9902240643257104, 0.9895085194245733]
00023892,93049,390350,772,7;[88788.96, 1104, 1.002193144536555, 0.95969770641344, 38.50327567234768, 0.993428979803523, 1.0019077544607788]
00023892,93099,390646,1221,5;[95635.54, 1418, 1.0372388954291334, 0.935841814106927, 102.41278517603428, 0.9855194395582108, 0.9922402138416806]
00023892,93099,390646,1221,6;[95230.07, 1274, 1.001310780568388, 0.9198100533614311, 78.59980425153626, 0.9854962731299645, 0.9925888904755105]
00023892,93099,390646,1222,4;[92322, 1452, 1.0113961915944594, 0.9421933268817028, 52.99737420294115, 0.9914403680781673, 0.9929605868149478]
00023892,93099,390646,1223,7;[89509.59, 1138, 1.0006021162367051, 0.9296266317835783, 61.928812509567464, 0.9899567467918391, 0.9939516471567644]
00023892,93103,390673,1488,5;[95532.01, 1306, 1.0060955150168478, 0.9385535335721296, 66.80304338640703, 0.9885006793800635, 0.993957928361831]
00023892,93103,390673,1489,4;[91819, 1466, 1.0018152164294294, 0.9341657548321475, 59.9862703233153, 0.9889055273284264, 0.9856583114164564]
00023892,93103,390673,1489,6;[95828.76000000001, 1226, 1.0084831232773173, 0.9253014906927638, 67.09499560769929, 0.9873162877627496, 1.00068669527897]
00023892,93103,390673,1489,7;[88876.17, 1156, 1.0087983776590537, 0.9597142492090539, 47.9361102788234, 0.9931076681282629, 0.9982814621320181]
00023892,93103,390673,1490,4;[91274, 1462, 1.0099605603744155, 0.937923466539687, 53.41856985370234, 0.9905429427294747, 0.9928695358943538]
00023892,93103,390673,1490,5;[93906.47, 1362, 1.0004038151476906, 0.9427182079644918, 57.953135530105115, 0.989556670975227, 0.9886864789014734]
00023892,93103,390673,1492,7;[92464.02, 1178, 1.035647198939995, 0.9351479860427844, 117.39706896763154, 0.9849955983351689, 1.0001737734490719]
00023892,93103,390673,1493,6;[93338.1, 1322, 1.0022901991384694, 0.9249347221997005, 66.91939063892441, 0.9907752064175155, 9999]
00023892,93103,390673,1494,4;[91320, 1462, 1.0217962247786585, 0.9272983370317596, 61.40222008598016, 0.9892803315640634, 0.9935914872319359]
00023892,93103,390673,1494,7;[89778.87, 1182, 1.0102114628778205, 0.9511744008209252, 46.24757529179707, 0.9906650473507022, 0.998604516601147]
00023892,93103,390673,1496,5;[93285.29, 1362, 0.996304254460408, 0.9385897092657679, 59.795412907966465, 0.9883746670518907, 0.9870808517068134]
00023892,93103,390673,1496,6;[94283.40000000001, 1262, 1.00217509573467, 0.9351515004450848, 62.31275769802199, 0.9883873661257767, 0.9949256191178384]
00023892,93103,390673,1499,4;[94112, 1442, 1.0193794238569454, 0.9036019728833273, 92.12450540670405, 0.9876490056084498, 1.0002922904410396]
00023892,93103,390673,1499,5;[93898.14, 1370, 0.9979011461486544, 0.9379102657752916, 60.872233255583666, 0.9882958289075674, 0.9883820701835696]
00023892,93103,390673,1499,6;[95647.92000000001, 1230, 1.0362822863071601, 0.9209082126294333, 115.44782661389189, 0.984836169841508, 0.9997923543437324]
00023892,93103,390673,1499,7;[90392.40000000001, 1134, 1.0056394446099965, 0.9483205961695961, 56.939292746957456, 0.9908745803188536, 0.9978044249282216]
00023892,93122,390798,1587,7;[91982.07, 1154, 1.0379962988063904, 0.8916649083881645, 128.40748904993342, 0.9851392062934953, 0.9963043982632329]
00023892,93122,390798,1588,4;[93263, 1522, 1.0343964971033042, 0.8955177928323427, 127.94601037636897, 0.9835429404401321, 0.988856373391013]
00023892,93122,390798,1588,6;[95538.32, 1272, 1.0201171341477493, 0.9223674107111368, 100.79638914329955, 0.985300069309392, 0.9949919385906089]
00023892,93122,390798,1589,5;[95398.73, 1308, 0.9885708159313844, 0.9248256724876545, 55.141382330355995, 0.9892162139147407, 0.9962965264400672]
00023892,93122,390798,1590,7;[90756.54000000001, 1204, 1.018194813626583, 0.9238754637144159, 90.56640042849686, 0.9892491374704253, 0.9929443667924908]
00023892,93122,390798,1591,4;[93569, 1528, 1.0176960207921453, 0.8915479811843451, 96.01364109273158, 0.988751462634787, 9849.368421052632]
00023892,93122,390798,1591,5;[97058.78, 1316, 1.0160888672198856, 0.9215252797697663, 102.39654337509684, 0.9856148344480832, 0.9967249175119149]
00023892,93122,390798,1591,6;[95989.05, 1294, 1.0159165572837912, 0.9608101894501084, 85.3547151298866, 0.9832085055716978, 0.9944998403179447]
00023892,93139,390920,17,4;[94506, 1500, 1.027088527191362, 0.8794523808120088, 114.86559109061153, 0.9863131026907964, 0.9932369586808129]
00023892,93139,390920,17,5;[97151.59999999999, 1388, 1.0106539310008886, 0.8995172322902854, 88.3860307557242, 0.9889091210211214, 0.9973063931932984]
00023892,93139,390920,18,6;[93028.48000000001, 1260, 0.9926002311185911, 0.9162809410379069, 61.16660810306882, 0.9898389576729316, 0.9968876622232662]
00023892,93139,390920,18,7;[91411.38, 1134, 1.0992383902203307, 0.9192570864558904, 118.61364803335186, 0.9865231889030311, 0.9962980256136607]
00023892,93139,390920,19,4;[91516, 1450, 1.0078401798707501, 0.9274654317894875, 52.99583780040853, 0.9916924179574511, 0.9933193316075393]
00023892,93139,390920,19,5;[92553.44, 1288, 0.9941966294147649, 0.9399912651471408, 48.34401312728484, 0.9927536248094876, 0.9988890672660138]
00023892,93139,390920,19,6;[93509.35, 1212, 1.0023493463701187, 0.9393343284079632, 79.65025329383224, 0.9861169022764733, 0.9954061542948811]
00023892,93139,390920,19,7;[93131.1, 1150, 1.0367814326425413, 0.9034313358402737, 119.52672608978803, 0.9866625731434625, 0.9981633924764685]
00023892,93166,391047,301,4;[102526, 1548, 1.0169194178602992, 0.8777736446207596, 90.59786947818188, 0.9920086285155629, 0.9509393361807903]
00023892,93166,391047,302,5;[98361.83, 1412, 1.0000255947938408, 0.9186079384304046, 83.7879406486509, 0.989548586960397, 0.9902896336897595]
00023892,93166,391047,302,6;[96856.26000000001, 1332, 1.025932231875349, 0.9372100927300585, 96.82421065866093, 0.9893235990225459, 0.9920159400564076]
00023892,93166,391047,302,7;[89636.58, 1116, 1.0002456059630038, 0.9334403432675832, 53.866882251709995, 0.9917594057692131, 0.9887765607331522]
00023892,93166,391047,304,4;[93210, 1474, 1.0072942934122837, 0.8949077592480458, 64.91588183997156, 0.9915019402402596, 0.9885774284896115]
00023892,93166,391047,304,5;[98044.09999999999, 1414, 1.0097857147329659, 0.9330331600770386, 79.8704445912493, 0.9902966082833385, 9999]
00023892,93166,391047,304,6;[96146.6, 1338, 1.0135963825545302, 0.9279488245460283, 70.15376689179699, 0.9915276780806666, 9999]
00023892,93166,391047,306,7;[91706.67, 1198, 1.0265517488271827, 0.9105202322739891, 108.71568258820389, 0.988825646452968, 0.9910630874924561]
00023892,93166,391047,307,4;[94598, 1538, 1.0579995180405166, 0.9287852761001495, 133.8856277141715, 0.9843835297765637, 0.9955326370070247]
00023892,93166,391047,307,5;[98700.98, 1422, 1.0012072743528282, 0.9337293742777901, 76.05651287313088, 0.9908686337529213, 9999]
00023892,93166,391047,307,7;[92809.8, 1208, 1.0218386772767731, 0.9280973687932741, 101.16117528722921, 0.9889602373807543, 0.9956013655462185]
00023892,93166,391047,308,6;[95457.49, 1314, 1.0110277868295992, 0.9237065064668254, 86.05835334072907, 0.9894916578043099, 9999]
00023892,93166,391047,309,5;[98240.45, 1320, 1.0110499269454292, 0.9342055335468392, 83.12772060305193, 0.9881753350248276, 1.0001272041141445]
00023892,93166,391047,309,6;[95802.73000000001, 1258, 0.9954649007721109, 0.95088598087129, 51.35024929924335, 0.9913813996686319, 9999]
00023892,93166,391047,310,7;[92852.64, 1174, 1.0364615348407051, 0.9218120312042933, 113.10243558424547, 0.9879807126376885, 0.9966252555691494]
00023892,93166,391047,311,4;[94312, 1548, 1.0183315127580725, 0.8784015566832107, 87.01246476361891, 0.9910134523103105, 0.9924810447611981]
00023892,93166,391047,312,5;[97339.62, 1418, 1.0078214353836703, 0.9133770726019503, 80.56817309501915, 0.9900963734879676, 0.9897872752353525]
00023892,93166,391047,312,7;[90403.11, 1176, 1.0103433459216362, 0.9384740993298968, 65.00694614521767, 0.9876306688220488, 0.9922750096562379]
00023892,93166,391047,314,4;[94416, 1518, 1.0347146739199957, 0.8917116248877807, 112.8082196363341, 0.9873504709501475, 0.9903135636331216]
00023892,93166,391047,314,6;[93869.66, 1220, 0.9905679278510596, 0.9477478851446883, 37.3871021726515, 0.9935111789189628, 9999]
00023892,93166,391047,315,7;[90819.27, 1176, 1.004813273122673, 0.938296692969693, 58.33190132242037, 0.9882988391895713, 0.9961903802906723]
00023892,93166,391047,316,4;[91221, 1450, 0.9943388596203271, 0.9389536448875085, 42.51792120787346, 0.9927696618710962, 0.989279846436647]
00023892,93166,391047,316,5;[95551.05, 1380, 0.9950794567764044, 0.9521981225145483, 50.39466035948726, 0.9909775413690899, 9999]
00023892,93166,391047,316,6;[95547.91, 1242, 1.021758306850226, 0.9386996652158704, 103.50965344886869, 0.9872397165584255, 9999]
00023892,93265,391506,609,4;[91999, 1462, 1.028048929718139, 0.8979910050086684, 60.49414841799921, 0.9919458494124359, 0.9949387349000184]
00023892,93265,391506,609,5;[96956.44, 1412, 1.0077934810706421, 0.9235989152688951, 77.05094333947079, 0.9894107889801897, 0.9929135057733907]
00023892,93265,391506,609,6;[95946.58, 1270, 1.0044063503258838, 0.9366693963450596, 74.60965059876266, 0.9852408421841474, 0.9908602150537634]
00023892,93265,391506,609,7;[91344.06, 1172, 1.0147838907858038, 0.9450277097540786, 62.320860603145725, 0.9908167582567575, 0.9970024130992042]
00023892,93265,391506,612,4;[95513, 1428, 1.0275237814770013, 0.9016657179967023, 102.92813879812388, 0.986274785337804, 9999]
00023892,93265,391506,612,5;[95004.84, 1362, 0.9989822874056014, 0.9367027109244497, 61.232871275401926, 0.9905141888729317, 9999]
00023892,93265,391506,613,6;[96428.82, 1306, 1.0088462943925212, 0.9416517332407627, 80.98045716336975, 0.9850472693518587, 0.9933528091790508]
00023892,93265,391506,613,7;[92444.13, 1200, 1.0100144932988766, 0.949000364063337, 52.88544641718459, 0.9901442151916354, 0.99741653254096]
00023892,93329,391882,100,4;[89571, 1422, 1.0045582111703892, 0.9290272908080096, 60.71404661951753, 0.9907467227995309, 9999]
00023892,93329,391882,100,5;[95760.48999999999, 1314, 1.0014968410566154, 0.936113277778983, 56.5333923728097, 0.9907405139511056, 0.9980465964268218]
00023892,93329,391882,100,6;[94291.62000000001, 1210, 1.024545287603457, 0.9415175936224898, 59.86855743290816, 0.9896300416328353, 0.9955304838359731]
00023892,93329,391882,87,4;[93975, 1432, 1.0542621991475085, 0.937250671089021, 127.8290403740921, 0.9808000576079602, 0.9951605388004067]
00023892,93329,391882,87,7;[90520.92, 1216, 1.0177249937146682, 0.9035621449918402, 88.75576615342364, 0.9899445168075792, 0.9937266428721394]
00023892,93329,391882,88,5;[96428.08, 1404, 1.0335262988751228, 0.8978843140250746, 91.74747174569461, 0.9892755137217717, 0.9929601195983163]
00023892,93329,391882,88,6;[94128.59000000001, 1316, 1.0139176929802318, 0.9300961545383143, 74.13954408942635, 0.9913920528363622, 0.9894298757218358]
00023892,93329,391882,89,4;[90340, 1462, 0.9992471247785927, 0.923929209970205, 53.4210124926135, 0.9932997432187544, 9999]
00023892,93329,391882,89,6;[93747.73000000001, 1214, 0.9869406422525822, 0.950546662362923, 44.11838568046918, 0.9918175876924784, 9999]
00023892,93329,391882,89,7;[90146.07, 1198, 1.0126167312801755, 0.9488160400742294, 60.89317278153263, 0.988622837051628, 0.9931396015237839]
00023892,93329,391882,91,5;[95733.12, 1388, 1.0316382401039235, 0.9219545454312119, 111.19090413657985, 0.9847225156643902, 0.9941056533827618]
00023892,93329,391882,92,7;[89391.78, 1170, 1.0083598952507489, 0.9342592665815368, 51.915145162539226, 0.9904787665742328, 1.0000941450347052]
00023892,93329,391882,93,4;[91331, 1476, 1.0014136410916312, 0.9405193308432228, 46.83841102765158, 0.991499951610125, 0.9871753992487907]
00023892,93329,391882,93,5;[97333.67, 1416, 1.014740878442954, 0.9100369538380206, 74.98227703411273, 0.9912652801637288, 0.991766902706373]
00023892,93329,391882,93,6;[93605.25000000001, 1284, 0.9952295652710265, 0.9508319718051121, 50.92459886212178, 0.9906761857161073, 0.9918273139008246]
00023892,93329,391882,94,4;[92049, 1408, 1.0020414953763794, 0.9373424113668644, 53.1206588318205, 0.9917052245476408, 0.9953556772655265]
00023892,93329,391882,94,6;[91184.46, 1278, 0.9905011186332193, 0.9574260426265674, 40.4477583640621, 0.9938509010756, 9999]
00023892,93329,391882,94,7;[88614.54000000001, 1120, 1.0080886344489455, 0.9458098021265873, 56.90489988855238, 0.9897498296482681, 0.9920523449008256]
00023892,93329,391882,95,5;[96097.26, 1410, 1.0255900156079332, 0.9229424239876988, 78.84552100567834, 0.9883951510666669, 0.9949975357318877]
00023892,93329,391882,96,4;[90482, 1484, 1.0380860129272493, 0.925552849118763, 91.52271673997085, 0.9880054327532354, 0.9865131543082677]
00023892,93329,391882,96,7;[89244.90000000001, 1126, 0.9999886117592707, 0.947523726902524, 42.23684611748487, 0.9922659463300263, 0.9999142881631954]
00023892,93329,391882,97,6;[95323.23000000001, 1308, 1.0232360116328916, 0.9262526559365262, 114.31092452407493, 0.985070710337425, 0.9939573155052713]
00023892,93329,391882,98,5;[91312.26999999999, 1274, 0.9910956433572836, 0.9499125007788416, 40.481912020727336, 0.9931181500295134, 1.0025805018586147]
00023892,93329,391882,99,7;[91140.57, 1116, 1.040458220622072, 0.9168459149710392, 128.2515023403644, 0.9853835087709369, 0.9977889817590995]
00023892,93377,392048,10,6;[93998.44, 1270, 0.9919158486756011, 0.9298485050003288, 44.31097966349902, 0.9937217962071911, 3049.4222222222224]
00023892,93377,392048,3,5;[95604.59999999999, 1380, 0.9987641833365667, 0.9393509332390785, 64.83692702540026, 0.9879231311757988, 0.9854283191050928]
00023892,93377,392048,4,4;[94389, 1520, 1.0481839465197085, 0.8982303279844803, 146.38223343478478, 0.982646624664452, 0.9880923094638661]
00023892,93377,392048,4,6;[97017.92000000001, 1286, 1.0372960980095842, 0.9264170716955258, 123.47793040094903, 0.9807739478566936, 9999]
00023892,93377,392048,4,7;[92407.41, 1130, 1.0595645127019166, 0.9293841207882982, 170.5528109892539, 0.9818613008641736, 1.0012350283890754]
00023892,93377,392048,5,4;[93685, 1540, 1.0178861300818915, 0.9003955185041129, 93.95097312123575, 0.9899993008943256, 0.9824761944712446]
00023892,93377,392048,5,5;[95059.58, 1386, 0.9975705251686652, 0.9409213671685013, 54.60727821811455, 0.9905677231515972, 0.9902072590241967]
00023892,93377,392048,6,7;[93124.98, 1220, 1.0286517745050106, 0.8914510733339396, 118.29712978430149, 0.9879625097852601, 0.9942744194784086]
00023892,93377,392048,7,6;[96321.96, 1342, 1.0423455405613293, 0.9067963071804969, 124.40247179752821, 0.9854195786207434, 0.9907977621510408]
00023892,93377,392048,8,7;[92243.7, 1196, 1.022623329814651, 0.9085152390334844, 110.36142061975514, 0.988371274204613, 0.9908458921557349]
00023892,93377,392048,9,4;[90811, 1438, 1.0060688654956351, 0.9294232637887027, 47.099345259638056, 0.9922297516712043, 0.9900300352682733]
00023892,93377,392048,9,5;[96201.98, 1422, 1.0014563841948065, 0.9143044300938822, 83.43824513862316, 0.9901791203282161, 0.9884999847155566]
00405361,93027,390264,296,4;[12839, 542, 1.0371755858225515, 0.8192541817955343, 133.9439713613636, 0.9866994722179003, 1.0054820267836166]
00405361,93027,390264,296,6;[15541.28, 466, 1.0264148717629604, 0.9162148475045279, 143.79289850071245, 0.9828454399048672, 1.0048274945746047]
00405361,93027,390264,296,7;[9938.880000000001, 412, 1.045948660085347, 0.6994546512578137, 195.51401685934454, 0.9801123542123628, 1.0040961434423061]
00405361,93027,390264,297,4;[12717, 538, 1.029695502433568, 0.8254185325048149, 124.96584145472652, 0.9873482115763039, 1.008925383791503]
00405361,93027,390264,297,6;[9739.33, 444, 1.0061753083849632, 0.9908517774573833, 203.71431003740256, 0.944313150763446, 0.9874982636477289]
00405361,93027,390264,297,7;[21579.12, 508, 1.0317608218183394, 0.9087691490008606, 255.17339805694309, 0.9572466361088711, 1.0080405960761891]
00405361,93027,390264,298,4;[12790, 540, 1.020223152623917, 0.7938414751574868, 139.75534340172658, 0.9879258944941127, 1.006809147085449]
00405361,93027,390264,298,5;[23590.559999999998, 606, 1.0158065754265095, 0.901831953766564, 132.75393684786437, 0.980788912417062, 1.007010057909174]
00405361,93027,390264,298,6;[12090.250000000002, 456, 1.0366749594071807, 0.6294036834107355, 205.80764787891334, 0.9814809841001928, 1.0111715840733315]
00405361,93027,390264,298,7;[10050.57, 412, 1.0328458033930803, 0.9214090244183114, 191.23394568293477, 0.9761225507783741, 1.0015246226558927]
00405361,93027,390264,299,4;[14475, 546, 1.0288284380297619, 0.907865184634809, 137.17033523613762, 0.985271106280948, 0.95784806776072]
00405361,93027,390264,299,5;[13963.46, 482, 1.0168138422884765, 0.8909228982114338, 134.32405742081423, 0.9838123316119957, 0.9979164009014755]
00405361,93027,390264,299,6;[9168.04, 412, 0.9349625341129458, 0.8983507479930622, 166.9486733034858, 0.9546728543580579, 1.0230851551750497]
00405361,93027,390264,299,7;[11915.64, 390, 1.035181936001088, 0.9157000238737186, 137.93764282508354, 0.9854308547060142, 1.0038669760247487]
00405361,93048,390345,677,4;[12401, 540, 1.0318801823023749, 0.8911671430880206, 141.25766747965474, 0.988013974333707, 0.998872331856625]
00405361,93048,390345,677,6;[26973.93, 610, 1.0155834897102165, 0.9068462531316985, 130.91805769374827, 0.979892562841841, 1.0074707056234968]
00405361,93048,390345,677,7;[9911.34, 414, 1.034758177453304, 0.8886566728645581, 199.65445519560095, 0.9769313816988477, 9999]
00405361,93048,390345,678,4;[12450, 538, 1.0348735692804991, 0.7493018983811571, 146.90461704647845, 0.9871340987618922, 1.0075260985676135]
00405361,93048,390345,678,6;[9535.2, 438, 1.0071427007786617, 0.9943872582860807, 187.3288435302469, 0.9520163429984299, 0.9785588752196837]
00405361,93048,390345,678,7;[9684.9, 408, 1.0417243978825468, 0.8804186249827082, 211.33049751171936, 0.9751418070322939, 1.0019786307874952]
00405361,93048,390345,679,4;[12333, 540, 1.0347767620783364, 0.9885552352041799, 140.69587157057927, 0.9876260432407916, 0.9989874853185371]
00405361,93048,390345,679,5;[15788.92, 496, 1.0166666909632907, 0.9185959631667351, 139.87033817620494, 0.9836891705175967, 1.0077089583412449]
00405361,93048,390345,679,6;[8888.560000000001, 410, 0.9253168762829784, 0.8832713783868038, 150.05070547520876, 0.9609923150504753, 1.0219736945735214]
00405361,93048,390345,679,7;[13046.31, 404, 1.0303814511235168, 0.912571582573755, 155.69241291002766, 0.9840234214306676, 1.0081579569638213]
00405361,93048,390345,680,4;[12706, 540, 1.0617434073526475, 0.6942914019682981, 155.1328559192041, 0.9869584022028678, 1.0106184132034202]
00405361,93048,390345,680,6;[26639.65, 608, 1.0162602369409526, 0.9093629974321836, 153.795344577445, 0.9736092711349132, 1.008505782895078]
00405361,93048,390345,680,7;[9926.64, 414, 1.0395795312219196, 0.8696982287874542, 230.60035486784656, 0.9739146128768502, 0.9993068925683481]
00405361,93048,390345,681,4;[24559, 684, 1.0185716347612255, 0.9157480811414772, 118.5070041841712, 0.985184099047128, 1.005136390611251]
00405361,93048,390345,681,6;[9174.890000000001, 410, 1.014441548935335, 0.9713877972726783, 150.099802888068, 0.9582286572674179, 1.022442748091603]
00405361,93048,390345,681,7;[9886.86, 412, 1.042172778015882, 0.8407511916132234, 245.98012679672627, 0.9761838873676798, 1.006150253016738]
00405361,93048,390345,682,4;[12291, 536, 1.0358257734970924, 0.845643781686201, 128.26536711921983, 0.9888347487037353, 0.9997559785261103]
00405361,93048,390345,682,5;[11914.279999999999, 492, 1.0185203675580334, 0.8284337952118688, 137.75506657727803, 0.9871844722956294, 1.0061300371821928]
00405361,93048,390345,682,6;[9631.1, 446, 1.0071512178593152, 0.9878729870136401, 159.3379622311807, 0.9629958147465367, 1757.5]
00405361,93048,390345,682,7;[9810.36, 416, 1.0605090389620107, 0.6700903936588657, 211.00709367779115, 0.9822189785250853, 0.980203317281969]
00405361,93048,390345,683,4;[12301, 542, 1.1172297172067132, 0.9980379804224224, 138.9687427726168, 0.9879813258367419, 0.9963147450694528]
00405361,93048,390345,683,6;[12358.77, 450, 1.0039692907862905, 0.9752064537570121, 144.72633928771023, 0.9771421817769969, 1.0105864560578055]
00405361,93048,390345,683,7;[9658.89, 412, 1.0439223476885846, 0.6926297269120267, 190.11582749641724, 0.9824788846041539, 1.0023021354290704]
00405361,93048,390345,684,4;[15225, 542, 1.0158263980666455, 0.9102344707064484, 103.08052778155272, 0.9865455587075882, 1.004453240969817]
00405361,93048,390345,684,5;[24706.78, 620, 1.0092203842312948, 0.9182819858526524, 119.67954842861099, 0.9841599380053977, 1.0073261850468196]
00405361,93048,390345,684,6;[8833.76, 410, 1.0173296000415504, 0.97087765294686, 170.21740380696343, 0.949250627869791, 1.0172753806105546]
00405361,93048,390345,684,7;[10078.11, 434, 1.0068373034968614, 0.999242925250667, 221.9394440004162, 0.9644572280935771, 0.9992415048543689]
00405361,93051,390360,877,4;[12509, 538, 1.0538986146076639, 0.6740040194495502, 168.2970353610904, 0.9855654876674265, 1.0090751421772275]
00405361,93051,390360,877,6;[10506.53, 436, 1.0083945534157184, 0.9651834948577694, 146.38210627087193, 0.9683679470489189, 1533.8]
00405361,93051,390360,877,7;[13829.67, 410, 1.0312635840692241, 0.9129769382511744, 160.02806099033063, 0.9829585310456739, 1.0071309192200557]
00405361,93051,390360,878,4;[12516, 540, 1.0474815414860672, 0.6636272472356172, 168.42266719033427, 0.986411963284634, 1.0086227737932145]
00405361,93051,390360,878,6;[11599.79, 452, 1.0293624958131722, 0.8750189714112285, 124.01602911258996, 0.9869538764600333, 0.9896557769855648]
00405361,93051,390360,878,7;[24180.12, 548, 1.0305477608671356, 0.9077884035535159, 168.7070256277931, 0.9734742303515413, 1.0083904929015792]
00405361,93051,390360,879,4;[12345, 544, 1.1210271712547581, 0.9924597335093241, 142.6786134045375, 0.9862562967619072, 0.9956448100653279]
00405361,93051,390360,879,6;[11825.84, 454, 1.0231808373537157, 0.8490475425623387, 134.7330606788992, 0.9858460459800858, 0.9951579432787642]
00405361,93051,390360,879,7;[9580.86, 406, 1.048850648867014, 0.6751371088958672, 170.88241867477598, 0.9827449283422974, 1.0149108589951377]
00405361,93051,390360,880,4;[12410, 536, 1.0342903213756345, 0.9682350013691629, 137.47000079320253, 0.9856037348014401, 0.9945902624724504]
00405361,93051,390360,880,6;[9232.43, 412, 1.003551213737175, 0.9666247704802431, 155.89174347630401, 0.9633049404642673, 1.020983258844027]
00405361,93051,390360,880,7;[9515.07, 408, 1.0539879005536672, 0.6848664112883673, 179.4729575299451, 0.9815727593176752, 1.0159274687576574]
00405361,93062,390398,1044,4;[26910, 710, 1.017033406208593, 0.9006965046122081, 148.06143706984645, 0.9753288696340496, 1.0058309037900874]
00405361,93062,390398,1044,6;[10562.7, 438, 1.0019050830338418, 0.9642251078670283, 153.74442557812264, 0.9658889154026341, 0.9979936573684551]
00405361,93062,390398,1044,7;[10007.73, 410, 1.0379148090834527, 0.8901882095141846, 202.4645738044937, 0.9756345846225122, 1.0000764467548353]
00405361,93062,390398,1045,4;[12266, 540, 1.1155669668854247, 0.9901893786582795, 124.6881876273823, 0.9864567033043519, 0.9941643702382882]
00405361,93062,390398,1045,6;[12210.810000000001, 454, 1.016280075338382, 0.9375262467544859, 139.07054003966925, 0.9836650765693029, 1.011404255319149]
00405361,93062,390398,1045,7;[10056.69, 412, 1.0318900565890607, 0.9501651286338416, 185.67103388820397, 0.9768431317227767, 1.0058918050348151]
00405361,93062,390398,1046,4;[15171, 546, 1.02028997355763, 0.8865683692151901, 110.4527766702868, 0.9864024868464802, 1.001650600818698]
00405361,93062,390398,1046,6;[8648.810000000001, 410, 1.0183115776468503, 0.9695673912376537, 172.82549796686013, 0.9428838641432105, 1.0087887503994886]
00405361,93062,390398,1046,7;[13554.27, 408, 1.0343535657369163, 0.9112300927658711, 170.0008915545451, 0.9825355355117391, 1.0085382513661203]
00405361,93079,390520,56,4;[13489, 550, 1.0415756823112876, 0.7085067715033103, 152.17330925572315, 0.9881318222661293, 1.0060036543983295]
00405361,93079,390520,56,5;[11645.34, 482, 1.0037766415140637, 0.9758177440905178, 138.24907929782165, 0.9782462104216536, 1.004104247896573]
00405361,93079,390520,56,6;[12775.250000000002, 452, 0.9990521939530005, 0.9747380783794982, 140.53784069622964, 0.9790606304225906, 1.008271611612694]
00405361,93079,390520,56,7;[10555.47, 414, 1.024200448080227, 0.6788096637370564, 182.87583170607667, 0.983200030875006, 1.0114352734203196]
00405361,93079,390520,57,4;[13651, 606, 1.0281416004688844, 0.7668437275807534, 129.25627135668555, 0.9885830355035664, 0.9788820766555519]
00405361,93079,390520,57,5;[12894.84, 498, 1.0324741739880676, 0.8261869601997941, 137.7310644455458, 0.9873913829738779, 1.0065954482117976]
00405361,93079,390520,57,6;[13486.28, 482, 1.0292770217870673, 0.9070224453851147, 149.20317136681336, 0.9838446982655255, 0.9131725417439703]
00405361,93079,390520,57,7;[24574.86, 548, 1.0307063012939173, 0.9041273939846092, 195.61025935370805, 0.971319002823514, 1.00907805874038]
00405361,93100,390650,1332,4;[13033, 548, 1.0282751894466673, 0.8460659022517317, 121.4762998539824, 0.9895075154532644, 1.0067202224625367]
00405361,93100,390650,1332,5;[12583.06, 496, 1.0167605810007425, 0.8628393597917582, 129.99665258575257, 0.9880123918326696, 1.005276417740172]
00405361,93100,390650,1332,6;[12242.320000000002, 456, 1.01946256828573, 0.9801086982933518, 122.71777718181154, 0.9881602897828193, 1.000111919418019]
00405361,93100,390650,1332,7;[10185.210000000001, 412, 1.044725695197524, 0.6881819788862059, 195.7155590939655, 0.9828460632216609, 1.0153283001601465]
00405361,93100,390650,1333,4;[12670, 536, 1.0267094593043662, 0.6800987730992347, 140.71221539154834, 0.9889233377469628, 1.0030876415169028]
00405361,93100,390650,1333,6;[12312.19, 454, 1.055651125762911, 0.6164111604834162, 180.79724024416961, 0.9856030673059185, 4493.5]
00405361,93100,390650,1333,7;[20352.06, 494, 1.0266721305249427, 0.9317508820381202, 173.40633925507694, 0.9726633908049416, 1.0060505218575102]
00405361,93100,390650,1334,4;[12871, 550, 1.010889446810495, 1.0120134147608788, 129.27805486840762, 0.9872057912703516, 0.9932093525735011]
00405361,93100,390650,1334,6;[19232.06, 508, 1.0253169916294764, 0.9286924941350744, 200.56826402676327, 0.9687441506607997, 1.0036462429398727]
00405361,93100,390650,1334,7;[9897.57, 408, 1.0360932438363688, 0.9170619896571873, 173.37938551768232, 0.9815336915561155, 1.001160721194769]
00405361,93114,390743,1982,4;[12844, 538, 1.0319721121509526, 0.809660307927601, 150.14903811809876, 0.9871889485505382, 1.00433983657192]
00405361,93114,390743,1982,6;[9384.5, 414, 1.0176365461653014, 0.9774705873118028, 184.87008675064166, 0.9487289773112697, 1.0272945410917818]
00405361,93114,390743,1982,7;[10368.81, 410, 1.031629186226044, 0.9885513875757996, 168.27815362596215, 0.9764788016478103, 1.00147775971627]
00405361,93114,390743,1983,4;[16092, 572, 1.0057876887274042, 0.9235387544104465, 100.12298289642212, 0.9895513860261083, 0.9998757300857463]
00405361,93114,390743,1983,5;[12366.48, 492, 1.0068671133053297, 0.8077222143121524, 140.2265305131024, 0.9867553730217331, 1.0081490104772992]
00405361,93114,390743,1983,6;[8895.41, 410, 1.0110998303709804, 0.9050596792492596, 184.17838524113648, 0.941373663309904, 1.0162779777742996]
00405361,93114,390743,1983,7;[9997.02, 410, 1.0329302235713003, 0.7165805821524617, 183.45475946641096, 0.9823992612024111, 1.0167276122306077]
00405361,93114,390743,1984,4;[12611, 544, 1.1010771762469944, 0.9876951658594176, 151.9001218199045, 0.9861727299763146, 0.9960115310192316]
00405361,93114,390743,1984,6;[24753.160000000003, 578, 1.00909647235729, 0.9098752852181039, 137.04136746435586, 0.9800835948066019, 1.0073033394659086]
00405361,93114,390743,1984,7;[10188.27, 414, 1.043322508968279, 0.8724864761298392, 212.55917564066874, 0.9759803866962162, 1.0049803803199517]
00405361,93114,390743,1985,4;[13005, 546, 1.0819624783459714, 0.6647764079607433, 175.57896830301294, 0.9861933059395026, 1.0042471042471042]
00405361,93114,390743,1985,5;[12530.699999999999, 494, 1.0217681145478013, 0.8356407120502811, 131.74661193793222, 0.9868007327139139, 1.0062111801242235]
00405361,93114,390743,1985,6;[9673.570000000002, 418, 1.0055022437708037, 0.9756680664763492, 153.15693889653164, 0.9609031535195691, 1.0137832017229003]
00405361,93114,390743,1985,7;[11816.19, 392, 1.0397788318999732, 0.9165321730576639, 138.12277368429923, 0.9858375815885618, 1.0055989583333333]
00405361,93114,390743,1986,4;[13004, 548, 1.1015070601014003, 0.9969519540388744, 142.75170588578905, 0.985716642053177, 0.998541042770483]
00405361,93114,390743,1986,5;[12440.26, 494, 1.0172509391752207, 0.8280165403410673, 135.43115763172463, 0.986068506811673, 1.0078573150156664]
00405361,93114,390743,1986,6;[12475.220000000001, 466, 1.0082133250570553, 0.9981584050700596, 168.112636156886, 0.9815819888073533, 0.9978084593469209]
00405361,93114,390743,1986,7;[10889.01, 424, 1.034299294437582, 0.8093863780939509, 192.42936146013088, 0.9841136061457252, 1.010435152977923]
00405361,93122,390796,1583,4;[12968, 544, 1.0441323808869658, 0.7011859821956559, 153.44592844336964, 0.9880150426251212, 1.007458048477315]
00405361,93122,390796,1583,5;[12396.23, 494, 1.0345884572487516, 0.8137037930822747, 136.51287130047692, 0.9878031648624265, 1.0057931833542533]
00405361,93122,390796,1583,6;[11014.800000000001, 438, 1.0025556204443196, 0.9619483952642602, 166.9178835994708, 0.9665561875017603, 0.9998756373585375]
00405361,93122,390796,1583,7;[21888.18, 512, 1.0302087667230888, 0.899033285977717, 183.38274695038535, 0.9756994315103207, 1.0088501815873911]
00405361,93122,390796,1584,4;[12633, 548, 1.1110705374621848, 0.9967491661961689, 139.61823336152344, 0.9872281275911445, 0.9931213395699855]
00405361,93122,390796,1584,6;[8925.550000000001, 410, 1.006959244037708, 0.8935925373405027, 172.26089026194308, 0.9483199884764484, 210.16129032258064]
00405361,93122,390796,1584,7;[10287.72, 416, 1.0593214172496666, 0.6674227962766471, 210.90611328071893, 0.9818071230253462, 1.005157336123776]
00405361,93122,390796,1585,4;[13192, 548, 1.0496808374944313, 0.7074125371394299, 170.67609747189334, 0.9871819604303815, 1.005641103826803]
00405361,93122,390796,1585,5;[12514.039999999999, 496, 1.030398270884302, 0.8044427375233646, 141.56291335025227, 0.9873006030966983, 1.0082454458293384]
00405361,93122,390796,1585,6;[8515.92, 408, 1.0200599219414652, 0.9758234178862256, 151.1895789319619, 0.9494424836920017, 1.0058252427184466]
00405361,93122,390796,1585,7;[10347.39, 414, 1.0352323029583215, 0.9627093132466951, 185.80975357244412, 0.9773103066397248, 1.0017033251869956]
00405361,93122,390796,1586,4;[14222, 594, 1.1512612336200758, 0.9014547388290213, 126.21777843050015, 0.9882288046440284, 0.885443904868634]
00405361,93122,390796,1586,5;[23381.12, 598, 1.013528962339595, 0.9205151092955645, 149.07686519844572, 0.9735244489329596, 1.0060935019714272]
00405361,93122,390796,1586,6;[19451.260000000002, 510, 1.0207952318420823, 0.9230970210566777, 133.54909320834003, 0.9828043108990161, 1.0072003688858937]
00405361,93122,390796,1586,7;[10039.86, 412, 1.0345794706591054, 0.6575801527352768, 197.41392185387548, 0.9823657651418684, 1.0142194744976816]
00405361,93135,390891,791,4;[14724, 608, 1.0154051760020846, 0.8975049401564639, 116.35599173945626, 0.9865702950793961, 0.8878437047756874]
00405361,93135,390891,791,5;[12727.05, 496, 1.0186126397625168, 0.9910836369312491, 144.9328471362383, 0.9848628817398569, 1.0054526652251574]
00405361,93135,390891,791,6;[10369.53, 452, 1.0059858625684697, 0.993812685503072, 179.94113475491346, 0.9517096695738729, 0.9764561697735922]
00405361,93135,390891,791,7;[10742.130000000001, 420, 1.028912314788239, 0.9922589809707337, 177.08180823824978, 0.979097015538204, 0.9960278053624627]
00405361,93135,390891,792,4;[13007, 550, 1.0964702713514103, 0.9950986677804293, 145.19352561748616, 0.9858315299408543, 0.9966286108344188]
00405361,93135,390891,792,5;[13869.449999999999, 536, 1.0004843746774503, 0.9687215184141185, 121.63888567967021, 0.9839693740155877, 0.9905660377358491]
00405361,93135,390891,792,6;[12906.77, 462, 1.012265458910573, 1.0004798903935095, 160.95020705746677, 0.9821900303518122, 1.0116510067114095]
00405361,93135,390891,792,7;[10289.25, 414, 1.0199676918350125, 0.6883974510036815, 186.28540734611073, 0.9841551266357038, 1.0063598952487842]
00405361,93138,390911,1124,4;[13037, 544, 1.011806262819433, 1.007836642817406, 120.4074144756565, 0.9875162753546592, 0.9972462326933375]
00405361,93138,390911,1124,5;[12685.4, 496, 1.017574911445995, 0.8971217057673798, 128.90866910765618, 0.9872759572915849, 1.0079425113464449]
00405361,93138,390911,1124,6;[9727.0, 418, 1.002708077929369, 0.9640271858651533, 172.26661956995082, 0.9587886056388929, 1.0182861240588024]
00405361,93138,390911,1124,7;[10298.43, 414, 1.0379622499106655, 0.6697717475461756, 200.5878863869683, 0.9825681270922391, 1.0135521758771269]
00405361,93138,390914,1125,4;[12679, 546, 1.1073646212620611, 0.9965956176200705, 138.90025185918995, 0.9879038089369581, 0.9931461246230369]
00405361,93138,390914,1125,5;[12518.8, 496, 1.032595223481745, 0.8249395681935439, 134.5013540128265, 0.9878632566165886, 1.0087256688081312]
00405361,93138,390914,1125,6;[10007.85, 450, 1.011075020784445, 0.9942157952592212, 176.37098156124463, 0.9588189598204508, 9999]
00405361,93138,390914,1125,7;[10936.44, 430, 1.0873311951042404, 0.9049807525143727, 212.94034269045596, 0.9828371406225133, 1.0055567278610114]
00405361,93138,390914,1126,4;[27407, 726, 1.0139379423311923, 0.9152207220751079, 115.38184004855825, 0.9824415924689011, 1.0019009321878998]
00405361,93138,390914,1126,6;[12753.330000000002, 458, 1.0345228187177917, 0.6132928241424132, 201.7930401274666, 0.98363400064218, 1.0093245147999566]
00405361,93138,390914,1126,7;[18174.87, 466, 1.0385659568739969, 0.9164975871953849, 249.7950154006855, 0.9687591806630906, 1.0078479616510414]
00405361,93138,390914,1127,4;[13076, 548, 1.0167558378311696, 0.7330498489560157, 149.52658308806988, 0.9880819899685656, 1.0050730207532668]
00405361,93138,390914,1127,5;[14230.019999999999, 536, 1.0056467205038329, 0.9716266444986777, 119.00552396300364, 0.9860286967722237, 0.9894911046752172]
00405361,93138,390914,1127,6;[10431.18, 450, 1.00874401115719, 0.9925071453224641, 172.4593414021695, 0.9612748703232901, 9999]
00405361,93138,390914,1127,7;[11825.37, 434, 1.0038877653931662, 0.9919383351119809, 128.20159818938853, 0.9860803215018424, 0.9954920144255538]
00405361,93138,390914,1128,4;[12874, 550, 1.1160400386527274, 0.994173236525642, 138.4816345887104, 0.9869801791812927, 0.9958230198019802]
00405361,93138,390914,1128,5;[11244.31, 476, 1.0045619588952288, 0.976938468502971, 132.80312899887664, 0.9766645152175737, 1.0047317773406348]
00405361,93138,390914,1128,6;[24453.13, 574, 1.0195281791585182, 0.9103390437459266, 146.39280821189965, 0.9773492803378203, 1.0065698576060904]
00405361,93138,390914,1128,7;[24868.62, 556, 1.0263219125953738, 0.9135932084318842, 165.24714744902582, 0.9744162083897675, 1.0079374922485427]
00405361,93139,390917,12,4;[12897, 540, 1.1217477293706062, 0.83762160707292, 156.19130819063804, 0.9866246200716198, 1.0061239614619495]
00405361,93139,390917,12,5;[12893.65, 500, 1.0023763141054527, 0.9939447059059545, 132.3388568131827, 0.9845423144815226, 0.998939750149818]
00405361,93139,390917,12,6;[12808.130000000001, 460, 1.008151353294496, 0.9840307231685136, 165.25147063501166, 0.9816316564667361, 1.0116323107720608]
00405361,93139,390917,12,7;[11386.26, 432, 1.0052440719675169, 1.0030431786721519, 203.1286850116799, 0.9740521994092084, 1.0107293222871112]
00405361,93139,390917,13,4;[12918, 544, 1.0216202932556557, 0.7983280561539711, 134.90137711865293, 0.987890631620532, 1.0079194787968635]
00405361,93139,390917,13,5;[11609.64, 484, 1.0034086448469532, 0.976680028524339, 145.41765323665095, 0.9740036938058214, 1.0]
00405361,93139,390917,13,6;[10365.42, 448, 1.0044706099862852, 0.9861568922072227, 190.30046719645017, 0.9528197939806019, 0.9908328968046097]
00405361,93139,390917,13,7;[16363.35, 442, 1.0213423532158767, 0.9373414972437402, 179.34434762651307, 0.975036085251574, 1.0084390174909246]
00405361,93139,390917,14,4;[27045, 718, 1.0104102103243722, 0.9227111301319612, 121.25041468862817, 0.981336025253053, 1.0043449197860963]
00405361,93139,390917,14,5;[26135.969999999998, 640, 1.0061608858019233, 0.9135554375532823, 161.67846618571548, 0.9648699116286612, 1.004665843282558]
00405361,93139,390917,14,6;[18338.82, 498, 1.0198927198410819, 0.9126092166668236, 145.33464676898868, 0.9818021958840771, 1.0055588942307692]
00405361,93139,390917,15,7;[10341.27, 414, 1.0215516919477812, 0.8698427834999032, 175.39196793795452, 0.9802350303421659, 1.015932661957012]
00405361,93147,390951,262,4;[13025, 542, 1.0369038545547589, 0.9186563108209076, 150.00985243744955, 0.9868855505638463, 1.0051317667939963]
00405361,93147,390951,262,5;[27135.57, 658, 1.004800806760603, 0.9092024872717797, 138.4600751158443, 0.9756602216267635, 1.0057336920566313]
00405361,93147,390951,262,6;[9310.52, 414, 1.0033188811398441, 0.9708922822714783, 173.92016192813543, 0.9565287146540974, 1.0232628171346834]
00405361,93147,390951,262,7;[11409.210000000001, 428, 1.0037518337587044, 0.9679988872012314, 165.08043900438764, 0.9730001229448809, 1.0048510982347392]
00405361,93147,390951,263,4;[13734, 584, 1.0237287607187773, 0.9098505697430317, 124.75856519370421, 0.9876481239419802, 0.8772075495800467]
00405361,93147,390951,263,5;[12587.82, 496, 1.0169631853253251, 0.8259724541806219, 139.11935851205376, 0.9874632320904605, 1.0075245261453472]
00405361,93147,390951,263,6;[10520.230000000001, 450, 1.0055051475483188, 0.9839959947949516, 164.80469664882472, 0.9642255433815323, 9999]
00405361,93147,390951,263,7;[11582.1, 422, 1.0045562464821023, 0.9569510578104018, 145.05647075710903, 0.9796848735832422, 1.0119644408796205]
00405361,93147,390951,264,4;[12960, 542, 1.0182007608431558, 0.9271241651829222, 113.5743863201472, 0.9899908717277406, 1.0054305663304888]
00405361,93147,390951,264,5;[12585.439999999999, 496, 1.0142316865375032, 0.8272640002575518, 139.62498208790197, 0.9877802405605386, 1.007094224634576]
00405361,93147,390951,264,6;[10166.77, 448, 1.006047282208041, 0.9853725783705679, 179.7013465910952, 0.9622159339228554, 0.9909200160235011]
00405361,93147,390951,264,7;[24073.02, 548, 1.021861536584849, 0.9175168075485927, 197.36619470574612, 0.9484435400186079, 1.0054316569748867]
00405361,93165,391037,226,4;[12670, 550, 1.0085640977742847, 0.8902211482631708, 121.68792781634185, 0.9884159332480823, 0.9959517352513462]
00405361,93165,391037,226,6;[12561.53, 460, 1.007785109003518, 0.9979286376722608, 133.9719467693544, 0.9861707112174579, 305.6333333333333]
00405361,93165,391037,226,7;[11071.08, 420, 1.0047931127296754, 0.963240691296954, 146.23635508309258, 0.9777408558750514, 1.00843146819037]
00405361,93165,391037,227,4;[12835, 546, 1.0379901201713937, 0.7710642464551267, 138.8450947518507, 0.9878002868936538, 1.0037145650048875]
00405361,93165,391037,227,6;[9287.230000000001, 412, 0.9241966033515461, 0.8886884268721368, 161.67531666744657, 0.9550633025863379, 147.3695652173913]
00405361,93165,391037,228,7;[10553.94, 410, 1.02545289719073, 0.9171950650010443, 174.3331163161594, 0.97668983787996, 1.0115111078524819]
00405361,93165,391037,229,4;[12762, 550, 1.0315805135390013, 0.9898311169654981, 134.41777375835207, 0.9871984418277417, 0.9939252336448599]
00405361,93165,391037,229,5;[12405.75, 490, 1.0243729934851455, 0.946919646651469, 141.61387186539815, 0.9854520667492689, 1.0021629416005768]
00405361,93165,391037,229,6;[10461.320000000002, 472, 1.0049993944919717, 0.9923249658036163, 141.30488548638732, 0.9755331565072668, 9999]
00405361,93165,391037,230,7;[10094.94, 412, 1.0283634936303603, 0.6930000044189417, 179.7231960638595, 0.9816387305212004, 1.0171111453676585]
00405361,93165,391037,231,4;[13141, 546, 1.0927328178525355, 0.6405564842305461, 194.89397778090895, 0.9857637529321904, 1.0038577594438716]
00405361,93165,391037,231,5;[12757.99, 496, 1.0066200567817334, 0.993183260971374, 129.61409587691062, 0.9859543984432585, 1.003369209171736]
00405361,93165,391037,231,6;[11516.220000000001, 476, 1.002135763817501, 0.977558662508854, 155.18152112946004, 0.9743674965627871, 0.9850588855686412]
00405361,93165,391037,232,7;[9945.0, 410, 1.0205609400681017, 0.6803066028249894, 183.99947650017887, 0.9814499584770913, 1.0119881675229643]
00405361,93165,391037,233,4;[12897, 546, 1.0223855697421584, 0.7761442500329605, 140.29269793634404, 0.9888883434464326, 1.0067129810319257]
00405361,93165,391037,233,5;[12575.92, 496, 1.014120078541665, 0.8499901360859559, 136.42677846792978, 0.9877053698720601, 1.0052794292508918]
00405361,93165,391037,233,6;[9709.19, 444, 1.0077816703847318, 0.9952723737663741, 170.8974894215395, 0.9588564188985723, 9999]
00405361,93165,391037,234,7;[10625.85, 418, 1.0330961453305956, 0.9815883793278842, 176.24982837609465, 0.9788033978350088, 1.001081081081081]
00405361,93165,391037,235,4;[12480, 538, 1.0415143711975785, 0.832924747462019, 159.2094863047925, 0.9871710391458244, 1.0035381151495657]
00405361,93165,391037,235,5;[13732.599999999999, 480, 1.021605995895131, 0.9080637940282967, 128.2308555930417, 0.9865966255222574, 0.9943561242514325]
00405361,93165,391037,235,6;[11873.79, 482, 1.0036738822089313, 0.9841408942464632, 174.69783808560837, 0.9740872505633599, 0.9918178177032672]
00405361,93165,391037,236,7;[10068.93, 408, 1.0487787163041384, 0.7508446919829403, 241.11509462281296, 0.9793923370804757, 1.009201042784849]
00405361,93165,391037,237,4;[12656, 542, 1.034466789765613, 0.9794918707830147, 135.46583848427173, 0.9881879504472135, 0.9961432506887052]
00405361,93165,391037,237,5;[12408.13, 494, 1.0335101641505697, 0.8435039994112735, 134.2539721620535, 0.9883656100891436, 1.0062243667068758]
00405361,93165,391037,237,6;[13139.670000000002, 458, 0.997155230062066, 0.9728298321394223, 135.50413836044905, 0.9801536556195974, 1.0036101083032491]
00405361,93165,391037,237,7;[22847.49, 524, 1.0230605903092256, 0.9368031391640563, 168.1521176547843, 0.9709569450106602, 1.007624831309042]
00405361,93165,391037,238,4;[12560, 546, 1.108991937722979, 0.9839879824547952, 146.69470430327448, 0.9876367317050824, 0.9910834056655883]
00405361,93165,391037,238,5;[14932.119999999999, 490, 1.0136913308136957, 0.9183392541928692, 125.7030639013519, 0.9832053463490232, 1.000518279312682]
00405361,93165,391037,238,6;[27056.13, 614, 1.0098411142448165, 0.9155524283203818, 131.99414024064527, 0.9764986948352263, 1.00721662629096]
00405361,93165,391037,239,7;[10229.58, 412, 1.041007039350762, 0.8323038631422935, 225.00637652094954, 0.9768910855888712, 1.0092075471698114]
00405361,93170,391068,432,4;[12696, 542, 1.1091914741629738, 0.9898987908902189, 137.89445435472334, 0.9868222281119127, 1.0006305170239596]
00405361,93170,391068,432,6;[9583.150000000001, 418, 1.0039959917650072, 0.9743344325034026, 146.1958777000844, 0.962789807386979, 1.0159029845327137]
00405361,93170,391068,432,7;[24103.62, 544, 1.0302297061247194, 0.9077855613226263, 248.52048417589458, 0.928949737581601, 1.0061631805843845]
00405361,93170,391068,433,4;[12918, 544, 1.0418157146456626, 0.7598918572899203, 162.14002727510476, 0.9854343337927028, 0.9976059927407522]
00405361,93170,391068,433,6;[23669.49, 562, 1.0191201564332704, 0.9081789728041724, 148.31313244341666, 0.9754010671779473, 1.0079635949943118]
00405361,93170,391068,433,7;[23967.45, 538, 1.0293436990608598, 0.9104030701191943, 222.83291322400436, 0.9509499996429865, 1.0076547021741926]
00405361,93170,391068,434,4;[26434, 710, 1.018049731318787, 0.9178049393901608, 162.9505576911102, 0.9561748156101846, 1.0039498670717812]
00405361,93170,391068,434,6;[13272.560000000001, 474, 1.0039881304326823, 0.8371205160159536, 102.35954303714715, 0.9910380157253343, 9999]
00405361,93170,391068,435,7;[10768.14, 416, 1.0319126378101282, 0.9628963481496781, 181.0339810293788, 0.9755294888160392, 1.0097560975609756]
00405361,93174,391096,876,4;[12460, 540, 1.0408237433876564, 0.9503401089027904, 150.44322740450266, 0.9863266802630388, 0.9994786026551157]
00405361,93174,391096,876,6;[25379.250000000004, 586, 1.0179165397381977, 0.9029288207999309, 160.43483556195895, 0.9726873454366415, 1.00805354519236]
00405361,93174,391096,876,7;[22388.49, 520, 1.0299856672469472, 0.9075769371935652, 257.8121857791255, 0.9585824223785325, 1.0080600716450814]
00405361,93174,391096,877,4;[12578, 536, 1.0450465940256584, 0.7413972516183207, 136.73275333499026, 0.9882490542641716, 1.0071665932658045]
00405361,93174,391096,877,5;[12429.55, 494, 1.0309462293381129, 0.9383715650826654, 148.02342876541036, 0.9839628330048865, 1.0023992322456814]
00405361,93174,391096,877,6;[14608.310000000001, 452, 1.024114502954725, 0.9122689765034309, 151.87940726854112, 0.9817812791370323, 1.0033403904963538]
00405361,93174,391096,878,7;[10569.24, 422, 1.1055649286624458, 0.9430971401690219, 225.6682207821173, 0.9757360253987056, 1.0086880338760313]
00405361,93174,391096,879,4;[12877, 544, 1.0444783947754332, 0.758741818430227, 136.21331401737802, 0.9881684118379991, 1.0063694267515924]
00405361,93174,391096,879,5;[12291.51, 490, 1.0142303120622636, 0.8097199961203962, 133.4455391237711, 0.9867577424318034, 1.0059407869107908]
00405361,93174,391096,879,7;[24559.56, 554, 1.0355668556559663, 0.8963214577976794, 268.7454319781533, 0.9393537601711659, 1.0074687754973954]
00405361,93174,391096,880,6;[10607.910000000002, 454, 1.0088046974832243, 0.9923547052382302, 156.99478291848556, 0.9656936857328658, 1106.142857142857]
00405361,93174,391096,881,4;[12788, 544, 1.0377149806709596, 0.9799995726930063, 136.35599227638954, 0.9870952862670911, 1.0029803921568627]
00405361,93174,391096,881,5;[12534.269999999999, 494, 1.0241922150106635, 0.8669987555836315, 124.39130073290598, 0.9872021164593149, 1.007653305271214]
00405361,93174,391096,882,6;[12642.36, 460, 1.0147115741212216, 1.0011841473703533, 150.19852792812654, 0.9835674247563457, 1.0111214594861118]
00405361,93174,391096,882,7;[10619.73, 422, 1.1084006575396443, 0.7942499263885744, 192.66393846797553, 0.9862075043906832, 1.0096]
00405361,93204,391209,362,4;[15617, 566, 0.9881219369710308, 0.8720449610300524, 113.21865721431735, 0.9895958280170988, 1.0007369196757554]
00405361,93204,391209,362,5;[12584.25, 496, 1.0278966466360766, 0.8540797017757898, 137.71050252841255, 0.9878879742266629, 1.0084394221141468]
00405361,93204,391209,362,6;[10562.7, 430, 1.00598188172645, 0.970615990271479, 161.0079595887545, 0.963156990272817, 1.0022098011178995]
00405361,93204,391209,362,7;[10645.74, 420, 1.0399278820609894, 0.9226867764889264, 193.85101020584764, 0.9783857586501112, 0.9979919678714859]
00405361,93204,391209,363,4;[13054, 546, 1.038715384173785, 0.8020011128722687, 135.30724903069458, 0.9882961877056654, 1.0061274037535166]
00405361,93204,391209,363,5;[12742.519999999999, 496, 1.03156662414386, 0.7782357336650764, 141.33178206429915, 0.9875330035595016, 1.0064382724752103]
00405361,93204,391209,363,6;[10077.720000000001, 448, 1.007123780020131, 0.9934224930498131, 173.18799746605006, 0.9563364593883394, 9999]
00405361,93204,391209,363,7;[10249.47, 412, 1.05367862641517, 0.689958566417744, 263.2332184247274, 0.980316827603752, 1.0101786926034835]
00405361,93220,391259,254,4;[12969, 546, 1.021141679478034, 0.7887868666277595, 140.16745522772692, 0.9866438315086654, 1.0037148827490132]
00405361,93220,391259,254,5;[13306.58, 488, 1.0200024694512748, 0.9020107790096026, 128.63616914904878, 0.984510836080005, 0.9620993762099376]
00405361,93220,391259,254,6;[27265.74, 614, 1.016699721106188, 0.9110027780101589, 162.6325286634208, 0.9680795784318929, 1.0069059725278895]
00405361,93220,391259,254,7;[9909.81, 414, 1.0400453007933903, 0.7039818769811996, 182.46007612487972, 0.9834622127248769, 0.9837484811664642]
00405361,93222,391268,338,4;[13113, 546, 1.0192462842251475, 0.735751547870993, 151.3588816540349, 0.9860336718106387, 1.0040966346337914]
00405361,93222,391268,338,5;[14871.429999999998, 518, 1.0169704448071162, 0.8828077019126581, 114.5925615801457, 0.9889411720786838, 1.0048647127407229]
00405361,93222,391268,338,6;[10201.02, 450, 1.0094547610706286, 0.991588271335596, 173.68050074531746, 0.9550268925880819, 9999]
00405361,93222,391268,338,7;[11360.25, 432, 1.0256545521745033, 0.8680203440865888, 202.99131879663292, 0.9794712154841311, 1.0084204807822899]
00405361,93328,391872,11,4;[12294, 538, 1.032129365884379, 0.6633381493978188, 181.97233396927084, 0.9863628536210295, 1.0064674580433892]
00405361,93328,391872,11,6;[11809.400000000001, 440, 1.0026877585362048, 0.9849724845195537, 151.85731158904193, 0.9763823307193848, 1.0120934601385465]
00405361,93328,391872,11,7;[23737.95, 546, 1.028875008164068, 0.896035589536289, 186.37839136840452, 0.968949704185779, 1.0079911642411643]
00405361,93328,391872,12,4;[14904, 556, 1.0033002878186839, 0.8929362887908848, 104.04389381020141, 0.9904384750329439, 1.0103036876355749]
00405361,93328,391872,12,6;[8795.400000000001, 434, 1.016992577728214, 0.923894328725297, 208.79567221128124, 0.9374189001358414, 9999]
00405361,93328,391872,13,7;[9645.12, 408, 1.030073652434697, 0.9333636052979405, 185.1142566900662, 0.9743205723802278, 1.005743458838545]
00405361,93328,391872,14,4;[12184, 532, 1.0421603062961737, 0.6782135677828487, 180.56934054637745, 0.9859355018958875, 1.0038311019567456]
00405361,93328,391872,14,6;[12384.800000000001, 470, 1.0062040685421063, 0.8559891916336012, 140.31977483220655, 0.9877570403739916, 9040.0]
00405361,93328,391872,14,7;[23110.65, 540, 1.0315951113286626, 0.8989969917220033, 181.71838312546984, 0.9707731650989435, 1.0026884397092501]
00405361,93328,391872,15,4;[12064, 546, 1.0265740335609725, 0.8181602790330537, 156.94829127372915, 0.9872693067524831, 0.9891767792718924]
00405361,93328,391872,15,5;[13461.279999999999, 472, 1.0184827535862278, 0.9005579679350133, 127.98665614372256, 0.9854720217088864, 0.999867415035135]
00405361,93328,391872,15,6;[13476.69, 438, 1.0266082814306108, 0.9092926145004294, 138.50908941374027, 0.9854810770079385, 1.0051601696214172]
00405361,93328,391872,15,7;[12558.24, 392, 1.0306086443661693, 0.9209077945507054, 141.0005563970764, 0.9836428865557987, 1.0099667774086378]
00405361,93328,391872,16,4;[12532, 548, 1.028774569880621, 0.7830106515195341, 134.39431526868745, 0.9890011028175861, 0.9981680605336519]
00405361,93328,391872,16,6;[11825.84, 452, 1.0235330408641787, 0.9387090111516, 140.0361926536242, 0.9856137895392554, 1.0118391747743523]
00405361,93328,391872,16,7;[21692.34, 512, 1.0237546747936739, 0.9289672106131912, 175.18339355430618, 0.9710313174896542, 1.0072463768115942]
00405361,93328,391872,17,4;[12043, 534, 1.0459103096062452, 0.7370519261448156, 169.42492017814595, 0.9870534682804194, 1.0006647278770253]
00405361,93328,391872,17,6;[12524.54, 430, 1.0322334079065254, 0.9219355539007268, 134.1382130429966, 0.9863559556908894, 1.0006567425569177]
00405361,93328,391872,17,7;[23188.68, 536, 1.0312411359050275, 0.9002489672860092, 252.76323378702088, 0.9338532719648699, 1.0067756078118772]
00405361,93328,391872,18,4;[12126, 534, 1.043122380452169, 0.6691513829702896, 183.43896384643784, 0.9869155775168263, 1.0002887193235719]
00405361,93328,391872,18,6;[12212.18, 472, 0.9934143218712007, 0.8109139832296604, 122.95131502350418, 0.9909192618303286, 2971.3333333333335]
00405361,93328,391872,18,7;[10223.460000000001, 424, 1.0217065744366054, 0.8198625850039124, 211.10826214186608, 0.9830569207398514, 0.9804842259721204]
00405361,93328,391872,19,4;[14255, 560, 0.989519326992291, 0.8745751176626415, 92.49303297124494, 0.992034632212357, 1.007954746331978]
00405361,93328,391872,19,6;[12239.580000000002, 454, 1.204812643747953, 0.6983688011806299, 231.1398949086345, 0.9846460260817473, 1.0079539685225927]
00405361,93328,391872,19,7;[23485.5, 538, 1.0280766609861927, 0.9135641458821755, 141.2173347951922, 0.9801275843737677, 1.010433466083007]
00405361,93331,391888,230,4;[11998, 532, 1.0617357917233348, 0.6770516087664596, 179.54394550389694, 0.985827847000211, 0.9999166597216435]
00405361,93331,391888,230,6;[11462.79, 448, 1.0185424514721273, 0.8572091866072263, 138.2298945007216, 0.9838570066078474, 1.0113011422010032]
00405361,93331,391888,230,7;[19242.81, 476, 1.0326025430304664, 0.9178664098261795, 241.51468771118823, 0.9640704733427307, 1.0091065912464396]
00405361,93331,391888,231,4;[12014, 530, 1.0406421713029947, 0.6746473040029001, 178.34681246433684, 0.9856824513295095, 1.0076745648983014]
00405361,93331,391888,231,6;[9139.27, 444, 1.0095394902498154, 0.9048830054890901, 179.4882598257511, 0.9549853725088795, 9999]
00405361,93331,391888,231,7;[10419.3, 426, 1.0061114920749106, 0.8716237529293308, 214.11001835151833, 0.9764747155444431, 1.0096367679762788]
00405361,93331,391888,232,4;[13099, 514, 1.0297590566649228, 0.9336500852409103, 113.91683538055902, 0.9868827057925886, 0.9984374404512367]
00405361,93331,391888,232,6;[12335.480000000001, 474, 1.1404023783833939, 0.9540657484808766, 130.84766315400933, 0.9869826492843774, 9999]
00405361,93331,391888,233,7;[9400.32, 418, 1.0399261378920583, 0.678807736685326, 182.626359745183, 0.9800158136915237, 0.9470520231213873]
00405361,93331,391888,234,4;[11936, 532, 1.0426817517885527, 0.6710098228855201, 150.2712266505447, 0.9863374509020425, 1.0023092748876852]
00405361,93331,391888,234,6;[9380.390000000001, 442, 1.0070787209860756, 0.9968792322783007, 176.25120615220197, 0.955623681914825, 0.9712745584793248]
00405361,93331,391888,234,7;[23124.420000000002, 534, 1.0273571753536221, 0.9238256334315738, 177.7848349168927, 0.9647018809306288, 1.008272181454303]
00405361,93376,392041,23,4;[13371, 554, 1.1018860735084377, 0.8187209386035231, 163.415377943337, 0.9867268190171345, 0.9872997120283541]
00405361,93376,392041,23,5;[13337.519999999999, 506, 1.0285777063928443, 0.837946311626383, 143.49884653055068, 0.9860609530993998, 1.002728696041154]
00405361,93376,392041,23,6;[11003.84, 440, 1.0002109367126282, 0.9715067409916992, 191.18571245265773, 0.9445648664123154, 401.6]
00405361,93376,392041,23,7;[11536.2, 436, 0.9982691220269618, 0.8545480222030734, 216.874470406968, 0.9816929040887137, 1.0049983338887039]
00405361,93376,392041,24,4;[13939, 558, 1.0224510822760253, 0.8076925295001047, 134.19110398313254, 0.9873419095425702, 1.0016527737855705]
00405361,93376,392041,24,5;[13173.3, 504, 1.0255671855494424, 0.7407127757129456, 157.91375654839717, 0.9856272142838609, 1.0026265736799203]
00405361,93376,392041,24,6;[13427.37, 512, 1.0036085257193479, 1.0085046542961824, 195.20327625686943, 0.9780625402598334, 0.9836411079887596]
00405361,93376,392041,25,7;[12111.48, 440, 1.0139292191468259, 0.8218115106017077, 192.8304016300811, 0.9851824890488773, 1.0071246819338422]
00023698,93080,390528,134,4;[50730, 1068, 1.0195976013283141, 0.9416815472712002, 106.73840478038007, 0.9824062191657561, 0.9948424293530485]
00023698,93080,390528,134,5;[32137.14, 722, 1.0078854189891433, 1.013414209980644, 116.63098906489452, 0.9895434332199322, 0.9812513625463266]
00023698,93080,390528,134,6;[38668.25, 748, 1.0119806230852137, 0.8016064169445177, 114.47467328846068, 0.9890644631038052, 9999]
00023698,93080,390528,135,7;[38513.16, 688, 1.0083897586046573, 1.0117389089138091, 162.42444615493253, 0.9858130161766707, 9999]
00023698,93244,391403,53,4;[51195, 1022, 1.0156213303600359, 0.8120712758459384, 144.89464082346188, 0.9865749572742271, 0.9854762798486992]
00023698,93244,391403,53,5;[39153.38, 806, 1.0102162086185273, 0.8219264752022125, 107.96273207170495, 0.9890131537606472, 0.9936278802887084]
00023698,93244,391403,54,7;[40517.46, 702, 1.0207061917706963, 1.0193027392126506, 179.45160421442154, 0.9815379085237981, 1.0024605367755612]
00023698,93244,391403,55,6;[32312.820000000003, 714, 1.0456990845119167, 0.9394046339370987, 200.55027481560595, 0.9796784384215971, 0.999639746551103]
00441627,93067,390432,65,6;[21472.010000000002, 544, 1.2071747550462895, 0.7669454718363042, 296.42536616290715, 0.7847001280608507, 1.0052594445513436]
00441627,93067,390432,65,7;[16773.39, 448, 1.253618130917735, 0.6973485200506362, 523.0019403456191, 0.7855477682179377, 1.0095308255444542]
00441627,93067,390432,66,4;[10210, 490, 1.205591451736173, 0.6863116563155766, 613.2121337405814, 0.8722998402899627, 0.9194470710072493]
00441627,93067,390432,67,5;[16268.49, 512, 1.220647196279767, 0.7046617065922521, 462.8704074907715, 0.8445627125533454, 0.9832775919732442]
00441627,93067,390432,68,4;[11907, 494, 1.2003262112026345, 0.7715832962863078, 531.6485128296621, 0.8717618975734283, 0.9621429437194456]
00441627,93067,390432,68,7;[8421.12, 332, 1.2311721329364465, 0.7263238471111474, 701.494559475333, 0.8791896922543819, 1.0088901108972597]
00441627,93264,391493,588,5;[20519.17, 566, 1.20625089539276, 0.7685909233089576, 315.5605880943431, 0.8317790326969933, 1.0058332847226272]
00441627,93264,391493,588,6;[18714.2, 500, 1.2130593104670668, 0.7637348278576689, 363.8229627501239, 0.8491944895920966, 1.0074860788435298]
00441627,93264,391493,589,4;[21379, 642, 1.222860004437008, 0.7367409312527542, 305.88289777479906, 0.8018732641457108, 1.0009363734257222]
00441627,93264,391493,590,5;[16612.399999999998, 508, 1.1964813574751163, 0.7937685632171995, 375.2812841427674, 0.8581445608296557, 1.005256714913228]
00441627,93264,391493,590,6;[9288.6, 376, 1.2316310760066829, 0.7078850170173268, 667.4897806596281, 0.8670318738668767, 1.0028102351723118]
00441627,93264,391493,590,7;[12282.84, 382, 1.1826867670833479, 0.7999119505441685, 387.72390592826093, 0.8875514854945041, 1.009938357026041]
00441627,93264,391493,591,4;[11012, 470, 1.193098058381541, 0.7475751573775226, 527.8687510951271, 0.8825552290357994, 0.9964258245487038]
00441627,93264,391493,592,4;[21566, 638, 1.2334162978246925, 0.7378921132659273, 367.5501605580817, 0.7903441127274271, 1.0021375464684015]
00441627,93264,391493,592,5;[20156.219999999998, 562, 1.203713359679201, 0.7846317304791915, 313.73463012416363, 0.8368775280740046, 1.0055806221800048]
00441627,93264,391493,592,6;[21159.65, 542, 1.2236697404115686, 0.7517249901352401, 314.38375842433857, 0.7571266939806515, 1.007304506619709]
00441627,93264,391493,594,7;[8350.74, 328, 1.223572353799153, 0.7204655936361108, 657.8691777124549, 0.8679768549362092, 1.0058048465861973]
00441627,93264,391493,595,6;[12464.26, 412, 1.2003801191039778, 0.7494402772998116, 518.779684832739, 0.8685443501401033, 1.0085356390644054]
00441627,93264,391493,595,7;[17913.24, 476, 1.234135554242224, 0.7230504643351645, 478.3657405746895, 0.6958753383818995, 1.0044612216884008]
00441627,93264,391493,596,4;[11219, 508, 1.2305094763677218, 0.6714866924176794, 605.7120413973133, 0.8650759920385281, 0.9012692802056556]
00441627,93264,391493,597,4;[16763, 554, 1.2381928499368817, 0.7049775672859457, 464.3131905671902, 0.8376756323112875, 0.9956049177406902]
00441627,93264,391493,597,6;[16138.6, 466, 1.2405600873349107, 0.7125649233782062, 511.9105039766774, 0.8332037135799918, 1.0062785631913893]
00441627,93264,391493,597,7;[16254.720000000001, 444, 1.2077508556362362, 0.7474599477139451, 388.7097550299453, 0.8432176119123432, 1.010125980508676]
00441627,93264,391493,598,6;[20904.83, 538, 1.228930547722823, 0.7107618040554585, 404.3079847094639, 0.7639951155568417, 1.0037825214616978]
00441627,93264,391493,599,4;[21075, 628, 1.2339627963739415, 0.6957756061847777, 428.3759556261045, 0.7821500322703572, 1.0026881080952494]
00441627,93264,391493,599,6;[18278.54, 496, 1.2417901616914273, 0.7014603540815798, 492.52759945321515, 0.8148213773926527, 1.0078942398489141]
00441627,93264,391493,601,6;[17897.68, 488, 1.2262171756865832, 0.7353354373699604, 428.58509720415935, 0.8294448048949816, 1.0083359061438715]
00441627,93264,391493,601,7;[16462.8, 446, 1.239242479305792, 0.7171955844473522, 490.42480472355714, 0.778000400107347, 1.0082458770614693]
00441627,93264,391493,602,6;[9285.86, 374, 1.2377602435906125, 0.6997581433261124, 713.459030433227, 0.8548786717681439, 1.0055633855055264]
00441627,93384,392076,320,4;[12344, 490, 1.1995487910336806, 0.7591096098133624, 513.2954542998216, 0.8662362257216014, 1.0004863024801427]
00441627,93384,392076,320,5;[20861.89, 574, 1.2111621840400428, 0.7582921315696813, 363.1884696510415, 0.8293217739685587, 1.0060832137733142]
00441627,93384,392076,320,7;[14005.62, 410, 1.2263482310292348, 0.7426608622195343, 522.0529734673636, 0.8269586639430007, 1.0075394859941664]
00441627,93384,392076,321,6;[9516.02, 402, 1.2459258908049446, 0.6729735331185407, 996.7609703993207, 0.8711938871840158, 1.0025981524249423]
00441627,93384,392076,322,4;[15087, 530, 1.227825643299695, 0.670241727937023, 463.9224341976033, 0.8457291965189534, 0.9826743958835407]
00441627,93384,392076,322,5;[14786.939999999999, 478, 1.2168679137909466, 0.6908034952506068, 421.88523733231057, 0.8408142823537349, 1.0021371829509254]
00441627,93384,392076,322,6;[9057.070000000002, 424, 1.4980199071231, 0.7611337057784305, 1635.2590209349778, 0.8533617294763073, 0.9801334321719792]
00441627,93384,392076,322,7;[15986.970000000001, 440, 1.2458601080494724, 0.7311456583295168, 551.6198462274316, 0.8090290400380505, 1.0078125]
