02377233,93025,390248,154,1;[13191, 490, 0.744691784439974, 1.0808457148439552, 452.5618926737932, 0.9626650201751719, 1.006869704602702]
02377233,93025,390248,155,2;[16311.33, 504, 0.6773398305288543, 0.8663246820172931, 1416.3225721818237, 0.8426844199046232, 1.00631378019235]
02377233,93025,390248,156,3;[20817.15, 540, 0.6780438747020922, 1.177938407450211, 662.8268864949667, 0.7102979320863336, 1.0079267685980564]
02377233,93025,390248,157,1;[11136, 476, 0.7332081948387789, 1.0645857903873157, 430.981130890479, 0.910273772582121, 0.9624476038200597]
02377233,93025,390248,157,2;[16382.73, 510, 0.7148615126928123, 1.1850833869660367, 857.2325735842047, 0.9021133275788272, 1.0018921475875118]
02377233,93025,390248,157,3;[20648.640000000003, 536, 0.6696400855648901, 1.178544826134583, 818.6914004320331, 0.8145753968724784, 1.0069145204930354]
02377233,93026,390258,228,1;[18640, 586, 0.7269415082975111, 0.916247801240857, 620.1747491119839, 0.9289678614391127, 9999]
02377233,93026,390258,228,2;[21198.66, 590, 0.6837189379021884, 1.0805837886734868, 1251.8571565313794, 0.7775846519972335, 1.0068673166596016]
02377233,93026,390258,229,3;[21304.870000000003, 550, 0.6903767254162699, 1.176193862811027, 614.2066192804917, 0.827144731032646, 1.0079071877633028]
02377233,93026,390258,230,1;[10874, 472, 0.7278633016262513, 1.096657976890575, 493.19951800613575, 0.8786437630843837, 0.9506906801888442]
02377233,93026,390258,230,2;[17587.01, 518, 0.6743788974977556, 0.8262659060730752, 1512.909540902879, 0.8421475660445664, 1.0071211966336162]
02377233,93026,390258,230,3;[14837.1, 444, 0.6842963679997964, 0.9226241517239044, 905.1578306950595, 0.8153025306799546, 1.0081921429901322]
02377233,93062,390404,792,1;[20050, 608, 0.7283312555146986, 0.9782922496909273, 545.5186381740893, 0.9295425335712489, 1.0051132945658712]
02377233,93062,390404,792,2;[14551.32, 486, 0.6846632252098959, 0.8514937988137588, 1450.1438225969391, 0.8678218844275242, 1.0057575259088667]
02377233,93062,390404,792,3;[11576.5, 418, 0.6864924545729628, 1.1360916739648983, 698.7365144567859, 0.8206880511189488, 1.005114785297966]
02377233,93062,390404,794,1;[10833, 468, 0.7257883758260906, 0.9116452407013961, 566.8945233450853, 0.8636090330927577, 0.9699167338168144]
02377233,93062,390404,794,2;[17650.079999999998, 530, 0.6881154141713415, 0.8838709649550004, 1298.851323420218, 0.845878246053005, 1.0056615927043429]
02377233,93062,390404,794,3;[20117.08, 518, 0.6734272091284038, 1.1644897857807628, 751.8890772089401, 0.8457939559475237, 1.0085511178268485]
02377233,93068,390440,199,1;[21390, 636, 0.7279177202880824, 0.9617543642633357, 560.7557875854694, 0.9208091984388657, 1.0049094453971013]
02377233,93068,390440,199,2;[11967.83, 490, 0.6921550105252777, 1.2311943574464048, 1079.8961260442484, 0.8391756655679266, 0.9879174852652259]
02377233,93068,390440,200,3;[12980.750000000002, 434, 0.6948452054814549, 0.8124387567760031, 595.9925846404014, 0.8570174108262864, 0.9866708320316567]
02377233,93068,390440,202,1;[12848, 504, 0.7171552433348037, 0.8317824537357517, 758.6401353296537, 0.9083251046046781, 1.0001946206842862]
02377233,93068,390440,202,2;[19051.899999999998, 552, 0.6623012168763253, 0.7933215584255541, 1764.2276221356956, 0.8407861922945088, 1.0015639662183298]
02377233,93068,390440,202,3;[21528.18, 558, 0.6691484325397894, 1.1570943990649571, 868.4326753384244, 0.8095119124027624, 0.9984750285932139]
02377233,93069,390449,270,1;[17852, 578, 0.7367015388341703, 0.9268919325208116, 533.2035346341823, 0.9445823265417042, 1.0026115526101484]
02377233,93069,390449,270,2;[17751.23, 526, 0.6739152721415393, 0.8144879640797448, 1480.1182362552706, 0.839775761901212, 1.0028909506521446]
02377233,93069,390449,270,3;[21148.690000000002, 550, 0.7073101979519715, 1.1334407755731044, 456.76987791066324, 0.821946858792821, 1.002956177110743]
02377233,93069,390449,271,1;[20831, 632, 0.7429679226641098, 1.133172066606316, 424.7432978280653, 0.9480763553291899, 1.0023578096429602]
02377233,93069,390449,271,2;[14327.599999999999, 480, 0.6921447382527139, 0.8674157490540592, 1363.0006954951923, 0.8633719652943012, 1.003542404667639]
02377233,93069,390449,271,3;[12021.750000000002, 414, 0.6863763161017379, 1.13129487963067, 776.2996739665666, 0.848680273160039, 9999]
02377233,93069,390452,273,1;[12181, 486, 0.7431156523169358, 1.1491544272014564, 449.9145841937009, 0.9678209547954277, 1.0009861122524448]
02377233,93069,390452,273,2;[21136.78, 594, 0.6809818326643521, 0.9777121507433495, 1246.3868390870784, 0.8017883095006647, 1.0052350094796119]
02377233,93069,390452,274,3;[12154.640000000001, 434, 0.6968333136806805, 1.1683129852260556, 780.02489058174, 0.8533028459902194, 0.9979191271582025]
02377233,93069,390452,275,1;[21867, 656, 0.7433034308207841, 1.1650344598449291, 425.83565412171805, 0.9395757806667221, 1.0026824403328978]
02377233,93069,390452,275,2;[18556.86, 554, 0.717327244217712, 1.0347594521142651, 867.3481939270788, 0.885894143440153, 1.002442787348933]
02377233,93069,390452,275,3;[21181.570000000003, 550, 0.691159269568246, 1.163457483234442, 628.434746558513, 0.8511527890879511, 1.0038958509187714]
02377233,93070,390458,361,1;[13961, 510, 0.7500665285916404, 1.0656412317993191, 457.5570001346305, 0.9628601947250642, 1.0016860986547085]
02377233,93070,390458,361,2;[19268.48, 560, 0.6756608151944956, 0.9119383377410315, 1426.2171326611237, 0.8236073511812603, 1.0009272423811584]
02377233,93070,390458,361,3;[21407.620000000003, 548, 0.6843182308179226, 1.164495048262309, 679.2341775776915, 0.8438976827877483, 1.0022127441234006]
02377233,93070,390458,362,1;[11836, 490, 0.7378498238433503, 1.1430596724654154, 474.57006892980405, 0.9673165825086273, 0.9991558331926389]
02377233,93070,390458,362,2;[11775.05, 440, 0.6822533825862092, 0.9529680095248226, 1414.100962967774, 0.8547859278833939, 1.005078720162519]
02377233,93070,390458,362,3;[21456.940000000002, 554, 0.714708032693704, 1.0860793550267938, 432.926042130229, 0.8017056371219744, 0.9932145348468514]
02377233,93071,390467,442,1;[12345, 490, 0.734065394280513, 1.0869912934589623, 464.9008766981347, 0.9469908686696548, 1.0063585228662264]
02377233,93071,390467,442,2;[13255.41, 504, 0.7174453022847697, 1.6187535306390408, 888.9223449997426, 0.9034201561336808, 0.9945979731238002]
02377233,93071,390467,442,3;[19884.18, 528, 0.6855244262809383, 1.1887513328599948, 720.6050837673885, 0.842919994953153, 1.0026250345399281]
02377233,93071,390467,443,1;[13180, 498, 0.753808018142217, 1.1036758722848123, 450.8393411257743, 0.9646119065239207, 1.006606331385802]
02377233,93071,390467,443,2;[18178.44, 542, 0.6844213783698756, 0.8907602723346492, 1379.8268933984202, 0.8366855259713029, 1.0033827055075701]
02377233,93071,390467,443,3;[11965.580000000002, 432, 0.6884847365007455, 1.1387261395061665, 782.5878237831876, 0.8392803662002758, 0.9927820403523728]
02377233,93075,390494,723,1;[13368, 518, 0.7311666453504634, 1.0775914174316783, 555.2408240944422, 0.9573225828176095, 1.0049994361538173]
02377233,93075,390494,723,3;[20396.56, 534, 0.6880080379175508, 1.17943735401416, 683.3464945060254, 0.8514043260925285, 0.9993623091122672]
02377233,93075,390494,724,2;[21383.11, 598, 0.6909019152736648, 1.1228578985763402, 1181.0741330289477, 0.7788850324148571, 1.0022589731433194]
02377233,93075,390494,725,1;[14998, 530, 0.7425609935596797, 1.0103514052726972, 478.3792526465337, 0.9567130986362753, 1.004352775731601]
02377233,93075,390494,725,2;[14087.22, 486, 0.6984150638394604, 0.9453835450593535, 1235.5468709343031, 0.8783558525804656, 1.0021587301587302]
02377233,93075,390494,725,3;[19186.850000000002, 514, 0.68047779222477, 1.11920295271546, 747.7945345415831, 0.8540481552286132, 0.9991438966968681]
02377233,93075,390495,720,1;[13152, 498, 0.7447844055767405, 1.078835541942812, 500.3962587064247, 0.9586166279729559, 1.0021334958854007]
02377233,93075,390495,720,2;[14908.32, 498, 0.7014719959091538, 0.9573082315092521, 1205.308681445314, 0.8634157753188749, 1.0034441329595514]
02377233,93075,390495,720,3;[16002.970000000001, 478, 0.7014687010524797, 1.0646573293915986, 732.9249624330382, 0.8238526039374723, 0.9982054349683814]
02377233,93075,390495,721,1;[12423, 482, 0.7530057374682871, 1.1496923638131964, 476.58355078480173, 0.9636925693285187, 1.0062368378422162]
02377233,93075,390495,721,2;[12259.38, 512, 0.7054875902243853, 1.185898116648184, 970.7013879429082, 0.8601853699959674, 0.9866870989368834]
02377233,93075,390495,722,3;[12165.6, 416, 0.6859510566894502, 1.113869610422392, 799.8390505536322, 0.8494527975048405, 1.0042408821034776]
02377233,93084,390559,459,1;[21145, 642, 0.7203020147342699, 0.9454270191779107, 779.1056497974871, 0.8937952792577808, 1.0027505097927634]
02377233,93084,390559,459,2;[14005.109999999999, 484, 0.7093228377092621, 1.211362829102907, 909.1371941095377, 0.9117390226180853, 1.000042486298169]
02377233,93084,390559,459,3;[18685.43, 498, 0.6870567296746144, 1.0472387494621018, 706.7890507411765, 0.8649236723499478, 1.006159861310907]
02377233,93084,390559,460,1;[19029, 604, 0.7221547763890587, 0.9165179782069324, 760.6346384185949, 0.9234962445572997, 0.9985569228347283]
02377233,93084,390559,460,3;[18073.04, 492, 0.7120371621643153, 0.9570676731292763, 623.2220348358434, 0.8141754184368251, 1.0039955858289888]
02377233,93084,390559,461,2;[12253.43, 506, 0.6889838806013302, 0.8337610703794848, 1185.2647454328114, 0.8405517845541988, 0.9918605211192988]
02377233,93100,390651,1416,1;[21330, 642, 0.712752642594605, 0.9165506700371878, 914.8018814440752, 0.8793280628703033, 1.0031038374717833]
02377233,93100,390651,1416,3;[17366.120000000003, 480, 0.6924598952062597, 0.9531213273727482, 739.724607524862, 0.8708333426760949, 9999]
02377233,93100,390651,1417,2;[12441.449999999999, 478, 0.7008970675705889, 1.0640940787548212, 915.3340986039528, 0.92307240868158, 1.0009573958831977]
02377233,93100,390651,1418,1;[20942, 642, 0.7065253405594761, 0.928543704344456, 959.9954614627794, 0.892083739842067, 0.9959338960884556]
02377233,93100,390651,1418,2;[11497.779999999999, 428, 0.6945748672872202, 0.9840890770911738, 1251.917545322026, 0.898174979996724, 1.0079808043398883]
02377233,93100,390651,1419,3;[11916.26, 406, 0.6993435487156615, 0.9177209091418909, 782.8288806157863, 0.85051997855837, 1.0079962915749219]
02377233,93134,390882,883,1;[16768, 566, 0.7505266940818313, 1.2738814355100063, 358.1528305539993, 0.9679218576924515, 1.003561061735045]
02377233,93134,390882,883,2;[11660.81, 450, 0.703916723523841, 0.9815020521424115, 1158.6886502648233, 0.9001179932548417, 1.00163549013595]
02377233,93134,390882,883,3;[13113.640000000001, 432, 0.6953428291067574, 0.8262735148844308, 526.6881724760614, 0.8711835093422184, 0.9934613388687078]
02377233,93134,390882,884,1;[11724, 542, 0.7218455156692486, 1.1598584111634398, 626.0785361422326, 0.9401715660168176, 0.9915426251691475]
02377233,93134,390882,884,2;[15713.949999999999, 498, 0.6775928367706754, 0.8376529734748681, 1468.8924561262625, 0.8588513041828867, 1.000454579892416]
02377233,93134,390882,884,3;[20793.86, 542, 0.6907440186342444, 1.1648970266255598, 650.9177510319182, 0.8621367691153676, 1.0057983499552698]
02377233,93135,390887,991,1;[20671, 624, 0.7248855470049459, 1.03623911329827, 526.1350800321245, 0.9302563372425628, 1.0057167878950057]
02377233,93135,390887,991,2;[21099.89, 588, 0.6836408814454789, 1.0005001228028263, 1337.4733970151092, 0.794326554777126, 1.0019212295869357]
02377233,93135,390887,991,3;[21889.86, 558, 0.6863574634609111, 1.1829976246419895, 631.2596920323302, 0.8429836455799513, 9999]
02377233,93135,390887,993,1;[19782, 612, 0.7478517603021387, 1.1387172764580507, 428.86405925803285, 0.9491399656553765, 1.0031948881789137]
02377233,93135,390887,993,2;[11982.109999999999, 506, 0.686865959394707, 1.16193663599978, 1166.0167886998543, 0.8258994365067167, 0.9896309400953364]
02377233,93135,390887,993,3;[20115.710000000003, 530, 0.7281293211713517, 1.064482749849654, 450.74903425098125, 0.8256474110659895, 1.002149950517012]
02377233,93170,391063,344,1;[20846, 626, 0.7467593529381793, 1.0930331182217765, 429.7639712856196, 0.9420839005183343, 1.0054744965633666]
02377233,93170,391063,344,2;[11996.39, 454, 0.6933703517472364, 1.094405110413792, 1163.8184918073541, 0.8406870285240634, 1.0032842356687899]
02377233,93170,391063,344,3;[21267.88, 546, 0.6890764575603978, 1.2031041659212804, 614.5719638005446, 0.8545913739176818, 1.0061898434714975]
02377233,93170,391063,345,3;[12325.890000000001, 420, 0.6992775968350097, 0.8230387917673715, 546.8030868107095, 0.867262939442053, 1.0069390039171797]
02377233,93170,391063,346,1;[21029, 636, 0.7428907556983367, 1.112589690877936, 449.01614972456343, 0.9322019714306875, 1.005691056910569]
02377233,93170,391063,346,2;[19975.34, 564, 0.7295162164820791, 1.1258020657549694, 707.4053546239089, 0.9016649552988033, 1.0018800919156048]
02377233,93181,391151,130,1;[11964, 524, 0.728520274714291, 1.1475102229289686, 549.0303639952338, 0.9407768126018401, 1.0017583521728208]
02377233,93181,391151,130,2;[21475.93, 600, 0.6889190599526184, 1.0489632790554098, 1240.3541597413312, 0.7776661176467587, 0.9987824450716697]
02377233,93181,391151,130,3;[14482.27, 466, 0.6885195563399739, 1.1619334708856157, 1032.6358159037181, 0.8636211107542077, 9999]
02377233,93181,391151,133,1;[12172, 546, 0.7249631706170621, 1.1846095064176552, 588.9889161059483, 0.9414402735234353, 0.9965613230718847]
02377233,93181,391151,133,2;[12252.24, 444, 0.6997822759287576, 0.9887934511592693, 1160.6975227272428, 0.8953346011680209, 1.0027269185820022]
02377233,93181,391151,133,3;[12472.480000000001, 436, 0.6897520550159256, 0.92978811442767, 725.4621530293554, 0.8643438072073573, 9999]
02377233,93189,391182,369,1;[19273, 598, 0.7369932013604958, 1.1129751414066835, 431.79673139839764, 0.9486655644944885, 1.0036191319290755]
02377233,93189,391182,369,2;[11979.73, 440, 0.6935767996545749, 0.9435451044324126, 1339.1442554011742, 0.8773761754309279, 1.0059958029379434]
02377233,93189,391182,369,3;[20959.63, 538, 0.7256483790409591, 1.0915175363615446, 432.05420412195537, 0.814480144214433, 1.005256587160786]
02377233,93189,391182,370,1;[11928, 496, 0.7358299506371277, 1.1942623261190195, 472.9677622924356, 0.9646059682294322, 1.0053521008049222]
02377233,93189,391182,370,2;[11515.63, 434, 0.6977542398642302, 0.9701424946293461, 1244.4714342418126, 0.8906376217857825, 1.006605294637749]
02377233,93189,391182,370,3;[12193.000000000002, 412, 0.685770591928325, 1.0966828562947109, 776.5579346091777, 0.8580043927474704, 1.0129175439594833]
02377233,93247,391428,292,2;[21466.41, 600, 0.6913503986254605, 0.9687303760276278, 1113.166807560929, 0.8044910312023685, 1.0017214571301645]
02377233,93247,391428,292,3;[17248.300000000003, 492, 0.6914147037752443, 0.8517226830315775, 714.0102406851397, 0.8773114531246768, 25180.0]
02377233,93247,391428,293,1;[13485, 510, 0.7382951733143891, 1.01835675127651, 567.4137143413661, 0.9527594539139763, 1.004020549475095]
02377233,93247,391428,294,1;[12293, 512, 0.741082634705023, 1.1433085676819414, 487.9771878477183, 0.9644968684559847, 1.0050280014716102]
02377233,93247,391428,294,2;[17765.51, 538, 0.6882349868657962, 0.9195446656797039, 1287.1396910079031, 0.8460929239017454, 1.002450898103072]
02377233,93247,391428,294,3;[18989.57, 506, 0.6788045273154242, 1.0686226056892594, 778.1355741096929, 0.8511258095943085, 1.0014088068489686]
02377233,93260,391462,240,1;[11468, 484, 0.7179860552095958, 0.839783124926562, 618.8013795893633, 0.9132762641749786, 0.9922131856722617]
02377233,93260,391462,240,2;[21443.8, 594, 0.6792055295769609, 1.0084084321555322, 1461.9742632666598, 0.7920872264532748, 1.0020853607674127]
02377233,93260,391462,240,3;[19189.59, 512, 0.685545487096571, 0.999235221981299, 707.6699461058611, 0.8725852474856121, 0.9978272484416741]
02377233,93260,391462,241,1;[21221, 648, 0.7136508689947653, 0.8979056624062046, 909.4098737168788, 0.8871164034594136, 0.9963144674757624]
02377233,93260,391462,241,2;[21002.309999999998, 590, 0.7002126473150956, 1.0118585062801233, 1032.354897136157, 0.8470240403276139, 1.0032115958505046]
02377233,93260,391462,241,3;[20903.460000000003, 548, 0.679544413248664, 1.1726286500472833, 613.7128197472674, 0.6483465246510725, 0.9997706647446188]
02377233,93376,392045,20,1;[20840, 628, 0.745053777669444, 1.1183118663789866, 426.9548091567928, 0.9462228264046512, 1.0052820723089169]
02377233,93376,392045,20,2;[12091.59, 460, 0.705405904127364, 1.00972095900207, 1105.0512140383366, 0.8997129334906031, 0.9967628016480282]
02377233,93376,392045,20,3;[20348.61, 538, 0.6773979152356676, 1.147525941886327, 693.1414119430257, 0.8543327282636837, 0.9926485330481856]
02377233,93376,392045,22,1;[20973, 642, 0.724302230929563, 0.9912444754043257, 639.2420320490232, 0.8853321530390305, 1.00614056128568]
02377233,93376,392045,22,3;[13275.300000000001, 432, 0.6913625860497298, 0.8400193984785246, 497.73782016161175, 0.8546460097544225, 0.9919131947998772]
02377233,93376,392045,23,2;[21212.94, 596, 0.7032660879508651, 1.0662067718367843, 1049.4868694181057, 0.8157077285673311, 1.00578328208311]
02377233,93385,392084,382,1;[12042, 484, 0.7422680498293541, 1.1444998756200766, 480.54058084965214, 0.9656427025007358, 1.0042113163490807]
02377233,93385,392084,382,2;[14296.66, 486, 0.6751731372964564, 0.8540110873546708, 1536.6779192736951, 0.863416847831892, 1.0039274672014706]
02377233,93385,392084,382,3;[21426.800000000003, 558, 0.7076134528562871, 1.1298778517409573, 388.1099927231288, 0.7085086999162373, 1.0025641025641026]
02377233,93385,392084,383,1;[13409, 522, 0.7393711347726554, 1.0522293620612242, 541.6705758055247, 0.9606886568308995, 1.0039306704600757]
02377233,93385,392084,383,2;[19436.27, 560, 0.7318161773936325, 1.1508262819719155, 709.196370918107, 0.9084616811806987, 0.9976788223077393]
02377233,93385,392084,383,3;[12891.7, 420, 0.7008599824106181, 0.9781529631309162, 744.5731093190384, 0.857167154744391, 1.001703214817969]
02377233,93386,392093,449,1;[19675, 610, 0.7360120755230336, 1.13266651255885, 464.8988413828325, 0.9469086049237215, 1.00247114870201]
02377233,93386,392093,449,2;[13330.38, 466, 0.6935463961636766, 0.9303964732707771, 1319.0155519409166, 0.87404039060442, 1.0020574291081492]
02377233,93386,392093,451,3;[20296.550000000003, 534, 0.6904475866721497, 1.172360881367766, 690.0277207469956, 0.8557871873939106, 1.0037262872628727]
02377233,93386,392093,452,1;[11599, 472, 0.7259354638673932, 1.1223870959457922, 497.62502059156003, 0.9343784299740236, 1.009794106124581]
02377233,93386,392093,452,2;[12259.38, 494, 0.6957492236253281, 1.369503419183804, 1024.3460354194597, 0.8738218385266526, 0.989815526518063]
02377233,93386,392093,452,3;[11905.300000000001, 410, 0.6846255254374527, 1.1428518104074439, 845.2442333632232, 0.8736312935939654, 1.0054960948799536]
02377233,93386,392096,454,1;[11919, 488, 0.717301031239928, 1.043624004513929, 612.2846403614844, 0.9154205881418414, 1.00688489968321]
02377233,93386,392096,454,2;[11908.33, 448, 0.6737459421251373, 1.0213826655874054, 1351.3654797326878, 0.8403356904369249, 0.9968620809881954]
02377233,93386,392096,454,3;[19360.84, 518, 0.7072577521827275, 0.9794944633882506, 625.5378914115726, 0.8079975068261653, 0.9956319571649993]
02377233,93386,392096,455,1;[12002, 472, 0.7496273250143739, 1.4643384564712392, 468.0736805203751, 0.9662044957745012, 1.0107798551456966]
02377233,93386,392096,455,2;[13765.92, 488, 0.7079513749476416, 1.179550002029309, 921.4882213250777, 0.9107091948313464, 0.9959963838305567]
02377233,93386,392096,455,3;[21518.59, 552, 0.7156097317831067, 1.1186879095122357, 459.1385056987486, 0.7958311215699959, 1.0024891498595865]
02377233,93387,392102,553,1;[19816, 606, 0.7267813259206619, 0.9314148129543538, 588.5604118967517, 0.9297407599876485, 1.0025295962764342]
02377233,93387,392102,553,2;[13114.99, 482, 0.7036786739970032, 0.9743487727953382, 1169.8051192148546, 0.8920536624618939, 0.997691576517449]
02377233,93387,392102,553,3;[12712.230000000001, 416, 0.7017319735237944, 0.9834926158695404, 763.7084005209393, 0.8512059255117523, 1.003677663601947]
02377233,93387,392102,554,1;[20937, 640, 0.7283399681507631, 1.027423020416547, 625.415909115247, 0.8922866887581565, 1.0039078420560523]
02377233,93387,392102,554,2;[12781.789999999999, 504, 0.709871968352133, 1.4478913018729394, 950.4274732637732, 0.8873440595024943, 0.9888147295742232]
02377233,93387,392102,554,3;[19521.13, 520, 0.7214758475468231, 1.0028278059292095, 500.2098169020253, 0.8271017686347044, 0.9983185034680866]
02377233,93388,392111,640,2;[21241.5, 596, 0.6981436865259909, 1.0404659945341208, 954.3052979969609, 0.8047994708179604, 0.9981825807353558]
02377233,93388,392111,640,3;[17435.99, 490, 0.7105247323467382, 0.9614607727955855, 637.4178927223021, 0.8326598677854465, 1.0017316017316018]
02377233,93388,392111,641,1;[14060, 536, 0.7363433540966478, 1.0179638438492489, 559.1257918119035, 0.9563944910351935, 1.003783822374527]
02377233,93388,392111,642,2;[15329.58, 502, 0.7184448928666434, 1.201222242034137, 925.7513257690487, 0.8992145848084122, 0.994173258730465]
02377233,93388,392111,642,3;[12939.650000000001, 448, 0.701320463192725, 1.2364503172056358, 766.3228879972951, 0.8713130013648674, 0.9921739587163191]
02377233,93388,392111,643,1;[16974, 560, 0.7466283809997936, 1.022130117456192, 435.9064248145624, 0.9558778317157576, 1.006015706030523]
02377233,93392,392138,950,1;[11660, 520, 0.7289382596721988, 1.109047340354112, 557.8790759263592, 0.9406153428255357, 0.9996570644718793]
02377233,93392,392138,950,2;[18799.62, 554, 0.6987271310548238, 0.9287862686576694, 1186.2040253947018, 0.8414103045439434, 1.001712003043561]
02377233,93392,392138,950,3;[21548.730000000003, 558, 0.6768436442966371, 1.1742018488133368, 730.5112923542765, 0.8217654355239166, 0.9928983997727487]
02377233,93392,392138,951,1;[12273, 480, 0.7363700442294167, 1.1017446930393866, 486.10497474486294, 0.9637817733058681, 1.0067262734804363]
02377233,93392,392138,951,2;[12161.8, 478, 0.7005651370274211, 1.2527184014664134, 1058.5319609199948, 0.8512021401629479, 0.989495086411386]
02377233,93392,392138,952,3;[19423.86, 522, 0.6781770775129751, 1.1641080524307463, 711.5283921435231, 0.8604816078591162, 0.995331531468286]
00023698,93080,390528,134,1;[36900, 898, 0.9978155479327312, 1.0259673944738459, 89.73238912855744, 0.9929930238391793, 0.9837638966648005]
00023698,93080,390528,134,2;[39364.009999999995, 820, 1.0504391901326098, 1.022399976459444, 131.86334323534342, 0.9822628171354302, 1.0140555785472325]
00023698,93080,390528,134,3;[55474.04, 910, 1.2348669144335471, 0.954528904486548, 84.48481776732575, 0.9923977465338607, 26994.666666666668]
00023698,93244,391403,53,2;[43991.92, 860, 1.0139415938895173, 1.0212939734954087, 88.72411398565121, 0.9915332214735743, 9999]
00023698,93244,391403,54,1;[45368, 944, 1.0138822074695624, 0.9740646097252217, 57.91967425793741, 0.993886083647604, 1.000099198694986]
00023698,93244,391403,55,3;[38692.91, 766, 1.0128055678324268, 1.0020142613457823, 123.04365198080062, 0.9864740144323954, 0.9985680697226298]
00023892,93026,390259,210,1;[115384, 1676, 0.9705763288702812, 0.9705763288702812, 27.44450635858385, 0.9967809945790217, 0.9971869206936336]
00023892,93026,390259,211,2;[117053.15999999999, 1570, 1.0149650236071255, 0.9746772383627069, 32.01824097753799, 0.9959190027831599, 0.996711876257112]
00023892,93026,390259,211,3;[116700.71, 1438, 1.0186254340279237, 0.9437976061425024, 56.93241554978748, 0.9908537816795847, 9999]
00023892,93026,390259,212,1;[115337, 1664, 0.9804131521278897, 0.9889032468085639, 29.32303153461915, 0.9964262448288627, 0.9924920079683675]
00023892,93026,390259,212,2;[117691.0, 1554, 1.014747909288223, 0.9808503008994244, 33.38817836122004, 0.9959185983378324, 9999]
00023892,93026,390259,212,3;[114356.64000000001, 1394, 1.0039062202291396, 0.9507977939312924, 37.10296143051946, 0.9936297065684685, 9999]
00023892,93026,390259,214,1;[120043, 1634, 1.0032661182443197, 0.9887838124952426, 22.927187669422857, 0.9969424029558446, 0.9982495311986761]
00023892,93026,390259,215,3;[114305.95000000001, 1398, 1.010278510246198, 0.9543713578041263, 39.13504025500448, 0.9933049493998183, 9999]
00023892,93026,390259,216,2;[116758.04, 1568, 1.0123332269148082, 0.98091887278259, 29.98789604125521, 0.996023856518871, 0.9963240520725442]
00023892,93049,390350,751,2;[112488.31999999999, 1480, 0.9848740726439702, 0.9929826624223882, 26.49613653842162, 0.9961483784872827, 9999]
00023892,93049,390350,752,3;[118309.09000000001, 1532, 1.0130833231157215, 0.9721992345752148, 59.29260583943325, 0.9911236827270111, 9999]
00023892,93049,390350,753,1;[115862, 1658, 0.9829469492684024, 0.9978529551266063, 24.60371064380052, 0.9960469422803894, 0.9909383646292598]
00023892,93049,390350,756,2;[116076.17, 1538, 1.0085478725212538, 0.9927081192712227, 43.37188848757056, 0.9943862237694245, 9999]
00023892,93049,390350,756,3;[117833.70000000001, 1382, 1.047327962051423, 0.9430491915437306, 103.28006889242694, 0.9876476852572468, 0.9989779088945155]
00023892,93049,390350,757,1;[119330, 1636, 1.0075125795868425, 0.9942916148693116, 29.0029681718026, 0.9953227996444487, 9999]
00023892,93049,390350,758,3;[117121.3, 1400, 1.030931342867741, 0.9719735434960686, 74.73251000866165, 0.9910807744684849, 9999]
00023892,93049,390350,760,1;[119412, 1684, 1.0004737661313214, 0.9880028410604836, 28.934950571560975, 0.9954903479060804, 0.999870214146658]
00023892,93049,390350,760,2;[117228.09, 1564, 1.0405712513178689, 0.9825036010815462, 94.58212834702178, 0.9879751501300211, 0.9954779023530066]
00023892,93049,390350,761,1;[115473, 1576, 0.991677529821298, 0.9926776955103828, 36.86362273631874, 0.9942467519164607, 1.0014917476864902]
00023892,93049,390350,763,2;[118247.92, 1546, 1.0345050869305332, 0.994516715150005, 59.95186314319832, 0.9908730469999921, 9999]
00023892,93049,390350,763,3;[118310.46, 1494, 1.0361395917367435, 0.9712337522244107, 108.28824339469637, 0.9843328979744623, 0.9939059128182995]
00023892,93049,390350,766,1;[116227, 1652, 0.9751026370807013, 0.9892795240401203, 27.456611617824382, 0.9965442441576506, 0.9924685549359998]
00023892,93049,390350,767,3;[117711.77, 1466, 1.0214023858039325, 0.9691685127209577, 43.76655418360943, 0.9929606828812833, 10740.125]
00023892,93049,390350,769,2;[117706.47, 1490, 1.0202549609913965, 0.9997484379105231, 29.963769686372082, 0.995278891855519, 9999]
00023892,93049,390350,770,1;[117114, 1588, 1.0024585818836231, 0.9928265580916606, 32.869004539460455, 0.9955113006843905, 9999]
00023892,93049,390350,770,3;[118395.40000000001, 1410, 1.0424963099943128, 0.9275135170288007, 78.28360049762023, 0.9922517167138535, 9999]
00023892,93049,390350,773,2;[114238.81, 1522, 1.0044227657496143, 0.986742260703326, 36.17136856988099, 0.9948063335800724, 9999]
00023892,93099,390646,1221,2;[114072.20999999999, 1486, 1.0090858747803573, 0.9867088647928606, 38.53013999163804, 0.9934468550222741, 9999]
00023892,93099,390646,1222,1;[115757, 1704, 0.9986716907804245, 0.9931340390066832, 35.39650912607604, 0.9961712619634862, 0.989105543782897]
00023892,93099,390646,1222,3;[117585.73000000001, 1392, 1.1323117391248805, 0.9651113997953958, 50.31573890807299, 0.9940088735414381, 9999]
00023892,93103,390673,1487,1;[118131, 1640, 0.9941992381714719, 0.9832364950716539, 24.18140079113889, 0.9967673469878491, 0.9975637458357788]
00023892,93103,390673,1488,3;[117951.52, 1364, 1.034720293021279, 0.9614925636421753, 96.22023479779668, 0.98528403584093, 0.9961010262284081]
00023892,93103,390673,1489,2;[116541.45999999999, 1546, 1.014966414714585, 0.992022459678374, 40.09946663942671, 0.9947342202306876, 0.9929282227280332]
00023892,93103,390673,1491,2;[120403.01, 1514, 1.0503891899546012, 0.9843946252209498, 113.66690920960296, 0.984839104179109, 9999]
00023892,93103,390673,1492,1;[114627, 1678, 0.9987680845865211, 0.9924709850319351, 45.564953524898826, 0.9946129103177113, 0.9927122981592382]
00023892,93103,390673,1492,3;[112581.12000000001, 1362, 1.004285977747245, 0.9649001229124898, 31.23126453415144, 0.9956981357234577, 9999]
00023892,93103,390673,1495,2;[114817.15, 1510, 0.9930315460441014, 0.9870770259924616, 31.546042712339776, 0.9947702350629656, 9999]
00023892,93103,390673,1497,3;[113548.34000000001, 1404, 1.0054351093309934, 0.960491452600365, 28.91913419738997, 0.9948299282430487, 9999]
00023892,93103,390673,1498,1;[116314, 1654, 0.989772517025471, 0.9913499174139772, 25.89202116124958, 0.9956881817830718, 0.9948765321221763]
00023892,93103,390673,1499,1;[115761, 1706, 0.9962542217613665, 0.9812057965453727, 38.26655464467754, 0.9959036968410945, 0.9896936302274583]
00023892,93103,390673,1499,3;[117251.45000000001, 1500, 1.0242496834682837, 0.9748615169204323, 53.78139989410666, 0.9908513476631625, 34234.0]
00023892,93103,390673,1500,2;[113904.42, 1520, 1.0033341804562999, 0.9866325509813356, 31.931454020851525, 0.9944117262205622, 0.9918501209788144]
00023892,93122,390798,1587,3;[117843.29000000001, 1442, 1.0406381091708652, 0.97290517790024, 111.87571133625764, 0.982512094931687, 0.9956477955389904]
00023892,93122,390798,1589,1;[115972, 1698, 0.9778822539189395, 0.9908134710763481, 20.37117655163161, 0.9968449509462828, 0.9941706957446079]
00023892,93122,390798,1589,2;[117505.36, 1504, 1.0292453359150497, 0.9978651105229204, 41.27597117489877, 0.9945531923571351, 9999]
00023892,93122,390798,1590,1;[114476, 1708, 0.9714008354292216, 0.9792266459744134, 31.895664856885332, 0.9963746613606888, 0.9873600048300221]
00023892,93122,390798,1590,2;[115546.62, 1446, 1.0044099548766843, 0.9937778684089924, 34.96544073137213, 0.9941037791054449, 9999]
00023892,93122,390798,1592,3;[117977.55, 1424, 1.0384956777881869, 0.9582881772027657, 51.69301507743181, 0.993571167624946, 172230.0]
00023892,93139,390920,17,2;[116130.90999999999, 1510, 0.9981631323817355, 0.9808162066148503, 32.268889709424414, 0.993887002655094, 0.9946034641785189]
00023892,93139,390920,17,3;[117082.94, 1368, 1.01704474354301, 0.9629625559037094, 53.25214145749839, 0.9925764721536028, 9999]
00023892,93139,390920,18,1;[114291, 1656, 0.9814575364939319, 0.9959018721886728, 30.733984173391054, 0.9957475714305857, 0.9944271152817112]
00023892,93139,390920,19,1;[117141, 1708, 1.0011284673044343, 0.9784178992053928, 59.47460187917027, 0.9921109682880714, 0.9933264364697103]
00023892,93139,390920,20,3;[118051.53000000001, 1470, 1.0213625513322462, 0.9716452290970454, 85.44257796364806, 0.9849400431888099, 9999]
00023892,93139,390920,21,2;[115941.7, 1478, 1.0067750976010585, 0.9966286729292532, 25.270836994108723, 0.9955051948918705, 1.001742742428838]
00023892,93166,391047,301,1;[119197, 1602, 0.9934559797032223, 0.9948353663934025, 20.712104405988043, 0.9968702647084702, 0.9987055043296481]
00023892,93166,391047,301,2;[116151.14, 1540, 1.0002683910551358, 0.9928704150270152, 33.4848806094114, 0.9948215854848882, 9999]
00023892,93166,391047,303,3;[118637.89000000001, 1398, 1.0223579081250327, 0.9703534494557088, 42.23273852076505, 0.9934911546531924, 9999]
00023892,93166,391047,304,1;[117753, 1622, 0.9772164352433422, 0.9958620833402838, 25.766315361363983, 0.9967860458868003, 0.9972686967237064]
00023892,93166,391047,305,2;[117093.62, 1536, 1.002178459818774, 0.997850638667676, 24.4138911119299, 0.9964615269265222, 1.000127051242307]
00023892,93166,391047,305,3;[119032.45000000001, 1370, 1.0183846266174685, 0.9748323649170428, 37.875699129217296, 0.9947455224370897, 2199.6202531645567]
00023892,93166,391047,307,2;[115370.5, 1528, 1.0058060097422366, 0.9895282762600829, 39.93207841576104, 0.9944151817445519, 9999]
00023892,93166,391047,308,1;[115460, 1682, 0.9960968642594321, 0.9954651582763876, 40.582903883813906, 0.9951983391381567, 0.9932470213772635]
00023892,93166,391047,308,3;[118877.64000000001, 1454, 1.017150500848034, 0.9733966928934351, 36.44529966828555, 0.9937569319287601, 1324.7633587786258]
00023892,93166,391047,309,1;[119716, 1620, 1.0322619672169577, 0.9876387315526259, 46.38197855060344, 0.9944067144527013, 0.999419796219075]
00023892,93166,391047,309,2;[115416.90999999999, 1496, 1.0140101989435855, 0.9782871975660953, 49.76970517264166, 0.9923215994050387, 9999]
00023892,93166,391047,310,3;[117396.67000000001, 1446, 1.0322636927019022, 0.9549682020607355, 42.6314536599798, 0.9954496600959517, 9999]
00023892,93166,391047,312,2;[119097.58, 1476, 1.0286965797742729, 0.9766518066581236, 64.13464440773701, 0.9901136968339167, 100082.0]
00023892,93166,391047,313,1;[120302, 1688, 1.021004314514589, 0.9866737636844082, 42.55555215394716, 0.9931729686905908, 0.9957002685780263]
00023892,93166,391047,313,3;[119017.38, 1408, 1.0256435421473993, 0.9687818342517958, 44.27779058241403, 0.9929874755115312, 24821.14285714286]
00023892,93166,391047,315,1;[117580, 1706, 0.9911475015587408, 0.9998940038735258, 31.46718806602632, 0.9964770636421072, 0.9924037812288994]
00023892,93166,391047,315,2;[119473.62, 1562, 1.0290292751963206, 0.976969826578464, 59.39391504055549, 0.9910613417632356, 9999]
00023892,93166,391047,315,3;[120414.78000000001, 1524, 1.0420803432332637, 0.9716719340706381, 114.80932319891738, 0.9838297153742086, 0.9968696835658387]
00023892,93265,391506,609,1;[120450, 1668, 1.0130823848066772, 0.9934285035407959, 28.081715577593773, 0.9950777124707098, 9999]
00023892,93265,391506,609,3;[119976.38, 1438, 1.0627480642574758, 0.9590433977019611, 126.38952663022229, 0.9846962103710577, 0.99012968218255]
00023892,93265,391506,610,2;[119833.0, 1508, 1.0279624297293433, 0.9939602657133225, 34.05485042585448, 0.9943307197997148, 0.9989534301203803]
00023892,93265,391506,611,3;[119896.92000000001, 1368, 1.0267371543472592, 0.9680652141772095, 60.138477372720004, 0.9910185054986551, 175032.0]
00023892,93265,391506,612,2;[116885.37, 1548, 1.0145783774572443, 0.9803564738122116, 29.62078944142632, 0.9948200399301197, 9999]
00023892,93265,391506,613,1;[114481, 1610, 0.9955593575803238, 0.9902087238335712, 36.759064237107594, 0.9944111491071127, 0.9902515396858349]
00023892,93329,391882,87,1;[118271, 1616, 1.0194271800477344, 0.9951980347867928, 37.73351695185407, 0.9949972892828642, 0.9989948475377988]
00023892,93329,391882,87,2;[111247.15, 1430, 0.9892958805203751, 0.987969527216751, 25.62743346510477, 0.9960790202361292, 9999]
00023892,93329,391882,87,3;[115923.92000000001, 1414, 1.0215942370198658, 0.9563196493174627, 47.010858776237484, 0.9953242287886229, 9999]
00023892,93329,391882,89,1;[114628, 1672, 0.9914825066265023, 0.992449732020601, 46.0862142629913, 0.9941192467786226, 0.9939475920434248]
00023892,93329,391882,89,3;[114667.63, 1414, 1.0167941706478845, 0.9529070402788227, 69.36194070195396, 0.9896615259912896, 0.9922821576763485]
00023892,93329,391882,90,2;[116098.78, 1540, 1.024478526931865, 0.9929498654533664, 58.7047229351499, 0.9922725834272821, 9999]
00023892,93329,391882,92,2;[114627.93999999999, 1522, 1.0073552101636527, 0.9847883422105579, 36.85985021329225, 0.9940911230252352, 0.9904477918873066]
00023892,93329,391882,92,3;[114493.64000000001, 1356, 1.0098884038015559, 0.9575393429604518, 53.70771228318953, 0.9928164272628103, 9999]
00023892,93329,391882,93,1;[115389, 1646, 0.9791536811644996, 0.9912072497007227, 30.555962129969355, 0.9961549890584726, 0.995354855405318]
00023892,93329,391882,94,1;[116973, 1592, 0.994606233216065, 0.9965614043713638, 34.71012332712566, 0.9946580766084038, 0.9999615310636661]
00023892,93329,391882,94,2;[112866.73999999999, 1496, 1.003006582190011, 0.9923183925625743, 26.138494257660792, 0.99570058885804, 9999]
00023892,93329,391882,94,3;[114433.36000000002, 1410, 1.0214616209838423, 0.9517095185099957, 73.57692311392724, 0.9894936176987641, 0.990536726513768]
00023892,93329,391882,96,1;[115407, 1632, 0.9872182726007631, 0.9927104473525977, 23.989429741072772, 0.9960868400620199, 0.996795591563164]
00023892,93329,391882,96,2;[113005.97, 1516, 0.9882006017804126, 0.9825266807640969, 27.477798069064683, 0.9957344812378607, 0.9942780561096016]
00023892,93329,391882,96,3;[117169.25000000001, 1434, 1.0569068397282255, 0.9348208440309685, 110.45560734956277, 0.9883416942725053, 9999]
00023892,93329,391882,99,1;[118266, 1608, 1.0340711010663866, 0.9901960891665134, 40.350390802242764, 0.9941750124012475, 0.995743928467688]
00023892,93329,391882,99,2;[114010.33, 1524, 1.0088953795511193, 0.9873587254334197, 27.375748128469997, 0.9954495918170748, 9999]
00023892,93329,391882,99,3;[113752.47000000002, 1336, 1.0058340005280906, 0.9771892906538502, 25.640739364499375, 0.99607581804577, 9999]
00023892,93377,392048,3,3;[118466.64000000001, 1406, 1.047556527781869, 0.9626297559970822, 107.28162349534367, 0.988306503325163, 9999]
00023892,93377,392048,4,1;[118492, 1724, 0.9863208326474601, 0.9986424630954116, 19.764201178268063, 0.9967779664001932, 0.982353745839223]
00023892,93377,392048,4,2;[116322.5, 1540, 1.0024661578187861, 0.9812524545754474, 28.71243987076844, 0.9953319054134065, 9999]
00023892,93377,392048,5,1;[112681, 1604, 0.9750116024793062, 0.9728192778387952, 30.87669786078407, 0.9962903174522396, 0.9869450782375636]
00023892,93377,392048,5,2;[117476.79999999999, 1468, 1.0128946844061226, 0.9826118107683158, 31.69563920609115, 0.9953051589361018, 9999]
00023892,93377,392048,5,3;[119291.38, 1442, 1.0494193382007337, 0.9224995551443748, 90.97954973781846, 0.9914184377585706, 9999]
00023892,93377,392048,8,2;[114999.22, 1520, 1.0070723933409482, 0.9772014446917673, 55.95936210100426, 0.9911467610708359, 1.0000983146794165]
00023892,93377,392048,8,3;[115359.48000000001, 1394, 1.0261842013140077, 0.9530082855170431, 74.80732270330151, 0.9887307322964278, 9999]
00023892,93377,392048,9,1;[115825, 1638, 0.9752674514762388, 0.977930434245964, 26.59457846165895, 0.9966290836236483, 0.9829547624402228]
00232831,93048,390346,740,1;[60347, 1074, 1.0041203919890753, 0.9799737843213558, 68.8031668473261, 0.9893269121354705, 1.0045276737411568]
00232831,93048,390346,740,2;[26282.34, 714, 1.0320528336306802, 1.014372897938292, 140.43680277580415, 0.9847081607347733, 9999]
00232831,93048,390346,740,3;[48303.46000000001, 810, 1.1451752258466206, 0.9524738607388366, 111.29907984614162, 0.9886044851043795, 1.0053033759124088]
00232831,93048,390346,741,1;[58549, 1054, 1.0054455670794802, 0.9721401613657598, 71.84338526471858, 0.9899833681219329, 1.006091640962634]
00232831,93048,390346,741,2;[26754.77, 714, 1.0341519316231074, 1.0048081338552852, 159.3327943069655, 0.9804418482813829, 1.0053435285174503]
00232831,93048,390346,741,3;[59377.170000000006, 910, 1.009236585552549, 0.9801747544230137, 119.60868056295885, 0.9820228240271109, 1.0022546741128724]
00232831,93048,390346,742,1;[60220, 1068, 1.0074655194483435, 0.9772295374079115, 65.41557014703079, 0.9913233628504808, 1.006005629755849]
00232831,93048,390346,742,2;[36023.68, 754, 1.1820072772154882, 0.975194568199687, 145.89823339616314, 0.9858882366313425, 1.007957912962408]
00232831,93048,390346,742,3;[30371.530000000002, 664, 1.0089733402220478, 0.9955065153366602, 110.20559259267367, 0.9896436106369197, 1.003848940409346]
00232831,93147,390953,359,1;[28614, 804, 1.0032679635817676, 0.9797642027110547, 76.11960080236409, 0.9935266967839056, 1.0029442691903259]
00232831,93147,390953,359,2;[32495.329999999998, 730, 1.0010910926167107, 1.0181539503852286, 138.38844875947652, 0.9872961394964037, 1.0066911209009972]
00232831,93147,390953,359,3;[44651.04, 780, 1.1265940771710539, 0.9490983104198878, 135.99181647196534, 0.9850378115291741, 1.0061277725469615]
00232831,93165,391039,287,1;[39866, 864, 1.0298398293658304, 0.9959000629021967, 86.7554628668432, 0.992586344484783, 0.9994735126733021]
00232831,93165,391039,287,2;[58477.79, 974, 1.0269415973797502, 0.9712203717647845, 110.17502078317794, 0.9861528678999373, 1.0036866453569715]
00232831,93165,391039,287,3;[47685.590000000004, 804, 1.0360607644632402, 0.94115180619928, 106.98442230112188, 0.9887037694940279, 9999]
00232831,93165,391039,289,1;[28699, 810, 1.00818441333912, 0.9786705332760606, 77.15163995602295, 0.9933617731220881, 0.9997039101280153]
00232831,93165,391039,289,2;[29376.34, 706, 1.0029025862775742, 1.0184988224387705, 115.10771404046059, 0.9898791421656763, 1.0058060178866095]
00232831,93165,391039,289,3;[29242.65, 658, 1.0054347153086407, 1.016919426240819, 136.91117619523283, 0.9875221844265234, 1.0027482207032625]
00232831,93165,391039,290,1;[29374, 836, 1.0333035036256313, 0.9688302861139513, 84.38927192001452, 0.9925713888783438, 1.00454840805718]
00232831,93165,391039,290,2;[48306.86, 868, 1.1486846561401474, 0.9733066559966124, 138.39645165229948, 0.9857525522417887, 1.0036095727848102]
00232831,93165,391039,290,3;[28849.460000000003, 652, 1.0052699092288533, 1.0203944978101065, 115.91342784668967, 0.98962519814608, 1.003669987131214]
00232831,93328,391868,72,1;[53913, 1002, 1.0197885864858176, 0.9823802569413564, 73.40299224254385, 0.9925419384832258, 1.0061398925052254]
00232831,93328,391868,72,2;[30416.399999999998, 710, 1.0438726826922544, 0.9772929921499058, 127.79972348039183, 0.989214036519754, 9999]
00232831,93328,391868,72,3;[54501.340000000004, 870, 1.009712309967718, 1.0058363780854904, 98.19940865914353, 0.988407161462243, 9999]
00232831,93328,391868,73,1;[53548, 998, 1.0189524065939604, 0.9797690597906243, 70.54455465725476, 0.9923345736926806, 1.0058606957697798]
00232831,93328,391868,73,2;[32314.449999999997, 730, 1.0032959324346369, 1.0173005886922057, 119.24168662801405, 0.9887060503406242, 1.0007739367583106]
00232831,93328,391868,73,3;[56224.8, 882, 1.0097929346542687, 1.0019868142286004, 108.93376190051036, 0.985441320762081, 9999]
00232831,93328,391868,74,1;[58872, 1058, 1.0073440151434425, 0.9871881459772484, 66.68563326524257, 0.9914655171775439, 1.0050875815208113]
00232831,93328,391868,74,2;[56247.729999999996, 944, 1.126253123694444, 0.9646773931279856, 122.14461848641795, 0.984343955618227, 1.0040039508480516]
00232831,93328,391868,74,3;[54302.69, 864, 1.013030303116915, 1.0093036032740614, 115.46933163720168, 0.98485697905831, 9999]
02011239,93051,390358,939,1;[116627, 1616, 1.226767054368351, 0.7894687830108843, 532.2675009887437, 0.9050921283062553, 0.9979207666638145]
02011239,93051,390358,940,2;[117272.12, 1552, 1.3092563299230477, 0.6068035466539268, 1228.139150718081, 0.8174875198029596, 1.0004923882862349]
02011239,93051,390358,940,3;[115392.36000000002, 1382, 1.318292950488103, 0.6057554136872206, 1168.9718829789124, 0.8214685434610559, 0.9951617190961454]
02011239,93067,390431,80,1;[118920, 1686, 1.2542632538325544, 0.7423580549697025, 569.507972460711, 0.9015609841400498, 0.9991975835080305]
02011239,93067,390431,80,2;[118553.75, 1466, 1.357853043853108, 0.531559173981394, 1633.6718951822672, 0.7669681218218305, 1.0011808155164184]
02011239,93067,390431,80,3;[118391.29000000001, 1452, 1.356266852165266, 0.5166416962040419, 1919.7424933362652, 0.746146720538869, 0.9946822592341072]
02011239,93067,390431,82,1;[118641, 1708, 1.2449748672074326, 0.7181549743029295, 893.282505245612, 0.8829947529564313, 0.9961502777089745]
02011239,93067,390431,82,2;[119248.70999999999, 1564, 1.3446848026017544, 0.5648885938993163, 1580.933163534961, 0.7894495725574902, 0.995040140603822]
02011239,93067,390431,82,3;[119714.71, 1434, 1.3542826948477997, 0.526979916014058, 2056.993155723269, 0.7251234012138238, 0.9949672644463422]
02011239,93096,390617,985,1;[116692, 1658, 1.24249198816296, 0.808200761305186, 593.4487026027602, 0.8906043572037874, 0.9970990716174705]
02011239,93096,390617,985,3;[115455.38, 1418, 1.3282275388581455, 0.6374442312904417, 1521.3487987242136, 0.7646659289135507, 0.9979868315096395]
02011239,93096,390617,986,2;[117091.23999999999, 1448, 1.3084930659141252, 0.6856419639128749, 1196.286329035447, 0.797253268629796, 1.0005084090862872]
02011239,93139,390919,102,1;[117379, 1712, 1.2282330911093862, 0.8078462631369242, 796.7003448656235, 0.8873595373247152, 0.9936678320790335]
02011239,93139,390919,102,2;[119220.15, 1512, 1.3770401088012958, 0.5089472011458898, 2095.068297686564, 0.7324270604301623, 0.9965384500611739]
02011239,93139,390919,102,3;[117903.57, 1412, 1.328656210046723, 0.5504035843614692, 1529.9069438810973, 0.7524930977388753, 0.9987698306776376]
02011239,93148,390958,452,1;[120294, 1614, 1.3278159476202218, 0.6225550249135221, 1261.0238793044919, 0.8281432758629721, 1.0027006751687921]
02011239,93148,390958,452,2;[116936.54, 1552, 1.321941468035762, 0.5742586742951914, 1317.463211886172, 0.8025810084082484, 0.9964407759311275]
02011239,93148,390958,452,3;[118457.05, 1462, 1.3390552445604098, 0.5392057778748746, 1591.021355224359, 0.7571806126754217, 0.9930116510763894]
02011239,93174,391097,944,1;[115789, 1634, 1.2360602781567875, 0.8085765807006626, 672.0021418727636, 0.9007379482195105, 0.9966731367629147]
02011239,93174,391097,944,2;[114926.62999999999, 1510, 1.3172811742534574, 0.6155551151938757, 1127.705228653941, 0.829468573790128, 0.9990379642081307]
02011239,93174,391097,944,3;[114674.48000000001, 1340, 1.3182123949532747, 0.6040507108458479, 1368.6495021835508, 0.803896915688656, 0.997194407877102]
02011239,93260,391459,220,1;[117062, 1700, 1.2413619639702593, 0.8204951892970752, 811.6401863374552, 0.885596061152482, 0.9971209540034072]
02011239,93260,391459,220,2;[115490.68999999999, 1464, 1.303444379783877, 0.6934132068266222, 1109.904663449888, 0.8164462635119065, 1.0005928232304226]
02011239,93260,391459,220,3;[118018.65000000001, 1430, 1.3548914329395276, 0.5815690308035358, 1793.5499390521295, 0.718576095141085, 0.9962472316828477]
02011239,93331,391886,298,1;[115718, 1646, 1.2205921459485618, 0.776693578962552, 697.2344406097402, 0.8936117073027604, 0.9979087706589744]
02011239,93331,391886,298,2;[117548.2, 1516, 1.3756616519061167, 0.5263497741207048, 2075.71238533834, 0.7315982624785673, 0.9965245726334054]
02011239,93331,391886,298,3;[118015.91, 1438, 1.3613632176448651, 0.5285279880511179, 2108.9797357386424, 0.7677025621574034, 0.9949181710035457]
02011239,93384,392075,333,1;[118950, 1684, 1.2319641615433563, 0.7375010922312449, 791.620269400836, 0.8865421919322041, 0.9976390467284233]
02011239,93384,392075,333,2;[120223.31999999999, 1582, 1.3319880322540039, 0.576774218032224, 1347.0331949162971, 0.8118873856839522, 0.9940374284196234]
02011239,93384,392075,334,3;[118057.01000000001, 1356, 1.2886390062202722, 0.648564078171752, 1157.7760607880286, 0.8337871472995934, 1.001016431338611]
02011239,93384,392075,336,3;[119116.02, 1420, 1.302945538818725, 0.5854081184562107, 1263.462135025676, 0.8089841962454187, 0.9971729219829687]
02011239,93384,392075,337,1;[118922, 1740, 1.2492116154755224, 0.7638034722072186, 859.3511361250377, 0.8920772312301488, 0.9940235880204285]
02011239,93384,392075,337,2;[117304.25, 1536, 1.3201723334547275, 0.6181872204919716, 1179.1622391595006, 0.8197647229250431, 0.9941004437273094]
