02354969,93026,390258,284,1;[65127, 1220, 1.398840504101036, 0.7643209961683636, 330.378234840211, 0.8142296243085743, 0.9915728412542536]
02354969,93026,390258,284,2;[64048.18, 1150, 1.4631217515571344, 0.7580563274423552, 831.6871173392234, 0.7902214843997071, 0.9938601593588714]
02354969,93026,390258,284,3;[64137.920000000006, 1080, 1.444189228265969, 0.6986864785302385, 635.5519700389152, 0.762083406915993, 0.9948362693639898]
02354969,93027,390265,351,1;[63463, 1246, 1.2844148573571184, 0.9274001933395781, 172.06786698301, 0.9001498045928279, 0.9903714107365793]
02354969,93027,390265,351,2;[63467.46, 1132, 1.386453207123455, 0.7646450778129462, 304.2083158562647, 0.8128257201720526, 0.9968133521479502]
02354969,93027,390265,351,3;[63578.96000000001, 1062, 1.443184684360495, 0.7471917028854937, 934.9749280297716, 0.7921629560629011, 0.992143322893395]
02354969,93032,390306,72,1;[62142, 1230, 1.2725588908698215, 0.9325144604955641, 181.63993358926749, 0.8975388147439833, 0.990437027828249]
02354969,93032,390306,72,2;[62893.88, 1130, 1.3466587757078339, 0.8452741506747424, 273.09818978005757, 0.8532298044335003, 0.9955264223622373]
02354969,93032,390306,72,3;[64887.310000000005, 1102, 1.451725208787247, 0.7097217418198641, 752.5730035890429, 0.768128514175977, 0.990319073307406]
02354969,93056,390386,589,1;[64835, 1286, 1.3430417849440939, 0.9138202037563928, 279.862775691539, 0.8992777695292158, 0.9935180361028533]
02354969,93056,390386,589,2;[63474.6, 1058, 1.4683830102451083, 0.7022645553573917, 765.7722262808443, 0.7472528925049928, 0.9994004346848535]
02354969,93056,390386,589,3;[63721.44, 1048, 1.471420596778952, 0.6937304945356585, 937.8556712304907, 0.7636282244038548, 0.9960702851452495]
02354969,93062,390399,1114,1;[64374, 1254, 1.3593245514882464, 0.7964963104791242, 352.95956077915616, 0.8849796453815778, 0.9938937308455369]
02354969,93062,390399,1114,2;[63588.84, 1172, 1.4131838876283858, 0.7805708111456547, 577.4113690015364, 0.8232639194055239, 0.9970705129401227]
02354969,93062,390399,1114,3;[64042.020000000004, 1038, 1.4837656283003835, 0.7056762870926032, 1024.252079225501, 0.7787683334069879, 0.9917050300188811]
02354969,93064,390420,1289,2;[63985.11, 1154, 1.458636557061933, 0.7638339277077575, 797.3120757508884, 0.7882608472035064, 0.993973565024494]
02354969,93064,390420,1289,3;[62787.100000000006, 1056, 1.373934245726596, 0.8404307129945052, 374.24700182139435, 0.845199090533736, 0.9920020779445665]
02354969,93064,390420,1290,1;[63721, 1264, 1.2765381701619403, 0.9165424609126526, 193.75749854809817, 0.9074558565473456, 0.9951663660286895]
02354969,93065,390423,1,1;[65929, 1196, 1.3663165331097638, 0.7907961938605771, 296.83112152766404, 0.860298153482549, 0.9988031753726822]
02354969,93065,390423,1,2;[65419.06, 1168, 1.4304491414713911, 0.7780413211463262, 712.3193466512067, 0.8009232455564022, 0.994464544138929]
02354969,93065,390423,1,3;[64354.380000000005, 1084, 1.4028448912521359, 0.7203746431624436, 338.3325294207439, 0.7768085648906357, 0.996996742048795]
02354969,93067,390432,62,1;[64706, 1294, 1.2689535432904295, 0.9318055650770034, 193.8148564308479, 0.9138907928439095, 0.9913361880759597]
02354969,93067,390432,62,2;[65369.079999999994, 1174, 1.4399525287316444, 0.7893925978905076, 710.2656964289987, 0.8042420178257211, 0.9949196287072674]
02354969,93067,390432,62,3;[64847.58, 1090, 1.381138911643328, 0.7347680122676925, 405.5036129404121, 0.8208704865933435, 0.996033457835762]
02354969,93070,390461,236,1;[66056, 1228, 1.375475323052516, 0.7593459589338749, 343.95693012398795, 0.8394226750287584, 0.9958165934256447]
02354969,93070,390461,236,2;[64577.729999999996, 1174, 1.366129001447603, 0.7810151615840343, 339.860291729248, 0.840762077332703, 0.9945568506707719]
02354969,93070,390461,236,3;[65359.96000000001, 1086, 1.4453440789486942, 0.7216478446223121, 840.1829795429842, 0.7658656485143533, 0.9902136800921554]
02354969,93072,390472,373,1;[64387, 1210, 1.361371134643117, 0.7684231135890638, 302.8414343207445, 0.8672968687072716, 0.9926767598902285]
02354969,93072,390472,373,2;[62152.509999999995, 1068, 1.306919288235289, 0.8463588785060374, 185.45427512896597, 0.8458907102722938, 0.997069632033599]
02354969,93072,390472,373,3;[63599.51, 1056, 1.3683027158274466, 0.7389166219254667, 346.7160803243563, 0.840580256158786, 0.9912878221690761]
02354969,93074,390485,465,1;[66148, 1258, 1.3775401239313936, 0.8042490655564445, 392.9652860427061, 0.8843741759508782, 0.9917167037728353]
02354969,93074,390485,465,2;[64381.38, 1156, 1.4577611199129983, 0.7716260022882498, 753.5226834022596, 0.7878731024384373, 0.9934628521062103]
02354969,93074,390485,465,3;[63777.61000000001, 1064, 1.3846536837189711, 0.7148352319020614, 308.9398322958539, 0.8065843155375874, 0.9900785844171035]
02354969,93075,390493,513,1;[64441, 1272, 1.2728141747250512, 0.9314516250886861, 171.03765682999924, 0.9025895787999924, 0.9921708404221742]
02354969,93075,390493,513,2;[65422.63, 1192, 1.4436081046735172, 0.7549815240753204, 682.7743496036358, 0.8053679456503043, 0.9968631006346328]
02354969,93075,390493,513,3;[63215.91, 1040, 1.3641527134793836, 0.8544086017242088, 322.81851863780827, 0.8100585798129529, 0.9912141261385118]
02354969,93075,390494,512,1;[66216, 1228, 1.3810707126634258, 0.7562303105708007, 280.0060570939655, 0.8195394949301597, 0.99102753103696]
02354969,93075,390494,512,2;[62808.2, 1106, 1.3124079422887087, 0.903860772383723, 225.24619480302087, 0.8713320793226209, 0.9956048516401638]
02354969,93075,390494,512,3;[63932.420000000006, 1066, 1.3820995242011596, 0.7469089940243662, 309.07072074787095, 0.7817666098628244, 0.9887178617964554]
02354969,93079,390521,112,1;[65964, 1196, 1.3715625501106306, 0.8288398363917198, 264.28055578180533, 0.8701248784320748, 0.9954275883924125]
02354969,93079,390521,112,2;[62533.31, 1112, 1.343438723371978, 0.8126973744601453, 203.96813710051933, 0.8349174470779583, 0.9889435698625239]
02354969,93079,390521,112,3;[65032.530000000006, 1064, 1.4591779071125695, 0.7139429699164154, 788.6914022999237, 0.7816031657704634, 0.9918821501332079]
02354969,93080,390528,190,1;[62626, 1152, 1.2646198834322655, 0.9392942174547174, 92.23257257082345, 0.928043173100569, 0.9971657856187504]
02354969,93080,390528,190,2;[65217.95, 1202, 1.4013829570187613, 0.7617901432191523, 525.1629073449714, 0.8340422586171754, 0.9932310591987822]
02354969,93080,390528,190,3;[64126.96000000001, 1088, 1.364493171370162, 0.7391127997032497, 355.1875785179346, 0.8363246687080247, 0.9902158851715129]
02354969,93081,390531,283,1;[65620, 1288, 1.3426304793761132, 0.8006531799704627, 184.59882546092015, 0.8432372864146755, 0.9927007299270073]
02354969,93081,390531,283,2;[64080.31, 1166, 1.3971977828488689, 0.729115618822806, 374.93484761456267, 0.8124895560792139, 0.9959219153126994]
02354969,93081,390531,283,3;[64762.64000000001, 1092, 1.4045094509042584, 0.7064792938282259, 438.6357131906742, 0.7651769128433874, 0.9921712666596705]
02354969,93093,390600,859,1;[65984, 1300, 1.3098125418229114, 0.9004683891034271, 250.82236884271717, 0.9066933040013896, 0.9887983935622607]
02354969,93093,390600,859,2;[62954.57, 1052, 1.420494318240522, 0.7166922714944882, 387.0099141284488, 0.7415038076182654, 1.0029099801893857]
02354969,93093,390600,859,3;[64110.520000000004, 1098, 1.370403218874816, 0.7955035443740951, 435.6734542464646, 0.8276986919665256, 0.9905697321211223]
02354969,93096,390617,981,1;[65760, 1176, 1.4069914414385771, 0.7666928701094855, 422.32725767335, 0.8394057672205371, 0.9987697635212102]
02354969,93096,390617,981,2;[60829.229999999996, 1034, 1.3116444723272884, 0.9014398027017677, 226.21761730465911, 0.8695170109753901, 0.9989642368575337]
02354969,93096,390617,981,3;[64953.07000000001, 1058, 1.4920818659423596, 0.6853235637665687, 1110.7747190657844, 0.7768409993211187, 0.9924328850279973]
02354969,93098,390636,1197,1;[61850, 1144, 1.225257418063705, 0.9417075859141313, 91.10886503354706, 0.9264073830944373, 0.9939814703211758]
02354969,93098,390636,1197,2;[64617.0, 1178, 1.3691492710978848, 0.7944476047666239, 360.68658620155736, 0.8495250354669872, 0.9917898793596288]
02354969,93098,390636,1197,3;[64399.590000000004, 1100, 1.4330728700414295, 0.7289040039929008, 561.2567992368703, 0.7983202070588705, 0.9965338506057811]
02354969,93103,390672,1518,1;[62087, 1194, 1.2533445612474705, 0.9247436008960637, 121.25902029434012, 0.9072060416616434, 0.9879149992441902]
02354969,93103,390672,1518,2;[63248.5, 1134, 1.4756692936676723, 0.7917338912448547, 871.7549363775573, 0.7877024634145644, 0.9950481610798566]
02354969,93103,390672,1518,3;[61828.100000000006, 986, 1.3273205549773264, 0.8229444798798282, 283.3229756042126, 0.8694768318117864, 0.994754011638159]
02354969,93117,390758,149,1;[66007, 1182, 1.384056132857653, 0.7673749378025553, 365.35006994821083, 0.8409320449266402, 0.9986308105450282]
02354969,93117,390758,149,2;[64951.39, 1078, 1.4647046274303903, 0.7076328523226558, 875.0544734636516, 0.7593798188926495, 0.9963036315678991]
02354969,93117,390758,149,3;[63902.280000000006, 1068, 1.3706533352028962, 0.7527464023411738, 310.78965915311204, 0.7910806424329374, 0.9890480380827176]
02354969,93119,390774,324,2;[64941.869999999995, 1156, 1.4364801033014907, 0.7715354353133308, 603.6712139297599, 0.8079121189169471, 0.998243977391209]
02354969,93119,390774,324,3;[64239.3, 1062, 1.4696012146846558, 0.6745971087280623, 989.4058437482654, 0.7771148378154924, 0.9923809523809524]
02354969,93119,390774,325,1;[64426, 1266, 1.2745110310208998, 0.9263749150049321, 177.76355210921366, 0.9024526897744813, 0.990559655596556]
02354969,93125,390812,1888,1;[63028, 1248, 1.2816585880478035, 0.9972570890877096, 171.09864056783255, 0.9088867731659429, 0.9954749701885034]
02354969,93125,390812,1888,2;[64323.07, 1070, 1.3874083405258792, 0.7806756669529757, 304.266130965838, 0.7566705582168576, 0.9959097190234915]
02354969,93125,390812,1888,3;[64131.07000000001, 1094, 1.3948401896271776, 0.743152961138335, 466.89243756929733, 0.8092595238377408, 0.9947511581452675]
02354969,93130,390854,564,1;[65537, 1238, 1.3984136310069366, 0.774949262499912, 299.41231968969845, 0.8260886287934811, 0.9923834039975772]
02354969,93130,390854,564,2;[64425.409999999996, 1070, 1.4763948710625008, 0.7339995577617741, 779.6954633801311, 0.758311954609745, 1.001739291331298]
02354969,93130,390854,564,3;[63344.69, 1064, 1.376265907806784, 0.7292886754693791, 313.146790213135, 0.8034639963777922, 0.9911149695079472]
02354969,93132,390865,692,1;[62562, 1216, 1.280207320598938, 0.9495173424746174, 141.86436851898526, 0.9000699655491766, 0.9922286366808348]
02354969,93132,390865,692,2;[65441.67, 1192, 1.4215718545391784, 0.7747801176564014, 660.1803141539821, 0.8147914705693796, 0.9921072333823436]
02354969,93132,390865,692,3;[63202.21000000001, 1048, 1.3652311298316802, 0.8068427036530846, 351.62919484368985, 0.858070801951353, 0.9940207496148501]
02354969,93163,391033,151,1;[65701, 1176, 1.4033041263786725, 0.7469024983031273, 370.2712458809529, 0.819542237530179, 1.0001141665461575]
02354969,93163,391033,151,2;[61434.939999999995, 1058, 1.3164674109398204, 0.8904289301275937, 231.10821422823867, 0.8675828803462131, 0.9988101571946796]
02354969,93163,391033,151,3;[64818.810000000005, 1096, 1.4651923067199946, 0.725389424954889, 877.8152105761858, 0.7791599194380894, 0.9915645859311963]
02354969,93170,391065,503,1;[64894, 1288, 1.2628154652248584, 0.9492542559925686, 198.6663722820392, 0.9168572613094278, 0.988800682625059]
02354969,93170,391065,503,2;[64938.299999999996, 1186, 1.4197947596534344, 0.7823623679593167, 469.32491224276697, 0.812468069166255, 0.9936632797989731]
02354969,93170,391065,503,3;[64198.200000000004, 1086, 1.4025078470725176, 0.7099596846242082, 373.5550653453463, 0.7906837779576977, 0.9893798956991745]
02354969,93172,391083,700,1;[64894, 1188, 1.3886585665341866, 0.751738844832515, 341.10397891036126, 0.840589740846348, 0.9968892336761577]
02354969,93172,391083,700,2;[61600.35, 1048, 1.2838411004012276, 0.894457632232813, 201.5101218211482, 0.8738166268750299, 0.99892899528179]
02354969,93172,391083,700,3;[65010.61000000001, 1046, 1.4823918122189972, 0.7140001799999075, 1050.6248884004572, 0.7825109858138029, 0.9958865873365653]
02354969,93173,391092,845,1;[63807, 1272, 1.2767492116915464, 0.8969962026982263, 103.43148560828728, 0.9114782610047876, 0.9941959660016049]
02354969,93173,391092,845,2;[62923.63, 1130, 1.3126688450723634, 0.8578768029637702, 236.11376356743384, 0.8717832408786581, 0.9942182402767724]
02354969,93173,391092,845,3;[62740.520000000004, 1058, 1.372980683004131, 0.792727167452237, 353.74065788106503, 0.8291986903230822, 0.9900232394746797]
02354969,93181,391149,91,1;[63979, 1268, 1.268970231157127, 0.9540477204424117, 171.1536724475036, 0.9143519735978836, 0.9923763581793223]
02354969,93181,391149,91,2;[65047.78, 1160, 1.4515172437793777, 0.7857545583914952, 744.0283261103809, 0.7965389568477197, 0.9954019430205137]
02354969,93181,391149,91,3;[65779.18000000001, 1102, 1.4460792702063185, 0.7055060256302503, 811.85540856659, 0.8056573753073291, 0.9904695106857001]
02354969,93188,391172,187,1;[65914, 1206, 1.3980060658433828, 0.7450346119968779, 336.38352901954386, 0.8164020323822101, 0.9921652153624999]
02354969,93188,391172,187,2;[63656.67, 1160, 1.3426286195210524, 0.8175041692023413, 303.92503186363325, 0.8545373489792387, 0.9938041670924173]
02354969,93188,391172,187,3;[62999.450000000004, 1042, 1.360313003186547, 0.801420751450011, 326.9214006166727, 0.8467551584458738, 0.9906930650408255]
02354969,93189,391181,243,1;[64387, 1278, 1.2527956962324927, 0.949086702306808, 190.72352709999828, 0.9142684863105953, 0.9913623206257314]
02354969,93189,391181,243,2;[63179.479999999996, 1128, 1.3373414489514206, 0.8639773983475594, 258.34153472456615, 0.8676998349902311, 0.9935437992402268]
02354969,93189,391181,243,3;[64313.280000000006, 998, 1.4892209670339713, 0.6811996902330445, 1236.9348918219848, 0.758756217670374, 1.000287659411257]
02354969,93189,391182,241,1;[66122, 1300, 1.3516606366025892, 0.8093159629607058, 240.31158494217868, 0.8588958207351479, 0.990962907455976]
02354969,93189,391182,241,2;[63250.88, 1108, 1.3308008962485813, 0.835324675962807, 223.3657040576158, 0.8189868257634433, 0.9927345398853216]
02354969,93189,391182,242,3;[65222.96000000001, 1124, 1.395964309209381, 0.741775506442349, 589.3489968921883, 0.83065784207797, 0.9919779967911987]
02354969,93204,391214,415,1;[63305, 1242, 1.2623243671935218, 0.9311453207833782, 156.08578121315767, 0.9039224371789923, 0.9921947243860006]
02354969,93204,391214,415,2;[65266.74, 1178, 1.4465447185180027, 0.799884767903136, 745.5961986240753, 0.8069213369402661, 0.9942443826080651]
02354969,93204,391214,415,3;[62589.82000000001, 1014, 1.3408067487673707, 0.8146316210354829, 289.4081282757121, 0.8679430418917409, 0.9934006675436784]
02354969,93216,391230,57,1;[64151, 1264, 1.2731757305098537, 0.9532832406201014, 175.3627448483335, 0.9154322038646643, 0.9891450158044869]
02354969,93216,391230,57,2;[64295.7, 1180, 1.3939820252809036, 0.8025979151708299, 421.9686927440272, 0.8207335193011727, 0.9900590956983829]
02354969,93216,391230,57,3;[64805.11000000001, 1098, 1.4436130337240267, 0.7007326531981775, 773.8237788678837, 0.7966626321229042, 0.9914589031764496]
02354969,93217,391237,120,1;[66655, 1294, 1.3448300096581718, 0.813962291584875, 241.55831006322316, 0.8591172722835375, 0.9924289234480037]
02354969,93217,391237,120,2;[62158.46, 1048, 1.304082671602156, 0.8813701949300142, 210.4480701123066, 0.8851341427222832, 1.0001914828431373]
02354969,93244,391398,139,1;[64983, 1284, 1.2815376153946243, 0.8628569184545144, 229.40754662686834, 0.902576268705123, 0.9903378697593611]
02354969,93244,391398,139,3;[64351.64000000001, 1072, 1.3730570426167437, 0.7328299699920475, 336.00985432077266, 0.7842009700547585, 0.9856367966594274]
02354969,93244,391398,140,2;[64096.969999999994, 1156, 1.352576784647422, 0.7976762280879129, 282.84628770867107, 0.822379597224657, 0.994250062298683]
02354969,93244,391403,137,1;[63234, 1232, 1.258707323349804, 0.9369152941980355, 137.66559145232296, 0.9086106061272456, 0.992295017653982]
02354969,93244,391403,137,3;[64151.62, 1096, 1.3806589611250475, 0.7284290748260064, 483.15585149319344, 0.8185740314757946, 0.9925073389925709]
02354969,93244,391403,138,2;[63759.009999999995, 1150, 1.3417720857930122, 0.7914882034785791, 262.93487335483485, 0.8292661389144764, 0.9928748135313684]
02354969,93261,391474,250,2;[62546.399999999994, 1106, 1.29934998502816, 0.8571232105097712, 212.06799021744717, 0.8802371336958997, 0.992568952005061]
02354969,93261,391474,250,3;[62844.64000000001, 1034, 1.3423340672921085, 0.7755781224231947, 291.908820264476, 0.8572142722273444, 0.9939007875892403]
02354969,93261,391474,251,1;[64532, 1282, 1.2748535594127777, 0.9564558096391111, 171.51093212243288, 0.9173609477108065, 0.9915948308978318]
02354969,93262,391475,385,1;[66125, 1308, 1.3256016907789745, 0.8110555687124529, 176.1459940449936, 0.8799400938730506, 0.9947198989108851]
02354969,93262,391475,385,2;[64571.78, 1174, 1.3482290496726073, 0.797645251288952, 285.3062111306997, 0.8622791460490464, 0.988549931226715]
02354969,93262,391475,385,3;[65087.33, 1110, 1.4179278274532332, 0.725952395631317, 543.0717793746816, 0.8331351596195611, 0.9914852766241626]
02354969,93265,391501,677,1;[65623, 1288, 1.3274712953489687, 0.804275494077087, 176.26230879419467, 0.8398880446395934, 0.9937684089377522]
02354969,93265,391501,677,2;[60868.5, 1038, 1.310964987960579, 0.8777517978481343, 198.60763168776222, 0.8327341257677859, 0.9953685685374017]
02354969,93265,391501,677,3;[64118.740000000005, 986, 1.4845088066391776, 0.6845690078546431, 1102.9158024051976, 0.7481059582856577, 0.9979742840693434]
02354969,93342,391970,234,1;[63739, 1220, 1.2985911900180318, 0.8773268513306473, 181.13703138633548, 0.889344669703031, 0.9915914093917968]
02354969,93342,391970,234,2;[63361.549999999996, 1076, 1.481032116363437, 0.7401870789938357, 1025.1734118801776, 0.765512690517835, 1.0007047878588544]
02354969,93342,391970,234,3;[64424.25000000001, 1082, 1.476119066739313, 0.7081124128091462, 923.6681123756664, 0.7585220121572607, 0.9963134812178224]
02354969,93376,392038,21,1;[65471, 1286, 1.2979746402727463, 0.9450088126259399, 181.56602574581677, 0.9140920969067993, 26188.4]
02354969,93376,392038,21,2;[63722.119999999995, 1130, 1.3142540670065959, 0.8561344460561788, 252.47131997215118, 0.8655186283173175, 0.9954084952133098]
02354969,93376,392038,21,3;[65418.87, 1106, 1.406698239576032, 0.7199832727197291, 536.2933758544789, 0.810334088499893, 0.9920121324178621]
02354969,93379,392063,253,1;[64968, 1270, 1.2992876166947938, 0.9272471962935944, 182.7108066844956, 0.8939156655397655, 9999]
02354969,93379,392063,253,2;[64819.299999999996, 1098, 1.3660872356148503, 0.8193860017725972, 285.6874283424835, 0.8336504474424831, 9999]
02354969,93379,392063,253,3;[65535.32000000001, 1110, 1.4394482306929601, 0.7142808025287717, 791.6105219428914, 0.7824926865645723, 0.9935199800614771]
02354969,93379,392068,251,1;[64692, 1278, 1.282865606646377, 0.968069357630388, 183.16044249293068, 0.9082566748113169, 9999]
02354969,93379,392068,251,2;[64471.82, 1162, 1.3528339756956314, 0.8191491066460381, 284.20199011539876, 0.848543342688524, 0.9955439586185353]
02354969,93379,392068,251,3;[65409.280000000006, 1056, 1.4671634377461946, 0.6982859604636671, 1036.3283275212098, 0.7537450689017114, 0.9900977779621123]
02354969,93384,392076,318,1;[65601, 1258, 1.2598830387653701, 0.9318848130422895, 152.84158971070795, 0.9115339689744248, 131202.0]
02354969,93384,392076,318,2;[63471.03, 1100, 1.3198968840091083, 0.8543143072655192, 224.95399984076755, 0.8821510025454093, 0.9963107902380708]
02354969,93384,392076,318,3;[66113.46, 1120, 1.4442850252282287, 0.7254841929225238, 657.0601368468576, 0.7871014769874788, 0.9920342066583754]
02354969,93387,392105,499,2;[64358.77, 1164, 1.3777637092256487, 0.77739347108446, 302.2091500307314, 0.8128028844065986, 0.9939078738203971]
02354969,93387,392105,500,1;[65253, 1232, 1.389411452582643, 0.7829627064149303, 410.4695262693871, 0.8648204477956788, 0.9929394220673494]
02354969,93387,392105,500,3;[65449.01, 1114, 1.3916253499993159, 0.7229121769532387, 419.382984118306, 0.8131331978974994, 0.9903500316137525]
02354969,93389,392116,620,1;[65553, 1290, 1.2913450158837896, 0.8937381946720938, 214.93637780479168, 0.9001873511887257, 9999]
02354969,93389,392116,620,3;[64473.57000000001, 1110, 1.4162778213736373, 0.7603022504521026, 592.0346445883649, 0.8149624771126748, 0.9917496443812234]
02354969,93389,392116,621,2;[65871.26, 1222, 1.4110129174421928, 0.7989051121836356, 612.2171967912299, 0.8150188488982034, 0.9924874042995715]
02354969,93391,392128,704,1;[65901, 1310, 1.3169337956349254, 0.8071061323734868, 147.75384151034885, 0.8595622823962548, 9999]
02354969,93391,392128,704,2;[65945.04, 1218, 1.4097253505047853, 0.8054590575729169, 583.0850094091472, 0.8242566525980224, 0.9926913155631987]
02354969,93391,392128,704,3;[66120.31000000001, 1092, 1.4599694192729415, 0.7036886034896227, 903.248563125161, 0.7485446837079986, 0.9929126163657872]
02354969,93392,392137,769,1;[65749, 1300, 1.2827161949488979, 0.946782765885391, 208.88939856401035, 0.9077119308516152, 9999]
02354969,93392,392137,769,2;[64263.57, 1142, 1.3619818840374684, 0.7885731037511159, 289.89539508596465, 0.8160746173792097, 0.9976998752944437]
02354969,93392,392137,769,3;[66213.47, 1122, 1.4475001334986985, 0.7087920572737888, 932.2361262738016, 0.8059854068453484, 0.9916593998461144]
02354969,93392,392138,767,1;[65939, 1292, 1.3164867820455002, 0.8615809337024763, 234.35311148512028, 0.9008196132505494, 0.9753640660015236]
02354969,93392,392138,767,2;[64625.329999999994, 1106, 1.4658031428420106, 0.7428446144377088, 840.4774629944385, 0.7729096288180586, 0.9952990552292283]
02354969,93392,392138,767,3;[65818.91, 1056, 1.4714832036751342, 0.7150306833040934, 1105.377239114151, 0.7836388291171933, 0.9910370790572947]
00023698,93080,390528,134,1;[36900, 898, 0.9978155479327312, 1.0259673944738459, 89.73238912855744, 0.9929930238391793, 0.9837638966648005]
00023698,93080,390528,134,2;[39364.009999999995, 820, 1.0504391901326098, 1.022399976459444, 131.86334323534342, 0.9822628171354302, 1.0140555785472325]
00023698,93080,390528,134,3;[55474.04, 910, 1.2348669144335471, 0.954528904486548, 84.48481776732575, 0.9923977465338607, 26994.666666666668]
00023698,93244,391403,53,2;[43991.92, 860, 1.0139415938895173, 1.0212939734954087, 88.72411398565121, 0.9915332214735743, 9999]
00023698,93244,391403,54,1;[45368, 944, 1.0138822074695624, 0.9740646097252217, 57.91967425793741, 0.993886083647604, 1.000099198694986]
00023698,93244,391403,55,3;[38692.91, 766, 1.0128055678324268, 1.0020142613457823, 123.04365198080062, 0.9864740144323954, 0.9985680697226298]
00023892,93026,390259,210,1;[115384, 1676, 0.9705763288702812, 0.9705763288702812, 27.44450635858385, 0.9967809945790217, 0.9971869206936336]
00023892,93026,390259,211,2;[117053.15999999999, 1570, 1.0149650236071255, 0.9746772383627069, 32.01824097753799, 0.9959190027831599, 0.996711876257112]
00023892,93026,390259,211,3;[116700.71, 1438, 1.0186254340279237, 0.9437976061425024, 56.93241554978748, 0.9908537816795847, 9999]
00023892,93026,390259,212,1;[115337, 1664, 0.9804131521278897, 0.9889032468085639, 29.32303153461915, 0.9964262448288627, 0.9924920079683675]
00023892,93026,390259,212,2;[117691.0, 1554, 1.014747909288223, 0.9808503008994244, 33.38817836122004, 0.9959185983378324, 9999]
00023892,93026,390259,212,3;[114356.64000000001, 1394, 1.0039062202291396, 0.9507977939312924, 37.10296143051946, 0.9936297065684685, 9999]
00023892,93026,390259,214,1;[120043, 1634, 1.0032661182443197, 0.9887838124952426, 22.927187669422857, 0.9969424029558446, 0.9982495311986761]
00023892,93026,390259,215,3;[114305.95000000001, 1398, 1.010278510246198, 0.9543713578041263, 39.13504025500448, 0.9933049493998183, 9999]
00023892,93026,390259,216,2;[116758.04, 1568, 1.0123332269148082, 0.98091887278259, 29.98789604125521, 0.996023856518871, 0.9963240520725442]
00023892,93049,390350,751,2;[112488.31999999999, 1480, 0.9848740726439702, 0.9929826624223882, 26.49613653842162, 0.9961483784872827, 9999]
00023892,93049,390350,752,3;[118309.09000000001, 1532, 1.0130833231157215, 0.9721992345752148, 59.29260583943325, 0.9911236827270111, 9999]
00023892,93049,390350,753,1;[115862, 1658, 0.9829469492684024, 0.9978529551266063, 24.60371064380052, 0.9960469422803894, 0.9909383646292598]
00023892,93049,390350,756,2;[116076.17, 1538, 1.0085478725212538, 0.9927081192712227, 43.37188848757056, 0.9943862237694245, 9999]
00023892,93049,390350,756,3;[117833.70000000001, 1382, 1.047327962051423, 0.9430491915437306, 103.28006889242694, 0.9876476852572468, 0.9989779088945155]
00023892,93049,390350,757,1;[119330, 1636, 1.0075125795868425, 0.9942916148693116, 29.0029681718026, 0.9953227996444487, 9999]
00023892,93049,390350,758,3;[117121.3, 1400, 1.030931342867741, 0.9719735434960686, 74.73251000866165, 0.9910807744684849, 9999]
00023892,93049,390350,760,1;[119412, 1684, 1.0004737661313214, 0.9880028410604836, 28.934950571560975, 0.9954903479060804, 0.999870214146658]
00023892,93049,390350,760,2;[117228.09, 1564, 1.0405712513178689, 0.9825036010815462, 94.58212834702178, 0.9879751501300211, 0.9954779023530066]
00023892,93049,390350,761,1;[115473, 1576, 0.991677529821298, 0.9926776955103828, 36.86362273631874, 0.9942467519164607, 1.0014917476864902]
00023892,93049,390350,763,2;[118247.92, 1546, 1.0345050869305332, 0.994516715150005, 59.95186314319832, 0.9908730469999921, 9999]
00023892,93049,390350,763,3;[118310.46, 1494, 1.0361395917367435, 0.9712337522244107, 108.28824339469637, 0.9843328979744623, 0.9939059128182995]
00023892,93049,390350,766,1;[116227, 1652, 0.9751026370807013, 0.9892795240401203, 27.456611617824382, 0.9965442441576506, 0.9924685549359998]
00023892,93049,390350,767,3;[117711.77, 1466, 1.0214023858039325, 0.9691685127209577, 43.76655418360943, 0.9929606828812833, 10740.125]
00023892,93049,390350,769,2;[117706.47, 1490, 1.0202549609913965, 0.9997484379105231, 29.963769686372082, 0.995278891855519, 9999]
00023892,93049,390350,770,1;[117114, 1588, 1.0024585818836231, 0.9928265580916606, 32.869004539460455, 0.9955113006843905, 9999]
00023892,93049,390350,770,3;[118395.40000000001, 1410, 1.0424963099943128, 0.9275135170288007, 78.28360049762023, 0.9922517167138535, 9999]
00023892,93049,390350,773,2;[114238.81, 1522, 1.0044227657496143, 0.986742260703326, 36.17136856988099, 0.9948063335800724, 9999]
00023892,93099,390646,1221,2;[114072.20999999999, 1486, 1.0090858747803573, 0.9867088647928606, 38.53013999163804, 0.9934468550222741, 9999]
00023892,93099,390646,1222,1;[115757, 1704, 0.9986716907804245, 0.9931340390066832, 35.39650912607604, 0.9961712619634862, 0.989105543782897]
00023892,93099,390646,1222,3;[117585.73000000001, 1392, 1.1323117391248805, 0.9651113997953958, 50.31573890807299, 0.9940088735414381, 9999]
00023892,93103,390673,1487,1;[118131, 1640, 0.9941992381714719, 0.9832364950716539, 24.18140079113889, 0.9967673469878491, 0.9975637458357788]
00023892,93103,390673,1488,3;[117951.52, 1364, 1.034720293021279, 0.9614925636421753, 96.22023479779668, 0.98528403584093, 0.9961010262284081]
00023892,93103,390673,1489,2;[116541.45999999999, 1546, 1.014966414714585, 0.992022459678374, 40.09946663942671, 0.9947342202306876, 0.9929282227280332]
00023892,93103,390673,1491,2;[120403.01, 1514, 1.0503891899546012, 0.9843946252209498, 113.66690920960296, 0.984839104179109, 9999]
00023892,93103,390673,1492,1;[114627, 1678, 0.9987680845865211, 0.9924709850319351, 45.564953524898826, 0.9946129103177113, 0.9927122981592382]
00023892,93103,390673,1492,3;[112581.12000000001, 1362, 1.004285977747245, 0.9649001229124898, 31.23126453415144, 0.9956981357234577, 9999]
00023892,93103,390673,1495,2;[114817.15, 1510, 0.9930315460441014, 0.9870770259924616, 31.546042712339776, 0.9947702350629656, 9999]
00023892,93103,390673,1497,3;[113548.34000000001, 1404, 1.0054351093309934, 0.960491452600365, 28.91913419738997, 0.9948299282430487, 9999]
00023892,93103,390673,1498,1;[116314, 1654, 0.989772517025471, 0.9913499174139772, 25.89202116124958, 0.9956881817830718, 0.9948765321221763]
00023892,93103,390673,1499,1;[115761, 1706, 0.9962542217613665, 0.9812057965453727, 38.26655464467754, 0.9959036968410945, 0.9896936302274583]
00023892,93103,390673,1499,3;[117251.45000000001, 1500, 1.0242496834682837, 0.9748615169204323, 53.78139989410666, 0.9908513476631625, 34234.0]
00023892,93103,390673,1500,2;[113904.42, 1520, 1.0033341804562999, 0.9866325509813356, 31.931454020851525, 0.9944117262205622, 0.9918501209788144]
00023892,93122,390798,1587,3;[117843.29000000001, 1442, 1.0406381091708652, 0.97290517790024, 111.87571133625764, 0.982512094931687, 0.9956477955389904]
00023892,93122,390798,1589,1;[115972, 1698, 0.9778822539189395, 0.9908134710763481, 20.37117655163161, 0.9968449509462828, 0.9941706957446079]
00023892,93122,390798,1589,2;[117505.36, 1504, 1.0292453359150497, 0.9978651105229204, 41.27597117489877, 0.9945531923571351, 9999]
00023892,93122,390798,1590,1;[114476, 1708, 0.9714008354292216, 0.9792266459744134, 31.895664856885332, 0.9963746613606888, 0.9873600048300221]
00023892,93122,390798,1590,2;[115546.62, 1446, 1.0044099548766843, 0.9937778684089924, 34.96544073137213, 0.9941037791054449, 9999]
00023892,93122,390798,1592,3;[117977.55, 1424, 1.0384956777881869, 0.9582881772027657, 51.69301507743181, 0.993571167624946, 172230.0]
00023892,93139,390920,17,2;[116130.90999999999, 1510, 0.9981631323817355, 0.9808162066148503, 32.268889709424414, 0.993887002655094, 0.9946034641785189]
00023892,93139,390920,17,3;[117082.94, 1368, 1.01704474354301, 0.9629625559037094, 53.25214145749839, 0.9925764721536028, 9999]
00023892,93139,390920,18,1;[114291, 1656, 0.9814575364939319, 0.9959018721886728, 30.733984173391054, 0.9957475714305857, 0.9944271152817112]
00023892,93139,390920,19,1;[117141, 1708, 1.0011284673044343, 0.9784178992053928, 59.47460187917027, 0.9921109682880714, 0.9933264364697103]
00023892,93139,390920,20,3;[118051.53000000001, 1470, 1.0213625513322462, 0.9716452290970454, 85.44257796364806, 0.9849400431888099, 9999]
00023892,93139,390920,21,2;[115941.7, 1478, 1.0067750976010585, 0.9966286729292532, 25.270836994108723, 0.9955051948918705, 1.001742742428838]
00023892,93166,391047,301,1;[119197, 1602, 0.9934559797032223, 0.9948353663934025, 20.712104405988043, 0.9968702647084702, 0.9987055043296481]
00023892,93166,391047,301,2;[116151.14, 1540, 1.0002683910551358, 0.9928704150270152, 33.4848806094114, 0.9948215854848882, 9999]
00023892,93166,391047,303,3;[118637.89000000001, 1398, 1.0223579081250327, 0.9703534494557088, 42.23273852076505, 0.9934911546531924, 9999]
00023892,93166,391047,304,1;[117753, 1622, 0.9772164352433422, 0.9958620833402838, 25.766315361363983, 0.9967860458868003, 0.9972686967237064]
00023892,93166,391047,305,2;[117093.62, 1536, 1.002178459818774, 0.997850638667676, 24.4138911119299, 0.9964615269265222, 1.000127051242307]
00023892,93166,391047,305,3;[119032.45000000001, 1370, 1.0183846266174685, 0.9748323649170428, 37.875699129217296, 0.9947455224370897, 2199.6202531645567]
00023892,93166,391047,307,2;[115370.5, 1528, 1.0058060097422366, 0.9895282762600829, 39.93207841576104, 0.9944151817445519, 9999]
00023892,93166,391047,308,1;[115460, 1682, 0.9960968642594321, 0.9954651582763876, 40.582903883813906, 0.9951983391381567, 0.9932470213772635]
00023892,93166,391047,308,3;[118877.64000000001, 1454, 1.017150500848034, 0.9733966928934351, 36.44529966828555, 0.9937569319287601, 1324.7633587786258]
00023892,93166,391047,309,1;[119716, 1620, 1.0322619672169577, 0.9876387315526259, 46.38197855060344, 0.9944067144527013, 0.999419796219075]
00023892,93166,391047,309,2;[115416.90999999999, 1496, 1.0140101989435855, 0.9782871975660953, 49.76970517264166, 0.9923215994050387, 9999]
00023892,93166,391047,310,3;[117396.67000000001, 1446, 1.0322636927019022, 0.9549682020607355, 42.6314536599798, 0.9954496600959517, 9999]
00023892,93166,391047,312,2;[119097.58, 1476, 1.0286965797742729, 0.9766518066581236, 64.13464440773701, 0.9901136968339167, 100082.0]
00023892,93166,391047,313,1;[120302, 1688, 1.021004314514589, 0.9866737636844082, 42.55555215394716, 0.9931729686905908, 0.9957002685780263]
00023892,93166,391047,313,3;[119017.38, 1408, 1.0256435421473993, 0.9687818342517958, 44.27779058241403, 0.9929874755115312, 24821.14285714286]
00023892,93166,391047,315,1;[117580, 1706, 0.9911475015587408, 0.9998940038735258, 31.46718806602632, 0.9964770636421072, 0.9924037812288994]
00023892,93166,391047,315,2;[119473.62, 1562, 1.0290292751963206, 0.976969826578464, 59.39391504055549, 0.9910613417632356, 9999]
00023892,93166,391047,315,3;[120414.78000000001, 1524, 1.0420803432332637, 0.9716719340706381, 114.80932319891738, 0.9838297153742086, 0.9968696835658387]
00023892,93265,391506,609,1;[120450, 1668, 1.0130823848066772, 0.9934285035407959, 28.081715577593773, 0.9950777124707098, 9999]
00023892,93265,391506,609,3;[119976.38, 1438, 1.0627480642574758, 0.9590433977019611, 126.38952663022229, 0.9846962103710577, 0.99012968218255]
00023892,93265,391506,610,2;[119833.0, 1508, 1.0279624297293433, 0.9939602657133225, 34.05485042585448, 0.9943307197997148, 0.9989534301203803]
00023892,93265,391506,611,3;[119896.92000000001, 1368, 1.0267371543472592, 0.9680652141772095, 60.138477372720004, 0.9910185054986551, 175032.0]
00023892,93265,391506,612,2;[116885.37, 1548, 1.0145783774572443, 0.9803564738122116, 29.62078944142632, 0.9948200399301197, 9999]
00023892,93265,391506,613,1;[114481, 1610, 0.9955593575803238, 0.9902087238335712, 36.759064237107594, 0.9944111491071127, 0.9902515396858349]
00023892,93329,391882,87,1;[118271, 1616, 1.0194271800477344, 0.9951980347867928, 37.73351695185407, 0.9949972892828642, 0.9989948475377988]
00023892,93329,391882,87,2;[111247.15, 1430, 0.9892958805203751, 0.987969527216751, 25.62743346510477, 0.9960790202361292, 9999]
00023892,93329,391882,87,3;[115923.92000000001, 1414, 1.0215942370198658, 0.9563196493174627, 47.010858776237484, 0.9953242287886229, 9999]
00023892,93329,391882,89,1;[114628, 1672, 0.9914825066265023, 0.992449732020601, 46.0862142629913, 0.9941192467786226, 0.9939475920434248]
00023892,93329,391882,89,3;[114667.63, 1414, 1.0167941706478845, 0.9529070402788227, 69.36194070195396, 0.9896615259912896, 0.9922821576763485]
00023892,93329,391882,90,2;[116098.78, 1540, 1.024478526931865, 0.9929498654533664, 58.7047229351499, 0.9922725834272821, 9999]
00023892,93329,391882,92,2;[114627.93999999999, 1522, 1.0073552101636527, 0.9847883422105579, 36.85985021329225, 0.9940911230252352, 0.9904477918873066]
00023892,93329,391882,92,3;[114493.64000000001, 1356, 1.0098884038015559, 0.9575393429604518, 53.70771228318953, 0.9928164272628103, 9999]
00023892,93329,391882,93,1;[115389, 1646, 0.9791536811644996, 0.9912072497007227, 30.555962129969355, 0.9961549890584726, 0.995354855405318]
00023892,93329,391882,94,1;[116973, 1592, 0.994606233216065, 0.9965614043713638, 34.71012332712566, 0.9946580766084038, 0.9999615310636661]
00023892,93329,391882,94,2;[112866.73999999999, 1496, 1.003006582190011, 0.9923183925625743, 26.138494257660792, 0.99570058885804, 9999]
00023892,93329,391882,94,3;[114433.36000000002, 1410, 1.0214616209838423, 0.9517095185099957, 73.57692311392724, 0.9894936176987641, 0.990536726513768]
00023892,93329,391882,96,1;[115407, 1632, 0.9872182726007631, 0.9927104473525977, 23.989429741072772, 0.9960868400620199, 0.996795591563164]
00023892,93329,391882,96,2;[113005.97, 1516, 0.9882006017804126, 0.9825266807640969, 27.477798069064683, 0.9957344812378607, 0.9942780561096016]
00023892,93329,391882,96,3;[117169.25000000001, 1434, 1.0569068397282255, 0.9348208440309685, 110.45560734956277, 0.9883416942725053, 9999]
00023892,93329,391882,99,1;[118266, 1608, 1.0340711010663866, 0.9901960891665134, 40.350390802242764, 0.9941750124012475, 0.995743928467688]
00023892,93329,391882,99,2;[114010.33, 1524, 1.0088953795511193, 0.9873587254334197, 27.375748128469997, 0.9954495918170748, 9999]
00023892,93329,391882,99,3;[113752.47000000002, 1336, 1.0058340005280906, 0.9771892906538502, 25.640739364499375, 0.99607581804577, 9999]
00023892,93377,392048,3,3;[118466.64000000001, 1406, 1.047556527781869, 0.9626297559970822, 107.28162349534367, 0.988306503325163, 9999]
00023892,93377,392048,4,1;[118492, 1724, 0.9863208326474601, 0.9986424630954116, 19.764201178268063, 0.9967779664001932, 0.982353745839223]
00023892,93377,392048,4,2;[116322.5, 1540, 1.0024661578187861, 0.9812524545754474, 28.71243987076844, 0.9953319054134065, 9999]
00023892,93377,392048,5,1;[112681, 1604, 0.9750116024793062, 0.9728192778387952, 30.87669786078407, 0.9962903174522396, 0.9869450782375636]
00023892,93377,392048,5,2;[117476.79999999999, 1468, 1.0128946844061226, 0.9826118107683158, 31.69563920609115, 0.9953051589361018, 9999]
00023892,93377,392048,5,3;[119291.38, 1442, 1.0494193382007337, 0.9224995551443748, 90.97954973781846, 0.9914184377585706, 9999]
00023892,93377,392048,8,2;[114999.22, 1520, 1.0070723933409482, 0.9772014446917673, 55.95936210100426, 0.9911467610708359, 1.0000983146794165]
00023892,93377,392048,8,3;[115359.48000000001, 1394, 1.0261842013140077, 0.9530082855170431, 74.80732270330151, 0.9887307322964278, 9999]
00023892,93377,392048,9,1;[115825, 1638, 0.9752674514762388, 0.977930434245964, 26.59457846165895, 0.9966290836236483, 0.9829547624402228]
00232831,93048,390346,740,1;[60347, 1074, 1.0041203919890753, 0.9799737843213558, 68.8031668473261, 0.9893269121354705, 1.0045276737411568]
00232831,93048,390346,740,2;[26282.34, 714, 1.0320528336306802, 1.014372897938292, 140.43680277580415, 0.9847081607347733, 9999]
00232831,93048,390346,740,3;[48303.46000000001, 810, 1.1451752258466206, 0.9524738607388366, 111.29907984614162, 0.9886044851043795, 1.0053033759124088]
00232831,93048,390346,741,1;[58549, 1054, 1.0054455670794802, 0.9721401613657598, 71.84338526471858, 0.9899833681219329, 1.006091640962634]
00232831,93048,390346,741,2;[26754.77, 714, 1.0341519316231074, 1.0048081338552852, 159.3327943069655, 0.9804418482813829, 1.0053435285174503]
00232831,93048,390346,741,3;[59377.170000000006, 910, 1.009236585552549, 0.9801747544230137, 119.60868056295885, 0.9820228240271109, 1.0022546741128724]
00232831,93048,390346,742,1;[60220, 1068, 1.0074655194483435, 0.9772295374079115, 65.41557014703079, 0.9913233628504808, 1.006005629755849]
00232831,93048,390346,742,2;[36023.68, 754, 1.1820072772154882, 0.975194568199687, 145.89823339616314, 0.9858882366313425, 1.007957912962408]
00232831,93048,390346,742,3;[30371.530000000002, 664, 1.0089733402220478, 0.9955065153366602, 110.20559259267367, 0.9896436106369197, 1.003848940409346]
00232831,93147,390953,359,1;[28614, 804, 1.0032679635817676, 0.9797642027110547, 76.11960080236409, 0.9935266967839056, 1.0029442691903259]
00232831,93147,390953,359,2;[32495.329999999998, 730, 1.0010910926167107, 1.0181539503852286, 138.38844875947652, 0.9872961394964037, 1.0066911209009972]
00232831,93147,390953,359,3;[44651.04, 780, 1.1265940771710539, 0.9490983104198878, 135.99181647196534, 0.9850378115291741, 1.0061277725469615]
00232831,93165,391039,287,1;[39866, 864, 1.0298398293658304, 0.9959000629021967, 86.7554628668432, 0.992586344484783, 0.9994735126733021]
00232831,93165,391039,287,2;[58477.79, 974, 1.0269415973797502, 0.9712203717647845, 110.17502078317794, 0.9861528678999373, 1.0036866453569715]
00232831,93165,391039,287,3;[47685.590000000004, 804, 1.0360607644632402, 0.94115180619928, 106.98442230112188, 0.9887037694940279, 9999]
00232831,93165,391039,289,1;[28699, 810, 1.00818441333912, 0.9786705332760606, 77.15163995602295, 0.9933617731220881, 0.9997039101280153]
00232831,93165,391039,289,2;[29376.34, 706, 1.0029025862775742, 1.0184988224387705, 115.10771404046059, 0.9898791421656763, 1.0058060178866095]
00232831,93165,391039,289,3;[29242.65, 658, 1.0054347153086407, 1.016919426240819, 136.91117619523283, 0.9875221844265234, 1.0027482207032625]
00232831,93165,391039,290,1;[29374, 836, 1.0333035036256313, 0.9688302861139513, 84.38927192001452, 0.9925713888783438, 1.00454840805718]
00232831,93165,391039,290,2;[48306.86, 868, 1.1486846561401474, 0.9733066559966124, 138.39645165229948, 0.9857525522417887, 1.0036095727848102]
00232831,93165,391039,290,3;[28849.460000000003, 652, 1.0052699092288533, 1.0203944978101065, 115.91342784668967, 0.98962519814608, 1.003669987131214]
00232831,93328,391868,72,1;[53913, 1002, 1.0197885864858176, 0.9823802569413564, 73.40299224254385, 0.9925419384832258, 1.0061398925052254]
00232831,93328,391868,72,2;[30416.399999999998, 710, 1.0438726826922544, 0.9772929921499058, 127.79972348039183, 0.989214036519754, 9999]
00232831,93328,391868,72,3;[54501.340000000004, 870, 1.009712309967718, 1.0058363780854904, 98.19940865914353, 0.988407161462243, 9999]
00232831,93328,391868,73,1;[53548, 998, 1.0189524065939604, 0.9797690597906243, 70.54455465725476, 0.9923345736926806, 1.0058606957697798]
00232831,93328,391868,73,2;[32314.449999999997, 730, 1.0032959324346369, 1.0173005886922057, 119.24168662801405, 0.9887060503406242, 1.0007739367583106]
00232831,93328,391868,73,3;[56224.8, 882, 1.0097929346542687, 1.0019868142286004, 108.93376190051036, 0.985441320762081, 9999]
00232831,93328,391868,74,1;[58872, 1058, 1.0073440151434425, 0.9871881459772484, 66.68563326524257, 0.9914655171775439, 1.0050875815208113]
00232831,93328,391868,74,2;[56247.729999999996, 944, 1.126253123694444, 0.9646773931279856, 122.14461848641795, 0.984343955618227, 1.0040039508480516]
00232831,93328,391868,74,3;[54302.69, 864, 1.013030303116915, 1.0093036032740614, 115.46933163720168, 0.98485697905831, 9999]
00236683,93026,390254,285,1;[64897, 1162, 0.8963368703322728, 1.2183853081758376, 597.4072147536523, 0.8989622045180786, 0.997670968584979]
00236683,93026,390254,285,2;[63899.43, 1088, 0.88279605279225, 1.1669173179368035, 687.6252383263844, 0.8561036678773236, 0.9979278366800785]
00236683,93026,390254,285,3;[62998.08, 1026, 0.8724861808634222, 1.1462304604636613, 477.53626792143336, 0.8912045056441245, 0.9973322922766608]
00236683,93027,390265,359,1;[65010, 1234, 0.8963836176640538, 1.168149733389122, 588.7646334944752, 0.876576323213372, 0.9996079064510921]
00236683,93027,390265,359,2;[63329.42, 1172, 0.8722834267262409, 1.3744132304889976, 811.2780416461782, 0.8789933373649661, 0.9967690881336567]
00236683,93027,390265,359,3;[64039.280000000006, 1110, 0.8752503306714794, 1.2607893360585687, 730.6566746111167, 0.906247409796963, 0.9980783191698339]
00236683,93032,390303,79,1;[64084, 1312, 0.883011742050798, 1.2912871714364584, 268.94763745587096, 0.9133944969761918, 0.9972688863125296]
00236683,93032,390303,79,2;[62079.92, 1082, 0.8815052374057251, 1.2447192829726832, 397.38154880436065, 0.9006467679184194, 1.0009209516500384]
00236683,93032,390303,80,3;[63635.130000000005, 1136, 0.8704188168610484, 1.2765842202638427, 618.6186577698837, 0.9267038002201853, 0.9954032595068951]
00236683,93032,390303,81,1;[65182, 1222, 0.8845825357301805, 1.253814231694861, 436.65751315797803, 0.9024325561089953, 0.9954869993509221]
00236683,93032,390303,81,2;[60467.469999999994, 1070, 0.8658963652934529, 1.3236490956893558, 415.1546219052248, 0.8831104988944727, 0.9955720135582594]
00236683,93032,390303,82,3;[60681.41, 1002, 0.8646670726583039, 1.236890745793808, 413.0430619188642, 0.895977356431816, 0.9920933566276934]
00236683,93032,390303,83,1;[65190, 1240, 0.8856361340584233, 1.336348925504289, 421.8157871130205, 0.9179699132432548, 0.9945383535729542]
00236683,93032,390303,83,2;[63473.409999999996, 1108, 0.880705724041829, 1.1517486320231045, 936.4060692327542, 0.8892920877813058, 0.9974381030742763]
00236683,93032,390303,83,3;[63620.060000000005, 1086, 0.8776824258320373, 1.2010975539393451, 632.373901310016, 0.932411605387967, 0.9935599820278568]
00236683,93051,390358,937,1;[61910, 1138, 0.8881777418456696, 1.3158803350304593, 191.94476886811364, 0.9332287887186778, 1.0035906206181056]
00236683,93051,390358,937,2;[61018.439999999995, 1108, 0.8744115177055395, 1.2886368708134575, 416.8174297521665, 0.8915586599846775, 9999]
00236683,93051,390358,937,3;[61560.950000000004, 966, 0.877243343342936, 1.162882267156796, 350.0519987317953, 0.9193836774930555, 0.9962310165170158]
00236683,93078,390512,47,1;[62003, 1166, 0.8984033152613793, 1.421216003534498, 222.0834782523327, 0.932324088329441, 0.9965764433586216]
00236683,93078,390512,47,2;[64851.43, 1158, 0.8730279854116749, 1.169443966109788, 818.8359163722441, 0.8605912354463219, 0.9972094895653209]
00236683,93078,390512,47,3;[63713.22000000001, 1070, 0.8713599068622755, 1.156260139954396, 363.6832766722085, 0.9245821144862727, 0.997929295638646]
00236683,93078,390512,49,1;[62757, 1248, 0.8806822073163417, 1.3655628375229387, 291.7005471112284, 0.9308936894344648, 0.9898424315073895]
00236683,93078,390512,49,2;[62070.399999999994, 1146, 0.8777771267882485, 1.3229664281527502, 421.0606639502385, 0.9063259873638182, 0.9963420341346475]
00236683,93078,390512,49,3;[65910.70000000001, 1050, 0.8768575047476552, 1.2247830161026592, 788.4647293313469, 0.8942845465139775, 0.9974602187321826]
00236683,93078,390512,50,1;[61924, 1150, 0.8810465426974625, 1.3914188745424354, 213.8200019221468, 0.9351294831793443, 0.9981302385557704]
00236683,93078,390512,50,2;[65937.9, 1150, 0.879228667524834, 1.179293606603073, 824.4007872140987, 0.8489372623533138, 0.9963318588844535]
00236683,93078,390512,50,3;[66360.06000000001, 1022, 0.8702875750297601, 1.1372706087217193, 861.5471674866211, 0.8701131027160595, 1.0023072227452847]
00236683,93098,390636,1213,1;[66424, 1244, 0.8823566767419234, 1.2142968859041916, 308.83078904861543, 0.8957330070359494, 0.9993380273214179]
00236683,93098,390636,1213,2;[65266.74, 1126, 0.8933927484060082, 1.2840118591047747, 875.6931159719495, 0.8581356473660497, 1.0014607603257495]
00236683,93098,390636,1213,3;[65509.29000000001, 1070, 0.873847573315857, 1.18952807666033, 761.6841148447202, 0.9046977956138212, 0.9943334823610144]
00236683,93098,390636,1214,1;[64254, 1292, 0.8798340578149664, 1.4185855049254117, 354.04704705750584, 0.9389706014256528, 0.9968196838300315]
00236683,93098,390636,1214,2;[64413.509999999995, 1112, 0.8841799100241723, 1.185020667030353, 814.5381436463231, 0.8548762815733646, 0.9979719390106749]
00236683,93098,390636,1214,3;[63554.3, 1080, 0.8725345513198169, 1.3418491871000942, 573.436488312685, 0.915630657414964, 0.9923631462981581]
00236683,93099,390639,1320,1;[65733, 1174, 0.8986561124046707, 1.1888863137764243, 524.71293379162, 0.8909896119273859, 1.000334799348663]
00236683,93099,390639,1320,2;[64945.439999999995, 1110, 0.8799012392870388, 1.211244114648881, 500.3592752505392, 0.8843490229777067, 0.9975689557476832]
00236683,93099,390639,1320,3;[64221.490000000005, 1086, 0.8771087575357576, 1.1782370262963473, 420.12826866959915, 0.914358419458132, 0.9936620315414617]
00236683,93099,390639,1321,1;[65480, 1300, 0.8724248348033831, 1.2238853834367018, 405.04023958956503, 0.9273045058082094, 0.9972965769333283]
00236683,93099,390639,1321,2;[62571.39, 1128, 0.8732663509695608, 1.2989479846148317, 506.449168846685, 0.8607900347818224, 0.995871133922991]
00236683,93099,390639,1322,3;[60664.97, 960, 0.8918258292316278, 1.1659305552185804, 304.4898032449558, 0.9395602745783597, 0.9997403623638313]
00236683,93103,390670,1523,1;[66007, 1202, 0.8862135690644956, 1.1227076770295574, 539.0951049981684, 0.8570147705480499, 0.9933781811067467]
00236683,93103,390670,1523,2;[62395.27, 1128, 0.8744661556219134, 1.3175950505831138, 451.64267112748917, 0.8726407365729938, 0.9936702863532132]
00236683,93103,390670,1523,3;[64702.36000000001, 1090, 0.8682338163167673, 1.2139867077421442, 760.4879409415294, 0.8519364279323118, 0.9934162091668244]
00236683,93103,390670,1525,2;[63179.479999999996, 1148, 0.8755774904728971, 1.3231910436666334, 440.6480455143491, 0.8949090950326803, 0.9963966669168981]
00236683,93103,390670,1525,3;[64450.280000000006, 1072, 0.8786524256469906, 1.2380248607050208, 794.7149607156023, 0.9022725765178526, 0.9949768937110709]
00236683,93103,390670,1526,1;[64594, 1280, 0.8692302139795223, 1.3064345589587993, 387.3175180665426, 0.9216866545350719, 0.9963366573347833]
00236683,93129,390840,509,1;[63851, 1282, 0.8863538304611583, 1.2824864508734586, 310.17420054510205, 0.9399106307757903, 0.9891788472412645]
00236683,93129,390840,509,2;[62792.729999999996, 1156, 0.8655992666530318, 1.2966369654810306, 598.0539074640125, 0.8907444545283135, 0.9932237845163476]
00236683,93129,390840,509,3;[65155.83, 1070, 0.8798077353627585, 1.207208180569444, 693.4138006979172, 0.9218608231747977, 0.9943860749568763]
00236683,93139,390919,100,1;[65548, 1228, 0.8895657063217315, 1.2174121974362748, 494.76634957258426, 0.901591666436485, 0.9952249003605997]
00236683,93139,390919,100,2;[64462.299999999996, 1176, 0.8687574373580252, 1.3160805760010135, 749.5912923506529, 0.8728901235789747, 0.9998523385876186]
00236683,93139,390919,100,3;[62899.44, 1048, 0.8704034933278246, 1.1903627541986614, 354.52133648183104, 0.9138656498268735, 0.9938737958653534]
00236683,93140,390930,162,1;[64174, 1274, 0.873669116798967, 1.2219762812449149, 318.14095600560046, 0.9407832771655248, 0.9941057556018558]
00236683,93140,390930,162,2;[62256.03999999999, 1108, 0.8758086297832357, 1.284617442261192, 345.67866423307373, 0.9220027450821668, 0.9939582779192158]
00236683,93140,390930,162,3;[64168.060000000005, 1070, 0.8653375047802901, 1.175778012518249, 544.2792229979488, 0.8837986711791864, 0.9959280876896416]
00236683,93140,390930,163,1;[64757, 1294, 0.8689080832153993, 1.3437099942523156, 321.5276598014192, 0.9430963941414967, 0.994830513031255]
00236683,93140,390930,163,2;[64700.299999999996, 1190, 0.8678894662354549, 1.2921604955880843, 715.6913109359365, 0.8801013288764067, 0.9996414749170336]
00236683,93140,390930,163,3;[64600.98, 1086, 0.8652007934289446, 1.1908760180148013, 721.4497155138856, 0.9086264422759408, 0.9967868769289308]
00236683,93140,390930,164,1;[66120, 1190, 0.8928024080834541, 1.1879672972458664, 349.6492563200557, 0.8948358029776258, 0.9994029580030079]
00236683,93140,390930,165,2;[62164.409999999996, 1120, 0.8752461396656094, 1.298778050862342, 346.29783056866313, 0.9093205097922705, 0.9977652991061197]
00236683,93140,390930,165,3;[62617.22000000001, 1048, 0.8756071525749004, 1.1433205584440507, 348.4088358753567, 0.9269208623011866, 0.9946249428764172]
00236683,93174,391097,943,1;[62928, 1236, 0.8851371504840055, 1.4349269202301336, 299.8036945734148, 0.9301702078122605, 0.9953969534475395]
00236683,93174,391097,943,2;[64325.45, 1168, 0.8802286326493914, 1.2679251780083614, 607.869629047859, 0.8870972782303799, 0.9962677970787449]
00236683,93174,391097,943,3;[64610.57000000001, 1052, 0.8809168323652462, 1.192026993741771, 915.8897240293949, 0.8497624850878942, 0.9998092007631969]
00236683,93203,391206,348,1;[66259, 1190, 0.8894026810814899, 1.1508446047025152, 594.0886112205731, 0.8912596097118567, 0.9980268112667571]
00236683,93203,391206,348,3;[64683.18000000001, 1094, 0.8774361244422536, 1.1828319494737503, 463.56244202686634, 0.9045813327238634, 0.9901953587869509]
00236683,93203,391206,349,2;[65912.91, 1094, 0.8899903614837441, 1.2170274147339144, 883.2863549263491, 0.8237073210150379, 1.001093469007835]
00236683,93203,391206,350,1;[62393, 1240, 0.8787493015584305, 1.3128339148304562, 295.70120819668693, 0.9335410441337777, 0.9891953166493591]
00236683,93203,391206,350,2;[64784.78999999999, 1186, 0.8806837105180522, 1.3963042186163492, 714.3957716221242, 0.8977856171105484, 0.9971061741057529]
00236683,93203,391206,350,3;[66107.98000000001, 1110, 0.8779627186987592, 1.2067523980043482, 629.3045444407546, 0.8784160439673843, 0.9945279732890899]
00236683,93203,391206,351,1;[63854, 1268, 0.871032185835836, 1.479426503068035, 318.9796186826759, 0.9362372556116996, 0.9921610976017153]
00236683,93203,391206,352,2;[60755.45, 1072, 0.8829527874848939, 1.2554864592775605, 342.8331537019416, 0.9050124376649543, 0.9934812220276318]
00236683,93203,391206,352,3;[64896.9, 1114, 0.8569397877711894, 1.2417527424010701, 692.591624038142, 0.8946675282111177, 0.9943116223421002]
00236683,93220,391265,336,1;[65533, 1310, 0.8757480096155889, 1.367463148321185, 361.0624601301009, 0.9290297774806068, 0.9930972821021845]
00236683,93220,391265,336,2;[60632.88, 1050, 0.8682370583990296, 1.2168716618617368, 346.1947867002257, 0.8994860601241726, 0.9980021154072158]
00236683,93220,391265,336,3;[64026.950000000004, 1090, 0.8629840702248537, 1.2222749057270437, 655.7167830778669, 0.908215481352808, 0.9938013673141739]
00236683,93220,391265,337,1;[61118, 1124, 0.8808351635338167, 1.2224316677897844, 151.10157403778504, 0.9337813620401505, 0.9949534414273621]
00236683,93220,391265,337,2;[64254.049999999996, 1166, 0.8722362436156592, 1.2337152288179494, 564.8185975037665, 0.8790782291139434, 0.9932763679509938]
00236683,93220,391265,337,3;[64409.18000000001, 1080, 0.8726724947670236, 1.265388216239573, 693.2371551550842, 0.9054723116006371, 0.9945737828032283]
00236683,93222,391274,426,2;[62796.299999999996, 1136, 0.8830140146854797, 1.2618411779405492, 351.3399176267912, 0.9240262330636166, 0.9985146219854868]
00236683,93222,391274,426,3;[64573.58, 1060, 0.8698739445591321, 1.2390712166734024, 806.0081702436511, 0.9022446887703707, 0.9947974377644812]
00236683,93222,391274,427,1;[65596, 1204, 0.8814352650098592, 1.1250380127803834, 426.6307949767584, 0.9036493789843961, 0.999078537540076]
00236683,93222,391274,428,3;[65283.240000000005, 1108, 0.8695688977103744, 1.2047253991752296, 663.4549987691171, 0.9024267478443797, 0.9949367881489524]
00236683,93222,391274,429,1;[65683, 1302, 0.8898643963502091, 1.2157433048057757, 263.5146465566555, 0.9138523580591842, 0.9900666244611257]
00236683,93222,391274,429,2;[65128.7, 1114, 0.8920105206580566, 1.2152927457141203, 901.9103499453104, 0.8625949441156302, 1.0004935743926293]
00236683,93260,391459,217,1;[61886, 1206, 0.88409827167143, 1.4305143674075829, 243.25219511796246, 0.9397923110539514, 0.9929323802876786]
00236683,93260,391459,217,2;[63468.649999999994, 1168, 0.8773761500382609, 1.303462920522043, 423.0964271691172, 0.9175794943361034, 0.9939989190599549]
00236683,93260,391459,217,3;[61080.08, 1002, 0.8684022285641108, 1.183091136102187, 330.8801757872058, 0.916625577751276, 0.9937478407203914]
00236683,93260,391459,218,1;[61371, 1146, 0.8861261793421696, 1.3227932692907638, 233.6975189654019, 0.9138117041258418, 0.9979592334523103]
00236683,93260,391459,218,2;[65415.49, 1146, 0.8806046328095137, 1.2456073480301915, 888.1625960645373, 0.8361238909296961, 0.9979485876116476]
00236683,93260,391459,219,3;[65165.420000000006, 1002, 0.8855295886816785, 1.201654730491485, 874.0681197302487, 0.8664653855605965, 1.0001682156524665]
00236683,93314,391804,1,1;[61200, 1184, 0.8911802629893917, 1.382171928150076, 230.7785941011806, 0.9282939375778478, 0.9964830011723329]
00236683,93314,391804,1,2;[63119.979999999996, 1172, 0.8732368986285801, 1.2855284088582624, 778.1732000879881, 0.8841258201664252, 0.9969738548578088]
00236683,93314,391804,1,3;[62554.200000000004, 1048, 0.8706816695963225, 1.2236399679595413, 396.73644698103055, 0.9037575184900603, 0.9935482467115642]
00236683,93314,391804,2,1;[60876, 1180, 0.8846231316147987, 1.3470361909588835, 237.77139752352406, 0.9341344635075844, 0.9983027082872112]
00236683,93314,391804,2,2;[63148.53999999999, 1058, 0.8865645945619125, 1.2173674482590253, 625.6957682754448, 0.8446343329217425, 1.0054568191291826]
00236683,93314,391804,2,3;[61967.840000000004, 1040, 0.8630861857690876, 1.2021879598329055, 462.1138465086889, 0.8699951446873627, 0.9957841205543386]
00236683,93331,391886,297,1;[64499, 1258, 0.8861004128455874, 1.1767130557255576, 486.22112839956037, 0.882567298345443, 0.9920557405541756]
00236683,93331,391886,297,2;[63365.119999999995, 1142, 0.8718246979181136, 1.2238753766468728, 720.7594945839151, 0.8495607612385334, 0.9981722919458998]
00236683,93331,391886,297,3;[60114.23, 962, 0.8786204077621724, 1.2399047265569842, 333.37371361298034, 0.9318307664323562, 1.000205151584226]
00236683,93341,391961,155,1;[64154, 1280, 0.8792525968196029, 1.2928483788835097, 374.536365774355, 0.935168653948244, 0.9960873210570443]
00236683,93341,391961,155,2;[62858.18, 1052, 0.8910501307441899, 1.1703169142364331, 1016.6524047850945, 0.8434156386230575, 0.9998391080909702]
00236683,93341,391961,156,3;[63548.82000000001, 1042, 0.8926078558902395, 1.1802893869861124, 792.7012788894507, 0.8845421833110562, 0.9976556618991289]
