02395479,93026,390254,244,6;[65191.450000000004, 1028, 0.8709083378714698, 0.9968533595530525, 134.24821698495464, 0.9700218691567118, 1.0040406384841802]
02395479,93026,390254,244,7;[53589.78, 954, 0.8824893229598282, 1.0366637919140365, 136.6918730194467, 0.9810004468636022, 9999]
02395479,93026,390254,245,4;[60813, 1228, 0.8848590889420588, 1.0618178787184884, 98.51460243232307, 0.9858181191397265, 0.9990553716496496]
02395479,93026,390254,246,5;[57600.759999999995, 1008, 0.8819090785465583, 0.9653013031408355, 124.37958727055477, 0.9730639656543615, 1.0029422734242261]
02395479,93026,390254,247,5;[67793.11, 1126, 0.8738024017412925, 1.0031371121400203, 158.36760657981145, 0.972746494817087, 0.9995438196333012]
02395479,93026,390254,249,4;[54762, 1098, 0.8790224959273167, 0.9741739250774418, 97.60528601930226, 0.9787544792396521, 0.9994524748138415]
02395479,93026,390254,249,7;[59630.22, 964, 0.8740165835513788, 0.9914931873980805, 153.93946254013395, 0.9716645950313663, 0.9962042303022557]
02395479,93026,390254,250,6;[66738.18000000001, 994, 0.8760109531186221, 0.9568748425455696, 150.32804097127698, 0.9615674733834363, 1.0055942034968932]
02395479,93028,390276,377,4;[55393, 1210, 0.8726116262390542, 1.007089119313779, 128.44790008501758, 0.9808255675254683, 1.0016907928643115]
02395479,93028,390276,378,5;[66980.34, 1060, 0.8746905782699864, 0.9744226619817988, 107.51595053428476, 0.9694235452458729, 1.0075811143432536]
02395479,93028,390276,378,6;[62518.58, 1062, 0.8650360485951685, 1.030573862092566, 154.73258691666703, 0.9717261840139974, 9999]
02395479,93028,390276,378,7;[62674.92, 942, 0.8805783201930734, 0.9976067546954979, 196.47853106659443, 0.9745627602698271, 1.0048816386606156]
02395479,93028,390276,380,6;[61617.12, 958, 0.8709660531896558, 0.9554211809922297, 102.08530228171266, 0.9763046716865055, 9999]
02395479,93028,390276,381,4;[66595, 1270, 0.880750617631133, 1.0542697950763147, 126.17746034044856, 0.982642761453325, 0.9740454442404873]
02395479,93028,390276,381,7;[55952.1, 864, 0.8853494205525767, 0.9897395781254016, 157.1745823805248, 0.9691598224537702, 1.0101512326496789]
02395479,93028,390276,382,5;[56357.21, 1030, 0.877134675823871, 1.0178726765866428, 116.24044486379384, 0.9723521726285964, 0.9982399747062233]
02395479,93048,390341,716,4;[57000, 1114, 0.8778924714044257, 0.9810848854734056, 97.35929986607918, 0.9790814080117551, 1.0010273701957273]
02395479,93048,390341,716,7;[52843.14, 916, 0.8853823640661703, 0.9707407123185322, 129.12860615950936, 0.9792606460095532, 0.9992766831582907]
02395479,93048,390341,717,5;[64590.82, 1028, 0.8704562037234743, 0.9575394416668523, 113.74211323387826, 0.974792368223562, 1.0077327961530964]
02395479,93048,390341,717,6;[53671.12, 932, 0.8774484643128269, 0.9881579920564307, 102.41833540300716, 0.9796907356080262, 1.0013291074532256]
02395479,93051,390364,910,5;[57262.799999999996, 1116, 0.8765359005778308, 1.044702317917332, 120.13965319376521, 0.9787713727760734, 0.995304775890955]
02395479,93051,390364,910,7;[57554.01, 872, 0.8837431397909693, 0.9880888953321953, 230.4837458476871, 0.9663802000051456, 1.0085392173948013]
02395479,93051,390364,911,4;[62754, 1230, 0.8828117641647264, 1.0406838187932153, 141.8720800571055, 0.9839048219748201, 1.0009171165854553]
02395479,93051,390364,913,6;[60969.11000000001, 968, 0.8751973369182251, 0.9939979663882866, 207.27481425606354, 0.9659778707290094, 1.001507786479431]
02395479,93057,390392,624,4;[58423, 1104, 0.8757827276036075, 1.0012482581234992, 105.93204389254319, 0.9783499498083434, 1.0047811505718462]
02395479,93057,390392,624,7;[56920.590000000004, 910, 0.8892941466509351, 1.0028374653620247, 151.06041639842582, 0.9784973385501009, 0.9997850098089275]
02395479,93057,390392,625,6;[56300.15, 1060, 0.8742884034250943, 1.065817359463098, 147.09721146993144, 0.9766674148879193, 9999]
02395479,93057,390392,626,5;[67904.97, 1052, 0.8730776576787869, 0.9540310056774728, 149.41019037172515, 0.9632575828608186, 1.006757233592096]
02395479,93057,390392,627,5;[61334.979999999996, 1030, 0.8683184863289328, 0.9931491945592332, 109.54165952187608, 0.9699791037450266, 1.004932831601318]
02395479,93057,390392,627,6;[61529.44, 960, 0.8729188794748732, 0.9822336508330695, 224.32809874113147, 0.9634914840815814, 1.005012531328321]
02395479,93057,390392,629,4;[59735, 1168, 0.8790922463581212, 1.024872833827422, 110.9561378221247, 0.9809978538684964, 1.0058175266671718]
02395479,93057,390392,630,7;[52114.86, 858, 0.8839532184271792, 0.9776677302917248, 161.28977686948545, 0.9745665915695045, 0.9979199015615386]
02395479,93057,390392,631,4;[60489, 1142, 0.8771924835448874, 0.9691792434131089, 131.1197799704425, 0.9730764358945307, 0.9997768687244328]
02395479,93057,390392,631,7;[54181.89, 898, 0.8812634340951293, 1.0215953143186791, 117.28756865251474, 0.9764268568465437, 0.9974369085173501]
02395479,93057,390392,632,5;[67307.59, 1102, 0.8687304321535297, 0.987007835830792, 195.25216149317373, 0.9628460276533052, 1.0010176360756413]
02395479,93057,390392,632,6;[62981.64000000001, 1036, 0.8791724735345646, 1.0197908665599964, 99.00983870475906, 0.9796764256157211, 1.0002393333478383]
02395479,93064,390419,1223,5;[66534.09, 1050, 0.8851532588854856, 0.9745003986534279, 132.7521687200609, 0.9698870818093521, 1.00711506592694]
02395479,93064,390419,1223,7;[53921.79, 862, 0.8848374675600802, 0.9728175891815088, 103.96109528803277, 0.973607985100548, 1.004131289532167]
02395479,93064,390419,1224,4;[57573, 1222, 0.8943796362628926, 1.1297960970234426, 106.74415023603125, 0.9853760052110303, 1.0016266668986333]
02395479,93064,390419,1224,6;[65392.840000000004, 974, 0.8848456193817236, 0.990130645365545, 187.48293220780394, 0.968151227848969, 1.0076526034684765]
02395479,93074,390487,426,4;[57019, 1146, 0.8760928078529729, 0.9665189520534495, 111.81931543905635, 0.9734715871493486, 0.9878808354340463]
02395479,93074,390487,426,5;[67537.26, 1122, 0.8675803850810588, 0.9949531663924646, 182.61242544356148, 0.9711115217835238, 0.9984694146830633]
02395479,93074,390487,426,6;[59175.780000000006, 992, 0.8718808312684984, 0.9847802136851671, 173.8240099301275, 0.9654980742985872, 0.9948064809590161]
02395479,93074,390487,427,7;[62182.26, 888, 0.8835159532223295, 0.9702241188203886, 151.58283638612517, 0.9658230452725923, 1.0107561645879706]
02395479,93093,390601,838,4;[55776, 1212, 0.8813204127590685, 1.01366690722031, 110.26298042215765, 0.9830511375285902, 0.9942245989304813]
02395479,93093,390601,839,5;[66478.16, 1112, 0.8720735326666559, 1.0079959261252538, 111.23874858686077, 0.973537606883479, 0.9994453886751946]
02395479,93093,390601,840,6;[60021.07000000001, 1062, 0.8786457192497685, 1.0443422262573547, 162.88726508473644, 0.9800417011558273, 9999]
02395479,93093,390601,841,7;[59864.31, 908, 0.8857442037745121, 0.9877326289536121, 154.140855805772, 0.9709641195930623, 1.002125806782092]
02395479,93096,390618,918,4;[56490, 1226, 0.8849865987355193, 1.040640912131323, 119.23491620567266, 0.9822938989151295, 0.9965071972904318]
02395479,93096,390618,918,6;[64325.61000000001, 1000, 0.875337297787423, 0.9781443135230932, 165.52996069939607, 0.9566170033114385, 1.004159671503577]
02395479,93096,390618,919,5;[65829.61, 1052, 0.8777988322133359, 0.9550128759419593, 94.2331971415106, 0.9739355633417512, 1.0044941575951263]
02395479,93096,390618,919,7;[54204.840000000004, 874, 0.8794938585832212, 0.9916335848165394, 106.11989891170032, 0.9764986114976318, 9999]
02395479,93096,390622,920,4;[62337, 1126, 0.8863427928962334, 0.9975306867617738, 100.88484059439412, 0.9752012911982243, 1.0037840971305272]
02395479,93096,390622,920,7;[62211.33, 946, 0.8923715508521243, 1.0006233145297803, 168.5737963534739, 0.9787522455035437, 1.0022677413788854]
02395479,93096,390622,921,5;[60498.409999999996, 1126, 0.8778499733443524, 1.068379514110264, 130.33748734384474, 0.9813454742211387, 1.0006199872066133]
02395479,93096,390622,922,6;[58538.73, 984, 0.8762767114507677, 0.9655615411978845, 108.28558353324561, 0.9725951133351013, 9999]
02395479,93096,390622,923,6;[64007.770000000004, 1062, 0.8782379738856405, 1.0007434239853512, 114.91407379440446, 0.9763261416936407, 9999]
02395479,93096,390622,924,5;[67345.67, 1118, 0.8735727055193592, 0.9968619754078419, 167.51290343789148, 0.9685928233323918, 1.00103476638159]
02395479,93096,390622,924,7;[61264.26, 938, 0.8904757952627705, 0.9824353398436598, 85.32083650631506, 0.9815856016221154, 1.0036595147383196]
02395479,93096,390622,925,4;[62297, 1224, 0.8769947085535891, 1.0137300130441238, 110.21256116267338, 0.9781834077519966, 0.9995587610008905]
02395479,93097,390628,1061,5;[61532.52, 1122, 0.8746597467868903, 1.0537551653904909, 143.4795839834686, 0.9805476950611445, 0.9995360705172813]
02395479,93097,390628,1061,7;[53914.14, 844, 0.8883169489301145, 0.9725526117606752, 91.21845996493174, 0.9804774494740862, 1.0089187293315964]
02395479,93097,390628,1062,4;[65907, 1208, 0.8865572427403232, 1.0264375777795924, 167.26978441354018, 0.9774382170685295, 1.002060162836487]
02395479,93097,390628,1062,6;[60493.72, 982, 0.8738072055851782, 0.9652408344750846, 107.22457430722994, 0.972993178568561, 9999]
02395479,93104,390682,1008,5;[66336.55, 1046, 0.8741249212818184, 0.9606419092797279, 111.96239020768986, 0.972533647684489, 1.0059822967327456]
02395479,93104,390682,1009,4;[56334, 1136, 0.8758775537980288, 0.9726194634487949, 104.10046616560193, 0.9770715937591473, 0.9931683753074231]
02395479,93104,390682,1009,6;[56350.840000000004, 978, 0.8729328762374231, 0.9847022015043496, 126.0511951354408, 0.9720814029655962, 9999]
02395479,93104,390682,1009,7;[60594.12, 936, 0.8822977960066924, 0.9882067096423641, 116.07253762565807, 0.9798758023133173, 1.0033822728366755]
02395479,93104,390682,1013,6;[61355.450000000004, 988, 0.88198375851324, 0.9659650251956398, 92.66413993532933, 0.9750356534651075, 9999]
02395479,93104,390682,1014,5;[65123.939999999995, 1042, 0.875334159950988, 0.9530846868700914, 112.69039502769337, 0.97319774289733, 1.007242442368748]
02395479,93104,390682,1014,7;[54663.840000000004, 888, 0.8841456183920654, 0.9670653049246097, 97.09558272654583, 0.97702502891835, 1.0071317829457365]
02395479,93104,390682,1015,4;[62508, 1204, 0.8961978082099618, 1.0263077620429208, 76.12922594261431, 0.9858963913342671, 1.0013937617148074]
02395479,93114,390742,2002,4;[64251, 1226, 0.882085665511776, 1.0401825799706685, 166.46453466447642, 0.9821378190304271, 0.9965489697317502]
02395479,93114,390742,2002,5;[57040.27, 1110, 0.8667046404115109, 0.9745304869798352, 136.70624897096155, 0.9741717667942524, 0.9947288687820367]
02395479,93114,390742,2002,6;[65798.36, 1030, 0.8816113131475048, 0.9970419512671195, 193.58354510692968, 0.9726746072252991, 1.0008022588274519]
02395479,93114,390742,2004,7;[55009.62, 932, 0.8874484984833197, 0.9717124107672056, 89.37531581902243, 0.9842301762140637, 9999]
02395479,93119,390775,279,6;[61326.68000000001, 1076, 0.8706519456991301, 1.0350577963896963, 195.93453730790225, 0.9756518099479242, 9999]
02395479,93119,390775,280,4;[63315, 1146, 0.8790878443216757, 1.0050787436909272, 181.3116166789989, 0.971538081690659, 1.0014947683109119]
02395479,93119,390775,280,5;[65629.69, 1048, 0.8713843634787408, 0.9641223264656291, 105.15775225430997, 0.9727544871754, 1.0072506118274465]
02395479,93119,390775,280,7;[54631.71, 900, 0.8851188935579747, 0.977529962277327, 159.75298899776845, 0.9732099435426971, 1.0016550718132855]
02395479,93136,390896,919,5;[68304.81, 1062, 0.8738140822917374, 0.969530128245373, 138.53946179274112, 0.9676518444271722, 1.0076540912522163]
02395479,93136,390896,920,4;[63707, 1274, 0.882622418417093, 1.0686618261184335, 143.87168692186822, 0.9863344884008156, 0.9444440326442268]
02395479,93136,390896,920,6;[54520.520000000004, 962, 0.8754202397741542, 0.9889397595421321, 101.03410881815907, 0.9783718696993735, 9999]
02395479,93136,390896,921,7;[61920.630000000005, 896, 0.8874368071276789, 0.9941720637927813, 163.2553392216563, 0.9714202566282307, 1.0028247887603141]
02395479,93147,390953,296,4;[60826, 1226, 0.8803588212553086, 1.0613599840811367, 155.38146578499897, 0.9828702742491517, 0.9988669020445028]
02395479,93147,390953,297,5;[67715.76, 1058, 0.874647536693744, 0.9749662770176037, 164.67450488222124, 0.968757814678971, 1.008444464135395]
02395479,93147,390953,297,6;[56237.130000000005, 976, 0.8702186542057551, 0.996018497832781, 130.61733211592792, 0.9716730771610679, 9999]
02395479,93147,390953,298,7;[58820.85, 1022, 0.8762724498342939, 1.038392407365246, 162.34721359950905, 0.9817825197715183, 1.0071254551646451]
02395479,93164,391036,175,5;[55899.06, 982, 0.8679765975884326, 0.9810725069493669, 110.05187682819631, 0.9717890475336526, 9999]
02395479,93164,391036,175,6;[65453.12, 1008, 0.8743177508356793, 0.9869075943680646, 150.3499845105871, 0.9670108651084827, 1.0026021992780996]
02395479,93164,391036,175,7;[57364.29, 884, 0.8826342031405924, 0.9675596327430696, 132.11160456587328, 0.9709593626652352, 1.00883908030513]
02395479,93164,391036,178,4;[58798, 1128, 0.8690208367490472, 1.0123100099675684, 79.0598203291589, 0.9799040825251063, 1.0040642076502733]
02395479,93164,391036,179,4;[64263, 1208, 0.8808772939979814, 1.0396278991244323, 151.88609067116283, 0.9775764239567807, 1.0024256132277816]
02395479,93164,391036,179,5;[59560.689999999995, 1012, 0.8712418218933191, 0.9827250999019231, 126.65988049699541, 0.9694389774109252, 1.0054540523709559]
02395479,93164,391036,179,7;[53577.54, 878, 0.8824915451442759, 0.9750687906024126, 104.85704027031933, 0.9749506702158773, 1.0026054341913133]
02395479,93164,391036,180,6;[65340.780000000006, 1046, 0.870913333330826, 0.9975174811982341, 217.16446309320202, 0.9663851924654854, 1.0007028881358777]
02395479,93164,391036,181,5;[63957.74, 1038, 0.8752643989083873, 0.965349100582199, 141.11706019116684, 0.9579697123184692, 1.0072433212455139]
02395479,93164,391036,181,6;[65539.43000000001, 1058, 0.8705220905915456, 1.0053981072709908, 130.77745491414277, 0.9736747961407377, 9999]
02395479,93164,391036,181,7;[59243.130000000005, 872, 0.8757967006552858, 0.9464647783798891, 101.7070415679728, 0.9747554149340463, 1.0107942308947333]
02395479,93164,391036,182,4;[56571, 1126, 0.888037107635953, 0.988767854135408, 135.4604658032101, 0.977400978115919, 0.9970742196450288]
02395479,93165,391040,266,7;[54933.12, 848, 0.885396972357621, 0.9606728124776052, 91.26182620145322, 0.978241467610949, 1.0094041243199932]
02395479,93165,391040,267,4;[66105, 1142, 0.877655061329704, 0.973647482431276, 125.76233119691031, 0.972634227430203, 1.0062945738794213]
02395479,93165,391040,267,5;[65392.88, 1048, 0.8837013128040045, 0.9802087904610677, 142.58833989450616, 0.9719195825581698, 1.0063178713351768]
02395479,93165,391040,268,6;[59292.23, 944, 0.8786476665907801, 0.9786310895565739, 104.63326294295369, 0.9767608114874753, 1.005891854830275]
02395479,93172,391080,614,4;[61171, 1186, 0.8825399412130834, 1.0562308655061698, 84.45994468791773, 0.9850591554743562, 1.0006215955375983]
02395479,93172,391080,615,5;[62113.24, 1130, 0.8677136211861912, 1.0043342736344274, 122.52037343820683, 0.9732008893056017, 1.0021792348677578]
02395479,93172,391080,615,6;[62939.170000000006, 1020, 0.8749427946672186, 0.9836902581968517, 103.22878538296627, 0.9795954640922021, 9999]
02395479,93172,391080,616,7;[61744.68, 1000, 0.8785079383935069, 0.9859087439934217, 138.0607600483091, 0.9769894230190234, 0.9994799019243629]
02395479,93174,391100,914,4;[58762, 1146, 0.8905389113283194, 1.037317883035043, 95.05851194858438, 0.9844021853821968, 1.002961332002014]
02395479,93174,391100,915,5;[62511.89, 1144, 0.8827390760908879, 1.0503905819755612, 106.1279950503096, 0.9826536987475567, 0.9985173639491342]
02395479,93174,391100,915,6;[55301.420000000006, 1062, 0.8718642738113151, 0.9707504459947821, 135.4156754043657, 0.9807734186388548, 9999]
02395479,93174,391100,915,7;[53698.41, 856, 0.8843068063024896, 0.9837640529647218, 111.86455368577593, 0.979196163604422, 1.007188670311222]
02395479,93189,391178,228,5;[61803.84, 1056, 0.8737917883577604, 1.0103730757764364, 84.33888222328827, 0.9731588325827348, 1.0033421555937638]
02395479,93189,391178,228,6;[55983.68000000001, 1064, 0.8746741554889494, 0.9730189346158347, 134.95032473909544, 0.978445469742518, 9999]
02395479,93189,391178,229,4;[65451, 1262, 0.8809486103234971, 1.0201136909804498, 118.37979171716577, 0.9788781399161769, 0.9754683517892007]
02395479,93189,391178,229,7;[60981.21, 992, 0.8788389434034982, 0.9913514904886837, 138.99693915209244, 0.9782523661886351, 1.0033228445563247]
02395479,93263,391485,465,4;[63902, 1130, 0.8753653684310151, 0.9864316801552048, 107.41472071990394, 0.972777542360309, 1.0045115145798946]
02395479,93263,391485,465,6;[56137.12, 962, 0.8769678870934237, 0.9912799908142205, 129.79405377380033, 0.9692856634160592, 9999]
02395479,93263,391485,465,7;[55913.85, 946, 0.8856126332284402, 1.0411483930642982, 184.8267218125957, 0.9762942023411677, 0.999808492011381]
02395479,93263,391485,467,5;[67511.08, 1056, 0.8742684552671925, 0.96234607746195, 124.94327405374113, 0.9638504271780637, 1.0050845956240588]
02395479,93328,391867,50,4;[60549, 1106, 0.8792019366074786, 0.9630556224931239, 86.21454268135737, 0.9810564804701835, 1.004570831294018]
02395479,93328,391867,51,5;[56198.939999999995, 1122, 0.877566013150816, 0.9779609094931808, 124.04714392965295, 0.9784330938213154, 0.9925807604195128]
02395479,93328,391867,51,6;[64550.29000000001, 1040, 0.8879276159794769, 1.022042359257148, 150.77396539274312, 0.9761488123596982, 1.0006583697914455]
02395479,93328,391867,52,7;[63241.020000000004, 942, 0.8866379926458354, 0.965981328082863, 142.20038236984982, 0.973714792973131, 1.0036300064344597]
02395479,93331,391892,269,4;[62147, 1112, 0.8846532717087854, 0.9642912393823431, 81.72118116948924, 0.981119280925683, 1.0032771535580525]
02395479,93331,391892,269,6;[64516.04000000001, 970, 0.8733517410658093, 0.9647045002525422, 100.02271371112202, 0.9737682948598102, 1.0091503267973856]
02395479,93331,391892,269,7;[52269.39, 916, 0.8793460538210193, 1.0019564888527595, 107.4736610231058, 0.9825918199468082, 9999]
02395479,93331,391892,270,5;[61937.119999999995, 1024, 0.8716037688711893, 0.9880526380298241, 113.54719492952164, 0.9691758618883395, 1.0100229956434414]
02395479,93377,392051,43,4;[64108, 1150, 0.8852253808963678, 0.9741177395458159, 133.80871305011416, 0.9742207768030021, 0.9984270117896245]
02395479,93377,392051,43,5;[68234.59999999999, 1126, 0.875559263916503, 1.0073782120537838, 180.79894680268183, 0.9691667918045609, 0.9975730477822528]
02395479,93377,392051,45,7;[55315.62, 898, 0.8904529822206239, 0.9752220241597466, 132.02412653436775, 0.9756681357209985, 1.0058704059204853]
02395479,93377,392051,46,6;[59905.990000000005, 1028, 0.8807219303330912, 1.0225350143832534, 104.59725092549368, 0.9806338266510397, 9999]
02395479,93378,392058,6,5;[68912.9, 1132, 0.8735776104239447, 1.0023486906232255, 172.29556361677083, 0.9678821205794494, 1.0016518347473384]
02395479,93378,392058,6,7;[52859.97, 960, 0.8865939346601129, 1.0085207677859376, 141.0183052747013, 0.9811243520117162, 0.9926589952448678]
02395479,93378,392058,7,4;[56306, 1114, 0.8788620641251443, 1.0132642659333395, 100.97168881939783, 0.9775355170576199, 0.9913377231592662]
02395479,93378,392058,7,6;[63484.43000000001, 1068, 0.8838710773253666, 1.03580316166661, 175.97318719392237, 0.9777272346900344, 0.9914524428469035]
02395479,93392,392134,753,4;[59453, 1162, 0.8846654015129076, 1.0450960984344482, 97.16631421663594, 0.9837293586528856, 1.001701711821]
02395479,93392,392134,754,5;[67249.28, 1136, 0.8779081844204101, 1.0153029733006935, 164.90574884316067, 0.9762684456992031, 1.0001946868197022]
02395479,93392,392134,755,6;[61245.850000000006, 960, 0.8846311673740476, 0.9896631684769337, 177.15194297919695, 0.970508357934643, 1.0038961184779314]
02395479,93392,392134,756,7;[56016.36, 990, 0.8850908795394876, 1.0528266820400816, 165.51794555635126, 0.9827529739596239, 1.002999794534621]
00023892,93026,390259,210,4;[92611, 1418, 1.0160441936584983, 0.9304499353148526, 74.45688925008452, 0.9880816605513132, 0.9949399454244644]
00023892,93026,390259,210,5;[94888.22, 1378, 1.0014205542741594, 0.9214935775142608, 74.6538927008212, 0.9898794256868059, 0.9885570473958915]
00023892,93026,390259,211,6;[95338.3, 1286, 0.9940124245760389, 0.9461625478712523, 64.84368830459766, 0.9871449405213691, 9999]
00023892,93026,390259,211,7;[92165.67, 1228, 1.025457311970587, 0.9129974662194441, 96.16186030449495, 0.9897792446865475, 0.9926669303275987]
00023892,93026,390259,212,5;[96077.03, 1324, 1.024863976416576, 0.9152186552580622, 123.85239814624725, 0.9837529135848878, 80737.0]
00023892,93026,390259,212,7;[92529.81, 1152, 1.0332821118120454, 0.9098564960488107, 124.19430960027086, 0.9869055025334524, 0.994548459508128]
00023892,93026,390259,213,4;[90619, 1400, 0.9987099010700802, 0.934555185539091, 60.12113214553628, 0.9906597384443807, 0.9921878849259573]
00023892,93026,390259,213,6;[95193.08, 1278, 0.989239541281801, 0.9351501072580485, 55.0984043912589, 0.989414745965852, 0.9943616016485876]
00023892,93026,390259,214,4;[100641, 1570, 1.0094269700037355, 0.8690844925864935, 86.1464904029383, 0.9922469789182753, 0.9511887378255384]
00023892,93026,390259,214,7;[89982.36, 1158, 1.008920090794288, 0.9329343800151616, 58.02976786039906, 0.9899631349538053, 0.9979637548360822]
00023892,93026,390259,215,5;[95573.65999999999, 1358, 1.0317974933529983, 0.933398931652862, 94.94247928936427, 0.9849689627285628, 0.9944035856672362]
00023892,93026,390259,217,6;[94154.62000000001, 1266, 0.9992145882702959, 0.9332819723681481, 71.57122887508336, 0.9858247548618859, 9999]
00023892,93049,390350,751,4;[94062, 1416, 1.0042568194395987, 0.9269790547528483, 71.87525478755839, 0.9890887467282874, 0.9971271983293227]
00023892,93049,390350,751,6;[95987.68000000001, 1284, 1.0095928404100811, 0.9253451933941378, 98.42784833501379, 0.9835381050528386, 0.994344509490864]
00023892,93049,390350,751,7;[89679.42, 1162, 1.0041294275073303, 0.9535479364809879, 46.058774457944274, 0.9917592787674725, 0.9962267999184173]
00023892,93049,390350,752,5;[96983.81, 1404, 1.0146149076499849, 0.9020451217885349, 91.74932642453085, 0.9889152050712641, 9999]
00023892,93049,390350,754,7;[90897.3, 1178, 1.0301547328590062, 0.9025702558377184, 106.2823224278836, 0.987943185325579, 0.9895317171481632]
00023892,93049,390350,755,4;[94211, 1432, 1.006878641709757, 0.9021774065487673, 67.40252514981128, 0.9898337940644919, 0.9970525825620836]
00023892,93049,390350,756,5;[96698.20999999999, 1396, 1.018777525987453, 0.9174234812121812, 92.5480158782108, 0.9880598833555087, 0.9951076740327094]
00023892,93049,390350,756,6;[95656.14000000001, 1324, 1.015869651702508, 0.9346324469381384, 72.73117350095313, 0.9913127711952096, 0.9911210475886298]
00023892,93049,390350,759,5;[96461.4, 1336, 0.9983372822599396, 0.9318084676447657, 72.49302335243128, 0.9886949927878868, 9999]
00023892,93049,390350,759,6;[95868.49, 1302, 1.014836196554872, 0.9488075913305484, 90.71000575414179, 0.9850786410477492, 0.9903199784888411]
00023892,93049,390350,760,4;[93045, 1480, 1.006407325199679, 0.9047898848903233, 81.23724104642969, 0.9897547141549994, 9999]
00023892,93049,390350,760,7;[89624.34, 1120, 0.9943237821856326, 0.9496279440033996, 43.224490146306906, 0.9927302380798315, 0.9985255137263592]
00023892,93049,390350,762,4;[93819, 1410, 1.0108942299757921, 0.929920250343206, 75.34480076131943, 0.988044022170128, 0.9959448413498795]
00023892,93049,390350,762,5;[95332.09, 1408, 0.9973485956391293, 0.9204010381176894, 58.16578114818714, 0.993176482685951, 0.9936309682540667]
00023892,93049,390350,764,6;[96163.04000000001, 1240, 1.0204081692490419, 0.9240917712752229, 120.17536190160143, 0.9837515655368135, 0.9950877889379559]
00023892,93049,390350,765,7;[90767.25, 1130, 1.0421586617828782, 0.9063415631994299, 118.69597953445579, 0.9871334237014758, 1.0017053897068755]
00023892,93049,390350,768,4;[91215, 1390, 0.9976108402478597, 0.9366020212282651, 56.67169378485127, 0.9905504434179085, 0.9933298848384199]
00023892,93049,390350,769,5;[93813.65, 1352, 0.988616800064661, 0.9505031169705055, 43.70675916526144, 0.9920036319898549, 0.9901033620938674]
00023892,93049,390350,769,6;[95650.66, 1292, 1.0269486114441029, 0.9221812211990361, 122.71199409600104, 0.9803018617699638, 0.9938080936045436]
00023892,93049,390350,769,7;[90528.57, 1160, 1.035041309645009, 0.9280734162924721, 101.90240378751751, 0.9898436454282711, 0.9946208542755803]
00023892,93049,390350,771,4;[91901, 1452, 1.007159125444201, 0.9205988503231611, 65.16109412411225, 0.9904268585308402, 0.9947879739128082]
00023892,93049,390350,772,5;[96073.45999999999, 1412, 1.015219393434655, 0.9214154617550364, 92.3423385228769, 0.9875485882731128, 0.9886239790357935]
00023892,93049,390350,772,6;[95035.53000000001, 1328, 1.0242700862042984, 0.9232330309140899, 78.05145689182541, 0.9902240643257104, 0.9895085194245733]
00023892,93049,390350,772,7;[88788.96, 1104, 1.002193144536555, 0.95969770641344, 38.50327567234768, 0.993428979803523, 1.0019077544607788]
00023892,93099,390646,1221,5;[95635.54, 1418, 1.0372388954291334, 0.935841814106927, 102.41278517603428, 0.9855194395582108, 0.9922402138416806]
00023892,93099,390646,1221,6;[95230.07, 1274, 1.001310780568388, 0.9198100533614311, 78.59980425153626, 0.9854962731299645, 0.9925888904755105]
00023892,93099,390646,1222,4;[92322, 1452, 1.0113961915944594, 0.9421933268817028, 52.99737420294115, 0.9914403680781673, 0.9929605868149478]
00023892,93099,390646,1223,7;[89509.59, 1138, 1.0006021162367051, 0.9296266317835783, 61.928812509567464, 0.9899567467918391, 0.9939516471567644]
00023892,93103,390673,1488,5;[95532.01, 1306, 1.0060955150168478, 0.9385535335721296, 66.80304338640703, 0.9885006793800635, 0.993957928361831]
00023892,93103,390673,1489,4;[91819, 1466, 1.0018152164294294, 0.9341657548321475, 59.9862703233153, 0.9889055273284264, 0.9856583114164564]
00023892,93103,390673,1489,6;[95828.76000000001, 1226, 1.0084831232773173, 0.9253014906927638, 67.09499560769929, 0.9873162877627496, 1.00068669527897]
00023892,93103,390673,1489,7;[88876.17, 1156, 1.0087983776590537, 0.9597142492090539, 47.9361102788234, 0.9931076681282629, 0.9982814621320181]
00023892,93103,390673,1490,4;[91274, 1462, 1.0099605603744155, 0.937923466539687, 53.41856985370234, 0.9905429427294747, 0.9928695358943538]
00023892,93103,390673,1490,5;[93906.47, 1362, 1.0004038151476906, 0.9427182079644918, 57.953135530105115, 0.989556670975227, 0.9886864789014734]
00023892,93103,390673,1492,7;[92464.02, 1178, 1.035647198939995, 0.9351479860427844, 117.39706896763154, 0.9849955983351689, 1.0001737734490719]
00023892,93103,390673,1493,6;[93338.1, 1322, 1.0022901991384694, 0.9249347221997005, 66.91939063892441, 0.9907752064175155, 9999]
00023892,93103,390673,1494,4;[91320, 1462, 1.0217962247786585, 0.9272983370317596, 61.40222008598016, 0.9892803315640634, 0.9935914872319359]
00023892,93103,390673,1494,7;[89778.87, 1182, 1.0102114628778205, 0.9511744008209252, 46.24757529179707, 0.9906650473507022, 0.998604516601147]
00023892,93103,390673,1496,5;[93285.29, 1362, 0.996304254460408, 0.9385897092657679, 59.795412907966465, 0.9883746670518907, 0.9870808517068134]
00023892,93103,390673,1496,6;[94283.40000000001, 1262, 1.00217509573467, 0.9351515004450848, 62.31275769802199, 0.9883873661257767, 0.9949256191178384]
00023892,93103,390673,1499,4;[94112, 1442, 1.0193794238569454, 0.9036019728833273, 92.12450540670405, 0.9876490056084498, 1.0002922904410396]
00023892,93103,390673,1499,5;[93898.14, 1370, 0.9979011461486544, 0.9379102657752916, 60.872233255583666, 0.9882958289075674, 0.9883820701835696]
00023892,93103,390673,1499,6;[95647.92000000001, 1230, 1.0362822863071601, 0.9209082126294333, 115.44782661389189, 0.984836169841508, 0.9997923543437324]
00023892,93103,390673,1499,7;[90392.40000000001, 1134, 1.0056394446099965, 0.9483205961695961, 56.939292746957456, 0.9908745803188536, 0.9978044249282216]
00023892,93122,390798,1587,7;[91982.07, 1154, 1.0379962988063904, 0.8916649083881645, 128.40748904993342, 0.9851392062934953, 0.9963043982632329]
00023892,93122,390798,1588,4;[93263, 1522, 1.0343964971033042, 0.8955177928323427, 127.94601037636897, 0.9835429404401321, 0.988856373391013]
00023892,93122,390798,1588,6;[95538.32, 1272, 1.0201171341477493, 0.9223674107111368, 100.79638914329955, 0.985300069309392, 0.9949919385906089]
00023892,93122,390798,1589,5;[95398.73, 1308, 0.9885708159313844, 0.9248256724876545, 55.141382330355995, 0.9892162139147407, 0.9962965264400672]
00023892,93122,390798,1590,7;[90756.54000000001, 1204, 1.018194813626583, 0.9238754637144159, 90.56640042849686, 0.9892491374704253, 0.9929443667924908]
00023892,93122,390798,1591,4;[93569, 1528, 1.0176960207921453, 0.8915479811843451, 96.01364109273158, 0.988751462634787, 9849.368421052632]
00023892,93122,390798,1591,5;[97058.78, 1316, 1.0160888672198856, 0.9215252797697663, 102.39654337509684, 0.9856148344480832, 0.9967249175119149]
00023892,93122,390798,1591,6;[95989.05, 1294, 1.0159165572837912, 0.9608101894501084, 85.3547151298866, 0.9832085055716978, 0.9944998403179447]
00023892,93139,390920,17,4;[94506, 1500, 1.027088527191362, 0.8794523808120088, 114.86559109061153, 0.9863131026907964, 0.9932369586808129]
00023892,93139,390920,17,5;[97151.59999999999, 1388, 1.0106539310008886, 0.8995172322902854, 88.3860307557242, 0.9889091210211214, 0.9973063931932984]
00023892,93139,390920,18,6;[93028.48000000001, 1260, 0.9926002311185911, 0.9162809410379069, 61.16660810306882, 0.9898389576729316, 0.9968876622232662]
00023892,93139,390920,18,7;[91411.38, 1134, 1.0992383902203307, 0.9192570864558904, 118.61364803335186, 0.9865231889030311, 0.9962980256136607]
00023892,93139,390920,19,4;[91516, 1450, 1.0078401798707501, 0.9274654317894875, 52.99583780040853, 0.9916924179574511, 0.9933193316075393]
00023892,93139,390920,19,5;[92553.44, 1288, 0.9941966294147649, 0.9399912651471408, 48.34401312728484, 0.9927536248094876, 0.9988890672660138]
00023892,93139,390920,19,6;[93509.35, 1212, 1.0023493463701187, 0.9393343284079632, 79.65025329383224, 0.9861169022764733, 0.9954061542948811]
00023892,93139,390920,19,7;[93131.1, 1150, 1.0367814326425413, 0.9034313358402737, 119.52672608978803, 0.9866625731434625, 0.9981633924764685]
00023892,93166,391047,301,4;[102526, 1548, 1.0169194178602992, 0.8777736446207596, 90.59786947818188, 0.9920086285155629, 0.9509393361807903]
00023892,93166,391047,302,5;[98361.83, 1412, 1.0000255947938408, 0.9186079384304046, 83.7879406486509, 0.989548586960397, 0.9902896336897595]
00023892,93166,391047,302,6;[96856.26000000001, 1332, 1.025932231875349, 0.9372100927300585, 96.82421065866093, 0.9893235990225459, 0.9920159400564076]
00023892,93166,391047,302,7;[89636.58, 1116, 1.0002456059630038, 0.9334403432675832, 53.866882251709995, 0.9917594057692131, 0.9887765607331522]
00023892,93166,391047,304,4;[93210, 1474, 1.0072942934122837, 0.8949077592480458, 64.91588183997156, 0.9915019402402596, 0.9885774284896115]
00023892,93166,391047,304,5;[98044.09999999999, 1414, 1.0097857147329659, 0.9330331600770386, 79.8704445912493, 0.9902966082833385, 9999]
00023892,93166,391047,304,6;[96146.6, 1338, 1.0135963825545302, 0.9279488245460283, 70.15376689179699, 0.9915276780806666, 9999]
00023892,93166,391047,306,7;[91706.67, 1198, 1.0265517488271827, 0.9105202322739891, 108.71568258820389, 0.988825646452968, 0.9910630874924561]
00023892,93166,391047,307,4;[94598, 1538, 1.0579995180405166, 0.9287852761001495, 133.8856277141715, 0.9843835297765637, 0.9955326370070247]
00023892,93166,391047,307,5;[98700.98, 1422, 1.0012072743528282, 0.9337293742777901, 76.05651287313088, 0.9908686337529213, 9999]
00023892,93166,391047,307,7;[92809.8, 1208, 1.0218386772767731, 0.9280973687932741, 101.16117528722921, 0.9889602373807543, 0.9956013655462185]
00023892,93166,391047,308,6;[95457.49, 1314, 1.0110277868295992, 0.9237065064668254, 86.05835334072907, 0.9894916578043099, 9999]
00023892,93166,391047,309,5;[98240.45, 1320, 1.0110499269454292, 0.9342055335468392, 83.12772060305193, 0.9881753350248276, 1.0001272041141445]
00023892,93166,391047,309,6;[95802.73000000001, 1258, 0.9954649007721109, 0.95088598087129, 51.35024929924335, 0.9913813996686319, 9999]
00023892,93166,391047,310,7;[92852.64, 1174, 1.0364615348407051, 0.9218120312042933, 113.10243558424547, 0.9879807126376885, 0.9966252555691494]
00023892,93166,391047,311,4;[94312, 1548, 1.0183315127580725, 0.8784015566832107, 87.01246476361891, 0.9910134523103105, 0.9924810447611981]
00023892,93166,391047,312,5;[97339.62, 1418, 1.0078214353836703, 0.9133770726019503, 80.56817309501915, 0.9900963734879676, 0.9897872752353525]
00023892,93166,391047,312,7;[90403.11, 1176, 1.0103433459216362, 0.9384740993298968, 65.00694614521767, 0.9876306688220488, 0.9922750096562379]
00023892,93166,391047,314,4;[94416, 1518, 1.0347146739199957, 0.8917116248877807, 112.8082196363341, 0.9873504709501475, 0.9903135636331216]
00023892,93166,391047,314,6;[93869.66, 1220, 0.9905679278510596, 0.9477478851446883, 37.3871021726515, 0.9935111789189628, 9999]
00023892,93166,391047,315,7;[90819.27, 1176, 1.004813273122673, 0.938296692969693, 58.33190132242037, 0.9882988391895713, 0.9961903802906723]
00023892,93166,391047,316,4;[91221, 1450, 0.9943388596203271, 0.9389536448875085, 42.51792120787346, 0.9927696618710962, 0.989279846436647]
00023892,93166,391047,316,5;[95551.05, 1380, 0.9950794567764044, 0.9521981225145483, 50.39466035948726, 0.9909775413690899, 9999]
00023892,93166,391047,316,6;[95547.91, 1242, 1.021758306850226, 0.9386996652158704, 103.50965344886869, 0.9872397165584255, 9999]
00023892,93265,391506,609,4;[91999, 1462, 1.028048929718139, 0.8979910050086684, 60.49414841799921, 0.9919458494124359, 0.9949387349000184]
00023892,93265,391506,609,5;[96956.44, 1412, 1.0077934810706421, 0.9235989152688951, 77.05094333947079, 0.9894107889801897, 0.9929135057733907]
00023892,93265,391506,609,6;[95946.58, 1270, 1.0044063503258838, 0.9366693963450596, 74.60965059876266, 0.9852408421841474, 0.9908602150537634]
00023892,93265,391506,609,7;[91344.06, 1172, 1.0147838907858038, 0.9450277097540786, 62.320860603145725, 0.9908167582567575, 0.9970024130992042]
00023892,93265,391506,612,4;[95513, 1428, 1.0275237814770013, 0.9016657179967023, 102.92813879812388, 0.986274785337804, 9999]
00023892,93265,391506,612,5;[95004.84, 1362, 0.9989822874056014, 0.9367027109244497, 61.232871275401926, 0.9905141888729317, 9999]
00023892,93265,391506,613,6;[96428.82, 1306, 1.0088462943925212, 0.9416517332407627, 80.98045716336975, 0.9850472693518587, 0.9933528091790508]
00023892,93265,391506,613,7;[92444.13, 1200, 1.0100144932988766, 0.949000364063337, 52.88544641718459, 0.9901442151916354, 0.99741653254096]
00023892,93329,391882,100,4;[89571, 1422, 1.0045582111703892, 0.9290272908080096, 60.71404661951753, 0.9907467227995309, 9999]
00023892,93329,391882,100,5;[95760.48999999999, 1314, 1.0014968410566154, 0.936113277778983, 56.5333923728097, 0.9907405139511056, 0.9980465964268218]
00023892,93329,391882,100,6;[94291.62000000001, 1210, 1.024545287603457, 0.9415175936224898, 59.86855743290816, 0.9896300416328353, 0.9955304838359731]
00023892,93329,391882,87,4;[93975, 1432, 1.0542621991475085, 0.937250671089021, 127.8290403740921, 0.9808000576079602, 0.9951605388004067]
00023892,93329,391882,87,7;[90520.92, 1216, 1.0177249937146682, 0.9035621449918402, 88.75576615342364, 0.9899445168075792, 0.9937266428721394]
00023892,93329,391882,88,5;[96428.08, 1404, 1.0335262988751228, 0.8978843140250746, 91.74747174569461, 0.9892755137217717, 0.9929601195983163]
00023892,93329,391882,88,6;[94128.59000000001, 1316, 1.0139176929802318, 0.9300961545383143, 74.13954408942635, 0.9913920528363622, 0.9894298757218358]
00023892,93329,391882,89,4;[90340, 1462, 0.9992471247785927, 0.923929209970205, 53.4210124926135, 0.9932997432187544, 9999]
00023892,93329,391882,89,6;[93747.73000000001, 1214, 0.9869406422525822, 0.950546662362923, 44.11838568046918, 0.9918175876924784, 9999]
00023892,93329,391882,89,7;[90146.07, 1198, 1.0126167312801755, 0.9488160400742294, 60.89317278153263, 0.988622837051628, 0.9931396015237839]
00023892,93329,391882,91,5;[95733.12, 1388, 1.0316382401039235, 0.9219545454312119, 111.19090413657985, 0.9847225156643902, 0.9941056533827618]
00023892,93329,391882,92,7;[89391.78, 1170, 1.0083598952507489, 0.9342592665815368, 51.915145162539226, 0.9904787665742328, 1.0000941450347052]
00023892,93329,391882,93,4;[91331, 1476, 1.0014136410916312, 0.9405193308432228, 46.83841102765158, 0.991499951610125, 0.9871753992487907]
00023892,93329,391882,93,5;[97333.67, 1416, 1.014740878442954, 0.9100369538380206, 74.98227703411273, 0.9912652801637288, 0.991766902706373]
00023892,93329,391882,93,6;[93605.25000000001, 1284, 0.9952295652710265, 0.9508319718051121, 50.92459886212178, 0.9906761857161073, 0.9918273139008246]
00023892,93329,391882,94,4;[92049, 1408, 1.0020414953763794, 0.9373424113668644, 53.1206588318205, 0.9917052245476408, 0.9953556772655265]
00023892,93329,391882,94,6;[91184.46, 1278, 0.9905011186332193, 0.9574260426265674, 40.4477583640621, 0.9938509010756, 9999]
00023892,93329,391882,94,7;[88614.54000000001, 1120, 1.0080886344489455, 0.9458098021265873, 56.90489988855238, 0.9897498296482681, 0.9920523449008256]
00023892,93329,391882,95,5;[96097.26, 1410, 1.0255900156079332, 0.9229424239876988, 78.84552100567834, 0.9883951510666669, 0.9949975357318877]
00023892,93329,391882,96,4;[90482, 1484, 1.0380860129272493, 0.925552849118763, 91.52271673997085, 0.9880054327532354, 0.9865131543082677]
00023892,93329,391882,96,7;[89244.90000000001, 1126, 0.9999886117592707, 0.947523726902524, 42.23684611748487, 0.9922659463300263, 0.9999142881631954]
00023892,93329,391882,97,6;[95323.23000000001, 1308, 1.0232360116328916, 0.9262526559365262, 114.31092452407493, 0.985070710337425, 0.9939573155052713]
00023892,93329,391882,98,5;[91312.26999999999, 1274, 0.9910956433572836, 0.9499125007788416, 40.481912020727336, 0.9931181500295134, 1.0025805018586147]
00023892,93329,391882,99,7;[91140.57, 1116, 1.040458220622072, 0.9168459149710392, 128.2515023403644, 0.9853835087709369, 0.9977889817590995]
00023892,93377,392048,10,6;[93998.44, 1270, 0.9919158486756011, 0.9298485050003288, 44.31097966349902, 0.9937217962071911, 3049.4222222222224]
00023892,93377,392048,3,5;[95604.59999999999, 1380, 0.9987641833365667, 0.9393509332390785, 64.83692702540026, 0.9879231311757988, 0.9854283191050928]
00023892,93377,392048,4,4;[94389, 1520, 1.0481839465197085, 0.8982303279844803, 146.38223343478478, 0.982646624664452, 0.9880923094638661]
00023892,93377,392048,4,6;[97017.92000000001, 1286, 1.0372960980095842, 0.9264170716955258, 123.47793040094903, 0.9807739478566936, 9999]
00023892,93377,392048,4,7;[92407.41, 1130, 1.0595645127019166, 0.9293841207882982, 170.5528109892539, 0.9818613008641736, 1.0012350283890754]
00023892,93377,392048,5,4;[93685, 1540, 1.0178861300818915, 0.9003955185041129, 93.95097312123575, 0.9899993008943256, 0.9824761944712446]
00023892,93377,392048,5,5;[95059.58, 1386, 0.9975705251686652, 0.9409213671685013, 54.60727821811455, 0.9905677231515972, 0.9902072590241967]
00023892,93377,392048,6,7;[93124.98, 1220, 1.0286517745050106, 0.8914510733339396, 118.29712978430149, 0.9879625097852601, 0.9942744194784086]
00023892,93377,392048,7,6;[96321.96, 1342, 1.0423455405613293, 0.9067963071804969, 124.40247179752821, 0.9854195786207434, 0.9907977621510408]
00023892,93377,392048,8,7;[92243.7, 1196, 1.022623329814651, 0.9085152390334844, 110.36142061975514, 0.988371274204613, 0.9908458921557349]
00023892,93377,392048,9,4;[90811, 1438, 1.0060688654956351, 0.9294232637887027, 47.099345259638056, 0.9922297516712043, 0.9900300352682733]
00023892,93377,392048,9,5;[96201.98, 1422, 1.0014563841948065, 0.9143044300938822, 83.43824513862316, 0.9901791203282161, 0.9884999847155566]
00232831,93048,390346,740,4;[35082, 810, 1.110118467398255, 0.8966855239029898, 134.18906409827164, 0.9876291909512697, 1.0005276141856916]
00232831,93048,390346,740,5;[25167.309999999998, 648, 1.0308960832661387, 0.8879570816736921, 117.23466094793315, 0.9888341570667823, 1.0003310945038313]
00232831,93048,390346,740,6;[22536.5, 606, 1.0391528243866734, 0.824357386384196, 182.40214907985984, 0.9843334946268884, 1.0071634114981938]
00232831,93048,390346,740,7;[21066.57, 590, 1.0416557842090612, 0.9831097479360884, 170.9634159678804, 0.9811382585239776, 0.9690678115212725]
00232831,93048,390346,741,4;[28871, 746, 1.0373770182720765, 0.9125091797107592, 116.13176337041497, 0.9873059201901159, 1.0026219374555052]
00232831,93048,390346,741,5;[22429.12, 646, 1.022432709207157, 0.9307601111103152, 99.87645004906751, 0.9889462668987054, 1.0019403024745501]
00232831,93048,390346,741,6;[46514.240000000005, 796, 1.0340157862247972, 0.904794146472427, 161.35521825907256, 0.9769230746426791, 1.0051512818994612]
00232831,93048,390346,741,7;[44285.85, 744, 1.0340716011761808, 0.9026326660406435, 182.78410149848776, 0.9711730771859813, 1.005540984176061]
00232831,93048,390346,742,4;[28052, 740, 1.04299650260232, 0.9070084930873028, 122.16892731425881, 0.9871237504361219, 1.002501608176685]
00232831,93048,390346,742,5;[23646.489999999998, 638, 1.1561183811637026, 0.8916441037356454, 123.51226238454453, 0.9887082676972383, 1.0009822935294561]
00232831,93048,390346,742,6;[21078.820000000003, 628, 1.0015966574873403, 1.0055593804871725, 166.8629429002772, 0.982511556557207, 0.9676425269645609]
00232831,93048,390346,742,7;[18871.02, 562, 1.0189061130967212, 0.976170767925859, 131.51430344520077, 0.9736960140301792, 9999]
00232831,93147,390953,359,4;[32253, 784, 1.0343004054696603, 0.8733069936912597, 121.68613148623795, 0.9864116847929475, 0.9878709914545621]
00232831,93147,390953,359,5;[24794.84, 664, 1.0254624170033975, 0.9140017662739477, 115.93286643123287, 0.9881370400681683, 0.9700863654352027]
00232831,93147,390953,359,6;[23006.410000000003, 614, 1.0403542808348494, 0.7936519094810963, 184.9575810242322, 0.9853119038163055, 1.008255531205908]
00232831,93147,390953,359,7;[20399.49, 564, 1.0458344217317095, 0.9409468662590371, 180.0647062832945, 0.9792957967533832, 0.9650754587238971]
00232831,93165,391039,287,4;[23394, 714, 1.2136543660350467, 0.9280534807133994, 112.3622224993563, 0.9903054674567623, 0.9560277891295463]
00232831,93165,391039,287,5;[24147.48, 646, 1.0332144400492245, 0.9158190088170706, 105.50733593276681, 0.9905545724431756, 0.9994828223125231]
00232831,93165,391039,287,6;[33862.29, 678, 1.0311656565237077, 0.8961369292882885, 141.27214363359673, 0.9854905617143696, 1.003491535057448]
00232831,93165,391039,288,7;[20056.77, 560, 1.0448503370804862, 0.9272743693977548, 161.53289071593332, 0.982623862552773, 0.9656010606953447]
00232831,93165,391039,289,4;[23200, 714, 1.189700136586915, 0.9064488667465209, 106.56234521553166, 0.9903023312895308, 0.9370519215622918]
00232831,93165,391039,289,5;[36746.009999999995, 758, 1.0259681186592275, 0.8915597452783944, 126.36710395155372, 0.9863401900132293, 1.0031674869645728]
00232831,93165,391039,289,6;[22873.52, 618, 1.0290266120131455, 0.9896478693489018, 157.558959389034, 0.982821445818884, 1.0051473465579002]
00232831,93165,391039,289,7;[36810.270000000004, 662, 1.0442348109050101, 0.9157670040874, 159.8359997677306, 0.9822413565909158, 1.005874114179401]
00232831,93165,391039,290,4;[23485, 714, 1.1872933385413627, 0.9074692571034201, 114.35458041635866, 0.9894512536845533, 0.9384990409207161]
00232831,93165,391039,290,5;[48349.7, 880, 1.0222865126792062, 0.9044540200988487, 137.4322682908964, 0.9757264129574317, 1.0044623542936253]
00232831,93165,391039,290,6;[23013.260000000002, 632, 1.0323677805875555, 0.9208586490912266, 166.79623968036157, 0.9849014235217006, 0.9991672614798953]
00232831,93165,391039,290,7;[21817.8, 532, 1.211903594443001, 0.9239900944033436, 138.42233873468047, 0.9877885420707321, 1.006138432230297]
00232831,93328,391868,72,4;[22958, 686, 1.0413219567369838, 0.9258248875222747, 102.56876915992719, 0.9911504612884058, 0.9991513437057992]
00232831,93328,391868,72,5;[42099.82, 806, 1.0278789267966615, 0.8970566500260518, 135.1654690628665, 0.9845823003453007, 1.005585321831076]
00232831,93328,391868,72,6;[17820.960000000003, 552, 1.0163830549444937, 0.9838034127294123, 129.9790301133918, 0.9727344142869735, 1.0115872151800296]
00232831,93328,391868,72,7;[45021.78, 748, 1.042958758987957, 0.9011252152084682, 179.7697462518521, 0.9768465051626142, 1.005742019276779]
00232831,93328,391868,73,4;[38456, 848, 1.0338209932300544, 0.905944915256667, 116.8870415367547, 0.9862689502952457, 1.0030648043089845]
00232831,93328,391868,73,5;[35375.13, 740, 1.026320626420711, 0.9120296052473232, 121.22238275340372, 0.9859347958257803, 1.0052244483895512]
00232831,93328,391868,73,6;[48025.350000000006, 818, 1.0257304557707312, 0.9140755452622588, 155.7383419816853, 0.9782402186933676, 1.004945173081058]
00232831,93328,391868,73,7;[33623.28, 632, 1.044123190263545, 0.9299201361780877, 150.47844275182408, 0.9832834857529154, 1.0065497183163101]
00232831,93328,391868,74,4;[38410, 846, 1.0331855695467584, 0.9075748213649732, 117.10155289949085, 0.9862500653403574, 1.0029375285593054]
00232831,93328,391868,74,5;[48271.159999999996, 878, 1.0265632083108553, 0.920622989854916, 128.97499551410644, 0.9797151920577304, 1.0053035935563817]
00232831,93328,391868,74,6;[18079.890000000003, 584, 1.0084415135616849, 0.8708058675287387, 164.25316419321092, 0.9622110090676279, 0.9971288250850019]
00232831,93328,391868,74,7;[32327.37, 622, 1.0391315661943086, 0.9198033935038462, 150.6383217291742, 0.9843142006584313, 1.0051377194234337]
00023698,93080,390528,134,4;[50730, 1068, 1.0195976013283141, 0.9416815472712002, 106.73840478038007, 0.9824062191657561, 0.9948424293530485]
00023698,93080,390528,134,5;[32137.14, 722, 1.0078854189891433, 1.013414209980644, 116.63098906489452, 0.9895434332199322, 0.9812513625463266]
00023698,93080,390528,134,6;[38668.25, 748, 1.0119806230852137, 0.8016064169445177, 114.47467328846068, 0.9890644631038052, 9999]
00023698,93080,390528,135,7;[38513.16, 688, 1.0083897586046573, 1.0117389089138091, 162.42444615493253, 0.9858130161766707, 9999]
00023698,93244,391403,53,4;[51195, 1022, 1.0156213303600359, 0.8120712758459384, 144.89464082346188, 0.9865749572742271, 0.9854762798486992]
00023698,93244,391403,53,5;[39153.38, 806, 1.0102162086185273, 0.8219264752022125, 107.96273207170495, 0.9890131537606472, 0.9936278802887084]
00023698,93244,391403,54,7;[40517.46, 702, 1.0207061917706963, 1.0193027392126506, 179.45160421442154, 0.9815379085237981, 1.0024605367755612]
00023698,93244,391403,55,6;[32312.820000000003, 714, 1.0456990845119167, 0.9394046339370987, 200.55027481560595, 0.9796784384215971, 0.999639746551103]
00441627,93067,390432,65,6;[21472.010000000002, 544, 1.2071747550462895, 0.7669454718363042, 296.42536616290715, 0.7847001280608507, 1.0052594445513436]
00441627,93067,390432,65,7;[16773.39, 448, 1.253618130917735, 0.6973485200506362, 523.0019403456191, 0.7855477682179377, 1.0095308255444542]
00441627,93067,390432,66,4;[10210, 490, 1.205591451736173, 0.6863116563155766, 613.2121337405814, 0.8722998402899627, 0.9194470710072493]
00441627,93067,390432,67,5;[16268.49, 512, 1.220647196279767, 0.7046617065922521, 462.8704074907715, 0.8445627125533454, 0.9832775919732442]
00441627,93067,390432,68,4;[11907, 494, 1.2003262112026345, 0.7715832962863078, 531.6485128296621, 0.8717618975734283, 0.9621429437194456]
00441627,93067,390432,68,7;[8421.12, 332, 1.2311721329364465, 0.7263238471111474, 701.494559475333, 0.8791896922543819, 1.0088901108972597]
00441627,93264,391493,588,5;[20519.17, 566, 1.20625089539276, 0.7685909233089576, 315.5605880943431, 0.8317790326969933, 1.0058332847226272]
00441627,93264,391493,588,6;[18714.2, 500, 1.2130593104670668, 0.7637348278576689, 363.8229627501239, 0.8491944895920966, 1.0074860788435298]
00441627,93264,391493,589,4;[21379, 642, 1.222860004437008, 0.7367409312527542, 305.88289777479906, 0.8018732641457108, 1.0009363734257222]
00441627,93264,391493,590,5;[16612.399999999998, 508, 1.1964813574751163, 0.7937685632171995, 375.2812841427674, 0.8581445608296557, 1.005256714913228]
00441627,93264,391493,590,6;[9288.6, 376, 1.2316310760066829, 0.7078850170173268, 667.4897806596281, 0.8670318738668767, 1.0028102351723118]
00441627,93264,391493,590,7;[12282.84, 382, 1.1826867670833479, 0.7999119505441685, 387.72390592826093, 0.8875514854945041, 1.009938357026041]
00441627,93264,391493,591,4;[11012, 470, 1.193098058381541, 0.7475751573775226, 527.8687510951271, 0.8825552290357994, 0.9964258245487038]
00441627,93264,391493,592,4;[21566, 638, 1.2334162978246925, 0.7378921132659273, 367.5501605580817, 0.7903441127274271, 1.0021375464684015]
00441627,93264,391493,592,5;[20156.219999999998, 562, 1.203713359679201, 0.7846317304791915, 313.73463012416363, 0.8368775280740046, 1.0055806221800048]
00441627,93264,391493,592,6;[21159.65, 542, 1.2236697404115686, 0.7517249901352401, 314.38375842433857, 0.7571266939806515, 1.007304506619709]
00441627,93264,391493,594,7;[8350.74, 328, 1.223572353799153, 0.7204655936361108, 657.8691777124549, 0.8679768549362092, 1.0058048465861973]
00441627,93264,391493,595,6;[12464.26, 412, 1.2003801191039778, 0.7494402772998116, 518.779684832739, 0.8685443501401033, 1.0085356390644054]
00441627,93264,391493,595,7;[17913.24, 476, 1.234135554242224, 0.7230504643351645, 478.3657405746895, 0.6958753383818995, 1.0044612216884008]
00441627,93264,391493,596,4;[11219, 508, 1.2305094763677218, 0.6714866924176794, 605.7120413973133, 0.8650759920385281, 0.9012692802056556]
00441627,93264,391493,597,4;[16763, 554, 1.2381928499368817, 0.7049775672859457, 464.3131905671902, 0.8376756323112875, 0.9956049177406902]
00441627,93264,391493,597,6;[16138.6, 466, 1.2405600873349107, 0.7125649233782062, 511.9105039766774, 0.8332037135799918, 1.0062785631913893]
00441627,93264,391493,597,7;[16254.720000000001, 444, 1.2077508556362362, 0.7474599477139451, 388.7097550299453, 0.8432176119123432, 1.010125980508676]
00441627,93264,391493,598,6;[20904.83, 538, 1.228930547722823, 0.7107618040554585, 404.3079847094639, 0.7639951155568417, 1.0037825214616978]
00441627,93264,391493,599,4;[21075, 628, 1.2339627963739415, 0.6957756061847777, 428.3759556261045, 0.7821500322703572, 1.0026881080952494]
00441627,93264,391493,599,6;[18278.54, 496, 1.2417901616914273, 0.7014603540815798, 492.52759945321515, 0.8148213773926527, 1.0078942398489141]
00441627,93264,391493,601,6;[17897.68, 488, 1.2262171756865832, 0.7353354373699604, 428.58509720415935, 0.8294448048949816, 1.0083359061438715]
00441627,93264,391493,601,7;[16462.8, 446, 1.239242479305792, 0.7171955844473522, 490.42480472355714, 0.778000400107347, 1.0082458770614693]
00441627,93264,391493,602,6;[9285.86, 374, 1.2377602435906125, 0.6997581433261124, 713.459030433227, 0.8548786717681439, 1.0055633855055264]
00441627,93384,392076,320,4;[12344, 490, 1.1995487910336806, 0.7591096098133624, 513.2954542998216, 0.8662362257216014, 1.0004863024801427]
00441627,93384,392076,320,5;[20861.89, 574, 1.2111621840400428, 0.7582921315696813, 363.1884696510415, 0.8293217739685587, 1.0060832137733142]
00441627,93384,392076,320,7;[14005.62, 410, 1.2263482310292348, 0.7426608622195343, 522.0529734673636, 0.8269586639430007, 1.0075394859941664]
00441627,93384,392076,321,6;[9516.02, 402, 1.2459258908049446, 0.6729735331185407, 996.7609703993207, 0.8711938871840158, 1.0025981524249423]
00441627,93384,392076,322,4;[15087, 530, 1.227825643299695, 0.670241727937023, 463.9224341976033, 0.8457291965189534, 0.9826743958835407]
00441627,93384,392076,322,5;[14786.939999999999, 478, 1.2168679137909466, 0.6908034952506068, 421.88523733231057, 0.8408142823537349, 1.0021371829509254]
00441627,93384,392076,322,6;[9057.070000000002, 424, 1.4980199071231, 0.7611337057784305, 1635.2590209349778, 0.8533617294763073, 0.9801334321719792]
00441627,93384,392076,322,7;[15986.970000000001, 440, 1.2458601080494724, 0.7311456583295168, 551.6198462274316, 0.8090290400380505, 1.0078125]
