02310066,93051,390358,627,1;[44472, 1082, 0.7546808785767308, 1.444088155770292, 1402.8649859428767, 0.7450448912713598, 0.9841441959790654]
02310066,93051,390358,627,2;[44714.25, 992, 0.7246785470899074, 1.5771038756073863, 1975.4544858743461, 0.6933395207817821, 0.9938504265026781]
02310066,93051,390358,627,3;[44022.21000000001, 888, 0.7823913046173296, 1.418399057832579, 1157.568806569129, 0.7932743402327974, 9999]
02310066,93062,390399,734,1;[43785, 1032, 0.825136186753764, 1.4434603194329718, 218.48531843172302, 0.9770471252033865, 9999]
02310066,93062,390399,734,2;[43718.22, 954, 0.7549315220927544, 1.5474978834402893, 1916.6604802774186, 0.863138498528479, 9999]
02310066,93062,390399,734,3;[44235.93, 916, 0.7545524646026838, 1.4288236196250692, 1593.613107195903, 0.7015193808740173, 9999]
02310066,93062,390402,733,1;[43397, 1024, 0.8275892575231469, 1.4069510271861931, 909.0428874920973, 0.7680254993855496, 0.9896580426677005]
02310066,93062,390402,733,2;[44258.479999999996, 974, 0.8268986524242314, 1.4312450887988029, 696.1243356145203, 0.9290582285272676, 9999]
02310066,93062,390402,733,3;[43375.57000000001, 874, 0.7616553125613023, 1.4364892264078915, 1080.7865994773872, 0.6700643074686461, 4870.923076923077]
02310066,93067,390434,42,1;[44496, 984, 0.8010785430345471, 1.6367369719946863, 1154.1123043183286, 0.9256286987735716, 9999]
02310066,93067,390434,42,3;[45038.75, 904, 0.789888450053812, 1.4421241575810941, 1201.2718586625583, 0.7825497502047837, 0.9922581229343675]
02310066,93067,390434,43,2;[44669.03, 916, 0.6958675772747586, 1.646898132095379, 1817.0158698891662, 0.8600152589534708, 9999]
02310066,93068,390438,145,1;[45756, 1088, 0.8150932981337392, 1.5372994372977313, 930.519561463819, 0.9401054230154224, 9999]
02310066,93068,390438,145,2;[44813.02, 984, 0.7656075195045619, 1.3961675098401258, 1580.8722504672405, 0.8888384067188694, 0.9899058934861469]
02310066,93068,390438,145,3;[45410.020000000004, 986, 0.7500275508574314, 1.432659275425607, 1333.7488112104902, 0.9022006326331407, 0.9912822429906543]
02310066,93068,390439,146,1;[44262, 1070, 0.8045169435686423, 1.389316558455118, 1061.956125415331, 0.7776271479007947, 9999]
02310066,93068,390439,146,2;[44730.909999999996, 988, 0.7590518691683398, 1.4929726549990125, 1543.723679809105, 0.8875714108439031, 9999]
02310066,93068,390439,146,3;[45381.25, 936, 0.7754758955391177, 1.4162464302158442, 1017.9517220315156, 0.7272545072179852, 9999]
02310066,93072,390474,474,1;[44944, 1076, 0.8318949096157646, 1.344887156654183, 273.5645307477927, 0.9727086253251962, 8988.8]
02310066,93072,390474,474,3;[44527.740000000005, 880, 0.8429993968753773, 1.4172617693377252, 458.082822888286, 0.9445875074724923, 9999]
02310066,93072,390474,475,2;[44372.72, 978, 0.709347771287089, 1.707013006716242, 2025.4193045999777, 0.808158929236356, 9999]
02310066,93072,390474,477,1;[39114, 980, 0.7359472706660102, 1.4426283292382307, 1878.8342724495346, 0.7087425838743974, 0.9764097955515615]
02310066,93072,390474,477,2;[44364.39, 1000, 0.8045618626798771, 1.4962930800203316, 1044.2406267353226, 0.9046568159999491, 9999]
02310066,93072,390474,477,3;[43557.780000000006, 844, 0.7866247133049749, 1.4293846765218559, 1331.8624067981386, 0.7793181502362404, 9999]
02310066,93075,390495,679,1;[46125, 1100, 0.7913173823598211, 1.2993671579868045, 1251.1692318933306, 0.7565683559351108, 9999]
02310066,93075,390495,679,2;[45244.99, 930, 0.7628568903032252, 1.4734448177461175, 1393.6179449299384, 0.8924612934468372, 0.9920678408349641]
02310066,93075,390495,679,3;[45999.12, 918, 0.7506621170261659, 1.493819847464513, 1143.0704743907247, 0.6553168906451489, 0.9896688429398848]
02310066,93085,390564,488,1;[43877, 1002, 0.8150338637598036, 1.2375205389716946, 876.0530644902685, 0.7566646438090684, 0.9934002739508926]
02310066,93085,390564,488,2;[45536.54, 1012, 0.7091222039086431, 1.6486999464362944, 2022.0612422007773, 0.7944904052457867, 0.9915526533996684]
02310066,93085,390564,488,3;[45048.340000000004, 918, 0.7831908363162996, 1.3744055552233896, 1605.266553913095, 0.7495250002037651, 0.9893935518813282]
02310066,93094,390610,817,1;[44716, 1012, 0.8052281253373114, 1.3316102788229907, 894.5783758517161, 0.77762413871776, 0.9964901333749318]
02310066,93094,390610,817,2;[44868.95, 956, 0.7465004351894289, 1.4448960818187953, 1455.854742019166, 0.6383091916107015, 0.9926417354447209]
02310066,93094,390610,817,3;[45059.3, 936, 0.7432908228074028, 1.418155249270171, 1483.290211828, 0.6748882879359847, 9999]
02310066,93098,390638,1145,1;[44296, 1028, 0.7256799327131316, 1.4805536623558824, 1934.2869496935514, 0.7343522497310103, 0.9911282653689097]
02310066,93098,390638,1145,2;[44960.579999999994, 994, 0.7128065084429794, 1.617361870851978, 2256.3556195870333, 0.6769625085763236, 0.9952715250977965]
02310066,93098,390638,1145,3;[44579.8, 910, 0.7737578864240932, 1.4350849050446868, 1120.0698731562318, 0.7570347406080479, 0.9909251476947439]
02310066,93118,390770,178,1;[44429, 1032, 0.809671944522987, 1.692183903890304, 832.4243073097158, 0.9464334138735833, 9999]
02310066,93118,390770,178,2;[45278.31, 922, 0.7321575957645873, 1.6792091986803217, 2343.140526007359, 0.7531965427048024, 9999]
02310066,93118,390770,179,3;[45101.770000000004, 940, 0.7602379694019086, 1.4740088762809354, 1139.4833258747071, 0.883389957397536, 9999]
02310066,93139,390923,15,1;[44345, 1078, 0.790727842394913, 1.3672282055186924, 1086.654133001992, 0.8036112475574945, 9999]
02310066,93139,390923,15,2;[45136.7, 942, 0.7302622715136416, 1.4365144231755742, 1447.2570199524428, 0.6530954002944711, 0.9946634848623913]
02310066,93139,390923,15,3;[44482.530000000006, 890, 0.8021401867962209, 1.4566710416510655, 452.56284151694246, 0.9489223416787633, 6493.8]
02310066,93170,391065,290,1;[43976, 1018, 0.7969238167914933, 1.664237805543006, 1047.7886096496927, 0.930965119753976, 1157.2631578947369]
02310066,93170,391065,290,2;[43003.03, 898, 0.8319937347818236, 1.456209260297412, 461.31371054215833, 0.9525489241916346, 9999]
02310066,93170,391065,290,3;[44790.780000000006, 892, 0.7438720055599793, 1.446382067156733, 1212.0931344705666, 0.6413209615530928, 9999]
02310066,93170,391069,289,1;[43691, 1052, 0.8374849112251763, 1.3925715276309563, 346.7404744730121, 0.968035316814163, 9999]
02310066,93170,391069,289,2;[44141.86, 900, 0.7262876878711986, 1.7104747055926461, 2113.2918539780367, 0.8477622368919627, 9999]
02310066,93170,391069,289,3;[44892.16, 918, 0.8064104219094993, 1.4803745947387839, 531.1220618504618, 0.9379308088344491, 9999]
02310066,93174,391097,645,1;[44143, 1066, 0.8097208934871979, 1.3890507838683581, 971.5551844636739, 0.7925473509089507, 9999]
02310066,93174,391097,645,2;[45235.47, 1002, 0.8137998989905708, 1.4439856873788857, 847.2365554643346, 0.9241459965433951, 9999]
02310066,93174,391097,645,3;[44142.770000000004, 860, 0.7784985232802337, 1.4307828770190316, 1394.2373497598032, 0.7942098578031177, 9999]
02310066,93181,391150,88,1;[43860, 1016, 0.8505086650909589, 1.4286986952700107, 200.2188635272208, 0.9783231078579738, 9999]
02310066,93181,391150,88,2;[44101.4, 954, 0.7325783863428912, 1.6011750170391108, 2419.9306821915116, 0.737432428192257, 0.9885434588351405]
02310066,93181,391150,88,3;[45588.12, 928, 0.7652924437438526, 1.4692578369142728, 1296.638095661942, 0.7115961470787597, 0.9924838940586972]
02310066,93181,391150,89,1;[45293, 1082, 0.825153959234791, 1.50137448182241, 366.3947973064587, 0.966824699082472, 9999]
02310066,93181,391150,89,3;[44053.72, 866, 0.7622776182371931, 1.502760051963604, 1348.538401125878, 0.8663676995950526, 9999]
02310066,93181,391150,90,2;[43836.03, 974, 0.822343164670727, 1.4150221744683762, 617.7120777424196, 0.9347234021230133, 9999]
02310066,93260,391460,171,1;[44575, 1082, 0.8196677765448734, 1.5152617317397892, 561.8241516600156, 0.9550581490827372, 4952.777777777777]
02310066,93260,391460,171,3;[44268.810000000005, 934, 0.7534314476338513, 1.4408840359678121, 1412.6117685605159, 0.71318878530963, 839.2987012987013]
02310066,93260,391460,172,2;[44671.409999999996, 998, 0.7086154898805201, 1.7243314527997662, 1999.2438264153343, 0.814247757514621, 0.982079321892005]
02310066,93331,391886,172,1;[41134, 1048, 0.7936730284794666, 1.5174045688865627, 416.87103151528936, 0.9478054296280255, 9999]
02310066,93331,391886,172,2;[44454.829999999994, 982, 0.7348964631793004, 1.540017981694167, 2188.667214289924, 0.7086747731867824, 9999]
02310066,93331,391886,172,3;[43716.700000000004, 904, 0.7332043065092849, 1.3716117766448972, 1161.8756687247512, 0.7100217580509789, 9999]
02310066,93376,392038,4,1;[43757, 988, 0.8575947945008976, 1.3170850091305981, 151.40630589296262, 0.9839564767440947, 9999]
02310066,93376,392038,4,2;[44066.89, 906, 0.7270447726982469, 1.6513434724234837, 2178.6113887647075, 0.7893998288966968, 0.9937339827449717]
02310066,93376,392038,4,3;[45036.01, 930, 0.7860335228770894, 1.4748727001172253, 770.7857873143613, 0.9137819471322584, 3460.315789473684]
02310066,93376,392042,3,1;[45146, 1018, 0.7957066166357861, 1.5901875799345178, 1004.5225388771705, 0.9318323745337458, 9999]
02310066,93376,392042,3,2;[44376.29, 988, 0.7141271190045696, 1.4998428010944536, 2255.798118246777, 0.6803235958754956, 0.9867954485313575]
02310066,93376,392042,3,3;[44271.55, 916, 0.7630084220451814, 1.439696249883434, 908.920245142129, 0.7395961993856973, 9999]
02310066,93384,392078,206,1;[45280, 1072, 0.8016737110592751, 1.5090473185341393, 841.6628450101005, 0.9345309098588456, 3018.6666666666665]
02310066,93384,392078,206,2;[45192.63, 998, 0.7342298574817925, 1.589587833087812, 2253.77773489869, 0.6940458609851828, 0.9903641792601672]
02310066,93384,392078,206,3;[44678.44, 912, 0.7833901156442736, 1.326321522913283, 1376.7217564978857, 0.776000399470549, 9999]
02310066,93385,392082,320,1;[45125, 1092, 0.7799197709029978, 1.403193723389834, 1275.3097570748732, 0.7370832357533607, 0.9847459846368715]
02310066,93385,392082,320,2;[45146.22, 1002, 0.7079730812159134, 1.6337639068929548, 2068.3573008293597, 0.8012251899284911, 0.9883548261039469]
02310066,93385,392082,320,3;[44730.5, 932, 0.77689784030056, 1.471730298305862, 857.9743523873948, 0.9081013328232671, 9999]
02310066,93389,392119,674,1;[44373, 1026, 0.8197083082373758, 1.3023952916928578, 850.2554838719681, 0.786957170265344, 0.9933845998858256]
02310066,93389,392119,674,2;[44854.67, 988, 0.8049237064726772, 1.3327945620101498, 846.8275048104352, 0.9279314058185115, 0.9926002001369358]
02310066,93389,392119,674,3;[44705.840000000004, 874, 0.8247063201830674, 1.4325408472802459, 399.31572554500724, 0.9533334783354607, 9999]
02310066,93389,392119,675,1;[44397, 1036, 0.831221838595549, 1.3507477760399524, 912.847269802294, 0.7782496932589743, 0.9984370256260331]
02310066,93389,392119,675,2;[42967.329999999994, 924, 0.7478515765583041, 1.7366343851999577, 2082.9320725625284, 0.8536583617247858, 9999]
02310066,93389,392119,675,3;[45245.62, 938, 0.7599312622005642, 1.4270794242457217, 1531.6472132430067, 0.6931183601316058, 0.9896468543517672]
00023892,93026,390259,210,1;[115384, 1676, 0.9705763288702812, 0.9705763288702812, 27.44450635858385, 0.9967809945790217, 0.9971869206936336]
00023892,93026,390259,211,2;[117053.15999999999, 1570, 1.0149650236071255, 0.9746772383627069, 32.01824097753799, 0.9959190027831599, 0.996711876257112]
00023892,93026,390259,211,3;[116700.71, 1438, 1.0186254340279237, 0.9437976061425024, 56.93241554978748, 0.9908537816795847, 9999]
00023892,93026,390259,212,1;[115337, 1664, 0.9804131521278897, 0.9889032468085639, 29.32303153461915, 0.9964262448288627, 0.9924920079683675]
00023892,93026,390259,212,2;[117691.0, 1554, 1.014747909288223, 0.9808503008994244, 33.38817836122004, 0.9959185983378324, 9999]
00023892,93026,390259,212,3;[114356.64000000001, 1394, 1.0039062202291396, 0.9507977939312924, 37.10296143051946, 0.9936297065684685, 9999]
00023892,93026,390259,214,1;[120043, 1634, 1.0032661182443197, 0.9887838124952426, 22.927187669422857, 0.9969424029558446, 0.9982495311986761]
00023892,93026,390259,215,3;[114305.95000000001, 1398, 1.010278510246198, 0.9543713578041263, 39.13504025500448, 0.9933049493998183, 9999]
00023892,93026,390259,216,2;[116758.04, 1568, 1.0123332269148082, 0.98091887278259, 29.98789604125521, 0.996023856518871, 0.9963240520725442]
00023892,93049,390350,751,2;[112488.31999999999, 1480, 0.9848740726439702, 0.9929826624223882, 26.49613653842162, 0.9961483784872827, 9999]
00023892,93049,390350,752,3;[118309.09000000001, 1532, 1.0130833231157215, 0.9721992345752148, 59.29260583943325, 0.9911236827270111, 9999]
00023892,93049,390350,753,1;[115862, 1658, 0.9829469492684024, 0.9978529551266063, 24.60371064380052, 0.9960469422803894, 0.9909383646292598]
00023892,93049,390350,756,2;[116076.17, 1538, 1.0085478725212538, 0.9927081192712227, 43.37188848757056, 0.9943862237694245, 9999]
00023892,93049,390350,756,3;[117833.70000000001, 1382, 1.047327962051423, 0.9430491915437306, 103.28006889242694, 0.9876476852572468, 0.9989779088945155]
00023892,93049,390350,757,1;[119330, 1636, 1.0075125795868425, 0.9942916148693116, 29.0029681718026, 0.9953227996444487, 9999]
00023892,93049,390350,758,3;[117121.3, 1400, 1.030931342867741, 0.9719735434960686, 74.73251000866165, 0.9910807744684849, 9999]
00023892,93049,390350,760,1;[119412, 1684, 1.0004737661313214, 0.9880028410604836, 28.934950571560975, 0.9954903479060804, 0.999870214146658]
00023892,93049,390350,760,2;[117228.09, 1564, 1.0405712513178689, 0.9825036010815462, 94.58212834702178, 0.9879751501300211, 0.9954779023530066]
00023892,93049,390350,761,1;[115473, 1576, 0.991677529821298, 0.9926776955103828, 36.86362273631874, 0.9942467519164607, 1.0014917476864902]
00023892,93049,390350,763,2;[118247.92, 1546, 1.0345050869305332, 0.994516715150005, 59.95186314319832, 0.9908730469999921, 9999]
00023892,93049,390350,763,3;[118310.46, 1494, 1.0361395917367435, 0.9712337522244107, 108.28824339469637, 0.9843328979744623, 0.9939059128182995]
00023892,93049,390350,766,1;[116227, 1652, 0.9751026370807013, 0.9892795240401203, 27.456611617824382, 0.9965442441576506, 0.9924685549359998]
00023892,93049,390350,767,3;[117711.77, 1466, 1.0214023858039325, 0.9691685127209577, 43.76655418360943, 0.9929606828812833, 10740.125]
00023892,93049,390350,769,2;[117706.47, 1490, 1.0202549609913965, 0.9997484379105231, 29.963769686372082, 0.995278891855519, 9999]
00023892,93049,390350,770,1;[117114, 1588, 1.0024585818836231, 0.9928265580916606, 32.869004539460455, 0.9955113006843905, 9999]
00023892,93049,390350,770,3;[118395.40000000001, 1410, 1.0424963099943128, 0.9275135170288007, 78.28360049762023, 0.9922517167138535, 9999]
00023892,93049,390350,773,2;[114238.81, 1522, 1.0044227657496143, 0.986742260703326, 36.17136856988099, 0.9948063335800724, 9999]
00023892,93099,390646,1221,2;[114072.20999999999, 1486, 1.0090858747803573, 0.9867088647928606, 38.53013999163804, 0.9934468550222741, 9999]
00023892,93099,390646,1222,1;[115757, 1704, 0.9986716907804245, 0.9931340390066832, 35.39650912607604, 0.9961712619634862, 0.989105543782897]
00023892,93099,390646,1222,3;[117585.73000000001, 1392, 1.1323117391248805, 0.9651113997953958, 50.31573890807299, 0.9940088735414381, 9999]
00023892,93103,390673,1487,1;[118131, 1640, 0.9941992381714719, 0.9832364950716539, 24.18140079113889, 0.9967673469878491, 0.9975637458357788]
00023892,93103,390673,1488,3;[117951.52, 1364, 1.034720293021279, 0.9614925636421753, 96.22023479779668, 0.98528403584093, 0.9961010262284081]
00023892,93103,390673,1489,2;[116541.45999999999, 1546, 1.014966414714585, 0.992022459678374, 40.09946663942671, 0.9947342202306876, 0.9929282227280332]
00023892,93103,390673,1491,2;[120403.01, 1514, 1.0503891899546012, 0.9843946252209498, 113.66690920960296, 0.984839104179109, 9999]
00023892,93103,390673,1492,1;[114627, 1678, 0.9987680845865211, 0.9924709850319351, 45.564953524898826, 0.9946129103177113, 0.9927122981592382]
00023892,93103,390673,1492,3;[112581.12000000001, 1362, 1.004285977747245, 0.9649001229124898, 31.23126453415144, 0.9956981357234577, 9999]
00023892,93103,390673,1495,2;[114817.15, 1510, 0.9930315460441014, 0.9870770259924616, 31.546042712339776, 0.9947702350629656, 9999]
00023892,93103,390673,1497,3;[113548.34000000001, 1404, 1.0054351093309934, 0.960491452600365, 28.91913419738997, 0.9948299282430487, 9999]
00023892,93103,390673,1498,1;[116314, 1654, 0.989772517025471, 0.9913499174139772, 25.89202116124958, 0.9956881817830718, 0.9948765321221763]
00023892,93103,390673,1499,1;[115761, 1706, 0.9962542217613665, 0.9812057965453727, 38.26655464467754, 0.9959036968410945, 0.9896936302274583]
00023892,93103,390673,1499,3;[117251.45000000001, 1500, 1.0242496834682837, 0.9748615169204323, 53.78139989410666, 0.9908513476631625, 34234.0]
00023892,93103,390673,1500,2;[113904.42, 1520, 1.0033341804562999, 0.9866325509813356, 31.931454020851525, 0.9944117262205622, 0.9918501209788144]
00023892,93122,390798,1587,3;[117843.29000000001, 1442, 1.0406381091708652, 0.97290517790024, 111.87571133625764, 0.982512094931687, 0.9956477955389904]
00023892,93122,390798,1589,1;[115972, 1698, 0.9778822539189395, 0.9908134710763481, 20.37117655163161, 0.9968449509462828, 0.9941706957446079]
00023892,93122,390798,1589,2;[117505.36, 1504, 1.0292453359150497, 0.9978651105229204, 41.27597117489877, 0.9945531923571351, 9999]
00023892,93122,390798,1590,1;[114476, 1708, 0.9714008354292216, 0.9792266459744134, 31.895664856885332, 0.9963746613606888, 0.9873600048300221]
00023892,93122,390798,1590,2;[115546.62, 1446, 1.0044099548766843, 0.9937778684089924, 34.96544073137213, 0.9941037791054449, 9999]
00023892,93122,390798,1592,3;[117977.55, 1424, 1.0384956777881869, 0.9582881772027657, 51.69301507743181, 0.993571167624946, 172230.0]
00023892,93139,390920,17,2;[116130.90999999999, 1510, 0.9981631323817355, 0.9808162066148503, 32.268889709424414, 0.993887002655094, 0.9946034641785189]
00023892,93139,390920,17,3;[117082.94, 1368, 1.01704474354301, 0.9629625559037094, 53.25214145749839, 0.9925764721536028, 9999]
00023892,93139,390920,18,1;[114291, 1656, 0.9814575364939319, 0.9959018721886728, 30.733984173391054, 0.9957475714305857, 0.9944271152817112]
00023892,93139,390920,19,1;[117141, 1708, 1.0011284673044343, 0.9784178992053928, 59.47460187917027, 0.9921109682880714, 0.9933264364697103]
00023892,93139,390920,20,3;[118051.53000000001, 1470, 1.0213625513322462, 0.9716452290970454, 85.44257796364806, 0.9849400431888099, 9999]
00023892,93139,390920,21,2;[115941.7, 1478, 1.0067750976010585, 0.9966286729292532, 25.270836994108723, 0.9955051948918705, 1.001742742428838]
00023892,93166,391047,301,1;[119197, 1602, 0.9934559797032223, 0.9948353663934025, 20.712104405988043, 0.9968702647084702, 0.9987055043296481]
00023892,93166,391047,301,2;[116151.14, 1540, 1.0002683910551358, 0.9928704150270152, 33.4848806094114, 0.9948215854848882, 9999]
00023892,93166,391047,303,3;[118637.89000000001, 1398, 1.0223579081250327, 0.9703534494557088, 42.23273852076505, 0.9934911546531924, 9999]
00023892,93166,391047,304,1;[117753, 1622, 0.9772164352433422, 0.9958620833402838, 25.766315361363983, 0.9967860458868003, 0.9972686967237064]
00023892,93166,391047,305,2;[117093.62, 1536, 1.002178459818774, 0.997850638667676, 24.4138911119299, 0.9964615269265222, 1.000127051242307]
00023892,93166,391047,305,3;[119032.45000000001, 1370, 1.0183846266174685, 0.9748323649170428, 37.875699129217296, 0.9947455224370897, 2199.6202531645567]
00023892,93166,391047,307,2;[115370.5, 1528, 1.0058060097422366, 0.9895282762600829, 39.93207841576104, 0.9944151817445519, 9999]
00023892,93166,391047,308,1;[115460, 1682, 0.9960968642594321, 0.9954651582763876, 40.582903883813906, 0.9951983391381567, 0.9932470213772635]
00023892,93166,391047,308,3;[118877.64000000001, 1454, 1.017150500848034, 0.9733966928934351, 36.44529966828555, 0.9937569319287601, 1324.7633587786258]
00023892,93166,391047,309,1;[119716, 1620, 1.0322619672169577, 0.9876387315526259, 46.38197855060344, 0.9944067144527013, 0.999419796219075]
00023892,93166,391047,309,2;[115416.90999999999, 1496, 1.0140101989435855, 0.9782871975660953, 49.76970517264166, 0.9923215994050387, 9999]
00023892,93166,391047,310,3;[117396.67000000001, 1446, 1.0322636927019022, 0.9549682020607355, 42.6314536599798, 0.9954496600959517, 9999]
00023892,93166,391047,312,2;[119097.58, 1476, 1.0286965797742729, 0.9766518066581236, 64.13464440773701, 0.9901136968339167, 100082.0]
00023892,93166,391047,313,1;[120302, 1688, 1.021004314514589, 0.9866737636844082, 42.55555215394716, 0.9931729686905908, 0.9957002685780263]
00023892,93166,391047,313,3;[119017.38, 1408, 1.0256435421473993, 0.9687818342517958, 44.27779058241403, 0.9929874755115312, 24821.14285714286]
00023892,93166,391047,315,1;[117580, 1706, 0.9911475015587408, 0.9998940038735258, 31.46718806602632, 0.9964770636421072, 0.9924037812288994]
00023892,93166,391047,315,2;[119473.62, 1562, 1.0290292751963206, 0.976969826578464, 59.39391504055549, 0.9910613417632356, 9999]
00023892,93166,391047,315,3;[120414.78000000001, 1524, 1.0420803432332637, 0.9716719340706381, 114.80932319891738, 0.9838297153742086, 0.9968696835658387]
00023892,93265,391506,609,1;[120450, 1668, 1.0130823848066772, 0.9934285035407959, 28.081715577593773, 0.9950777124707098, 9999]
00023892,93265,391506,609,3;[119976.38, 1438, 1.0627480642574758, 0.9590433977019611, 126.38952663022229, 0.9846962103710577, 0.99012968218255]
00023892,93265,391506,610,2;[119833.0, 1508, 1.0279624297293433, 0.9939602657133225, 34.05485042585448, 0.9943307197997148, 0.9989534301203803]
00023892,93265,391506,611,3;[119896.92000000001, 1368, 1.0267371543472592, 0.9680652141772095, 60.138477372720004, 0.9910185054986551, 175032.0]
00023892,93265,391506,612,2;[116885.37, 1548, 1.0145783774572443, 0.9803564738122116, 29.62078944142632, 0.9948200399301197, 9999]
00023892,93265,391506,613,1;[114481, 1610, 0.9955593575803238, 0.9902087238335712, 36.759064237107594, 0.9944111491071127, 0.9902515396858349]
00023892,93329,391882,87,1;[118271, 1616, 1.0194271800477344, 0.9951980347867928, 37.73351695185407, 0.9949972892828642, 0.9989948475377988]
00023892,93329,391882,87,2;[111247.15, 1430, 0.9892958805203751, 0.987969527216751, 25.62743346510477, 0.9960790202361292, 9999]
00023892,93329,391882,87,3;[115923.92000000001, 1414, 1.0215942370198658, 0.9563196493174627, 47.010858776237484, 0.9953242287886229, 9999]
00023892,93329,391882,89,1;[114628, 1672, 0.9914825066265023, 0.992449732020601, 46.0862142629913, 0.9941192467786226, 0.9939475920434248]
00023892,93329,391882,89,3;[114667.63, 1414, 1.0167941706478845, 0.9529070402788227, 69.36194070195396, 0.9896615259912896, 0.9922821576763485]
00023892,93329,391882,90,2;[116098.78, 1540, 1.024478526931865, 0.9929498654533664, 58.7047229351499, 0.9922725834272821, 9999]
00023892,93329,391882,92,2;[114627.93999999999, 1522, 1.0073552101636527, 0.9847883422105579, 36.85985021329225, 0.9940911230252352, 0.9904477918873066]
00023892,93329,391882,92,3;[114493.64000000001, 1356, 1.0098884038015559, 0.9575393429604518, 53.70771228318953, 0.9928164272628103, 9999]
00023892,93329,391882,93,1;[115389, 1646, 0.9791536811644996, 0.9912072497007227, 30.555962129969355, 0.9961549890584726, 0.995354855405318]
00023892,93329,391882,94,1;[116973, 1592, 0.994606233216065, 0.9965614043713638, 34.71012332712566, 0.9946580766084038, 0.9999615310636661]
00023892,93329,391882,94,2;[112866.73999999999, 1496, 1.003006582190011, 0.9923183925625743, 26.138494257660792, 0.99570058885804, 9999]
00023892,93329,391882,94,3;[114433.36000000002, 1410, 1.0214616209838423, 0.9517095185099957, 73.57692311392724, 0.9894936176987641, 0.990536726513768]
00023892,93329,391882,96,1;[115407, 1632, 0.9872182726007631, 0.9927104473525977, 23.989429741072772, 0.9960868400620199, 0.996795591563164]
00023892,93329,391882,96,2;[113005.97, 1516, 0.9882006017804126, 0.9825266807640969, 27.477798069064683, 0.9957344812378607, 0.9942780561096016]
00023892,93329,391882,96,3;[117169.25000000001, 1434, 1.0569068397282255, 0.9348208440309685, 110.45560734956277, 0.9883416942725053, 9999]
00023892,93329,391882,99,1;[118266, 1608, 1.0340711010663866, 0.9901960891665134, 40.350390802242764, 0.9941750124012475, 0.995743928467688]
00023892,93329,391882,99,2;[114010.33, 1524, 1.0088953795511193, 0.9873587254334197, 27.375748128469997, 0.9954495918170748, 9999]
00023892,93329,391882,99,3;[113752.47000000002, 1336, 1.0058340005280906, 0.9771892906538502, 25.640739364499375, 0.99607581804577, 9999]
00023892,93377,392048,3,3;[118466.64000000001, 1406, 1.047556527781869, 0.9626297559970822, 107.28162349534367, 0.988306503325163, 9999]
00023892,93377,392048,4,1;[118492, 1724, 0.9863208326474601, 0.9986424630954116, 19.764201178268063, 0.9967779664001932, 0.982353745839223]
00023892,93377,392048,4,2;[116322.5, 1540, 1.0024661578187861, 0.9812524545754474, 28.71243987076844, 0.9953319054134065, 9999]
00023892,93377,392048,5,1;[112681, 1604, 0.9750116024793062, 0.9728192778387952, 30.87669786078407, 0.9962903174522396, 0.9869450782375636]
00023892,93377,392048,5,2;[117476.79999999999, 1468, 1.0128946844061226, 0.9826118107683158, 31.69563920609115, 0.9953051589361018, 9999]
00023892,93377,392048,5,3;[119291.38, 1442, 1.0494193382007337, 0.9224995551443748, 90.97954973781846, 0.9914184377585706, 9999]
00023892,93377,392048,8,2;[114999.22, 1520, 1.0070723933409482, 0.9772014446917673, 55.95936210100426, 0.9911467610708359, 1.0000983146794165]
00023892,93377,392048,8,3;[115359.48000000001, 1394, 1.0261842013140077, 0.9530082855170431, 74.80732270330151, 0.9887307322964278, 9999]
00023892,93377,392048,9,1;[115825, 1638, 0.9752674514762388, 0.977930434245964, 26.59457846165895, 0.9966290836236483, 0.9829547624402228]
00023698,93080,390528,134,1;[36900, 898, 0.9978155479327312, 1.0259673944738459, 89.73238912855744, 0.9929930238391793, 0.9837638966648005]
00023698,93080,390528,134,2;[39364.009999999995, 820, 1.0504391901326098, 1.022399976459444, 131.86334323534342, 0.9822628171354302, 1.0140555785472325]
00023698,93080,390528,134,3;[55474.04, 910, 1.2348669144335471, 0.954528904486548, 84.48481776732575, 0.9923977465338607, 26994.666666666668]
00023698,93244,391403,53,2;[43991.92, 860, 1.0139415938895173, 1.0212939734954087, 88.72411398565121, 0.9915332214735743, 9999]
00023698,93244,391403,54,1;[45368, 944, 1.0138822074695624, 0.9740646097252217, 57.91967425793741, 0.993886083647604, 1.000099198694986]
00023698,93244,391403,55,3;[38692.91, 766, 1.0128055678324268, 1.0020142613457823, 123.04365198080062, 0.9864740144323954, 0.9985680697226298]
00232831,93048,390346,740,1;[60347, 1074, 1.0041203919890753, 0.9799737843213558, 68.8031668473261, 0.9893269121354705, 1.0045276737411568]
00232831,93048,390346,740,2;[26282.34, 714, 1.0320528336306802, 1.014372897938292, 140.43680277580415, 0.9847081607347733, 9999]
00232831,93048,390346,740,3;[48303.46000000001, 810, 1.1451752258466206, 0.9524738607388366, 111.29907984614162, 0.9886044851043795, 1.0053033759124088]
00232831,93048,390346,741,1;[58549, 1054, 1.0054455670794802, 0.9721401613657598, 71.84338526471858, 0.9899833681219329, 1.006091640962634]
00232831,93048,390346,741,2;[26754.77, 714, 1.0341519316231074, 1.0048081338552852, 159.3327943069655, 0.9804418482813829, 1.0053435285174503]
00232831,93048,390346,741,3;[59377.170000000006, 910, 1.009236585552549, 0.9801747544230137, 119.60868056295885, 0.9820228240271109, 1.0022546741128724]
00232831,93048,390346,742,1;[60220, 1068, 1.0074655194483435, 0.9772295374079115, 65.41557014703079, 0.9913233628504808, 1.006005629755849]
00232831,93048,390346,742,2;[36023.68, 754, 1.1820072772154882, 0.975194568199687, 145.89823339616314, 0.9858882366313425, 1.007957912962408]
00232831,93048,390346,742,3;[30371.530000000002, 664, 1.0089733402220478, 0.9955065153366602, 110.20559259267367, 0.9896436106369197, 1.003848940409346]
00232831,93147,390953,359,1;[28614, 804, 1.0032679635817676, 0.9797642027110547, 76.11960080236409, 0.9935266967839056, 1.0029442691903259]
00232831,93147,390953,359,2;[32495.329999999998, 730, 1.0010910926167107, 1.0181539503852286, 138.38844875947652, 0.9872961394964037, 1.0066911209009972]
00232831,93147,390953,359,3;[44651.04, 780, 1.1265940771710539, 0.9490983104198878, 135.99181647196534, 0.9850378115291741, 1.0061277725469615]
00232831,93165,391039,287,1;[39866, 864, 1.0298398293658304, 0.9959000629021967, 86.7554628668432, 0.992586344484783, 0.9994735126733021]
00232831,93165,391039,287,2;[58477.79, 974, 1.0269415973797502, 0.9712203717647845, 110.17502078317794, 0.9861528678999373, 1.0036866453569715]
00232831,93165,391039,287,3;[47685.590000000004, 804, 1.0360607644632402, 0.94115180619928, 106.98442230112188, 0.9887037694940279, 9999]
00232831,93165,391039,289,1;[28699, 810, 1.00818441333912, 0.9786705332760606, 77.15163995602295, 0.9933617731220881, 0.9997039101280153]
00232831,93165,391039,289,2;[29376.34, 706, 1.0029025862775742, 1.0184988224387705, 115.10771404046059, 0.9898791421656763, 1.0058060178866095]
00232831,93165,391039,289,3;[29242.65, 658, 1.0054347153086407, 1.016919426240819, 136.91117619523283, 0.9875221844265234, 1.0027482207032625]
00232831,93165,391039,290,1;[29374, 836, 1.0333035036256313, 0.9688302861139513, 84.38927192001452, 0.9925713888783438, 1.00454840805718]
00232831,93165,391039,290,2;[48306.86, 868, 1.1486846561401474, 0.9733066559966124, 138.39645165229948, 0.9857525522417887, 1.0036095727848102]
00232831,93165,391039,290,3;[28849.460000000003, 652, 1.0052699092288533, 1.0203944978101065, 115.91342784668967, 0.98962519814608, 1.003669987131214]
00232831,93328,391868,72,1;[53913, 1002, 1.0197885864858176, 0.9823802569413564, 73.40299224254385, 0.9925419384832258, 1.0061398925052254]
00232831,93328,391868,72,2;[30416.399999999998, 710, 1.0438726826922544, 0.9772929921499058, 127.79972348039183, 0.989214036519754, 9999]
00232831,93328,391868,72,3;[54501.340000000004, 870, 1.009712309967718, 1.0058363780854904, 98.19940865914353, 0.988407161462243, 9999]
00232831,93328,391868,73,1;[53548, 998, 1.0189524065939604, 0.9797690597906243, 70.54455465725476, 0.9923345736926806, 1.0058606957697798]
00232831,93328,391868,73,2;[32314.449999999997, 730, 1.0032959324346369, 1.0173005886922057, 119.24168662801405, 0.9887060503406242, 1.0007739367583106]
00232831,93328,391868,73,3;[56224.8, 882, 1.0097929346542687, 1.0019868142286004, 108.93376190051036, 0.985441320762081, 9999]
00232831,93328,391868,74,1;[58872, 1058, 1.0073440151434425, 0.9871881459772484, 66.68563326524257, 0.9914655171775439, 1.0050875815208113]
00232831,93328,391868,74,2;[56247.729999999996, 944, 1.126253123694444, 0.9646773931279856, 122.14461848641795, 0.984343955618227, 1.0040039508480516]
00232831,93328,391868,74,3;[54302.69, 864, 1.013030303116915, 1.0093036032740614, 115.46933163720168, 0.98485697905831, 9999]
00392839,93125,390812,1875,1;[51889, 988, 1.0309059393434667, 0.9881457015397869, 66.6021662246079, 0.9938598095140565, 1.000183116645303]
00392839,93125,390812,1875,2;[67922.81999999999, 1040, 1.0251179795820962, 0.9769922251509997, 79.65889262657356, 0.9904856174420223, 1.0046202180742931]
00392839,93125,390812,1875,3;[47223.9, 804, 1.0044927436415503, 0.8689089479203638, 77.22670148281767, 0.9923388297456722, 783.4090909090909]
00392839,93125,390812,1876,1;[59816, 1060, 1.0313009518275629, 0.9913888737734982, 67.64309086161958, 0.9935038111279465, 1.0025812074687406]
00392839,93125,390812,1876,3;[68571.24, 978, 0.9999073898508091, 1.0032423159989259, 56.242113522491955, 0.9911021424450633, 25026.0]
00392839,93125,390812,1877,2;[49233.869999999995, 880, 1.0024682905491424, 1.0186756742744667, 89.54538128814073, 0.9909469197783566, 1.003833555744268]
00392839,93125,390812,1878,2;[45041.5, 842, 1.0466566925681924, 0.9799962827762165, 82.69384824801581, 0.991849107185083, 1.0054723196259696]
00392839,93125,390812,1878,3;[68915.11, 992, 0.9991853389079024, 1.0076475497660702, 63.48405964489052, 0.9896355006087816, 9999]
00392839,93125,390812,1879,1;[69472, 1160, 1.0032383389006212, 0.9905454860590442, 49.37223093887291, 0.9926081708822578, 1.0047873186676501]
00392839,93125,390812,1880,1;[58546, 1048, 1.0194065136830368, 0.978063295064718, 54.76103797355678, 0.9933138883679393, 1.0015995894102048]
00392839,93125,390812,1880,2;[61776.469999999994, 990, 1.0396685054476429, 0.9640065891504582, 68.57000778434717, 0.9913787465718691, 1.0040422404456135]
00392839,93125,390812,1880,3;[61839.060000000005, 922, 1.00226797473109, 1.003957854400831, 46.31605398630995, 0.9943320524651255, 30092.0]
00392839,93125,390812,1882,1;[47091, 942, 1.0018393061387822, 1.0190822067143501, 71.36608206079043, 0.9939977220558363, 1.0022240430762028]
00392839,93125,390812,1882,2;[44836.82, 838, 1.0009702603101087, 0.8579710674656572, 115.96230726808992, 0.9876716847918889, 1.0063299591357069]
00392839,93125,390812,1883,3;[62791.21000000001, 934, 1.00482507106843, 1.0049328088843685, 67.35756700581496, 0.9915650412322292, 975.1702127659574]
00392839,93125,390812,1884,1;[68599, 1154, 0.9932037603671654, 0.9900135492285574, 42.64992556418929, 0.992177609228944, 1.0038119069045999]
00392839,93125,390812,1884,2;[30768.64, 754, 1.013369899081245, 1.012417688123424, 108.34445017142966, 0.986718859546454, 1.0070104377628915]
00392839,93125,390812,1884,3;[34204.79, 714, 1.0035764021615967, 1.0148250237171672, 99.07071716554607, 0.9910482212703171, 9999]
00392839,93147,390949,355,1;[32026, 846, 1.229068255820816, 0.9928987388113769, 71.5304634986451, 0.9944599191637654, 0.9349019149929939]
00392839,93147,390949,355,2;[61595.59, 988, 1.0209785028295537, 0.9781473790336748, 63.548929192780584, 0.9922275405313156, 9999]
00392839,93147,390949,355,3;[53772.50000000001, 856, 1.0376838770447054, 0.9405489129401906, 73.3699889492052, 0.991225461724041, 9999]
00392839,93147,390949,356,3;[30368.79, 712, 1.0964074586596266, 0.9387218922318178, 107.33252862348635, 0.9886994229519999, 1.0056253685977408]
00392839,93147,390949,357,2;[67248.09, 1048, 1.0190884736638637, 0.9786403752383798, 46.87514911328612, 0.9926306928452561, 9999]
00392839,93147,390949,358,1;[68835, 1152, 0.9969934896770833, 0.983556287553443, 40.32549773103681, 0.9927301916612468, 1.0049638659756186]
