00555681,93049,390352,607,1;[11640, 488, 0.9756889964745048, 0.9821507796644109, 91.79349794012177, 0.9924185530793734, 1.0010750376263169]
00555681,93049,390352,607,2;[17233.579999999998, 524, 0.9080195914929273, 0.9711627201355774, 128.29889887798754, 0.9841583372122552, 0.9972112239628164]
00555681,93049,390352,607,3;[12714.970000000001, 460, 0.8883092066321079, 1.0179805067530237, 234.30480978527223, 0.9628937369076719, 1.0007008464068143]
00555681,93067,390433,109,1;[20898, 632, 0.9692057732384655, 0.9856717516604174, 122.57747745281169, 0.9884928324484206, 1.000598501352613]
00555681,93067,390433,109,2;[11885.72, 466, 0.8270535614492344, 0.9979043797476372, 276.7981546988999, 0.9716465659332272, 0.9973538369364422]
00555681,93067,390433,109,3;[13419.150000000001, 470, 0.9028175632936019, 1.0040701163956158, 245.07704570250806, 0.9673194338683011, 0.9980639902180558]
00555681,93070,390458,370,1;[13441, 522, 0.9744589205607803, 0.9671613693052694, 124.54954757274135, 0.9902210942408302, 1.0004093632540658]
00555681,93070,390458,370,2;[22895.6, 620, 0.9809232542306999, 1.0033416517602252, 283.0277485730363, 0.964736772311862, 0.9979511916802821]
00555681,93070,390458,370,3;[20829.480000000003, 544, 0.9056558580589127, 0.9776342690641848, 154.75220264342124, 0.9743910507421416, 0.9822974544514795]
00555681,93081,390537,281,1;[22901, 664, 0.9403403743703611, 0.9913930332552702, 71.87793658155375, 0.9925591557029974, 1.0032637504654678]
00555681,93081,390537,281,2;[13843.269999999999, 490, 0.9781496258848067, 0.9968442487143939, 230.04604480828073, 0.9782102024193721, 0.993382007600017]
00555681,93081,390537,281,3;[11976.54, 424, 0.8888981029775369, 0.954619024323371, 255.93067641832164, 0.9592799054887463, 1.0028679591602616]
00555681,93118,390770,233,1;[20245, 612, 0.9506521364262429, 1.0012908392768232, 106.53576053486904, 0.989563915126529, 0.9985942239869781]
00555681,93118,390770,233,2;[13546.96, 514, 0.9746259348063921, 1.0409037278915785, 291.99192150984777, 0.9670392562135735, 0.9950179180141596]
00555681,93118,390770,233,3;[19423.86, 522, 0.8876656614447288, 0.9753292645093699, 228.1446064448411, 0.9528680272965677, 0.9861927451048587]
00555681,93147,390949,349,1;[20190, 620, 0.9478108125616566, 0.9829698315970888, 60.77097596479427, 0.9932894862298636, 9999]
00555681,93147,390949,349,2;[22808.73, 614, 0.9850676638159118, 0.9965676896314862, 230.52297575573027, 0.9678918641996013, 9999]
00555681,93147,390949,349,3;[12187.52, 428, 0.8957553964204242, 0.950028916566847, 244.3125421465334, 0.959323101531043, 0.9978687605159843]
00555681,93166,391049,273,1;[17057, 568, 0.9684409893006307, 0.9887819709555438, 106.06320932067874, 0.9900432711002343, 0.9981566550604207]
00555681,93166,391049,273,2;[22020.95, 602, 0.9210772788543431, 0.9867448269002571, 168.33095435460683, 0.9759800698379327, 0.9936103951890034]
00555681,93166,391049,273,3;[13227.35, 440, 0.8778576459626662, 1.1231901396337316, 150.60292436029474, 0.9742118252322519, 1.005676787667309]
00555681,93220,391261,278,1;[12581, 536, 0.9707431575940239, 1.0595797081350211, 149.52047324943612, 0.987420175950463, 0.996672740236077]
00555681,93220,391261,278,2;[11922.609999999999, 480, 0.9448524869888756, 0.974798758839619, 293.904729417818, 0.9626620648091984, 1.0012992204677194]
00555681,93220,391261,278,3;[18826.54, 510, 0.8991516958430633, 0.9815759815205334, 197.04132298908223, 0.9576219548295898, 0.9941402011140852]
00555681,93222,391270,342,1;[12058, 542, 0.9730831925457525, 1.0425886440661232, 159.80078222693407, 0.986816241223157, 1.002327514546966]
00555681,93222,391270,342,2;[12271.279999999999, 480, 0.9455703936489323, 0.9878959935029726, 285.974511418984, 0.9674177387864838, 0.9952707267638259]
00555681,93222,391270,342,3;[20432.18, 528, 0.8965030549124713, 0.9792662169538257, 218.54984256329485, 0.9476098931914986, 0.9977588225455761]
00555681,93226,391292,460,1;[11646, 518, 0.950796928005035, 0.9660845221833053, 85.56385017546303, 0.991833042217771, 9999]
00555681,93226,391292,460,3;[13280.78, 446, 0.9104921083598864, 0.9900754744798448, 212.88459684056104, 0.9649112255604654, 0.9925258523599877]
00555681,93226,391292,461,2;[11990.439999999999, 466, 0.8657577405071204, 0.9804692827113833, 352.0928374876351, 0.9644049863909915, 0.997475622432312]
00555681,93227,391295,489,1;[12775, 540, 0.975905575657226, 1.0569047495447912, 148.9376021289525, 0.9878505366131219, 0.9956743696660302]
00555681,93227,391295,489,2;[12108.25, 472, 0.9774212688415121, 1.008029123227688, 311.71066090999267, 0.9690167083613653, 0.9971579772638182]
00555681,93227,391295,489,3;[13078.02, 438, 0.9096186485394512, 0.9874711683122263, 253.4950940705788, 0.959236124348423, 0.9989012713859676]
00555681,93228,391298,565,2;[16796.85, 532, 0.9099642313253098, 0.9650258894591403, 194.12222490484706, 0.9782843212205096, 1.0007444432627886]
00555681,93228,391298,565,3;[20184.210000000003, 532, 0.9069529312929361, 0.9745814586600985, 148.6675975280752, 0.9732274370608851, 9999]
00555681,93228,391298,566,1;[12625, 506, 1.2124269279338442, 0.9893479932067775, 88.09956088677846, 0.9930962936443575, 0.9984973109775388]
00555681,93230,391307,656,1;[11951, 498, 0.972723064097559, 0.9758993087877217, 86.08953141168057, 0.9929373350337835, 0.9999581642471657]
00555681,93230,391307,656,2;[12158.23, 500, 0.937519196084262, 0.9641750370111004, 333.0775975613755, 0.9558708468411656, 0.9951784931573564]
00555681,93230,391307,656,3;[22766.660000000003, 580, 0.9009848434466803, 0.9738100218550417, 134.2098458386221, 0.9465585661351222, 0.9735778311558967]
00555681,93245,391405,178,1;[11711, 502, 0.9461040578393785, 0.963566390363478, 105.12224592597029, 0.9890569069086278, 9999]
00555681,93245,391405,178,2;[12063.029999999999, 478, 0.9465723458037804, 0.9879359273690222, 323.9617193624763, 0.9712768622131444, 0.9982274741506647]
00555681,93245,391405,178,3;[15064.52, 466, 0.9139184137528371, 0.9875654916981513, 297.5973654407664, 0.9536324362544442, 0.9838500424998882]
00555681,93262,391480,438,1;[13188, 512, 0.9599806946008639, 1.2092321939983286, 116.1452715880175, 0.9933058994009628, 1.0092213506791659]
00555681,93262,391480,438,2;[21986.44, 598, 0.9254092038299074, 0.9876126169572115, 224.105819036517, 0.9745684499612834, 0.9983519304028314]
00555681,93262,391480,438,3;[15838.570000000002, 478, 0.9069157555367751, 0.976996006878096, 285.36012298798323, 0.9475234885770928, 0.9908296194720604]
00555681,93329,391877,149,1;[20393, 618, 0.9778150909523704, 0.8333023206495186, 75.4612385170111, 0.9924867365413359, 1.0011291114383898]
00555681,93329,391877,149,2;[11936.89, 474, 0.9490923029609081, 1.1061803090240736, 229.92828350287812, 0.9810870700734597, 9999]
00555681,93329,391877,149,3;[22873.52, 564, 0.8834766981308562, 0.9646570767901074, 217.7380268309709, 0.9050827014092078, 1.0016197732317476]
00555681,93384,392077,283,1;[11975, 514, 0.9678524992371644, 0.9837755993909645, 91.24653728906195, 0.9911856918821184, 9999]
00555681,93384,392077,283,2;[11919.039999999999, 502, 0.9396304864527861, 0.9679626002009885, 319.7415338443971, 0.9566078070475006, 0.9948351211760031]
00555681,93384,392077,283,3;[12817.720000000001, 442, 0.8926424392122811, 0.9755153183039017, 266.26500952213433, 0.9658643121932582, 0.9960608964122218]
00555681,93387,392102,566,1;[23181, 682, 0.9817128288116058, 0.837329401664811, 105.955649364386, 0.9896772283997226, 0.9829955050462217]
00555681,93387,392102,566,2;[12717.529999999999, 506, 0.9608533204663734, 1.0022156852956496, 309.0213754420878, 0.9603402965245473, 9999]
00555681,93387,392102,566,3;[12066.960000000001, 444, 0.887758282860456, 0.9408699439785155, 275.893419298858, 0.9683653758816366, 0.9941309255079007]
00023698,93080,390528,134,1;[36900, 898, 0.9978155479327312, 1.0259673944738459, 89.73238912855744, 0.9929930238391793, 0.9837638966648005]
00023698,93080,390528,134,2;[39364.009999999995, 820, 1.0504391901326098, 1.022399976459444, 131.86334323534342, 0.9822628171354302, 1.0140555785472325]
00023698,93080,390528,134,3;[55474.04, 910, 1.2348669144335471, 0.954528904486548, 84.48481776732575, 0.9923977465338607, 26994.666666666668]
00023698,93244,391403,53,2;[43991.92, 860, 1.0139415938895173, 1.0212939734954087, 88.72411398565121, 0.9915332214735743, 9999]
00023698,93244,391403,54,1;[45368, 944, 1.0138822074695624, 0.9740646097252217, 57.91967425793741, 0.993886083647604, 1.000099198694986]
00023698,93244,391403,55,3;[38692.91, 766, 1.0128055678324268, 1.0020142613457823, 123.04365198080062, 0.9864740144323954, 0.9985680697226298]
00023892,93026,390259,210,1;[115384, 1676, 0.9705763288702812, 0.9705763288702812, 27.44450635858385, 0.9967809945790217, 0.9971869206936336]
00023892,93026,390259,211,2;[117053.15999999999, 1570, 1.0149650236071255, 0.9746772383627069, 32.01824097753799, 0.9959190027831599, 0.996711876257112]
00023892,93026,390259,211,3;[116700.71, 1438, 1.0186254340279237, 0.9437976061425024, 56.93241554978748, 0.9908537816795847, 9999]
00023892,93026,390259,212,1;[115337, 1664, 0.9804131521278897, 0.9889032468085639, 29.32303153461915, 0.9964262448288627, 0.9924920079683675]
00023892,93026,390259,212,2;[117691.0, 1554, 1.014747909288223, 0.9808503008994244, 33.38817836122004, 0.9959185983378324, 9999]
00023892,93026,390259,212,3;[114356.64000000001, 1394, 1.0039062202291396, 0.9507977939312924, 37.10296143051946, 0.9936297065684685, 9999]
00023892,93026,390259,214,1;[120043, 1634, 1.0032661182443197, 0.9887838124952426, 22.927187669422857, 0.9969424029558446, 0.9982495311986761]
00023892,93026,390259,215,3;[114305.95000000001, 1398, 1.010278510246198, 0.9543713578041263, 39.13504025500448, 0.9933049493998183, 9999]
00023892,93026,390259,216,2;[116758.04, 1568, 1.0123332269148082, 0.98091887278259, 29.98789604125521, 0.996023856518871, 0.9963240520725442]
00023892,93049,390350,751,2;[112488.31999999999, 1480, 0.9848740726439702, 0.9929826624223882, 26.49613653842162, 0.9961483784872827, 9999]
00023892,93049,390350,752,3;[118309.09000000001, 1532, 1.0130833231157215, 0.9721992345752148, 59.29260583943325, 0.9911236827270111, 9999]
00023892,93049,390350,753,1;[115862, 1658, 0.9829469492684024, 0.9978529551266063, 24.60371064380052, 0.9960469422803894, 0.9909383646292598]
00023892,93049,390350,756,2;[116076.17, 1538, 1.0085478725212538, 0.9927081192712227, 43.37188848757056, 0.9943862237694245, 9999]
00023892,93049,390350,756,3;[117833.70000000001, 1382, 1.047327962051423, 0.9430491915437306, 103.28006889242694, 0.9876476852572468, 0.9989779088945155]
00023892,93049,390350,757,1;[119330, 1636, 1.0075125795868425, 0.9942916148693116, 29.0029681718026, 0.9953227996444487, 9999]
00023892,93049,390350,758,3;[117121.3, 1400, 1.030931342867741, 0.9719735434960686, 74.73251000866165, 0.9910807744684849, 9999]
00023892,93049,390350,760,1;[119412, 1684, 1.0004737661313214, 0.9880028410604836, 28.934950571560975, 0.9954903479060804, 0.999870214146658]
00023892,93049,390350,760,2;[117228.09, 1564, 1.0405712513178689, 0.9825036010815462, 94.58212834702178, 0.9879751501300211, 0.9954779023530066]
00023892,93049,390350,761,1;[115473, 1576, 0.991677529821298, 0.9926776955103828, 36.86362273631874, 0.9942467519164607, 1.0014917476864902]
00023892,93049,390350,763,2;[118247.92, 1546, 1.0345050869305332, 0.994516715150005, 59.95186314319832, 0.9908730469999921, 9999]
00023892,93049,390350,763,3;[118310.46, 1494, 1.0361395917367435, 0.9712337522244107, 108.28824339469637, 0.9843328979744623, 0.9939059128182995]
00023892,93049,390350,766,1;[116227, 1652, 0.9751026370807013, 0.9892795240401203, 27.456611617824382, 0.9965442441576506, 0.9924685549359998]
00023892,93049,390350,767,3;[117711.77, 1466, 1.0214023858039325, 0.9691685127209577, 43.76655418360943, 0.9929606828812833, 10740.125]
00023892,93049,390350,769,2;[117706.47, 1490, 1.0202549609913965, 0.9997484379105231, 29.963769686372082, 0.995278891855519, 9999]
00023892,93049,390350,770,1;[117114, 1588, 1.0024585818836231, 0.9928265580916606, 32.869004539460455, 0.9955113006843905, 9999]
00023892,93049,390350,770,3;[118395.40000000001, 1410, 1.0424963099943128, 0.9275135170288007, 78.28360049762023, 0.9922517167138535, 9999]
00023892,93049,390350,773,2;[114238.81, 1522, 1.0044227657496143, 0.986742260703326, 36.17136856988099, 0.9948063335800724, 9999]
00023892,93099,390646,1221,2;[114072.20999999999, 1486, 1.0090858747803573, 0.9867088647928606, 38.53013999163804, 0.9934468550222741, 9999]
00023892,93099,390646,1222,1;[115757, 1704, 0.9986716907804245, 0.9931340390066832, 35.39650912607604, 0.9961712619634862, 0.989105543782897]
00023892,93099,390646,1222,3;[117585.73000000001, 1392, 1.1323117391248805, 0.9651113997953958, 50.31573890807299, 0.9940088735414381, 9999]
00023892,93103,390673,1487,1;[118131, 1640, 0.9941992381714719, 0.9832364950716539, 24.18140079113889, 0.9967673469878491, 0.9975637458357788]
00023892,93103,390673,1488,3;[117951.52, 1364, 1.034720293021279, 0.9614925636421753, 96.22023479779668, 0.98528403584093, 0.9961010262284081]
00023892,93103,390673,1489,2;[116541.45999999999, 1546, 1.014966414714585, 0.992022459678374, 40.09946663942671, 0.9947342202306876, 0.9929282227280332]
00023892,93103,390673,1491,2;[120403.01, 1514, 1.0503891899546012, 0.9843946252209498, 113.66690920960296, 0.984839104179109, 9999]
00023892,93103,390673,1492,1;[114627, 1678, 0.9987680845865211, 0.9924709850319351, 45.564953524898826, 0.9946129103177113, 0.9927122981592382]
00023892,93103,390673,1492,3;[112581.12000000001, 1362, 1.004285977747245, 0.9649001229124898, 31.23126453415144, 0.9956981357234577, 9999]
00023892,93103,390673,1495,2;[114817.15, 1510, 0.9930315460441014, 0.9870770259924616, 31.546042712339776, 0.9947702350629656, 9999]
00023892,93103,390673,1497,3;[113548.34000000001, 1404, 1.0054351093309934, 0.960491452600365, 28.91913419738997, 0.9948299282430487, 9999]
00023892,93103,390673,1498,1;[116314, 1654, 0.989772517025471, 0.9913499174139772, 25.89202116124958, 0.9956881817830718, 0.9948765321221763]
00023892,93103,390673,1499,1;[115761, 1706, 0.9962542217613665, 0.9812057965453727, 38.26655464467754, 0.9959036968410945, 0.9896936302274583]
00023892,93103,390673,1499,3;[117251.45000000001, 1500, 1.0242496834682837, 0.9748615169204323, 53.78139989410666, 0.9908513476631625, 34234.0]
00023892,93103,390673,1500,2;[113904.42, 1520, 1.0033341804562999, 0.9866325509813356, 31.931454020851525, 0.9944117262205622, 0.9918501209788144]
00023892,93122,390798,1587,3;[117843.29000000001, 1442, 1.0406381091708652, 0.97290517790024, 111.87571133625764, 0.982512094931687, 0.9956477955389904]
00023892,93122,390798,1589,1;[115972, 1698, 0.9778822539189395, 0.9908134710763481, 20.37117655163161, 0.9968449509462828, 0.9941706957446079]
00023892,93122,390798,1589,2;[117505.36, 1504, 1.0292453359150497, 0.9978651105229204, 41.27597117489877, 0.9945531923571351, 9999]
00023892,93122,390798,1590,1;[114476, 1708, 0.9714008354292216, 0.9792266459744134, 31.895664856885332, 0.9963746613606888, 0.9873600048300221]
00023892,93122,390798,1590,2;[115546.62, 1446, 1.0044099548766843, 0.9937778684089924, 34.96544073137213, 0.9941037791054449, 9999]
00023892,93122,390798,1592,3;[117977.55, 1424, 1.0384956777881869, 0.9582881772027657, 51.69301507743181, 0.993571167624946, 172230.0]
00023892,93139,390920,17,2;[116130.90999999999, 1510, 0.9981631323817355, 0.9808162066148503, 32.268889709424414, 0.993887002655094, 0.9946034641785189]
00023892,93139,390920,17,3;[117082.94, 1368, 1.01704474354301, 0.9629625559037094, 53.25214145749839, 0.9925764721536028, 9999]
00023892,93139,390920,18,1;[114291, 1656, 0.9814575364939319, 0.9959018721886728, 30.733984173391054, 0.9957475714305857, 0.9944271152817112]
00023892,93139,390920,19,1;[117141, 1708, 1.0011284673044343, 0.9784178992053928, 59.47460187917027, 0.9921109682880714, 0.9933264364697103]
00023892,93139,390920,20,3;[118051.53000000001, 1470, 1.0213625513322462, 0.9716452290970454, 85.44257796364806, 0.9849400431888099, 9999]
00023892,93139,390920,21,2;[115941.7, 1478, 1.0067750976010585, 0.9966286729292532, 25.270836994108723, 0.9955051948918705, 1.001742742428838]
00023892,93166,391047,301,1;[119197, 1602, 0.9934559797032223, 0.9948353663934025, 20.712104405988043, 0.9968702647084702, 0.9987055043296481]
00023892,93166,391047,301,2;[116151.14, 1540, 1.0002683910551358, 0.9928704150270152, 33.4848806094114, 0.9948215854848882, 9999]
00023892,93166,391047,303,3;[118637.89000000001, 1398, 1.0223579081250327, 0.9703534494557088, 42.23273852076505, 0.9934911546531924, 9999]
00023892,93166,391047,304,1;[117753, 1622, 0.9772164352433422, 0.9958620833402838, 25.766315361363983, 0.9967860458868003, 0.9972686967237064]
00023892,93166,391047,305,2;[117093.62, 1536, 1.002178459818774, 0.997850638667676, 24.4138911119299, 0.9964615269265222, 1.000127051242307]
00023892,93166,391047,305,3;[119032.45000000001, 1370, 1.0183846266174685, 0.9748323649170428, 37.875699129217296, 0.9947455224370897, 2199.6202531645567]
00023892,93166,391047,307,2;[115370.5, 1528, 1.0058060097422366, 0.9895282762600829, 39.93207841576104, 0.9944151817445519, 9999]
00023892,93166,391047,308,1;[115460, 1682, 0.9960968642594321, 0.9954651582763876, 40.582903883813906, 0.9951983391381567, 0.9932470213772635]
00023892,93166,391047,308,3;[118877.64000000001, 1454, 1.017150500848034, 0.9733966928934351, 36.44529966828555, 0.9937569319287601, 1324.7633587786258]
00023892,93166,391047,309,1;[119716, 1620, 1.0322619672169577, 0.9876387315526259, 46.38197855060344, 0.9944067144527013, 0.999419796219075]
00023892,93166,391047,309,2;[115416.90999999999, 1496, 1.0140101989435855, 0.9782871975660953, 49.76970517264166, 0.9923215994050387, 9999]
00023892,93166,391047,310,3;[117396.67000000001, 1446, 1.0322636927019022, 0.9549682020607355, 42.6314536599798, 0.9954496600959517, 9999]
00023892,93166,391047,312,2;[119097.58, 1476, 1.0286965797742729, 0.9766518066581236, 64.13464440773701, 0.9901136968339167, 100082.0]
00023892,93166,391047,313,1;[120302, 1688, 1.021004314514589, 0.9866737636844082, 42.55555215394716, 0.9931729686905908, 0.9957002685780263]
00023892,93166,391047,313,3;[119017.38, 1408, 1.0256435421473993, 0.9687818342517958, 44.27779058241403, 0.9929874755115312, 24821.14285714286]
00023892,93166,391047,315,1;[117580, 1706, 0.9911475015587408, 0.9998940038735258, 31.46718806602632, 0.9964770636421072, 0.9924037812288994]
00023892,93166,391047,315,2;[119473.62, 1562, 1.0290292751963206, 0.976969826578464, 59.39391504055549, 0.9910613417632356, 9999]
00023892,93166,391047,315,3;[120414.78000000001, 1524, 1.0420803432332637, 0.9716719340706381, 114.80932319891738, 0.9838297153742086, 0.9968696835658387]
00023892,93265,391506,609,1;[120450, 1668, 1.0130823848066772, 0.9934285035407959, 28.081715577593773, 0.9950777124707098, 9999]
00023892,93265,391506,609,3;[119976.38, 1438, 1.0627480642574758, 0.9590433977019611, 126.38952663022229, 0.9846962103710577, 0.99012968218255]
00023892,93265,391506,610,2;[119833.0, 1508, 1.0279624297293433, 0.9939602657133225, 34.05485042585448, 0.9943307197997148, 0.9989534301203803]
00023892,93265,391506,611,3;[119896.92000000001, 1368, 1.0267371543472592, 0.9680652141772095, 60.138477372720004, 0.9910185054986551, 175032.0]
00023892,93265,391506,612,2;[116885.37, 1548, 1.0145783774572443, 0.9803564738122116, 29.62078944142632, 0.9948200399301197, 9999]
00023892,93265,391506,613,1;[114481, 1610, 0.9955593575803238, 0.9902087238335712, 36.759064237107594, 0.9944111491071127, 0.9902515396858349]
00023892,93329,391882,87,1;[118271, 1616, 1.0194271800477344, 0.9951980347867928, 37.73351695185407, 0.9949972892828642, 0.9989948475377988]
00023892,93329,391882,87,2;[111247.15, 1430, 0.9892958805203751, 0.987969527216751, 25.62743346510477, 0.9960790202361292, 9999]
00023892,93329,391882,87,3;[115923.92000000001, 1414, 1.0215942370198658, 0.9563196493174627, 47.010858776237484, 0.9953242287886229, 9999]
00023892,93329,391882,89,1;[114628, 1672, 0.9914825066265023, 0.992449732020601, 46.0862142629913, 0.9941192467786226, 0.9939475920434248]
00023892,93329,391882,89,3;[114667.63, 1414, 1.0167941706478845, 0.9529070402788227, 69.36194070195396, 0.9896615259912896, 0.9922821576763485]
00023892,93329,391882,90,2;[116098.78, 1540, 1.024478526931865, 0.9929498654533664, 58.7047229351499, 0.9922725834272821, 9999]
00023892,93329,391882,92,2;[114627.93999999999, 1522, 1.0073552101636527, 0.9847883422105579, 36.85985021329225, 0.9940911230252352, 0.9904477918873066]
00023892,93329,391882,92,3;[114493.64000000001, 1356, 1.0098884038015559, 0.9575393429604518, 53.70771228318953, 0.9928164272628103, 9999]
00023892,93329,391882,93,1;[115389, 1646, 0.9791536811644996, 0.9912072497007227, 30.555962129969355, 0.9961549890584726, 0.995354855405318]
00023892,93329,391882,94,1;[116973, 1592, 0.994606233216065, 0.9965614043713638, 34.71012332712566, 0.9946580766084038, 0.9999615310636661]
00023892,93329,391882,94,2;[112866.73999999999, 1496, 1.003006582190011, 0.9923183925625743, 26.138494257660792, 0.99570058885804, 9999]
00023892,93329,391882,94,3;[114433.36000000002, 1410, 1.0214616209838423, 0.9517095185099957, 73.57692311392724, 0.9894936176987641, 0.990536726513768]
00023892,93329,391882,96,1;[115407, 1632, 0.9872182726007631, 0.9927104473525977, 23.989429741072772, 0.9960868400620199, 0.996795591563164]
00023892,93329,391882,96,2;[113005.97, 1516, 0.9882006017804126, 0.9825266807640969, 27.477798069064683, 0.9957344812378607, 0.9942780561096016]
00023892,93329,391882,96,3;[117169.25000000001, 1434, 1.0569068397282255, 0.9348208440309685, 110.45560734956277, 0.9883416942725053, 9999]
00023892,93329,391882,99,1;[118266, 1608, 1.0340711010663866, 0.9901960891665134, 40.350390802242764, 0.9941750124012475, 0.995743928467688]
00023892,93329,391882,99,2;[114010.33, 1524, 1.0088953795511193, 0.9873587254334197, 27.375748128469997, 0.9954495918170748, 9999]
00023892,93329,391882,99,3;[113752.47000000002, 1336, 1.0058340005280906, 0.9771892906538502, 25.640739364499375, 0.99607581804577, 9999]
00023892,93377,392048,3,3;[118466.64000000001, 1406, 1.047556527781869, 0.9626297559970822, 107.28162349534367, 0.988306503325163, 9999]
00023892,93377,392048,4,1;[118492, 1724, 0.9863208326474601, 0.9986424630954116, 19.764201178268063, 0.9967779664001932, 0.982353745839223]
00023892,93377,392048,4,2;[116322.5, 1540, 1.0024661578187861, 0.9812524545754474, 28.71243987076844, 0.9953319054134065, 9999]
00023892,93377,392048,5,1;[112681, 1604, 0.9750116024793062, 0.9728192778387952, 30.87669786078407, 0.9962903174522396, 0.9869450782375636]
00023892,93377,392048,5,2;[117476.79999999999, 1468, 1.0128946844061226, 0.9826118107683158, 31.69563920609115, 0.9953051589361018, 9999]
00023892,93377,392048,5,3;[119291.38, 1442, 1.0494193382007337, 0.9224995551443748, 90.97954973781846, 0.9914184377585706, 9999]
00023892,93377,392048,8,2;[114999.22, 1520, 1.0070723933409482, 0.9772014446917673, 55.95936210100426, 0.9911467610708359, 1.0000983146794165]
00023892,93377,392048,8,3;[115359.48000000001, 1394, 1.0261842013140077, 0.9530082855170431, 74.80732270330151, 0.9887307322964278, 9999]
00023892,93377,392048,9,1;[115825, 1638, 0.9752674514762388, 0.977930434245964, 26.59457846165895, 0.9966290836236483, 0.9829547624402228]
00667080,93119,390779,234,2;[52482.57, 934, 0.8120319422146413, 0.995009378246198, 414.1939952930315, 0.8968099207531719, 1.0025915569801542]
00667080,93119,390779,235,1;[48569, 980, 0.8502575073539158, 0.998718996061375, 145.11045831827414, 0.9528674926904621, 0.9872550613871046]
00667080,93119,390779,235,3;[51520.22, 874, 0.8122372760501513, 0.9878581279214472, 319.70559087932094, 0.8819130113776171, 1.0019449551061732]
00667080,93129,390842,448,1;[33324, 950, 0.8222777256392566, 1.0270410636752325, 222.28538364545494, 0.9260597031028583, 0.8432933078587426]
00667080,93129,390842,448,2;[49807.45, 912, 0.8365344655942039, 0.9887637053500329, 380.1399430324696, 0.8871661158660363, 1.0012678819195253]
00667080,93129,390842,449,3;[48717.200000000004, 856, 0.8062569808485749, 0.9509422002370511, 421.1111742241931, 0.8775891257840812, 1.000985221674877]
00667080,93137,390903,980,1;[51589, 1020, 0.8199553714963116, 1.0401087168683243, 197.4306109639227, 0.9114687936013671, 0.9976310878624677]
00667080,93137,390903,980,2;[48988.729999999996, 938, 0.8072206681309155, 1.012131892420458, 407.33809636392346, 0.8460158700859902, 9999]
00667080,93137,390903,980,3;[31985.390000000003, 788, 0.8287804110034043, 0.9060326069210708, 403.80119252985503, 0.9433430947523924, 0.9538342117089512]
00667080,93137,390903,982,1;[53030, 1040, 0.8287784104514743, 1.0612139622008219, 203.1470218853892, 0.9148997157285669, 0.9983621062936536]
00667080,93137,390903,982,2;[52232.67, 952, 0.8148151554296329, 0.9520498610024368, 522.2605315244143, 0.8652540172019891, 1.0018030766421693]
00667080,93137,390903,983,3;[52375.100000000006, 886, 0.8096593347777277, 0.9152979328971668, 500.28101247801885, 0.8663160175421711, 1.00130958617077]
00667080,93262,391480,273,1;[49548, 1038, 0.831936021659343, 1.0281779915421925, 135.58267508898007, 0.902943380982033, 0.9912871247511679]
00667080,93262,391480,273,2;[51513.909999999996, 928, 0.8323632762596228, 1.0652323961611836, 225.2230540096987, 0.9318628238798456, 1.0031864477480505]
00667080,93262,391480,274,3;[49183.00000000001, 836, 0.809892045000606, 0.9512675736451524, 502.1961570885086, 0.8349699637625221, 1.0039009521678948]
00667080,93262,391480,275,1;[43326, 964, 0.8417179076351627, 0.9538200192217086, 277.5394137665176, 0.9452127639126651, 0.9637530446775144]
00667080,93262,391480,276,3;[51812.030000000006, 896, 0.7805638277162279, 0.8811636251841274, 511.41340051296, 0.9349453702861272, 0.9987719692067978]
00667080,93262,391480,277,2;[47553.59, 958, 0.8169273056228943, 1.009136971520088, 482.59646682946556, 0.9437624543443945, 0.9987628247585009]
00667080,93264,391493,515,1;[51249, 1032, 0.8468777954886039, 1.0296884713168044, 134.0656664373844, 0.9368263951039683, 0.999337012265273]
00667080,93264,391493,515,3;[50561.22, 866, 0.7995544317731142, 0.9681833056222329, 503.44945162654585, 0.8295885509869044, 9999]
00667080,93264,391493,516,2;[42450.869999999995, 886, 0.8169289731603924, 1.0145190787486202, 328.82238228126175, 0.9459077035568841, 9999]
00667080,93341,391959,88,1;[51434, 1028, 0.834276674624651, 1.0508651988184556, 134.05512770117613, 0.9197550763766918, 1.0012458633443644]
00667080,93341,391959,88,2;[30513.98, 776, 0.8557502921511487, 0.9378055172508986, 441.63389456885557, 0.9332946550801806, 0.9984230507154678]
00667080,93341,391959,88,3;[51614.75000000001, 848, 0.8181042804643891, 0.971408620502139, 333.3117810373151, 0.8676002700906257, 1.0033155350794263]
02011239,93051,390358,939,1;[116627, 1616, 1.226767054368351, 0.7894687830108843, 532.2675009887437, 0.9050921283062553, 0.9979207666638145]
02011239,93051,390358,940,2;[117272.12, 1552, 1.3092563299230477, 0.6068035466539268, 1228.139150718081, 0.8174875198029596, 1.0004923882862349]
02011239,93051,390358,940,3;[115392.36000000002, 1382, 1.318292950488103, 0.6057554136872206, 1168.9718829789124, 0.8214685434610559, 0.9951617190961454]
02011239,93067,390431,80,1;[118920, 1686, 1.2542632538325544, 0.7423580549697025, 569.507972460711, 0.9015609841400498, 0.9991975835080305]
02011239,93067,390431,80,2;[118553.75, 1466, 1.357853043853108, 0.531559173981394, 1633.6718951822672, 0.7669681218218305, 1.0011808155164184]
02011239,93067,390431,80,3;[118391.29000000001, 1452, 1.356266852165266, 0.5166416962040419, 1919.7424933362652, 0.746146720538869, 0.9946822592341072]
02011239,93067,390431,82,1;[118641, 1708, 1.2449748672074326, 0.7181549743029295, 893.282505245612, 0.8829947529564313, 0.9961502777089745]
02011239,93067,390431,82,2;[119248.70999999999, 1564, 1.3446848026017544, 0.5648885938993163, 1580.933163534961, 0.7894495725574902, 0.995040140603822]
02011239,93067,390431,82,3;[119714.71, 1434, 1.3542826948477997, 0.526979916014058, 2056.993155723269, 0.7251234012138238, 0.9949672644463422]
02011239,93096,390617,985,1;[116692, 1658, 1.24249198816296, 0.808200761305186, 593.4487026027602, 0.8906043572037874, 0.9970990716174705]
02011239,93096,390617,985,3;[115455.38, 1418, 1.3282275388581455, 0.6374442312904417, 1521.3487987242136, 0.7646659289135507, 0.9979868315096395]
02011239,93096,390617,986,2;[117091.23999999999, 1448, 1.3084930659141252, 0.6856419639128749, 1196.286329035447, 0.797253268629796, 1.0005084090862872]
02011239,93139,390919,102,1;[117379, 1712, 1.2282330911093862, 0.8078462631369242, 796.7003448656235, 0.8873595373247152, 0.9936678320790335]
02011239,93139,390919,102,2;[119220.15, 1512, 1.3770401088012958, 0.5089472011458898, 2095.068297686564, 0.7324270604301623, 0.9965384500611739]
02011239,93139,390919,102,3;[117903.57, 1412, 1.328656210046723, 0.5504035843614692, 1529.9069438810973, 0.7524930977388753, 0.9987698306776376]
02011239,93148,390958,452,1;[120294, 1614, 1.3278159476202218, 0.6225550249135221, 1261.0238793044919, 0.8281432758629721, 1.0027006751687921]
02011239,93148,390958,452,2;[116936.54, 1552, 1.321941468035762, 0.5742586742951914, 1317.463211886172, 0.8025810084082484, 0.9964407759311275]
02011239,93148,390958,452,3;[118457.05, 1462, 1.3390552445604098, 0.5392057778748746, 1591.021355224359, 0.7571806126754217, 0.9930116510763894]
02011239,93174,391097,944,1;[115789, 1634, 1.2360602781567875, 0.8085765807006626, 672.0021418727636, 0.9007379482195105, 0.9966731367629147]
02011239,93174,391097,944,2;[114926.62999999999, 1510, 1.3172811742534574, 0.6155551151938757, 1127.705228653941, 0.829468573790128, 0.9990379642081307]
02011239,93174,391097,944,3;[114674.48000000001, 1340, 1.3182123949532747, 0.6040507108458479, 1368.6495021835508, 0.803896915688656, 0.997194407877102]
02011239,93260,391459,220,1;[117062, 1700, 1.2413619639702593, 0.8204951892970752, 811.6401863374552, 0.885596061152482, 0.9971209540034072]
02011239,93260,391459,220,2;[115490.68999999999, 1464, 1.303444379783877, 0.6934132068266222, 1109.904663449888, 0.8164462635119065, 1.0005928232304226]
02011239,93260,391459,220,3;[118018.65000000001, 1430, 1.3548914329395276, 0.5815690308035358, 1793.5499390521295, 0.718576095141085, 0.9962472316828477]
02011239,93331,391886,298,1;[115718, 1646, 1.2205921459485618, 0.776693578962552, 697.2344406097402, 0.8936117073027604, 0.9979087706589744]
02011239,93331,391886,298,2;[117548.2, 1516, 1.3756616519061167, 0.5263497741207048, 2075.71238533834, 0.7315982624785673, 0.9965245726334054]
02011239,93331,391886,298,3;[118015.91, 1438, 1.3613632176448651, 0.5285279880511179, 2108.9797357386424, 0.7677025621574034, 0.9949181710035457]
02011239,93384,392075,333,1;[118950, 1684, 1.2319641615433563, 0.7375010922312449, 791.620269400836, 0.8865421919322041, 0.9976390467284233]
02011239,93384,392075,333,2;[120223.31999999999, 1582, 1.3319880322540039, 0.576774218032224, 1347.0331949162971, 0.8118873856839522, 0.9940374284196234]
02011239,93384,392075,334,3;[118057.01000000001, 1356, 1.2886390062202722, 0.648564078171752, 1157.7760607880286, 0.8337871472995934, 1.001016431338611]
02011239,93384,392075,336,3;[119116.02, 1420, 1.302945538818725, 0.5854081184562107, 1263.462135025676, 0.8089841962454187, 0.9971729219829687]
02011239,93384,392075,337,1;[118922, 1740, 1.2492116154755224, 0.7638034722072186, 859.3511361250377, 0.8920772312301488, 0.9940235880204285]
02011239,93384,392075,337,2;[117304.25, 1536, 1.3201723334547275, 0.6181872204919716, 1179.1622391595006, 0.8197647229250431, 0.9941004437273094]
