02395479,93026,390254,244,1;[75827, 1322, 0.882696554474775, 1.0563956048482606, 80.00850100619643, 0.9722387121831907, 1.0033809041768391]
02395479,93026,390254,244,2;[69744.70999999999, 1212, 0.875563678992656, 1.1084160215019876, 176.8979952573428, 0.9743579469054329, 1.0075901491382644]
02395479,93026,390254,245,3;[77417.33, 1068, 0.8782885777673182, 1.0173715902095444, 277.1721528340952, 0.9636436088997413, 1.0067611505536305]
02395479,93026,390254,248,1;[78685, 1254, 0.8793035375490338, 1.066471434642256, 92.08816301153571, 0.9819434707885347, 1.0085816280098185]
02395479,93026,390254,248,2;[80558.23999999999, 1178, 0.877118170632061, 1.0237169777032396, 326.731103440689, 0.9471373575181025, 1.0056375480008617]
02395479,93026,390254,249,3;[80888.91, 1130, 0.8749809101390543, 1.0068340642666516, 264.6112332074355, 0.9671169185120169, 1.0037741622889784]
02395479,93028,390276,377,1;[78855, 1310, 0.8814219055445979, 1.0459468753196193, 83.21781063001805, 0.9807137945679979, 1.0062913146678236]
02395479,93028,390276,377,2;[71599.92, 1184, 0.8774803002012765, 1.0796400975857348, 302.2720990331181, 0.9582495458365335, 1.0074595001883713]
02395479,93028,390276,377,3;[70096.05, 1060, 0.8758163855316058, 0.9785964150386715, 148.27461492165915, 0.9738734945691061, 1.0029599717724547]
02395479,93028,390276,379,1;[79421, 1298, 0.8675352044782455, 1.0799699119171302, 105.48172521625753, 0.9811607850576307, 1.0081429813593639]
02395479,93028,390276,380,2;[67173.12, 1144, 0.8728960871979103, 1.0437866704692942, 216.5659017593766, 0.9629185811359094, 1.000913177236176]
02395479,93028,390276,381,3;[76961.12000000001, 1082, 0.8768125717751759, 0.9873394863537116, 142.50583210476677, 0.972404376023192, 1.003456437279507]
02395479,93048,390341,716,1;[78779, 1270, 0.8748836695091089, 1.1578316345490793, 89.81138032008741, 0.9832817138186685, 1.0087973159862726]
02395479,93048,390341,716,3;[77295.40000000001, 1090, 0.8767396835469762, 0.9695389471930134, 170.53411850975206, 0.9695279398042145, 1.004370310372144]
02395479,93048,390341,718,2;[78495.97, 1170, 0.8802654230962207, 1.0384641930210905, 149.4274470341611, 0.9721824581778938, 0.9916191249314121]
02395479,93051,390364,910,1;[68854, 1236, 0.8823457464689104, 1.0318144357589596, 100.17212261715471, 0.9809815528514558, 1.0060417442888347]
02395479,93051,390364,910,3;[70331.69, 1134, 0.8744872082382935, 1.1144853634567706, 151.78143277922516, 0.9806429712845375, 0.9998247185759358]
02395479,93051,390364,912,2;[75209.19, 1122, 0.8833365537898622, 1.0200231485551412, 139.36193304643785, 0.9721508706616263, 1.008553418973909]
02395479,93057,390392,625,2;[79238.53, 1150, 0.8731222342825861, 1.040746883753381, 356.28506544933344, 0.9391616059157826, 1.0067660021620968]
02395479,93057,390392,625,3;[75219.85, 1086, 0.8603360019825533, 1.0269335127947261, 229.69170741970018, 0.961941540267052, 1.0045098200645828]
02395479,93057,390392,626,1;[81002, 1346, 0.8804314143817078, 1.0244010715738288, 86.33678627539959, 0.9784244534598306, 1.0034935579781963]
02395479,93057,390392,627,1;[73015, 1302, 0.8826639504511089, 1.0901962513043963, 177.14008888594228, 0.977341150635305, 1.005827088384395]
02395479,93057,390392,627,3;[75026.68000000001, 1120, 0.8690168569248465, 1.0371064661902958, 230.08316847999424, 0.9732068748378213, 1.0010419141974518]
02395479,93057,390392,628,2;[80766.48999999999, 1218, 0.876991878721648, 1.041203207715389, 346.26250483247543, 0.9473493937267914, 1.0051017008137546]
02395479,93057,390392,631,3;[70696.11, 1034, 0.868699886422785, 1.011846251898516, 214.15510556690242, 0.9643526128948252, 1.002584029531766]
02395479,93057,390392,632,1;[70296, 1278, 0.8752526664378651, 1.1032672986175165, 158.217032963259, 0.9786182381224352, 1.0055141931469522]
02395479,93057,390392,633,2;[80374.98, 1196, 0.8774591129093493, 1.0200953431026878, 246.54401296860303, 0.9545409670685009, 0.9963710391219684]
02395479,93064,390419,1223,2;[71720.11, 1238, 0.8821368940985522, 1.1348962800879967, 257.53382295412393, 0.970324766814097, 1.0084836518188816]
02395479,93064,390419,1224,1;[76876, 1284, 0.8835800186498467, 1.0439137845814843, 88.91604534461109, 0.9699403653893691, 1.0062106110482123]
02395479,93064,390419,1224,3;[67424.55, 1140, 0.870019872163816, 1.0072092948463456, 199.5785143998309, 0.9747128418614002, 0.9976283142787643]
02395479,93074,390487,426,1;[81102, 1336, 0.8906572207923662, 1.0412695154075573, 117.65656899509496, 0.9687668677451272, 0.9999691755697896]
02395479,93074,390487,426,2;[71138.2, 1120, 0.8805623628650336, 1.0276914125817669, 300.0834444096458, 0.9509169342330094, 1.0070754716981132]
02395479,93074,390487,426,3;[72175.71, 1146, 0.8690720750067765, 1.0819830161426363, 217.98103961024765, 0.9745090972146081, 1.0004557625477126]
02395479,93093,390601,838,1;[81419, 1314, 0.8746787435168093, 1.0905597568712018, 108.6904961723121, 0.9828681373166984, 1.004292533705024]
02395479,93093,390601,838,3;[79062.70000000001, 1126, 0.8650501147470804, 1.0394228418430287, 182.70724856718996, 0.9706476508384584, 1.0013360401159057]
02395479,93093,390601,839,2;[72453.15, 1226, 0.886239636578495, 1.1024693881450645, 266.98224768063454, 0.9681198584267381, 1.0047029702970296]
02395479,93096,390618,918,2;[68115.59999999999, 1160, 0.8852091017889382, 1.0589992074360823, 227.29818730893084, 0.9615396462615787, 1.000848028116066]
02395479,93096,390618,918,3;[68739.75, 1102, 0.8704824746046417, 1.035633150452065, 190.23415296465672, 0.9663542892901599, 0.997108534295168]
02395479,93096,390618,919,1;[74887, 1276, 0.881077275761542, 1.126221428196626, 88.88741858052495, 0.9808254608342014, 1.0049585667796155]
02395479,93096,390622,920,2;[78088.98999999999, 1172, 0.8867876212734477, 1.0441819459527473, 194.3607508636352, 0.9637985403130896, 1.005169759587032]
02395479,93096,390622,921,1;[70986, 1220, 0.8821805313518194, 1.107848519690572, 101.10880580399194, 0.9814403315482765, 1.0045994254256239]
02395479,93096,390622,922,3;[69601.48000000001, 1026, 0.8768213495239504, 1.004090316375309, 159.0929351719449, 0.9735401051743846, 1.0048358864308389]
02395479,93096,390622,923,3;[80531.34000000001, 1108, 0.8786779510572829, 0.9979890377854922, 153.82734446895014, 0.9708600633764105, 1.0046659488283853]
02395479,93096,390622,924,2;[73777.62, 1190, 0.8911913448094084, 1.0923894670165295, 270.37558975659783, 0.9638118413530012, 1.007540546689635]
02395479,93096,390622,926,1;[72700, 1242, 0.895502229224826, 1.0326844391764143, 79.91067669676993, 0.9804930515203796, 1.0074135661331671]
02395479,93097,390628,1061,1;[69968, 1302, 0.8815411936394792, 1.1206948002546333, 157.94924939306318, 0.9811699080362702, 1.003917067221465]
02395479,93097,390628,1061,3;[80750.54000000001, 1086, 0.8763844016275915, 1.0003022734706455, 158.0366362399042, 0.9722397418636652, 1.0044392184930515]
02395479,93097,390628,1063,2;[71573.73999999999, 1242, 0.8892226575166353, 1.1329950844040115, 259.87118044553915, 0.9713844089950443, 9999]
02395479,93104,390682,1009,2;[80497.55, 1246, 0.8806475793430485, 1.0606225702240342, 261.1497491131635, 0.9626316074450213, 1.0076716818114106]
02395479,93104,390682,1010,1;[70844, 1358, 0.8908336384923032, 1.0305917368252309, 97.54059141292716, 0.9806512797793794, 0.975994158693421]
02395479,93104,390682,1011,3;[79433.97, 1114, 0.8771950421046661, 0.9928017164951742, 221.4027687278133, 0.9662508639108744, 1.0043565248269948]
02395479,93104,390682,1012,2;[78479.31, 1152, 0.8805547014619874, 1.0536124557063933, 194.56698922606816, 0.9658161857217293, 1.0090347850700367]
02395479,93104,390682,1012,3;[74080.01000000001, 1104, 0.8699516812560526, 0.9837606385882637, 169.48550640655998, 0.9694479320825748, 1.0040665503026702]
02395479,93104,390682,1014,1;[74973, 1296, 0.8802634914929881, 1.043545852386046, 177.1586970999582, 0.9754581938056835, 1.0079929011743984]
02395479,93114,390742,2002,1;[73118, 1218, 0.8920941417688003, 1.0428219015461309, 125.6750109792086, 0.9727556089574669, 1.0078013011357372]
02395479,93114,390742,2002,2;[81140.15, 1212, 0.8778506511494801, 1.0538746630883487, 384.1755200853197, 0.9465983930145055, 1.0074987994532896]
02395479,93114,390742,2003,3;[74749.94, 1098, 0.8756448599159272, 1.0128166282079496, 175.05087264194546, 0.9674085745121778, 9999]
02395479,93119,390775,279,1;[72060, 1296, 0.8846820473586706, 1.0809661097518972, 162.0251505610489, 0.9783613908943197, 0.9980402069209089]
02395479,93119,390775,280,2;[78510.25, 1196, 0.8791776968853231, 1.04117162666342, 292.2332002735432, 0.9492477470522525, 1.0043003386992426]
02395479,93119,390775,280,3;[72296.27, 1098, 0.870453161788914, 0.9903469589221204, 201.1700922534106, 0.96329172595297, 1.0005593318354615]
02395479,93136,390896,918,2;[70100.52, 1156, 0.888151729879991, 1.013363264714617, 197.69801636583432, 0.9647414817461067, 1.006389448867325]
02395479,93136,390896,919,3;[74496.49, 1118, 0.8770225418776681, 1.0380125997521872, 225.33393370893677, 0.9727528524762143, 1.0028771140333081]
02395479,93136,390896,920,1;[71840, 1220, 0.8863489317831027, 1.0313374875443353, 77.8018958236048, 0.9812121842345314, 1.0074111468697196]
02395479,93147,390953,296,1;[77120, 1344, 0.8876005141533158, 1.0265032168048476, 105.94072328563594, 0.9773184760988667, 1.001636491155155]
02395479,93147,390953,296,3;[80098.42000000001, 1106, 0.8797761756166405, 0.996422191341541, 158.74733938039455, 0.9661717258353583, 1.0048380582457528]
02395479,93147,390953,297,2;[69705.44, 1158, 0.8781759811846436, 1.0047826323904117, 173.31870649278562, 0.9697929471624934, 1.0072739153612023]
02395479,93164,391036,175,3;[73182.66, 1046, 0.8629316816836223, 1.0007143150535776, 163.1624580144357, 0.966943278137664, 1.0047398713463491]
02395479,93164,391036,176,1;[72834, 1210, 0.877701891561581, 1.035289798338273, 75.44828116565246, 0.9806828556224434, 1.0065227605649374]
02395479,93164,391036,177,2;[80551.09999999999, 1186, 0.8748026541388736, 1.0404875153348982, 238.25762066641957, 0.953985851275012, 1.0077790598131537]
02395479,93164,391036,180,1;[69282, 1282, 0.8750118178766269, 1.1680429859750023, 148.56096645442528, 0.9799223411510163, 0.9993148659661472]
02395479,93164,391036,180,2;[67985.89, 1134, 0.869130716214534, 1.0569493643867904, 287.39135980806753, 0.9492970611620023, 1.0005779536936494]
02395479,93164,391036,180,3;[72438.75, 1054, 0.8602927414371832, 1.026049774532484, 152.50702917037714, 0.971481105153712, 1.0036063395653412]
02395479,93164,391036,181,1;[68582, 1326, 0.8861087274511621, 1.0323800287109124, 96.75779208283964, 0.9773528985878108, 0.9839951217762474]
02395479,93164,391036,181,2;[68843.87999999999, 1228, 0.8731860547707861, 1.1363056501790092, 243.57805329204666, 0.9647817280506812, 1.0042180909232932]
02395479,93164,391036,183,3;[77076.20000000001, 1130, 0.8691573853615787, 1.0618833519466948, 129.63239394545036, 0.9794871354831005, 1.0019947282182802]
02395479,93165,391040,266,1;[69107, 1330, 0.8857185058779665, 1.0151322048551492, 89.32704923990089, 0.979840923626253, 0.9836105239935381]
02395479,93165,391040,267,3;[68216.41, 1084, 0.8712388077674498, 1.0222674449931854, 172.97019296667543, 0.9699558574209559, 9999]
02395479,93165,391040,268,2;[78501.92, 1228, 0.8777900775023084, 1.0431419772815067, 225.65943309949628, 0.9610370606608618, 1.0055944269142238]
02395479,93172,391080,614,1;[79622, 1310, 0.8865963971140992, 1.0315222495930816, 91.67433073580752, 0.9768489157919734, 1.0027896549769837]
02395479,93172,391080,614,3;[68656.18000000001, 1102, 0.8758102542984028, 1.027147822557126, 172.37422815059938, 0.9750985881295136, 0.9973530758055207]
02395479,93172,391080,615,2;[77986.65, 1176, 0.881302499986689, 1.0371388073938874, 187.97667978845115, 0.9610944908772171, 1.0052536718180773]
02395479,93174,391100,915,3;[75965.13, 1104, 0.8777899619387856, 1.0232695569457673, 113.1496151116471, 0.9802467782400187, 1.0024043676332346]
02395479,93174,391100,916,1;[79115, 1268, 0.8873321801397077, 1.038315810633453, 99.7084322015514, 0.971863435429953, 1.0054776066290478]
02395479,93174,391100,916,2;[66738.77, 1254, 0.8822152602399278, 1.1680214397686421, 216.68771112310924, 0.9743800980258224, 9999]
02395479,93189,391178,228,1;[71075, 1332, 0.888383271366415, 1.0465115319665426, 95.74512353279657, 0.9790576757100607, 0.9936807079843974]
02395479,93189,391178,228,2;[71698.69, 1232, 0.8788990240773218, 1.1141334251096917, 259.76036871444927, 0.9677866916835409, 1.0070955178725147]
02395479,93189,391178,228,3;[68165.72, 1150, 0.8722512565698142, 0.9920432804148508, 190.56322168242906, 0.9761292327986278, 0.9932923420905534]
02395479,93263,391485,465,2;[79114.76999999999, 1198, 0.8792680985738895, 1.0379687532207416, 291.6167365028373, 0.9449720804227375, 1.0055356413630383]
02395479,93263,391485,465,3;[75952.8, 1144, 0.8693215223293975, 1.0263655805834289, 206.42807504083416, 0.9691046647670112, 1.0020695700897415]
02395479,93263,391485,466,1;[69131, 1342, 0.8902692925429385, 1.038342397995538, 95.24379871381558, 0.978565710589318, 0.9777730631872988]
02395479,93328,391867,50,2;[76898.98999999999, 1136, 0.8898143254426659, 1.0273495230007796, 351.55324836978855, 0.9519124244936452, 1.0085920977673033]
02395479,93328,391867,50,3;[67250.56000000001, 1102, 0.8707940023670251, 1.0389431899675277, 190.74117655076392, 0.9752200157811104, 0.9953162067357408]
02395479,93328,391867,51,1;[71962, 1282, 0.8918674782018928, 1.0665892130920405, 166.15056350304127, 0.978367456312947, 1.0076312362602742]
02395479,93331,391892,268,1;[77284, 1338, 0.8813575127957349, 1.0722053274087597, 92.09631469448128, 0.974083429338852, 1.00525494276795]
02395479,93331,391892,270,3;[78314.68000000001, 1088, 0.8798822042779683, 0.9991312742209885, 223.28280660038652, 0.9631046228818755, 1.0055498386061197]
02395479,93331,391892,271,2;[78798.23, 1206, 0.8836077684967402, 1.0084262341762442, 233.23355992344295, 0.9587094284681645, 0.9952355186821775]
02395479,93377,392051,43,1;[77708, 1362, 0.8874569465932517, 1.0596250230591844, 83.59435445902487, 0.9728763627171031, 0.9907122321878207]
02395479,93377,392051,43,3;[71782.52, 1038, 0.8768429164733345, 1.0069388072527357, 233.7095156116328, 0.9687060871822541, 1.0005537838715222]
02395479,93377,392051,44,2;[77900.97, 1146, 0.8777054438384496, 1.030949772958563, 307.73176432784624, 0.9512011112548413, 1.0077277135512077]
02395479,93378,392058,7,2;[67920.44, 1164, 0.8800417399406157, 1.0578981057622263, 194.80888507615026, 0.9652669645503071, 0.9975356974325812]
02395479,93378,392058,8,3;[78433.87000000001, 1082, 0.8750446312506451, 1.0020275860417147, 253.318956455653, 0.9611582721962418, 1.0025566938096488]
02395479,93378,392058,9,1;[82690, 1366, 0.8914208113836003, 1.0294220318614205, 137.80324281853402, 0.9844123492118094, 0.9938940839924036]
02395479,93392,392134,753,1;[81033, 1372, 0.8829785633535417, 1.060745142639835, 84.15843511172548, 0.9763243686030332, 0.9957238175987024]
02395479,93392,392134,754,2;[78717.31, 1188, 0.884114969270417, 1.0358813900046686, 280.3124910028164, 0.9400032622116179, 1.0052046530357943]
02395479,93392,392134,755,3;[79351.77, 1100, 0.8816845037498448, 1.013603843200845, 264.2559031910277, 0.9645994705237106, 1.0037518737706765]
00023698,93080,390528,134,1;[36900, 898, 0.9978155479327312, 1.0259673944738459, 89.73238912855744, 0.9929930238391793, 0.9837638966648005]
00023698,93080,390528,134,2;[39364.009999999995, 820, 1.0504391901326098, 1.022399976459444, 131.86334323534342, 0.9822628171354302, 1.0140555785472325]
00023698,93080,390528,134,3;[55474.04, 910, 1.2348669144335471, 0.954528904486548, 84.48481776732575, 0.9923977465338607, 26994.666666666668]
00023698,93244,391403,53,2;[43991.92, 860, 1.0139415938895173, 1.0212939734954087, 88.72411398565121, 0.9915332214735743, 9999]
00023698,93244,391403,54,1;[45368, 944, 1.0138822074695624, 0.9740646097252217, 57.91967425793741, 0.993886083647604, 1.000099198694986]
00023698,93244,391403,55,3;[38692.91, 766, 1.0128055678324268, 1.0020142613457823, 123.04365198080062, 0.9864740144323954, 0.9985680697226298]
00023892,93026,390259,210,1;[115384, 1676, 0.9705763288702812, 0.9705763288702812, 27.44450635858385, 0.9967809945790217, 0.9971869206936336]
00023892,93026,390259,211,2;[117053.15999999999, 1570, 1.0149650236071255, 0.9746772383627069, 32.01824097753799, 0.9959190027831599, 0.996711876257112]
00023892,93026,390259,211,3;[116700.71, 1438, 1.0186254340279237, 0.9437976061425024, 56.93241554978748, 0.9908537816795847, 9999]
00023892,93026,390259,212,1;[115337, 1664, 0.9804131521278897, 0.9889032468085639, 29.32303153461915, 0.9964262448288627, 0.9924920079683675]
00023892,93026,390259,212,2;[117691.0, 1554, 1.014747909288223, 0.9808503008994244, 33.38817836122004, 0.9959185983378324, 9999]
00023892,93026,390259,212,3;[114356.64000000001, 1394, 1.0039062202291396, 0.9507977939312924, 37.10296143051946, 0.9936297065684685, 9999]
00023892,93026,390259,214,1;[120043, 1634, 1.0032661182443197, 0.9887838124952426, 22.927187669422857, 0.9969424029558446, 0.9982495311986761]
00023892,93026,390259,215,3;[114305.95000000001, 1398, 1.010278510246198, 0.9543713578041263, 39.13504025500448, 0.9933049493998183, 9999]
00023892,93026,390259,216,2;[116758.04, 1568, 1.0123332269148082, 0.98091887278259, 29.98789604125521, 0.996023856518871, 0.9963240520725442]
00023892,93049,390350,751,2;[112488.31999999999, 1480, 0.9848740726439702, 0.9929826624223882, 26.49613653842162, 0.9961483784872827, 9999]
00023892,93049,390350,752,3;[118309.09000000001, 1532, 1.0130833231157215, 0.9721992345752148, 59.29260583943325, 0.9911236827270111, 9999]
00023892,93049,390350,753,1;[115862, 1658, 0.9829469492684024, 0.9978529551266063, 24.60371064380052, 0.9960469422803894, 0.9909383646292598]
00023892,93049,390350,756,2;[116076.17, 1538, 1.0085478725212538, 0.9927081192712227, 43.37188848757056, 0.9943862237694245, 9999]
00023892,93049,390350,756,3;[117833.70000000001, 1382, 1.047327962051423, 0.9430491915437306, 103.28006889242694, 0.9876476852572468, 0.9989779088945155]
00023892,93049,390350,757,1;[119330, 1636, 1.0075125795868425, 0.9942916148693116, 29.0029681718026, 0.9953227996444487, 9999]
00023892,93049,390350,758,3;[117121.3, 1400, 1.030931342867741, 0.9719735434960686, 74.73251000866165, 0.9910807744684849, 9999]
00023892,93049,390350,760,1;[119412, 1684, 1.0004737661313214, 0.9880028410604836, 28.934950571560975, 0.9954903479060804, 0.999870214146658]
00023892,93049,390350,760,2;[117228.09, 1564, 1.0405712513178689, 0.9825036010815462, 94.58212834702178, 0.9879751501300211, 0.9954779023530066]
00023892,93049,390350,761,1;[115473, 1576, 0.991677529821298, 0.9926776955103828, 36.86362273631874, 0.9942467519164607, 1.0014917476864902]
00023892,93049,390350,763,2;[118247.92, 1546, 1.0345050869305332, 0.994516715150005, 59.95186314319832, 0.9908730469999921, 9999]
00023892,93049,390350,763,3;[118310.46, 1494, 1.0361395917367435, 0.9712337522244107, 108.28824339469637, 0.9843328979744623, 0.9939059128182995]
00023892,93049,390350,766,1;[116227, 1652, 0.9751026370807013, 0.9892795240401203, 27.456611617824382, 0.9965442441576506, 0.9924685549359998]
00023892,93049,390350,767,3;[117711.77, 1466, 1.0214023858039325, 0.9691685127209577, 43.76655418360943, 0.9929606828812833, 10740.125]
00023892,93049,390350,769,2;[117706.47, 1490, 1.0202549609913965, 0.9997484379105231, 29.963769686372082, 0.995278891855519, 9999]
00023892,93049,390350,770,1;[117114, 1588, 1.0024585818836231, 0.9928265580916606, 32.869004539460455, 0.9955113006843905, 9999]
00023892,93049,390350,770,3;[118395.40000000001, 1410, 1.0424963099943128, 0.9275135170288007, 78.28360049762023, 0.9922517167138535, 9999]
00023892,93049,390350,773,2;[114238.81, 1522, 1.0044227657496143, 0.986742260703326, 36.17136856988099, 0.9948063335800724, 9999]
00023892,93099,390646,1221,2;[114072.20999999999, 1486, 1.0090858747803573, 0.9867088647928606, 38.53013999163804, 0.9934468550222741, 9999]
00023892,93099,390646,1222,1;[115757, 1704, 0.9986716907804245, 0.9931340390066832, 35.39650912607604, 0.9961712619634862, 0.989105543782897]
00023892,93099,390646,1222,3;[117585.73000000001, 1392, 1.1323117391248805, 0.9651113997953958, 50.31573890807299, 0.9940088735414381, 9999]
00023892,93103,390673,1487,1;[118131, 1640, 0.9941992381714719, 0.9832364950716539, 24.18140079113889, 0.9967673469878491, 0.9975637458357788]
00023892,93103,390673,1488,3;[117951.52, 1364, 1.034720293021279, 0.9614925636421753, 96.22023479779668, 0.98528403584093, 0.9961010262284081]
00023892,93103,390673,1489,2;[116541.45999999999, 1546, 1.014966414714585, 0.992022459678374, 40.09946663942671, 0.9947342202306876, 0.9929282227280332]
00023892,93103,390673,1491,2;[120403.01, 1514, 1.0503891899546012, 0.9843946252209498, 113.66690920960296, 0.984839104179109, 9999]
00023892,93103,390673,1492,1;[114627, 1678, 0.9987680845865211, 0.9924709850319351, 45.564953524898826, 0.9946129103177113, 0.9927122981592382]
00023892,93103,390673,1492,3;[112581.12000000001, 1362, 1.004285977747245, 0.9649001229124898, 31.23126453415144, 0.9956981357234577, 9999]
00023892,93103,390673,1495,2;[114817.15, 1510, 0.9930315460441014, 0.9870770259924616, 31.546042712339776, 0.9947702350629656, 9999]
00023892,93103,390673,1497,3;[113548.34000000001, 1404, 1.0054351093309934, 0.960491452600365, 28.91913419738997, 0.9948299282430487, 9999]
00023892,93103,390673,1498,1;[116314, 1654, 0.989772517025471, 0.9913499174139772, 25.89202116124958, 0.9956881817830718, 0.9948765321221763]
00023892,93103,390673,1499,1;[115761, 1706, 0.9962542217613665, 0.9812057965453727, 38.26655464467754, 0.9959036968410945, 0.9896936302274583]
00023892,93103,390673,1499,3;[117251.45000000001, 1500, 1.0242496834682837, 0.9748615169204323, 53.78139989410666, 0.9908513476631625, 34234.0]
00023892,93103,390673,1500,2;[113904.42, 1520, 1.0033341804562999, 0.9866325509813356, 31.931454020851525, 0.9944117262205622, 0.9918501209788144]
00023892,93122,390798,1587,3;[117843.29000000001, 1442, 1.0406381091708652, 0.97290517790024, 111.87571133625764, 0.982512094931687, 0.9956477955389904]
00023892,93122,390798,1589,1;[115972, 1698, 0.9778822539189395, 0.9908134710763481, 20.37117655163161, 0.9968449509462828, 0.9941706957446079]
00023892,93122,390798,1589,2;[117505.36, 1504, 1.0292453359150497, 0.9978651105229204, 41.27597117489877, 0.9945531923571351, 9999]
00023892,93122,390798,1590,1;[114476, 1708, 0.9714008354292216, 0.9792266459744134, 31.895664856885332, 0.9963746613606888, 0.9873600048300221]
00023892,93122,390798,1590,2;[115546.62, 1446, 1.0044099548766843, 0.9937778684089924, 34.96544073137213, 0.9941037791054449, 9999]
00023892,93122,390798,1592,3;[117977.55, 1424, 1.0384956777881869, 0.9582881772027657, 51.69301507743181, 0.993571167624946, 172230.0]
00023892,93139,390920,17,2;[116130.90999999999, 1510, 0.9981631323817355, 0.9808162066148503, 32.268889709424414, 0.993887002655094, 0.9946034641785189]
00023892,93139,390920,17,3;[117082.94, 1368, 1.01704474354301, 0.9629625559037094, 53.25214145749839, 0.9925764721536028, 9999]
00023892,93139,390920,18,1;[114291, 1656, 0.9814575364939319, 0.9959018721886728, 30.733984173391054, 0.9957475714305857, 0.9944271152817112]
00023892,93139,390920,19,1;[117141, 1708, 1.0011284673044343, 0.9784178992053928, 59.47460187917027, 0.9921109682880714, 0.9933264364697103]
00023892,93139,390920,20,3;[118051.53000000001, 1470, 1.0213625513322462, 0.9716452290970454, 85.44257796364806, 0.9849400431888099, 9999]
00023892,93139,390920,21,2;[115941.7, 1478, 1.0067750976010585, 0.9966286729292532, 25.270836994108723, 0.9955051948918705, 1.001742742428838]
00023892,93166,391047,301,1;[119197, 1602, 0.9934559797032223, 0.9948353663934025, 20.712104405988043, 0.9968702647084702, 0.9987055043296481]
00023892,93166,391047,301,2;[116151.14, 1540, 1.0002683910551358, 0.9928704150270152, 33.4848806094114, 0.9948215854848882, 9999]
00023892,93166,391047,303,3;[118637.89000000001, 1398, 1.0223579081250327, 0.9703534494557088, 42.23273852076505, 0.9934911546531924, 9999]
00023892,93166,391047,304,1;[117753, 1622, 0.9772164352433422, 0.9958620833402838, 25.766315361363983, 0.9967860458868003, 0.9972686967237064]
00023892,93166,391047,305,2;[117093.62, 1536, 1.002178459818774, 0.997850638667676, 24.4138911119299, 0.9964615269265222, 1.000127051242307]
00023892,93166,391047,305,3;[119032.45000000001, 1370, 1.0183846266174685, 0.9748323649170428, 37.875699129217296, 0.9947455224370897, 2199.6202531645567]
00023892,93166,391047,307,2;[115370.5, 1528, 1.0058060097422366, 0.9895282762600829, 39.93207841576104, 0.9944151817445519, 9999]
00023892,93166,391047,308,1;[115460, 1682, 0.9960968642594321, 0.9954651582763876, 40.582903883813906, 0.9951983391381567, 0.9932470213772635]
00023892,93166,391047,308,3;[118877.64000000001, 1454, 1.017150500848034, 0.9733966928934351, 36.44529966828555, 0.9937569319287601, 1324.7633587786258]
00023892,93166,391047,309,1;[119716, 1620, 1.0322619672169577, 0.9876387315526259, 46.38197855060344, 0.9944067144527013, 0.999419796219075]
00023892,93166,391047,309,2;[115416.90999999999, 1496, 1.0140101989435855, 0.9782871975660953, 49.76970517264166, 0.9923215994050387, 9999]
00023892,93166,391047,310,3;[117396.67000000001, 1446, 1.0322636927019022, 0.9549682020607355, 42.6314536599798, 0.9954496600959517, 9999]
00023892,93166,391047,312,2;[119097.58, 1476, 1.0286965797742729, 0.9766518066581236, 64.13464440773701, 0.9901136968339167, 100082.0]
00023892,93166,391047,313,1;[120302, 1688, 1.021004314514589, 0.9866737636844082, 42.55555215394716, 0.9931729686905908, 0.9957002685780263]
00023892,93166,391047,313,3;[119017.38, 1408, 1.0256435421473993, 0.9687818342517958, 44.27779058241403, 0.9929874755115312, 24821.14285714286]
00023892,93166,391047,315,1;[117580, 1706, 0.9911475015587408, 0.9998940038735258, 31.46718806602632, 0.9964770636421072, 0.9924037812288994]
00023892,93166,391047,315,2;[119473.62, 1562, 1.0290292751963206, 0.976969826578464, 59.39391504055549, 0.9910613417632356, 9999]
00023892,93166,391047,315,3;[120414.78000000001, 1524, 1.0420803432332637, 0.9716719340706381, 114.80932319891738, 0.9838297153742086, 0.9968696835658387]
00023892,93265,391506,609,1;[120450, 1668, 1.0130823848066772, 0.9934285035407959, 28.081715577593773, 0.9950777124707098, 9999]
00023892,93265,391506,609,3;[119976.38, 1438, 1.0627480642574758, 0.9590433977019611, 126.38952663022229, 0.9846962103710577, 0.99012968218255]
00023892,93265,391506,610,2;[119833.0, 1508, 1.0279624297293433, 0.9939602657133225, 34.05485042585448, 0.9943307197997148, 0.9989534301203803]
00023892,93265,391506,611,3;[119896.92000000001, 1368, 1.0267371543472592, 0.9680652141772095, 60.138477372720004, 0.9910185054986551, 175032.0]
00023892,93265,391506,612,2;[116885.37, 1548, 1.0145783774572443, 0.9803564738122116, 29.62078944142632, 0.9948200399301197, 9999]
00023892,93265,391506,613,1;[114481, 1610, 0.9955593575803238, 0.9902087238335712, 36.759064237107594, 0.9944111491071127, 0.9902515396858349]
00023892,93329,391882,87,1;[118271, 1616, 1.0194271800477344, 0.9951980347867928, 37.73351695185407, 0.9949972892828642, 0.9989948475377988]
00023892,93329,391882,87,2;[111247.15, 1430, 0.9892958805203751, 0.987969527216751, 25.62743346510477, 0.9960790202361292, 9999]
00023892,93329,391882,87,3;[115923.92000000001, 1414, 1.0215942370198658, 0.9563196493174627, 47.010858776237484, 0.9953242287886229, 9999]
00023892,93329,391882,89,1;[114628, 1672, 0.9914825066265023, 0.992449732020601, 46.0862142629913, 0.9941192467786226, 0.9939475920434248]
00023892,93329,391882,89,3;[114667.63, 1414, 1.0167941706478845, 0.9529070402788227, 69.36194070195396, 0.9896615259912896, 0.9922821576763485]
00023892,93329,391882,90,2;[116098.78, 1540, 1.024478526931865, 0.9929498654533664, 58.7047229351499, 0.9922725834272821, 9999]
00023892,93329,391882,92,2;[114627.93999999999, 1522, 1.0073552101636527, 0.9847883422105579, 36.85985021329225, 0.9940911230252352, 0.9904477918873066]
00023892,93329,391882,92,3;[114493.64000000001, 1356, 1.0098884038015559, 0.9575393429604518, 53.70771228318953, 0.9928164272628103, 9999]
00023892,93329,391882,93,1;[115389, 1646, 0.9791536811644996, 0.9912072497007227, 30.555962129969355, 0.9961549890584726, 0.995354855405318]
00023892,93329,391882,94,1;[116973, 1592, 0.994606233216065, 0.9965614043713638, 34.71012332712566, 0.9946580766084038, 0.9999615310636661]
00023892,93329,391882,94,2;[112866.73999999999, 1496, 1.003006582190011, 0.9923183925625743, 26.138494257660792, 0.99570058885804, 9999]
00023892,93329,391882,94,3;[114433.36000000002, 1410, 1.0214616209838423, 0.9517095185099957, 73.57692311392724, 0.9894936176987641, 0.990536726513768]
00023892,93329,391882,96,1;[115407, 1632, 0.9872182726007631, 0.9927104473525977, 23.989429741072772, 0.9960868400620199, 0.996795591563164]
00023892,93329,391882,96,2;[113005.97, 1516, 0.9882006017804126, 0.9825266807640969, 27.477798069064683, 0.9957344812378607, 0.9942780561096016]
00023892,93329,391882,96,3;[117169.25000000001, 1434, 1.0569068397282255, 0.9348208440309685, 110.45560734956277, 0.9883416942725053, 9999]
00023892,93329,391882,99,1;[118266, 1608, 1.0340711010663866, 0.9901960891665134, 40.350390802242764, 0.9941750124012475, 0.995743928467688]
00023892,93329,391882,99,2;[114010.33, 1524, 1.0088953795511193, 0.9873587254334197, 27.375748128469997, 0.9954495918170748, 9999]
00023892,93329,391882,99,3;[113752.47000000002, 1336, 1.0058340005280906, 0.9771892906538502, 25.640739364499375, 0.99607581804577, 9999]
00023892,93377,392048,3,3;[118466.64000000001, 1406, 1.047556527781869, 0.9626297559970822, 107.28162349534367, 0.988306503325163, 9999]
00023892,93377,392048,4,1;[118492, 1724, 0.9863208326474601, 0.9986424630954116, 19.764201178268063, 0.9967779664001932, 0.982353745839223]
00023892,93377,392048,4,2;[116322.5, 1540, 1.0024661578187861, 0.9812524545754474, 28.71243987076844, 0.9953319054134065, 9999]
00023892,93377,392048,5,1;[112681, 1604, 0.9750116024793062, 0.9728192778387952, 30.87669786078407, 0.9962903174522396, 0.9869450782375636]
00023892,93377,392048,5,2;[117476.79999999999, 1468, 1.0128946844061226, 0.9826118107683158, 31.69563920609115, 0.9953051589361018, 9999]
00023892,93377,392048,5,3;[119291.38, 1442, 1.0494193382007337, 0.9224995551443748, 90.97954973781846, 0.9914184377585706, 9999]
00023892,93377,392048,8,2;[114999.22, 1520, 1.0070723933409482, 0.9772014446917673, 55.95936210100426, 0.9911467610708359, 1.0000983146794165]
00023892,93377,392048,8,3;[115359.48000000001, 1394, 1.0261842013140077, 0.9530082855170431, 74.80732270330151, 0.9887307322964278, 9999]
00023892,93377,392048,9,1;[115825, 1638, 0.9752674514762388, 0.977930434245964, 26.59457846165895, 0.9966290836236483, 0.9829547624402228]
00232831,93048,390346,740,1;[60347, 1074, 1.0041203919890753, 0.9799737843213558, 68.8031668473261, 0.9893269121354705, 1.0045276737411568]
00232831,93048,390346,740,2;[26282.34, 714, 1.0320528336306802, 1.014372897938292, 140.43680277580415, 0.9847081607347733, 9999]
00232831,93048,390346,740,3;[48303.46000000001, 810, 1.1451752258466206, 0.9524738607388366, 111.29907984614162, 0.9886044851043795, 1.0053033759124088]
00232831,93048,390346,741,1;[58549, 1054, 1.0054455670794802, 0.9721401613657598, 71.84338526471858, 0.9899833681219329, 1.006091640962634]
00232831,93048,390346,741,2;[26754.77, 714, 1.0341519316231074, 1.0048081338552852, 159.3327943069655, 0.9804418482813829, 1.0053435285174503]
00232831,93048,390346,741,3;[59377.170000000006, 910, 1.009236585552549, 0.9801747544230137, 119.60868056295885, 0.9820228240271109, 1.0022546741128724]
00232831,93048,390346,742,1;[60220, 1068, 1.0074655194483435, 0.9772295374079115, 65.41557014703079, 0.9913233628504808, 1.006005629755849]
00232831,93048,390346,742,2;[36023.68, 754, 1.1820072772154882, 0.975194568199687, 145.89823339616314, 0.9858882366313425, 1.007957912962408]
00232831,93048,390346,742,3;[30371.530000000002, 664, 1.0089733402220478, 0.9955065153366602, 110.20559259267367, 0.9896436106369197, 1.003848940409346]
00232831,93147,390953,359,1;[28614, 804, 1.0032679635817676, 0.9797642027110547, 76.11960080236409, 0.9935266967839056, 1.0029442691903259]
00232831,93147,390953,359,2;[32495.329999999998, 730, 1.0010910926167107, 1.0181539503852286, 138.38844875947652, 0.9872961394964037, 1.0066911209009972]
00232831,93147,390953,359,3;[44651.04, 780, 1.1265940771710539, 0.9490983104198878, 135.99181647196534, 0.9850378115291741, 1.0061277725469615]
00232831,93165,391039,287,1;[39866, 864, 1.0298398293658304, 0.9959000629021967, 86.7554628668432, 0.992586344484783, 0.9994735126733021]
00232831,93165,391039,287,2;[58477.79, 974, 1.0269415973797502, 0.9712203717647845, 110.17502078317794, 0.9861528678999373, 1.0036866453569715]
00232831,93165,391039,287,3;[47685.590000000004, 804, 1.0360607644632402, 0.94115180619928, 106.98442230112188, 0.9887037694940279, 9999]
00232831,93165,391039,289,1;[28699, 810, 1.00818441333912, 0.9786705332760606, 77.15163995602295, 0.9933617731220881, 0.9997039101280153]
00232831,93165,391039,289,2;[29376.34, 706, 1.0029025862775742, 1.0184988224387705, 115.10771404046059, 0.9898791421656763, 1.0058060178866095]
00232831,93165,391039,289,3;[29242.65, 658, 1.0054347153086407, 1.016919426240819, 136.91117619523283, 0.9875221844265234, 1.0027482207032625]
00232831,93165,391039,290,1;[29374, 836, 1.0333035036256313, 0.9688302861139513, 84.38927192001452, 0.9925713888783438, 1.00454840805718]
00232831,93165,391039,290,2;[48306.86, 868, 1.1486846561401474, 0.9733066559966124, 138.39645165229948, 0.9857525522417887, 1.0036095727848102]
00232831,93165,391039,290,3;[28849.460000000003, 652, 1.0052699092288533, 1.0203944978101065, 115.91342784668967, 0.98962519814608, 1.003669987131214]
00232831,93328,391868,72,1;[53913, 1002, 1.0197885864858176, 0.9823802569413564, 73.40299224254385, 0.9925419384832258, 1.0061398925052254]
00232831,93328,391868,72,2;[30416.399999999998, 710, 1.0438726826922544, 0.9772929921499058, 127.79972348039183, 0.989214036519754, 9999]
00232831,93328,391868,72,3;[54501.340000000004, 870, 1.009712309967718, 1.0058363780854904, 98.19940865914353, 0.988407161462243, 9999]
00232831,93328,391868,73,1;[53548, 998, 1.0189524065939604, 0.9797690597906243, 70.54455465725476, 0.9923345736926806, 1.0058606957697798]
00232831,93328,391868,73,2;[32314.449999999997, 730, 1.0032959324346369, 1.0173005886922057, 119.24168662801405, 0.9887060503406242, 1.0007739367583106]
00232831,93328,391868,73,3;[56224.8, 882, 1.0097929346542687, 1.0019868142286004, 108.93376190051036, 0.985441320762081, 9999]
00232831,93328,391868,74,1;[58872, 1058, 1.0073440151434425, 0.9871881459772484, 66.68563326524257, 0.9914655171775439, 1.0050875815208113]
00232831,93328,391868,74,2;[56247.729999999996, 944, 1.126253123694444, 0.9646773931279856, 122.14461848641795, 0.984343955618227, 1.0040039508480516]
00232831,93328,391868,74,3;[54302.69, 864, 1.013030303116915, 1.0093036032740614, 115.46933163720168, 0.98485697905831, 9999]
00236683,93026,390254,285,1;[64897, 1162, 0.8963368703322728, 1.2183853081758376, 597.4072147536523, 0.8989622045180786, 0.997670968584979]
00236683,93026,390254,285,2;[63899.43, 1088, 0.88279605279225, 1.1669173179368035, 687.6252383263844, 0.8561036678773236, 0.9979278366800785]
00236683,93026,390254,285,3;[62998.08, 1026, 0.8724861808634222, 1.1462304604636613, 477.53626792143336, 0.8912045056441245, 0.9973322922766608]
00236683,93027,390265,359,1;[65010, 1234, 0.8963836176640538, 1.168149733389122, 588.7646334944752, 0.876576323213372, 0.9996079064510921]
00236683,93027,390265,359,2;[63329.42, 1172, 0.8722834267262409, 1.3744132304889976, 811.2780416461782, 0.8789933373649661, 0.9967690881336567]
00236683,93027,390265,359,3;[64039.280000000006, 1110, 0.8752503306714794, 1.2607893360585687, 730.6566746111167, 0.906247409796963, 0.9980783191698339]
00236683,93032,390303,79,1;[64084, 1312, 0.883011742050798, 1.2912871714364584, 268.94763745587096, 0.9133944969761918, 0.9972688863125296]
00236683,93032,390303,79,2;[62079.92, 1082, 0.8815052374057251, 1.2447192829726832, 397.38154880436065, 0.9006467679184194, 1.0009209516500384]
00236683,93032,390303,80,3;[63635.130000000005, 1136, 0.8704188168610484, 1.2765842202638427, 618.6186577698837, 0.9267038002201853, 0.9954032595068951]
00236683,93032,390303,81,1;[65182, 1222, 0.8845825357301805, 1.253814231694861, 436.65751315797803, 0.9024325561089953, 0.9954869993509221]
00236683,93032,390303,81,2;[60467.469999999994, 1070, 0.8658963652934529, 1.3236490956893558, 415.1546219052248, 0.8831104988944727, 0.9955720135582594]
00236683,93032,390303,82,3;[60681.41, 1002, 0.8646670726583039, 1.236890745793808, 413.0430619188642, 0.895977356431816, 0.9920933566276934]
00236683,93032,390303,83,1;[65190, 1240, 0.8856361340584233, 1.336348925504289, 421.8157871130205, 0.9179699132432548, 0.9945383535729542]
00236683,93032,390303,83,2;[63473.409999999996, 1108, 0.880705724041829, 1.1517486320231045, 936.4060692327542, 0.8892920877813058, 0.9974381030742763]
00236683,93032,390303,83,3;[63620.060000000005, 1086, 0.8776824258320373, 1.2010975539393451, 632.373901310016, 0.932411605387967, 0.9935599820278568]
00236683,93051,390358,937,1;[61910, 1138, 0.8881777418456696, 1.3158803350304593, 191.94476886811364, 0.9332287887186778, 1.0035906206181056]
00236683,93051,390358,937,2;[61018.439999999995, 1108, 0.8744115177055395, 1.2886368708134575, 416.8174297521665, 0.8915586599846775, 9999]
00236683,93051,390358,937,3;[61560.950000000004, 966, 0.877243343342936, 1.162882267156796, 350.0519987317953, 0.9193836774930555, 0.9962310165170158]
00236683,93078,390512,47,1;[62003, 1166, 0.8984033152613793, 1.421216003534498, 222.0834782523327, 0.932324088329441, 0.9965764433586216]
00236683,93078,390512,47,2;[64851.43, 1158, 0.8730279854116749, 1.169443966109788, 818.8359163722441, 0.8605912354463219, 0.9972094895653209]
00236683,93078,390512,47,3;[63713.22000000001, 1070, 0.8713599068622755, 1.156260139954396, 363.6832766722085, 0.9245821144862727, 0.997929295638646]
00236683,93078,390512,49,1;[62757, 1248, 0.8806822073163417, 1.3655628375229387, 291.7005471112284, 0.9308936894344648, 0.9898424315073895]
00236683,93078,390512,49,2;[62070.399999999994, 1146, 0.8777771267882485, 1.3229664281527502, 421.0606639502385, 0.9063259873638182, 0.9963420341346475]
00236683,93078,390512,49,3;[65910.70000000001, 1050, 0.8768575047476552, 1.2247830161026592, 788.4647293313469, 0.8942845465139775, 0.9974602187321826]
00236683,93078,390512,50,1;[61924, 1150, 0.8810465426974625, 1.3914188745424354, 213.8200019221468, 0.9351294831793443, 0.9981302385557704]
00236683,93078,390512,50,2;[65937.9, 1150, 0.879228667524834, 1.179293606603073, 824.4007872140987, 0.8489372623533138, 0.9963318588844535]
00236683,93078,390512,50,3;[66360.06000000001, 1022, 0.8702875750297601, 1.1372706087217193, 861.5471674866211, 0.8701131027160595, 1.0023072227452847]
00236683,93098,390636,1213,1;[66424, 1244, 0.8823566767419234, 1.2142968859041916, 308.83078904861543, 0.8957330070359494, 0.9993380273214179]
00236683,93098,390636,1213,2;[65266.74, 1126, 0.8933927484060082, 1.2840118591047747, 875.6931159719495, 0.8581356473660497, 1.0014607603257495]
00236683,93098,390636,1213,3;[65509.29000000001, 1070, 0.873847573315857, 1.18952807666033, 761.6841148447202, 0.9046977956138212, 0.9943334823610144]
00236683,93098,390636,1214,1;[64254, 1292, 0.8798340578149664, 1.4185855049254117, 354.04704705750584, 0.9389706014256528, 0.9968196838300315]
00236683,93098,390636,1214,2;[64413.509999999995, 1112, 0.8841799100241723, 1.185020667030353, 814.5381436463231, 0.8548762815733646, 0.9979719390106749]
00236683,93098,390636,1214,3;[63554.3, 1080, 0.8725345513198169, 1.3418491871000942, 573.436488312685, 0.915630657414964, 0.9923631462981581]
00236683,93099,390639,1320,1;[65733, 1174, 0.8986561124046707, 1.1888863137764243, 524.71293379162, 0.8909896119273859, 1.000334799348663]
00236683,93099,390639,1320,2;[64945.439999999995, 1110, 0.8799012392870388, 1.211244114648881, 500.3592752505392, 0.8843490229777067, 0.9975689557476832]
00236683,93099,390639,1320,3;[64221.490000000005, 1086, 0.8771087575357576, 1.1782370262963473, 420.12826866959915, 0.914358419458132, 0.9936620315414617]
00236683,93099,390639,1321,1;[65480, 1300, 0.8724248348033831, 1.2238853834367018, 405.04023958956503, 0.9273045058082094, 0.9972965769333283]
00236683,93099,390639,1321,2;[62571.39, 1128, 0.8732663509695608, 1.2989479846148317, 506.449168846685, 0.8607900347818224, 0.995871133922991]
00236683,93099,390639,1322,3;[60664.97, 960, 0.8918258292316278, 1.1659305552185804, 304.4898032449558, 0.9395602745783597, 0.9997403623638313]
00236683,93103,390670,1523,1;[66007, 1202, 0.8862135690644956, 1.1227076770295574, 539.0951049981684, 0.8570147705480499, 0.9933781811067467]
00236683,93103,390670,1523,2;[62395.27, 1128, 0.8744661556219134, 1.3175950505831138, 451.64267112748917, 0.8726407365729938, 0.9936702863532132]
00236683,93103,390670,1523,3;[64702.36000000001, 1090, 0.8682338163167673, 1.2139867077421442, 760.4879409415294, 0.8519364279323118, 0.9934162091668244]
00236683,93103,390670,1525,2;[63179.479999999996, 1148, 0.8755774904728971, 1.3231910436666334, 440.6480455143491, 0.8949090950326803, 0.9963966669168981]
00236683,93103,390670,1525,3;[64450.280000000006, 1072, 0.8786524256469906, 1.2380248607050208, 794.7149607156023, 0.9022725765178526, 0.9949768937110709]
00236683,93103,390670,1526,1;[64594, 1280, 0.8692302139795223, 1.3064345589587993, 387.3175180665426, 0.9216866545350719, 0.9963366573347833]
00236683,93129,390840,509,1;[63851, 1282, 0.8863538304611583, 1.2824864508734586, 310.17420054510205, 0.9399106307757903, 0.9891788472412645]
00236683,93129,390840,509,2;[62792.729999999996, 1156, 0.8655992666530318, 1.2966369654810306, 598.0539074640125, 0.8907444545283135, 0.9932237845163476]
00236683,93129,390840,509,3;[65155.83, 1070, 0.8798077353627585, 1.207208180569444, 693.4138006979172, 0.9218608231747977, 0.9943860749568763]
00236683,93139,390919,100,1;[65548, 1228, 0.8895657063217315, 1.2174121974362748, 494.76634957258426, 0.901591666436485, 0.9952249003605997]
00236683,93139,390919,100,2;[64462.299999999996, 1176, 0.8687574373580252, 1.3160805760010135, 749.5912923506529, 0.8728901235789747, 0.9998523385876186]
00236683,93139,390919,100,3;[62899.44, 1048, 0.8704034933278246, 1.1903627541986614, 354.52133648183104, 0.9138656498268735, 0.9938737958653534]
00236683,93140,390930,162,1;[64174, 1274, 0.873669116798967, 1.2219762812449149, 318.14095600560046, 0.9407832771655248, 0.9941057556018558]
00236683,93140,390930,162,2;[62256.03999999999, 1108, 0.8758086297832357, 1.284617442261192, 345.67866423307373, 0.9220027450821668, 0.9939582779192158]
00236683,93140,390930,162,3;[64168.060000000005, 1070, 0.8653375047802901, 1.175778012518249, 544.2792229979488, 0.8837986711791864, 0.9959280876896416]
00236683,93140,390930,163,1;[64757, 1294, 0.8689080832153993, 1.3437099942523156, 321.5276598014192, 0.9430963941414967, 0.994830513031255]
00236683,93140,390930,163,2;[64700.299999999996, 1190, 0.8678894662354549, 1.2921604955880843, 715.6913109359365, 0.8801013288764067, 0.9996414749170336]
00236683,93140,390930,163,3;[64600.98, 1086, 0.8652007934289446, 1.1908760180148013, 721.4497155138856, 0.9086264422759408, 0.9967868769289308]
00236683,93140,390930,164,1;[66120, 1190, 0.8928024080834541, 1.1879672972458664, 349.6492563200557, 0.8948358029776258, 0.9994029580030079]
00236683,93140,390930,165,2;[62164.409999999996, 1120, 0.8752461396656094, 1.298778050862342, 346.29783056866313, 0.9093205097922705, 0.9977652991061197]
00236683,93140,390930,165,3;[62617.22000000001, 1048, 0.8756071525749004, 1.1433205584440507, 348.4088358753567, 0.9269208623011866, 0.9946249428764172]
00236683,93174,391097,943,1;[62928, 1236, 0.8851371504840055, 1.4349269202301336, 299.8036945734148, 0.9301702078122605, 0.9953969534475395]
00236683,93174,391097,943,2;[64325.45, 1168, 0.8802286326493914, 1.2679251780083614, 607.869629047859, 0.8870972782303799, 0.9962677970787449]
00236683,93174,391097,943,3;[64610.57000000001, 1052, 0.8809168323652462, 1.192026993741771, 915.8897240293949, 0.8497624850878942, 0.9998092007631969]
00236683,93203,391206,348,1;[66259, 1190, 0.8894026810814899, 1.1508446047025152, 594.0886112205731, 0.8912596097118567, 0.9980268112667571]
00236683,93203,391206,348,3;[64683.18000000001, 1094, 0.8774361244422536, 1.1828319494737503, 463.56244202686634, 0.9045813327238634, 0.9901953587869509]
00236683,93203,391206,349,2;[65912.91, 1094, 0.8899903614837441, 1.2170274147339144, 883.2863549263491, 0.8237073210150379, 1.001093469007835]
00236683,93203,391206,350,1;[62393, 1240, 0.8787493015584305, 1.3128339148304562, 295.70120819668693, 0.9335410441337777, 0.9891953166493591]
00236683,93203,391206,350,2;[64784.78999999999, 1186, 0.8806837105180522, 1.3963042186163492, 714.3957716221242, 0.8977856171105484, 0.9971061741057529]
00236683,93203,391206,350,3;[66107.98000000001, 1110, 0.8779627186987592, 1.2067523980043482, 629.3045444407546, 0.8784160439673843, 0.9945279732890899]
00236683,93203,391206,351,1;[63854, 1268, 0.871032185835836, 1.479426503068035, 318.9796186826759, 0.9362372556116996, 0.9921610976017153]
00236683,93203,391206,352,2;[60755.45, 1072, 0.8829527874848939, 1.2554864592775605, 342.8331537019416, 0.9050124376649543, 0.9934812220276318]
00236683,93203,391206,352,3;[64896.9, 1114, 0.8569397877711894, 1.2417527424010701, 692.591624038142, 0.8946675282111177, 0.9943116223421002]
00236683,93220,391265,336,1;[65533, 1310, 0.8757480096155889, 1.367463148321185, 361.0624601301009, 0.9290297774806068, 0.9930972821021845]
00236683,93220,391265,336,2;[60632.88, 1050, 0.8682370583990296, 1.2168716618617368, 346.1947867002257, 0.8994860601241726, 0.9980021154072158]
00236683,93220,391265,336,3;[64026.950000000004, 1090, 0.8629840702248537, 1.2222749057270437, 655.7167830778669, 0.908215481352808, 0.9938013673141739]
00236683,93220,391265,337,1;[61118, 1124, 0.8808351635338167, 1.2224316677897844, 151.10157403778504, 0.9337813620401505, 0.9949534414273621]
00236683,93220,391265,337,2;[64254.049999999996, 1166, 0.8722362436156592, 1.2337152288179494, 564.8185975037665, 0.8790782291139434, 0.9932763679509938]
00236683,93220,391265,337,3;[64409.18000000001, 1080, 0.8726724947670236, 1.265388216239573, 693.2371551550842, 0.9054723116006371, 0.9945737828032283]
00236683,93222,391274,426,2;[62796.299999999996, 1136, 0.8830140146854797, 1.2618411779405492, 351.3399176267912, 0.9240262330636166, 0.9985146219854868]
00236683,93222,391274,426,3;[64573.58, 1060, 0.8698739445591321, 1.2390712166734024, 806.0081702436511, 0.9022446887703707, 0.9947974377644812]
00236683,93222,391274,427,1;[65596, 1204, 0.8814352650098592, 1.1250380127803834, 426.6307949767584, 0.9036493789843961, 0.999078537540076]
00236683,93222,391274,428,3;[65283.240000000005, 1108, 0.8695688977103744, 1.2047253991752296, 663.4549987691171, 0.9024267478443797, 0.9949367881489524]
00236683,93222,391274,429,1;[65683, 1302, 0.8898643963502091, 1.2157433048057757, 263.5146465566555, 0.9138523580591842, 0.9900666244611257]
00236683,93222,391274,429,2;[65128.7, 1114, 0.8920105206580566, 1.2152927457141203, 901.9103499453104, 0.8625949441156302, 1.0004935743926293]
00236683,93260,391459,217,1;[61886, 1206, 0.88409827167143, 1.4305143674075829, 243.25219511796246, 0.9397923110539514, 0.9929323802876786]
00236683,93260,391459,217,2;[63468.649999999994, 1168, 0.8773761500382609, 1.303462920522043, 423.0964271691172, 0.9175794943361034, 0.9939989190599549]
00236683,93260,391459,217,3;[61080.08, 1002, 0.8684022285641108, 1.183091136102187, 330.8801757872058, 0.916625577751276, 0.9937478407203914]
00236683,93260,391459,218,1;[61371, 1146, 0.8861261793421696, 1.3227932692907638, 233.6975189654019, 0.9138117041258418, 0.9979592334523103]
00236683,93260,391459,218,2;[65415.49, 1146, 0.8806046328095137, 1.2456073480301915, 888.1625960645373, 0.8361238909296961, 0.9979485876116476]
00236683,93260,391459,219,3;[65165.420000000006, 1002, 0.8855295886816785, 1.201654730491485, 874.0681197302487, 0.8664653855605965, 1.0001682156524665]
00236683,93314,391804,1,1;[61200, 1184, 0.8911802629893917, 1.382171928150076, 230.7785941011806, 0.9282939375778478, 0.9964830011723329]
00236683,93314,391804,1,2;[63119.979999999996, 1172, 0.8732368986285801, 1.2855284088582624, 778.1732000879881, 0.8841258201664252, 0.9969738548578088]
00236683,93314,391804,1,3;[62554.200000000004, 1048, 0.8706816695963225, 1.2236399679595413, 396.73644698103055, 0.9037575184900603, 0.9935482467115642]
00236683,93314,391804,2,1;[60876, 1180, 0.8846231316147987, 1.3470361909588835, 237.77139752352406, 0.9341344635075844, 0.9983027082872112]
00236683,93314,391804,2,2;[63148.53999999999, 1058, 0.8865645945619125, 1.2173674482590253, 625.6957682754448, 0.8446343329217425, 1.0054568191291826]
00236683,93314,391804,2,3;[61967.840000000004, 1040, 0.8630861857690876, 1.2021879598329055, 462.1138465086889, 0.8699951446873627, 0.9957841205543386]
00236683,93331,391886,297,1;[64499, 1258, 0.8861004128455874, 1.1767130557255576, 486.22112839956037, 0.882567298345443, 0.9920557405541756]
00236683,93331,391886,297,2;[63365.119999999995, 1142, 0.8718246979181136, 1.2238753766468728, 720.7594945839151, 0.8495607612385334, 0.9981722919458998]
00236683,93331,391886,297,3;[60114.23, 962, 0.8786204077621724, 1.2399047265569842, 333.37371361298034, 0.9318307664323562, 1.000205151584226]
00236683,93341,391961,155,1;[64154, 1280, 0.8792525968196029, 1.2928483788835097, 374.536365774355, 0.935168653948244, 0.9960873210570443]
00236683,93341,391961,155,2;[62858.18, 1052, 0.8910501307441899, 1.1703169142364331, 1016.6524047850945, 0.8434156386230575, 0.9998391080909702]
00236683,93341,391961,156,3;[63548.82000000001, 1042, 0.8926078558902395, 1.1802893869861124, 792.7012788894507, 0.8845421833110562, 0.9976556618991289]
