02311518,93026,390254,197,1;[31915, 776, 0.890007695412776, 1.2846116449171505, 189.65301053292575, 0.9839676835804069, 0.9978582706708147]
02311518,93026,390254,197,2;[36757.909999999996, 784, 0.8462083117894406, 1.14286901688702, 555.6142976651115, 0.9311200010083993, 1.0021900296870692]
02311518,93026,390254,198,3;[29112.500000000004, 624, 0.8198425128151805, 1.0306429029718163, 425.3991768999734, 0.9388390002470014, 1.001555356553707]
02311518,93032,390303,78,1;[35831, 840, 0.876836924898032, 1.1753388953866126, 197.88789517755757, 0.9789446294770806, 1.0047248510339992]
02311518,93032,390303,78,2;[37608.759999999995, 794, 0.8454625941999253, 1.1071100954916246, 582.2383214173104, 0.9236977820411959, 1.0041622978425953]
02311518,93032,390303,78,3;[20429.440000000002, 572, 0.7837527768354128, 1.1636781810521324, 517.8134571968033, 0.9085401817207622, 0.9970913710675002]
02311518,93048,390340,509,1;[27363, 714, 0.8929809137525854, 1.2707647701108775, 173.7753027284594, 0.986168160137753, 9999]
02311518,93048,390340,509,2;[36517.53, 780, 0.8383592337416693, 1.085372125691584, 490.158139852615, 0.9392593226033962, 9999]
02311518,93048,390340,510,3;[20293.81, 544, 0.7862077550013234, 0.9916292236045995, 476.13917332419686, 0.9401352361904259, 9999]
02311518,93048,390341,507,1;[24094, 692, 0.8897765273335937, 1.2825270802807829, 184.4657653122854, 0.9858125273746403, 9999]
02311518,93048,390341,507,3;[37117.41, 726, 0.8337880271054274, 1.0166436213214227, 283.60288054545794, 0.8795505624862986, 1.00377903745693]
02311518,93048,390341,508,2;[20464.43, 604, 0.8417989688391169, 1.1471396932557953, 568.2085734157826, 0.9488638792317323, 1.0019226287578653]
02311518,93048,390344,506,1;[20147, 648, 0.8662321867569807, 0.9729624835581515, 427.0545837878995, 0.932899050375624, 0.9732380078257089]
02311518,93048,390344,506,2;[20914.25, 608, 0.8369226983500687, 1.1049822163341234, 561.6944824482986, 0.9486387474804227, 0.9985228112039088]
02311518,93048,390344,506,3;[20689.74, 592, 0.8016793038432074, 1.1132870944180944, 432.7544708360266, 0.9029136041231958, 1.0003974562798092]
02311518,93049,390348,572,1;[28052, 726, 0.889802967359916, 1.224632682569849, 153.1600857670414, 0.9867090813375579, 1.0033083567302705]
02311518,93049,390348,572,3;[32707.38, 668, 0.7976096359757281, 0.9956949523245635, 456.5851516409215, 0.9193123676143379, 15916.0]
02311518,93049,390348,573,2;[21061.809999999998, 598, 0.8485495613639195, 1.1664645835985983, 360.4098135093161, 0.9669131339361492, 1.0011879171852018]
02311518,93051,390361,656,1;[37099, 852, 0.8653816857479414, 1.1876672062595117, 203.16906964318542, 0.975583790100037, 1.0038015612105469]
02311518,93051,390361,656,3;[34059.57, 682, 0.8233595614788396, 1.030844836437448, 371.22906591156567, 0.9341922976629373, 9999]
02311518,93051,390361,657,2;[21375.969999999998, 592, 0.8022045788217183, 1.0335618296885565, 696.4599516181911, 0.9276183140723956, 1.0043892756297352]
02311518,93067,390433,83,1;[28537, 748, 0.8682119459306007, 1.1836562237455066, 213.0819498891066, 0.9799012783683605, 1.002547032268264]
02311518,93067,390433,83,2;[20886.879999999997, 658, 0.8353504652316289, 0.9583015896811115, 676.8510871975252, 0.9026504370868598, 0.9943912526202482]
02311518,93067,390433,83,3;[21910.410000000003, 564, 0.7979229544991845, 1.0363811868939314, 484.7017369666597, 0.9405156102914387, 0.999312671832042]
02311518,93071,390469,412,1;[24199, 686, 0.8665483186428518, 1.1545083706924981, 195.74029737306748, 0.9843509410599309, 1.0042954078562387]
02311518,93071,390469,412,2;[33644.869999999995, 742, 0.8400732277326638, 1.0970118810477414, 561.1221185562731, 0.9374549376550814, 1.001771604719555]
02311518,93071,390469,412,3;[21324.050000000003, 610, 0.8041376102769102, 0.8845005654091751, 440.1907309458047, 0.9043873623254033, 9999]
02311518,93078,390510,33,1;[25460, 688, 0.9015318561729682, 1.7681957240513262, 219.80338322264302, 0.9857035566409468, 1.004616659432585]
02311518,93078,390510,33,2;[26006.26, 640, 0.8722957412752634, 1.6977990379533996, 389.0095851366001, 0.9692900793858683, 0.9990171653219355]
02311518,93078,390510,33,3;[21108.960000000003, 558, 0.7877652013327412, 1.005257417172763, 584.5249810823511, 0.9231658367280201, 1.0040074284038707]
02311518,93078,390512,32,1;[34613, 812, 0.8534581097336927, 1.1706358349815045, 219.5472309913145, 0.9768177314337039, 69226.0]
02311518,93078,390512,32,2;[22345.82, 660, 0.8206905043860042, 1.3087804957075981, 531.6961681989553, 0.9536933741785592, 0.996153948171136]
02311518,93078,390512,32,3;[31703.170000000002, 666, 0.8071328959069245, 0.9927954572384726, 463.16847493398524, 0.9139284898410496, 9999]
02311518,93081,390537,267,1;[36033, 832, 0.8772544906090114, 1.203973248850707, 187.81562442947427, 0.9803289817267694, 0.9988080718483202]
02311518,93081,390537,267,2;[35959.42, 770, 0.8511833264371121, 1.1306809918554528, 509.3330526150355, 0.9400687444695043, 1.0028541085888756]
02311518,93081,390537,267,3;[20822.63, 546, 0.8086881139901176, 1.0352380010635036, 554.1116222124713, 0.9216659266155284, 1.0036318013734813]
02311518,93083,390550,384,1;[36542, 848, 0.8589534074847892, 1.1791762877243854, 219.91724386153342, 0.9698761201362844, 9999]
02311518,93083,390550,384,2;[25990.789999999997, 644, 0.8469038856268709, 1.59080333559125, 434.7573938001966, 0.9601479614660698, 0.9990165809033733]
02311518,93083,390550,384,3;[37709.25, 732, 0.8018819439764749, 1.1160575116689124, 523.7925804685913, 0.863523835761917, 1.0040124019697245]
02311518,93093,390603,900,1;[19993, 664, 0.8385980483996857, 1.2336403676431067, 341.14785240742725, 0.9633227056707846, 9999]
02311518,93093,390603,900,2;[21527.1, 618, 0.83437763997197, 1.243504145214942, 509.8001001684775, 0.9526428308538489, 9999]
02311518,93093,390603,900,3;[22378.95, 566, 0.7631423474793562, 0.938129117397424, 402.1921278076101, 0.9263582551195702, 0.9988382047205576]
02311518,93098,390633,1186,1;[36716, 848, 0.8856872873020999, 1.1766652719488555, 253.4210888926808, 0.9758907898865401, 0.9963095625746228]
02311518,93098,390633,1186,2;[32489.379999999997, 728, 0.8002573636590994, 1.0228299467872521, 502.8731458936077, 0.9532785086977564, 0.9967325630213753]
02311518,93098,390633,1187,3;[29892.030000000002, 644, 0.8094739298196918, 0.9832711998828382, 439.8077602065031, 0.9265913189225878, 9999]
02311518,93098,390635,1188,1;[35007, 810, 0.8658461995744318, 1.1397677197185538, 224.4477387272854, 0.9793123902291351, 6364.909090909091]
02311518,93098,390635,1188,3;[28915.22, 638, 0.8024260282300155, 0.944030540848825, 473.01541505613875, 0.9298104442149978, 9999]
02311518,93098,390635,1189,2;[37041.13, 792, 0.8438237481061959, 1.0595098746477591, 592.5429753587617, 0.9140912816398276, 1.002076458752515]
02311518,93099,390644,1272,1;[19507, 656, 0.8469250510152669, 1.2208599346869846, 404.3051402837674, 0.9432845213705464, 0.9530486613249951]
02311518,93099,390644,1272,2;[33863.83, 746, 0.8260965216923187, 1.0254468392058145, 489.7052957764368, 0.949992480013129, 0.9953828395536745]
02311518,93099,390644,1272,3;[20718.510000000002, 546, 0.7985861904623396, 0.9781505534778058, 560.464919336236, 0.9025986620826993, 1.0040832586395778]
02311518,93100,390650,1389,1;[20422, 646, 0.8477252573444389, 1.2114477040630303, 368.6781160539964, 0.9567546002368855, 1.0000244839997061]
02311518,93100,390650,1389,2;[20898.78, 630, 0.7604091192176972, 1.0508907025508853, 513.9875243246626, 0.9591153302303973, 1.000997463592579]
02311518,93100,390650,1389,3;[21159.65, 560, 0.7893118425730585, 0.8708565528458396, 507.1733331202271, 0.9140863340832573, 9999]
02311518,93103,390675,1595,1;[25493, 696, 0.8776245686927373, 1.1612374839351265, 179.54430615165134, 0.9842423355674949, 1.0006280174274835]
02311518,93103,390675,1595,2;[21707.98, 618, 0.8233550435434417, 1.0878490229072302, 580.4556271512831, 0.9517084187248541, 1.0031896172459305]
02311518,93103,390675,1595,3;[37328.39, 734, 0.8174543959821152, 1.0414335940495925, 388.4228403100914, 0.8871667450478995, 9999]
02311518,93113,390734,1942,1;[35977, 842, 0.8849883661462602, 1.206585737108274, 233.2746295230486, 0.9764053730229434, 9999]
02311518,93113,390734,1942,2;[29828.539999999997, 692, 0.8206804873719633, 0.9778011810030994, 414.3276657359622, 0.9645416458230023, 1.000738596666334]
02311518,93113,390734,1942,3;[22944.760000000002, 590, 0.8282743734037091, 1.0180305284003426, 330.2637335616697, 0.9485211343284884, 9999]
02311518,93113,390739,1941,1;[37240, 856, 0.8660684393796908, 1.2166932087190974, 206.2599833049041, 0.9755912046944535, 9999]
02311518,93113,390739,1941,2;[20813.1, 626, 0.8344386897562628, 1.0594757216145625, 676.8695369511939, 0.9083309643943985, 9999]
02311518,93113,390739,1941,3;[20843.18, 572, 0.796259610541379, 1.1461911193983307, 464.4161013842399, 0.9272139159456295, 0.9977047675257394]
02311518,93114,390740,2031,1;[23868, 708, 0.9480532667082187, 1.180584333279277, 267.43924990667506, 0.9808569807350216, 9999]
02311518,93114,390740,2031,2;[37341.009999999995, 784, 0.8349605394991312, 1.0972486460234265, 619.4710651246671, 0.9189406595166996, 1.0024118708770584]
02311518,93114,390740,2031,3;[33097.83, 670, 0.7925379573179191, 1.035597176215949, 555.6419956489017, 0.9014482735831153, 9999]
02311518,93116,390756,79,2;[22560.02, 630, 0.8479427094025048, 1.1974997280618498, 563.05214112548, 0.9514969279837869, 0.9991304118685604]
02311518,93116,390756,79,3;[36839.3, 726, 0.789528493755556, 1.1146035143319382, 647.6259972378988, 0.8709596524648503, 1.0006884617531586]
02311518,93116,390756,80,1;[37614, 860, 0.8595108242919186, 1.1875783692374005, 228.79522602463993, 0.974182199491779, 1.002638944422231]
02311518,93118,390765,210,1;[36002, 836, 0.8714454168510789, 1.1506386919504126, 182.95327130115504, 0.9800824475057979, 0.9998611381120338]
02311518,93118,390765,210,2;[24405.71, 640, 0.7906436023453683, 1.389433013550613, 505.74207008932024, 0.9635451258267731, 0.9969860483204511]
02311518,93118,390765,210,3;[21230.890000000003, 600, 0.7986369661121272, 0.8897868571156857, 411.4184096034797, 0.9224249321066036, 0.9960791875562411]
02311518,93119,390779,278,2;[21377.16, 608, 0.8407232610229913, 1.0087788777368583, 591.3665086634454, 0.9298910329698636, 35928.0]
02311518,93119,390779,278,3;[25540.910000000003, 600, 0.8102698841791629, 1.1772797607943732, 404.7462324216472, 0.9409261146360387, 1962.421052631579]
02311518,93119,390779,279,1;[21760, 710, 0.854061016969603, 1.2686149633427812, 305.45474492747564, 0.9758527351270231, 0.9983254192186819]
02311518,93120,390783,339,2;[20810.719999999998, 636, 0.7695007888327468, 1.0692187836803984, 531.1009287824243, 0.9539802019568644, 0.9960132133500399]
02311518,93120,390783,339,3;[37870.91, 734, 0.7860380783917578, 1.1581305323897004, 571.000467028538, 0.8547217765963093, 9999]
02311518,93120,390783,340,1;[29181, 748, 0.8918152382529532, 1.1968352837908816, 208.692212402096, 0.9824304023593364, 1.0048553719008264]
02311518,93123,390801,1768,1;[22337, 656, 0.8853682301243063, 1.3128813582553438, 178.40739145618974, 0.9864751385208541, 1.0054917848300697]
02311518,93123,390801,1768,2;[37306.5, 796, 0.8502825132595456, 1.1636113588644603, 529.9060244241471, 0.9345165420422827, 9999]
02311518,93123,390801,1768,3;[36472.14, 720, 0.8120399558749728, 1.0454117102113167, 390.0358448734331, 0.8407423630001583, 9999]
02311518,93123,390805,1766,1;[23857, 676, 0.9459678993856757, 1.2326662356925249, 266.47811700906544, 0.9822090087894971, 1.005542559693157]
02311518,93123,390805,1766,2;[20944.0, 626, 0.8298187621273968, 1.0276762639919337, 730.1149644428424, 0.9142759837364532, 1.0047095761381475]
02311518,93123,390805,1766,3;[23279.04, 570, 0.8081283346271009, 1.0331765453187878, 425.45488873723167, 0.9386620365945049, 1.0064263926318595]
02311518,93125,390819,1837,1;[33926, 798, 0.8638305097701857, 1.1532349209170907, 189.1225075504103, 0.9823404078895375, 22617.333333333332]
02311518,93125,390819,1837,2;[37114.909999999996, 784, 0.8529953260304184, 1.0991064609041974, 336.4712019143677, 0.9594136008875729, 9999]
02311518,93125,390819,1837,3;[20980.18, 558, 0.8062772019888917, 1.0245228924808172, 501.3510553766658, 0.9319970029396649, 0.9979147660628177]
02311518,93130,390852,562,1;[33641, 794, 0.8620422151998208, 1.1130681482762443, 218.80447778619458, 0.9791141251800409, 1.0035499075234176]
02311518,93130,390852,562,2;[29194.27, 692, 0.7970266641454281, 0.959258044795881, 528.2279110154363, 0.952801054985398, 9999]
02311518,93130,390852,562,3;[20874.690000000002, 608, 0.7964209698346418, 1.1773318096619907, 506.4597055956423, 0.900047527426898, 0.9962730482542174]
02311518,93134,390880,868,1;[21213, 648, 0.8695235625021197, 0.9354846872790418, 450.3145770353125, 0.9415331781957069, 1.0061661053929707]
02311518,93134,390880,868,2;[20790.489999999998, 596, 0.8387856144504401, 1.1144108576134972, 497.5596613806513, 0.9536637943647623, 1.003503733486502]
02311518,93134,390880,869,3;[37769.530000000006, 740, 0.7856461324115787, 1.1464548129719823, 577.795770413497, 0.8149574434799484, 1.0047560908941815]
02311518,93138,390915,1198,1;[20129, 660, 0.8504094134912712, 1.1499002693197078, 413.3872004134941, 0.9478641732426397, 0.9723684846142698]
02311518,93138,390915,1198,2;[37383.85, 794, 0.8402874866679713, 1.0507821476363213, 581.3486945821778, 0.9229303216006954, 0.9993319760783814]
02311518,93138,390915,1198,3;[37376.340000000004, 734, 0.8359874124036303, 1.0406094487324096, 314.75131187974443, 0.8894994519526542, 1.0030515827787787]
02311518,93139,390923,38,1;[26367, 720, 0.8744764942810738, 1.233846523999208, 213.33461574425274, 0.9832125489200538, 1.0007780919666749]
02311518,93139,390923,38,2;[21744.87, 614, 0.8446128529256336, 1.085917619605767, 520.0811520016828, 0.9565274111813301, 0.9952343345769451]
02311518,93139,390923,38,3;[21262.4, 576, 0.7942296242953346, 0.9439714561105856, 465.6049207265788, 0.9475633870780378, 0.9977499196399872]
02311518,93140,390926,117,1;[20147, 676, 0.8325978792619219, 1.2286723508984234, 345.03779691917015, 0.9662796523436529, 9999]
02311518,93140,390926,117,2;[37460.009999999995, 798, 0.8342558374942165, 1.0536813655732007, 658.7561402452601, 0.9152040644409257, 4497.0]
02311518,93140,390926,117,3;[37506.490000000005, 732, 0.8355825587946124, 1.056024435845258, 282.9175326747596, 0.8970517948805369, 1.001683070506019]
02311518,93141,390932,187,1;[37355, 850, 0.8520223077233464, 1.1596309865067649, 230.74814772893552, 0.9736237187224117, 1.0028860997382374]
02311518,93141,390932,187,2;[21157.01, 602, 0.8268397678550673, 1.0517739911288824, 744.6781515581189, 0.9095110089231127, 0.9971955802344495]
02311518,93141,390932,187,3;[33617.060000000005, 686, 0.8318234574771391, 1.0718331301029635, 384.0768570341113, 0.9208819927546357, 1.003004353246541]
02311518,93141,390935,189,1;[36313, 842, 0.8702096233253889, 1.1885809401127494, 183.2120295260077, 0.9749192486301121, 0.9997522162876493]
02311518,93141,390935,189,2;[21592.55, 628, 0.8145902150391972, 1.1734576487354296, 614.0556559019392, 0.9467755041094571, 0.999036476256022]
02311518,93141,390935,190,3;[21218.56, 604, 0.7993407184204424, 1.2341279746516487, 509.3456692240697, 0.9151614270911852, 0.9991935744008258]
02311518,93141,390939,188,1;[22220, 668, 0.8803760692167979, 1.2920499647683912, 202.18148302843258, 0.9846465019603804, 1.0017808435337345]
02311518,93141,390939,188,2;[33349.75, 744, 0.7985555130043678, 0.9371098137169263, 555.8403036750004, 0.9479519494873893, 0.9978813936513024]
02311518,93141,390939,188,3;[37421.55, 732, 0.8338538585786341, 1.0428058962469011, 313.940050199138, 0.8741861296305172, 1.0037113250532814]
02311518,93147,390949,312,1;[20019, 656, 0.8750745243242236, 1.0232032228763885, 362.89168135710497, 0.9567327031927925, 9999]
02311518,93147,390949,312,2;[23613.17, 628, 0.8159226876342893, 1.232193396485519, 573.8584274758718, 0.9504121880776462, 1.0021717171717173]
02311518,93147,390949,312,3;[23669.49, 584, 0.8058947654628209, 1.0449058742882331, 538.974468842857, 0.8980238624327955, 9999]
02311518,93165,391040,174,1;[25378, 686, 0.8600570780175967, 1.6542119391222503, 296.0825214319329, 0.9787185216443282, 1.0019543202321495]
02311518,93165,391040,174,2;[22909.879999999997, 626, 0.8506149140111063, 1.2319094952272467, 506.09535146622335, 0.9601996631382466, 0.9983147087038814]
02311518,93165,391040,174,3;[36178.96000000001, 720, 0.7978920562598917, 1.099520012731529, 517.5166898011429, 0.8937379184646408, 9999]
02311518,93165,391043,175,1;[21378, 656, 0.8838378958795663, 1.3297815518044926, 175.0056564771745, 0.9877704698168921, 1.0030262509676966]
02311518,93165,391043,175,2;[25651.64, 638, 0.8425171555226322, 1.6994364918305178, 393.82871786102857, 0.9709326541448358, 1.000580221412491]
02311518,93165,391043,175,3;[36468.030000000006, 722, 0.7951818350934755, 1.0580902021760117, 473.8003035410087, 0.8183956086080928, 1.0047559732759597]
02311518,93165,391044,173,1;[19798, 642, 0.8763785648040058, 0.9471321717446147, 402.33915179909525, 0.9320416586157082, 0.9580681845677369]
02311518,93165,391044,173,2;[37751.56, 790, 0.8410096407889287, 1.0936948225855303, 625.9134693383037, 0.9119956980503198, 1.0030669997154331]
02311518,93165,391044,173,3;[37784.600000000006, 732, 0.8225727759373769, 1.0383141159858267, 337.81121545151575, 0.8353773423501527, 1.0044797319444951]
02311518,93166,391051,242,1;[35142, 812, 0.8807663369438198, 1.1928111570456543, 203.03331949557153, 0.9805586465328333, 1.0055511044981116]
02311518,93166,391051,242,2;[24417.61, 638, 0.8477715994873644, 1.133598411517474, 511.21441168538996, 0.9546886579997145, 1.0037913069001785]
02311518,93166,391051,242,3;[37657.19, 736, 0.8146058588825239, 1.0584896855755441, 374.7609414167931, 0.8914455247400089, 1.002260711030082]
02311518,93173,391089,592,1;[19469, 640, 0.8662496870793593, 0.9563107842988836, 371.70469709980785, 0.9358487309904067, 0.9480424620179198]
02311518,93173,391089,592,2;[23409.68, 622, 0.7905225478857443, 1.196318203180513, 626.036348940438, 0.94908066222687, 1.0041089247888115]
02311518,93173,391089,592,3;[22550.2, 570, 0.8137314360873142, 0.9920060187333418, 534.7428914343919, 0.9245448121951163, 0.9863374880153404]
02311518,93173,391090,591,1;[25015, 694, 0.85786408787781, 1.1854201341045723, 186.08986426147632, 0.9842600110874877, 9999]
02311518,93173,391090,591,2;[37569.49, 798, 0.8472568923066259, 1.154751222591672, 460.9111571785982, 0.936727410880523, 1.0011098427194318]
02311518,93173,391090,591,3;[28859.050000000003, 624, 0.8047734464539735, 0.9726227646317741, 433.58930625788923, 0.9283667243164366, 9999]
02311518,93174,391095,668,1;[24177, 688, 0.875763434827077, 1.1793725766224412, 177.8204614776547, 0.9844321404426434, 9670.8]
02311518,93174,391095,668,2;[25726.61, 638, 0.832212567909691, 1.5652697009305478, 454.82713113786406, 0.9617238389073983, 1.0019000834182965]
02311518,93174,391095,668,3;[20743.170000000002, 568, 0.8008433010276876, 1.1787760999484636, 511.08494139638526, 0.9081439236933089, 1.00115713955103]
02311518,93188,391174,277,1;[22598, 704, 0.8766861962814803, 1.2975187399636505, 270.27652519424794, 0.9795974548217028, 1.0032853844787781]
02311518,93188,391174,277,2;[25264.89, 662, 0.8249042073751159, 1.564424113694903, 511.39083381871063, 0.9632857262313614, 1.003711145254698]
02311518,93188,391174,277,3;[37139.33, 730, 0.8009114794579465, 1.067591817397799, 517.2486878210801, 0.8069988075661704, 1.0066655526467256]
02311518,93203,391201,444,1;[36424, 844, 0.8752620883320968, 1.1703138270451974, 244.20286763959393, 0.9769617004400778, 1.0038307840705525]
02311518,93203,391201,444,2;[33813.85, 748, 0.8361717507075849, 0.9982800429816563, 444.44690011963434, 0.9596586916418917, 0.9953237473072141]
02311518,93203,391201,444,3;[27132.850000000002, 618, 0.8078018386587382, 0.9367299151254989, 514.84523262512, 0.9335978451721012, 9999]
02311518,93203,391206,442,1;[37189, 854, 0.8669005418939388, 1.216527813556381, 271.5925759159092, 0.9693026573419784, 1.0042531358438087]
02311518,93203,391206,442,2;[37169.65, 794, 0.8443358112648894, 1.1108957630862561, 489.57310673153455, 0.9362842019014654, 9999]
02311518,93203,391206,443,3;[21800.81, 562, 0.8187634183122916, 1.0534377033863478, 559.8009692988868, 0.9226734740636074, 1.001794201894929]
02311518,93218,391243,154,1;[20926, 648, 0.8865264572212743, 1.3643830573053402, 167.55169779003214, 0.9869489685002814, 9999]
02311518,93218,391243,154,2;[37331.49, 780, 0.8438904194786744, 1.0845930464148241, 456.1415021516886, 0.9356976559139647, 1.0024285029557438]
02311518,93218,391243,154,3;[21435.02, 588, 0.804467253767337, 0.8995223895133378, 389.36333936214425, 0.9202033074454039, 9999]
02311518,93218,391249,155,1;[27530, 720, 0.891063774326077, 1.0758137379226378, 194.57646983597402, 0.9825162420435171, 13765.0]
02311518,93218,391249,155,3;[26756.100000000002, 612, 0.8032882850759788, 0.9628996690192861, 458.8894556800121, 0.9275693795506125, 9999]
02311518,93218,391249,156,2;[32833.29, 730, 0.8377825803656932, 1.0914852323357978, 578.7296458954589, 0.9346052625686515, 9999]
02311518,93219,391251,202,2;[35510.79, 762, 0.8490783981640115, 1.069355526770739, 328.3566595278184, 0.9577631612711419, 1.0022166246851385]
02311518,93219,391251,202,3;[38017.5, 738, 0.8236007671253038, 1.0375193058656604, 384.01685687332247, 0.8358116095401829, 1.0029455879429676]
02311518,93219,391251,203,1;[23488, 672, 0.8796094876500636, 1.2441309566791536, 191.79871162344347, 0.9837614793641236, 1.0011935208866156]
02311518,93219,391257,204,1;[33284, 792, 0.8760697448392298, 1.2108619672052063, 189.89756334676352, 0.9804382718893779, 1.0036335127474483]
02311518,93219,391257,204,2;[22416.03, 614, 0.7227684132237044, 1.0399709593185433, 597.0756198469815, 0.9424421214126976, 1.0028749401054144]
02311518,93219,391257,204,3;[32279.940000000002, 664, 0.8188605798926086, 1.0378482496139187, 528.556043868148, 0.9158980803848146, 1.0045190995907232]
02311518,93220,391259,260,2;[21030.87, 606, 0.8351762761099184, 1.1347060916432623, 628.27917382902, 0.9371334822783631, 1.0018139561249362]
02311518,93220,391259,260,3;[37436.62, 730, 0.8385140915860391, 1.064708456907928, 354.5853261944333, 0.8941156413379223, 1.0022005428005574]
02311518,93220,391259,261,1;[37136, 846, 0.8775755459898258, 1.2170520732405776, 239.78142625586537, 0.9763217485246857, 1.003919872401395]
02311518,93220,391261,258,1;[36124, 836, 0.8904584352150028, 1.0811340588048435, 240.7628477926031, 0.9748580362485222, 1.0020944005991927]
02311518,93220,391261,258,2;[29146.67, 688, 0.8020475916319552, 0.9639979011091558, 494.5841338157903, 0.9529953658653578, 0.9997142857142857]
02311518,93220,391261,258,3;[27808.260000000002, 622, 0.8212808285065697, 1.0599486278768206, 575.6357542059096, 0.9118419721528599, 1.0031629929821093]
02311518,93222,391268,325,1;[36303, 842, 0.870484149924222, 1.2218662107820621, 208.20309840683646, 0.9724237121577048, 9999]
02311518,93222,391268,325,3;[21095.260000000002, 608, 0.8000097637698821, 1.1912734477130242, 507.890222532897, 0.9035394007903333, 9999]
02311518,93222,391268,326,2;[32661.93, 734, 0.8057681375221315, 0.9923439532199902, 520.6861813545759, 0.9511709789082571, 0.9956650282045236]
02311518,93222,391270,324,1;[24135, 700, 0.8848883040780637, 1.4595999793152135, 231.21829108226348, 0.9818479455093652, 0.9938028864960573]
02311518,93222,391270,324,2;[22811.11, 622, 0.8456577626206646, 1.081750969017683, 531.2688951719637, 0.9517693795714602, 0.9974503070038505]
02311518,93222,391270,324,3;[22669.390000000003, 574, 0.8064223883769615, 1.3389905812799128, 512.8459313680289, 0.943083315488215, 1.002696561127102]
02311518,93232,391315,722,1;[19204, 658, 0.8391644346475291, 1.2259384032450849, 366.9174136656166, 0.950678376145116, 0.9430367314869378]
02311518,93232,391315,722,2;[32077.64, 722, 0.8349913178192494, 1.054800929831152, 339.8325274062967, 0.9637937402375074, 1.001076985924908]
02311518,93232,391315,723,3;[36610.51, 714, 0.829537529566217, 1.058594775726585, 352.25405330378777, 0.9151771308607087, 1.0008426808486732]
02311518,93232,391320,720,1;[21809, 656, 0.8874941251125766, 1.3055568263256028, 190.55375567560526, 0.9865769720767944, 1.0022057809843297]
02311518,93232,391320,720,2;[22852.76, 642, 0.8530471974644545, 1.1921509221007918, 624.8899791564338, 0.9497632893120497, 0.9972736478591644]
02311518,93232,391320,720,3;[22822.83, 572, 0.8107382158803607, 1.030301653347665, 557.5533218444236, 0.9280737835925609, 1.003070809248555]
02311518,93232,391321,718,1;[30699, 752, 0.8662243320142895, 1.1193914212284604, 223.02374369952207, 0.9811621102341139, 1.0026782506450664]
02311518,93232,391321,718,2;[24400.949999999997, 638, 0.8364787884696127, 1.1407416822343956, 412.37770150013336, 0.9614845729356252, 1.0022728939071779]
02311518,93232,391321,718,3;[21556.95, 588, 0.8061542283375249, 0.9249643550837497, 488.99796672116594, 0.9157677148206683, 0.9962328658710311]
02311518,93233,391322,787,1;[24590, 688, 0.8748164344363355, 1.1880196000452592, 224.85323803958084, 0.9828858068616615, 9999]
02311518,93233,391322,787,3;[36428.3, 722, 0.8158976700700061, 1.0283248791411577, 435.6110103807157, 0.9154748445127482, 1.000188075982697]
02311518,93233,391322,788,2;[30540.16, 702, 0.8403764446294948, 1.0658232050251992, 359.0538046043032, 0.9606245822539614, 1.0020889869389509]
02311518,93233,391327,786,1;[20032, 648, 0.869811542275864, 0.9554185319081075, 399.165318954444, 0.9425649598273917, 0.9621517771373679]
02311518,93233,391327,786,2;[27646.079999999998, 666, 0.8441805849301226, 1.0775201895564577, 421.33131570805415, 0.9538124953395817, 1.002135231316726]
02311518,93233,391327,786,3;[36148.82, 712, 0.8374866570067021, 1.0801296730698524, 377.1573612651879, 0.9190793933477306, 1.00399528176249]
02311518,93233,391328,785,1;[19380, 648, 0.8524007261878297, 1.0802465899541955, 374.28017897429675, 0.9441274095797648, 9999]
02311518,93233,391328,785,2;[36359.259999999995, 782, 0.8452815815494735, 1.0559782996552391, 432.43953705877294, 0.9423176180341654, 9999]
02311518,93233,391328,785,3;[30841.440000000002, 650, 0.820502507461626, 1.0552461978545393, 455.32288558558776, 0.9318092298774, 9999]
02311518,93245,391405,157,1;[21677, 714, 0.8421498865831791, 1.4617779753781233, 349.96520094432293, 0.9735518216206, 0.9954994259471871]
02311518,93245,391405,157,2;[20982.079999999998, 652, 0.8375201880459238, 1.0137742505138867, 683.3173168644042, 0.9121954175036453, 0.997341478590418]
02311518,93245,391405,157,3;[21415.84, 578, 0.8048642436824478, 0.9137457363283027, 527.6183887761949, 0.9174761476856447, 0.9924449241318012]
02311518,93246,391416,219,1;[26116, 712, 0.9693332883554128, 1.1641515784640561, 210.55511675824346, 0.9860502663647716, 1.0025528321081019]
02311518,93246,391416,219,2;[20816.67, 630, 0.8426077013983237, 1.054362178459511, 669.6783747799377, 0.9009887496415516, 1.0001429347359996]
02311518,93246,391416,219,3;[20889.760000000002, 612, 0.7970079536552701, 1.2275328385556832, 556.7877585314046, 0.893377061906642, 0.9999344219293068]
02311518,93264,391493,592,1;[21316, 660, 0.8865198014266557, 1.315617309107534, 173.68209092707212, 0.9876829850962792, 1.0034364261168385]
02311518,93264,391493,592,2;[37643.27, 796, 0.852645739847898, 1.0737498863555999, 487.51497927225626, 0.9313757655178982, 9999]
02311518,93264,391493,592,3;[20921.27, 580, 0.80413323458994, 1.1966043291089683, 465.17442663487384, 0.9259766718487288, 9999]
02311518,93328,391867,49,3;[36739.29, 724, 0.7922244360504895, 1.1409827905344212, 524.3054077499041, 0.8734651667235485, 1.0022424038569346]
02311518,93328,391867,50,1;[20364, 636, 0.8808979647764231, 1.1262529606692662, 165.01790152166603, 0.9873742941653708, 0.9980885163946478]
02311518,93328,391867,50,2;[23372.789999999997, 648, 0.8474124618383926, 1.2557997382900863, 555.4738053646433, 0.9550000928222311, 1.0021941014389224]
02311518,93328,391873,47,1;[36770, 844, 0.8694479571739716, 1.188797635178297, 205.51988467508966, 0.9744739162914722, 1.0000815949084778]
02311518,93328,391873,47,2;[34994.33, 746, 0.8378086890807417, 1.122955101649749, 555.1424610836492, 0.9333827513390166, 1.005126978159073]
02311518,93328,391873,48,3;[27945.260000000002, 624, 0.8145161702130456, 0.9807742001330004, 410.2478011008287, 0.9307921582011465, 1.0028268724957596]
02311518,93328,391874,51,1;[35266, 828, 0.8859064120583272, 1.118421781399094, 175.85916096267354, 0.9804122792136224, 1.0032858707557504]
02311518,93328,391874,51,3;[23724.29, 592, 0.8173852518075774, 1.3897950746941408, 424.61031770992616, 0.9534040969816272, 1.0030990239522692]
02311518,93328,391874,52,2;[24897.18, 636, 0.9506340019103674, 1.106472575203694, 310.27411838650994, 0.9752239993966222, 1.0031886073218097]
02311518,93329,391878,119,1;[36687, 844, 0.8859173985603146, 1.2346121183936316, 227.315002812668, 0.9786826138400715, 9999]
02311518,93329,391878,119,2;[22395.8, 616, 0.8268115717163796, 1.1978780950867458, 440.3772016997317, 0.9590989721676793, 1.003492495134501]
02311518,93329,391878,119,3;[36839.3, 726, 0.7997192762843043, 1.110283840379759, 448.95721633914906, 0.8210615713387719, 1.0046702783485897]
02311518,93331,391889,197,1;[33003, 794, 0.8731414692787307, 1.1924974058085922, 197.89562395403485, 0.9778503513992232, 9999]
02311518,93331,391889,197,3;[22768.030000000002, 586, 0.8011394371943085, 1.0005257892088337, 346.58718511742967, 0.9267770914651025, 4748.285714285715]
02311518,93331,391889,198,2;[20672.68, 650, 0.8309843915633641, 1.1490439569628537, 546.1853288738147, 0.9216491944313977, 1.0]
02311518,93342,391974,233,1;[36464, 842, 0.8948360590658123, 1.1628980566078992, 243.22539422026168, 0.9740608582068678, 1.0047116523847575]
02311518,93342,391974,233,2;[20406.12, 610, 0.8437092428258212, 1.0120053248593226, 606.2378851784529, 0.9122109354379538, 0.9976727949732371]
02311518,93342,391974,233,3;[37284.55, 726, 0.8166884463287927, 1.0284124288727754, 341.65400624215187, 0.8205708120183939, 1.0049481186071416]
02311518,93379,392065,141,2;[22132.809999999998, 624, 0.8246104765417167, 1.1275715954228167, 616.8821666192227, 0.9472449419363032, 1.0009956675008747]
02311518,93379,392065,142,1;[23982, 720, 0.945242079054709, 1.1540138271536426, 270.1894300267346, 0.981636038707892, 0.9992291827253599]
02311518,93379,392065,143,3;[37846.25, 742, 0.8022794644326344, 1.065847508057155, 425.20656639348323, 0.9031781463804556, 13812.5]
02311518,93379,392067,144,2;[20884.5, 622, 0.8274555089710667, 1.1589225339443732, 577.0006094047413, 0.948321455415551, 0.9988332716769586]
02311518,93379,392067,144,3;[37732.54, 738, 0.793650485767943, 1.0901646085312824, 466.0862992573597, 0.8802169571677723, 9999]
02311518,93379,392067,145,1;[24231, 690, 0.8914696847995506, 1.1703106599320028, 162.23490199945246, 0.9865757110409152, 1.0038112597870665]
02311518,93384,392077,256,1;[37026, 850, 0.8767444383002665, 1.2292776657036821, 265.8184278462648, 0.9753005159223969, 1.0068663575672698]
02311518,93384,392077,256,2;[33233.13, 732, 0.842907190344437, 1.0797430743834628, 559.3326359755221, 0.9387185081302871, 0.9999641936407906]
02311518,93384,392077,257,3;[37648.97, 740, 0.819287837427813, 1.096275010627112, 378.53111921100475, 0.9056330761428367, 1.0017862350539515]
02311518,93391,392130,848,1;[27118, 730, 0.8787224913748278, 1.2271040256065895, 239.5121184113567, 0.9816806420394996, 1.0035155238130482]
02311518,93391,392130,848,2;[32172.84, 726, 0.8372878004279573, 1.0789183294356628, 579.6502336996424, 0.9396231057004726, 9999]
02311518,93391,392130,848,3;[37576.36, 740, 0.8090429672757823, 1.0639128265818025, 399.36872057832073, 0.9011883985143597, 1.001570202665693]
00023892,93026,390259,210,1;[115384, 1676, 0.9705763288702812, 0.9705763288702812, 27.44450635858385, 0.9967809945790217, 0.9971869206936336]
00023892,93026,390259,211,2;[117053.15999999999, 1570, 1.0149650236071255, 0.9746772383627069, 32.01824097753799, 0.9959190027831599, 0.996711876257112]
00023892,93026,390259,211,3;[116700.71, 1438, 1.0186254340279237, 0.9437976061425024, 56.93241554978748, 0.9908537816795847, 9999]
00023892,93026,390259,212,1;[115337, 1664, 0.9804131521278897, 0.9889032468085639, 29.32303153461915, 0.9964262448288627, 0.9924920079683675]
00023892,93026,390259,212,2;[117691.0, 1554, 1.014747909288223, 0.9808503008994244, 33.38817836122004, 0.9959185983378324, 9999]
00023892,93026,390259,212,3;[114356.64000000001, 1394, 1.0039062202291396, 0.9507977939312924, 37.10296143051946, 0.9936297065684685, 9999]
00023892,93026,390259,214,1;[120043, 1634, 1.0032661182443197, 0.9887838124952426, 22.927187669422857, 0.9969424029558446, 0.9982495311986761]
00023892,93026,390259,215,3;[114305.95000000001, 1398, 1.010278510246198, 0.9543713578041263, 39.13504025500448, 0.9933049493998183, 9999]
00023892,93026,390259,216,2;[116758.04, 1568, 1.0123332269148082, 0.98091887278259, 29.98789604125521, 0.996023856518871, 0.9963240520725442]
00023892,93049,390350,751,2;[112488.31999999999, 1480, 0.9848740726439702, 0.9929826624223882, 26.49613653842162, 0.9961483784872827, 9999]
00023892,93049,390350,752,3;[118309.09000000001, 1532, 1.0130833231157215, 0.9721992345752148, 59.29260583943325, 0.9911236827270111, 9999]
00023892,93049,390350,753,1;[115862, 1658, 0.9829469492684024, 0.9978529551266063, 24.60371064380052, 0.9960469422803894, 0.9909383646292598]
00023892,93049,390350,756,2;[116076.17, 1538, 1.0085478725212538, 0.9927081192712227, 43.37188848757056, 0.9943862237694245, 9999]
00023892,93049,390350,756,3;[117833.70000000001, 1382, 1.047327962051423, 0.9430491915437306, 103.28006889242694, 0.9876476852572468, 0.9989779088945155]
00023892,93049,390350,757,1;[119330, 1636, 1.0075125795868425, 0.9942916148693116, 29.0029681718026, 0.9953227996444487, 9999]
00023892,93049,390350,758,3;[117121.3, 1400, 1.030931342867741, 0.9719735434960686, 74.73251000866165, 0.9910807744684849, 9999]
00023892,93049,390350,760,1;[119412, 1684, 1.0004737661313214, 0.9880028410604836, 28.934950571560975, 0.9954903479060804, 0.999870214146658]
00023892,93049,390350,760,2;[117228.09, 1564, 1.0405712513178689, 0.9825036010815462, 94.58212834702178, 0.9879751501300211, 0.9954779023530066]
00023892,93049,390350,761,1;[115473, 1576, 0.991677529821298, 0.9926776955103828, 36.86362273631874, 0.9942467519164607, 1.0014917476864902]
00023892,93049,390350,763,2;[118247.92, 1546, 1.0345050869305332, 0.994516715150005, 59.95186314319832, 0.9908730469999921, 9999]
00023892,93049,390350,763,3;[118310.46, 1494, 1.0361395917367435, 0.9712337522244107, 108.28824339469637, 0.9843328979744623, 0.9939059128182995]
00023892,93049,390350,766,1;[116227, 1652, 0.9751026370807013, 0.9892795240401203, 27.456611617824382, 0.9965442441576506, 0.9924685549359998]
00023892,93049,390350,767,3;[117711.77, 1466, 1.0214023858039325, 0.9691685127209577, 43.76655418360943, 0.9929606828812833, 10740.125]
00023892,93049,390350,769,2;[117706.47, 1490, 1.0202549609913965, 0.9997484379105231, 29.963769686372082, 0.995278891855519, 9999]
00023892,93049,390350,770,1;[117114, 1588, 1.0024585818836231, 0.9928265580916606, 32.869004539460455, 0.9955113006843905, 9999]
00023892,93049,390350,770,3;[118395.40000000001, 1410, 1.0424963099943128, 0.9275135170288007, 78.28360049762023, 0.9922517167138535, 9999]
00023892,93049,390350,773,2;[114238.81, 1522, 1.0044227657496143, 0.986742260703326, 36.17136856988099, 0.9948063335800724, 9999]
00023892,93099,390646,1221,2;[114072.20999999999, 1486, 1.0090858747803573, 0.9867088647928606, 38.53013999163804, 0.9934468550222741, 9999]
00023892,93099,390646,1222,1;[115757, 1704, 0.9986716907804245, 0.9931340390066832, 35.39650912607604, 0.9961712619634862, 0.989105543782897]
00023892,93099,390646,1222,3;[117585.73000000001, 1392, 1.1323117391248805, 0.9651113997953958, 50.31573890807299, 0.9940088735414381, 9999]
00023892,93103,390673,1487,1;[118131, 1640, 0.9941992381714719, 0.9832364950716539, 24.18140079113889, 0.9967673469878491, 0.9975637458357788]
00023892,93103,390673,1488,3;[117951.52, 1364, 1.034720293021279, 0.9614925636421753, 96.22023479779668, 0.98528403584093, 0.9961010262284081]
00023892,93103,390673,1489,2;[116541.45999999999, 1546, 1.014966414714585, 0.992022459678374, 40.09946663942671, 0.9947342202306876, 0.9929282227280332]
00023892,93103,390673,1491,2;[120403.01, 1514, 1.0503891899546012, 0.9843946252209498, 113.66690920960296, 0.984839104179109, 9999]
00023892,93103,390673,1492,1;[114627, 1678, 0.9987680845865211, 0.9924709850319351, 45.564953524898826, 0.9946129103177113, 0.9927122981592382]
00023892,93103,390673,1492,3;[112581.12000000001, 1362, 1.004285977747245, 0.9649001229124898, 31.23126453415144, 0.9956981357234577, 9999]
00023892,93103,390673,1495,2;[114817.15, 1510, 0.9930315460441014, 0.9870770259924616, 31.546042712339776, 0.9947702350629656, 9999]
00023892,93103,390673,1497,3;[113548.34000000001, 1404, 1.0054351093309934, 0.960491452600365, 28.91913419738997, 0.9948299282430487, 9999]
00023892,93103,390673,1498,1;[116314, 1654, 0.989772517025471, 0.9913499174139772, 25.89202116124958, 0.9956881817830718, 0.9948765321221763]
00023892,93103,390673,1499,1;[115761, 1706, 0.9962542217613665, 0.9812057965453727, 38.26655464467754, 0.9959036968410945, 0.9896936302274583]
00023892,93103,390673,1499,3;[117251.45000000001, 1500, 1.0242496834682837, 0.9748615169204323, 53.78139989410666, 0.9908513476631625, 34234.0]
00023892,93103,390673,1500,2;[113904.42, 1520, 1.0033341804562999, 0.9866325509813356, 31.931454020851525, 0.9944117262205622, 0.9918501209788144]
00023892,93122,390798,1587,3;[117843.29000000001, 1442, 1.0406381091708652, 0.97290517790024, 111.87571133625764, 0.982512094931687, 0.9956477955389904]
00023892,93122,390798,1589,1;[115972, 1698, 0.9778822539189395, 0.9908134710763481, 20.37117655163161, 0.9968449509462828, 0.9941706957446079]
00023892,93122,390798,1589,2;[117505.36, 1504, 1.0292453359150497, 0.9978651105229204, 41.27597117489877, 0.9945531923571351, 9999]
00023892,93122,390798,1590,1;[114476, 1708, 0.9714008354292216, 0.9792266459744134, 31.895664856885332, 0.9963746613606888, 0.9873600048300221]
00023892,93122,390798,1590,2;[115546.62, 1446, 1.0044099548766843, 0.9937778684089924, 34.96544073137213, 0.9941037791054449, 9999]
00023892,93122,390798,1592,3;[117977.55, 1424, 1.0384956777881869, 0.9582881772027657, 51.69301507743181, 0.993571167624946, 172230.0]
00023892,93139,390920,17,2;[116130.90999999999, 1510, 0.9981631323817355, 0.9808162066148503, 32.268889709424414, 0.993887002655094, 0.9946034641785189]
00023892,93139,390920,17,3;[117082.94, 1368, 1.01704474354301, 0.9629625559037094, 53.25214145749839, 0.9925764721536028, 9999]
00023892,93139,390920,18,1;[114291, 1656, 0.9814575364939319, 0.9959018721886728, 30.733984173391054, 0.9957475714305857, 0.9944271152817112]
00023892,93139,390920,19,1;[117141, 1708, 1.0011284673044343, 0.9784178992053928, 59.47460187917027, 0.9921109682880714, 0.9933264364697103]
00023892,93139,390920,20,3;[118051.53000000001, 1470, 1.0213625513322462, 0.9716452290970454, 85.44257796364806, 0.9849400431888099, 9999]
00023892,93139,390920,21,2;[115941.7, 1478, 1.0067750976010585, 0.9966286729292532, 25.270836994108723, 0.9955051948918705, 1.001742742428838]
00023892,93166,391047,301,1;[119197, 1602, 0.9934559797032223, 0.9948353663934025, 20.712104405988043, 0.9968702647084702, 0.9987055043296481]
00023892,93166,391047,301,2;[116151.14, 1540, 1.0002683910551358, 0.9928704150270152, 33.4848806094114, 0.9948215854848882, 9999]
00023892,93166,391047,303,3;[118637.89000000001, 1398, 1.0223579081250327, 0.9703534494557088, 42.23273852076505, 0.9934911546531924, 9999]
00023892,93166,391047,304,1;[117753, 1622, 0.9772164352433422, 0.9958620833402838, 25.766315361363983, 0.9967860458868003, 0.9972686967237064]
00023892,93166,391047,305,2;[117093.62, 1536, 1.002178459818774, 0.997850638667676, 24.4138911119299, 0.9964615269265222, 1.000127051242307]
00023892,93166,391047,305,3;[119032.45000000001, 1370, 1.0183846266174685, 0.9748323649170428, 37.875699129217296, 0.9947455224370897, 2199.6202531645567]
00023892,93166,391047,307,2;[115370.5, 1528, 1.0058060097422366, 0.9895282762600829, 39.93207841576104, 0.9944151817445519, 9999]
00023892,93166,391047,308,1;[115460, 1682, 0.9960968642594321, 0.9954651582763876, 40.582903883813906, 0.9951983391381567, 0.9932470213772635]
00023892,93166,391047,308,3;[118877.64000000001, 1454, 1.017150500848034, 0.9733966928934351, 36.44529966828555, 0.9937569319287601, 1324.7633587786258]
00023892,93166,391047,309,1;[119716, 1620, 1.0322619672169577, 0.9876387315526259, 46.38197855060344, 0.9944067144527013, 0.999419796219075]
00023892,93166,391047,309,2;[115416.90999999999, 1496, 1.0140101989435855, 0.9782871975660953, 49.76970517264166, 0.9923215994050387, 9999]
00023892,93166,391047,310,3;[117396.67000000001, 1446, 1.0322636927019022, 0.9549682020607355, 42.6314536599798, 0.9954496600959517, 9999]
00023892,93166,391047,312,2;[119097.58, 1476, 1.0286965797742729, 0.9766518066581236, 64.13464440773701, 0.9901136968339167, 100082.0]
00023892,93166,391047,313,1;[120302, 1688, 1.021004314514589, 0.9866737636844082, 42.55555215394716, 0.9931729686905908, 0.9957002685780263]
00023892,93166,391047,313,3;[119017.38, 1408, 1.0256435421473993, 0.9687818342517958, 44.27779058241403, 0.9929874755115312, 24821.14285714286]
00023892,93166,391047,315,1;[117580, 1706, 0.9911475015587408, 0.9998940038735258, 31.46718806602632, 0.9964770636421072, 0.9924037812288994]
00023892,93166,391047,315,2;[119473.62, 1562, 1.0290292751963206, 0.976969826578464, 59.39391504055549, 0.9910613417632356, 9999]
00023892,93166,391047,315,3;[120414.78000000001, 1524, 1.0420803432332637, 0.9716719340706381, 114.80932319891738, 0.9838297153742086, 0.9968696835658387]
00023892,93265,391506,609,1;[120450, 1668, 1.0130823848066772, 0.9934285035407959, 28.081715577593773, 0.9950777124707098, 9999]
00023892,93265,391506,609,3;[119976.38, 1438, 1.0627480642574758, 0.9590433977019611, 126.38952663022229, 0.9846962103710577, 0.99012968218255]
00023892,93265,391506,610,2;[119833.0, 1508, 1.0279624297293433, 0.9939602657133225, 34.05485042585448, 0.9943307197997148, 0.9989534301203803]
00023892,93265,391506,611,3;[119896.92000000001, 1368, 1.0267371543472592, 0.9680652141772095, 60.138477372720004, 0.9910185054986551, 175032.0]
00023892,93265,391506,612,2;[116885.37, 1548, 1.0145783774572443, 0.9803564738122116, 29.62078944142632, 0.9948200399301197, 9999]
00023892,93265,391506,613,1;[114481, 1610, 0.9955593575803238, 0.9902087238335712, 36.759064237107594, 0.9944111491071127, 0.9902515396858349]
00023892,93329,391882,87,1;[118271, 1616, 1.0194271800477344, 0.9951980347867928, 37.73351695185407, 0.9949972892828642, 0.9989948475377988]
00023892,93329,391882,87,2;[111247.15, 1430, 0.9892958805203751, 0.987969527216751, 25.62743346510477, 0.9960790202361292, 9999]
00023892,93329,391882,87,3;[115923.92000000001, 1414, 1.0215942370198658, 0.9563196493174627, 47.010858776237484, 0.9953242287886229, 9999]
00023892,93329,391882,89,1;[114628, 1672, 0.9914825066265023, 0.992449732020601, 46.0862142629913, 0.9941192467786226, 0.9939475920434248]
00023892,93329,391882,89,3;[114667.63, 1414, 1.0167941706478845, 0.9529070402788227, 69.36194070195396, 0.9896615259912896, 0.9922821576763485]
00023892,93329,391882,90,2;[116098.78, 1540, 1.024478526931865, 0.9929498654533664, 58.7047229351499, 0.9922725834272821, 9999]
00023892,93329,391882,92,2;[114627.93999999999, 1522, 1.0073552101636527, 0.9847883422105579, 36.85985021329225, 0.9940911230252352, 0.9904477918873066]
00023892,93329,391882,92,3;[114493.64000000001, 1356, 1.0098884038015559, 0.9575393429604518, 53.70771228318953, 0.9928164272628103, 9999]
00023892,93329,391882,93,1;[115389, 1646, 0.9791536811644996, 0.9912072497007227, 30.555962129969355, 0.9961549890584726, 0.995354855405318]
00023892,93329,391882,94,1;[116973, 1592, 0.994606233216065, 0.9965614043713638, 34.71012332712566, 0.9946580766084038, 0.9999615310636661]
00023892,93329,391882,94,2;[112866.73999999999, 1496, 1.003006582190011, 0.9923183925625743, 26.138494257660792, 0.99570058885804, 9999]
00023892,93329,391882,94,3;[114433.36000000002, 1410, 1.0214616209838423, 0.9517095185099957, 73.57692311392724, 0.9894936176987641, 0.990536726513768]
00023892,93329,391882,96,1;[115407, 1632, 0.9872182726007631, 0.9927104473525977, 23.989429741072772, 0.9960868400620199, 0.996795591563164]
00023892,93329,391882,96,2;[113005.97, 1516, 0.9882006017804126, 0.9825266807640969, 27.477798069064683, 0.9957344812378607, 0.9942780561096016]
00023892,93329,391882,96,3;[117169.25000000001, 1434, 1.0569068397282255, 0.9348208440309685, 110.45560734956277, 0.9883416942725053, 9999]
00023892,93329,391882,99,1;[118266, 1608, 1.0340711010663866, 0.9901960891665134, 40.350390802242764, 0.9941750124012475, 0.995743928467688]
00023892,93329,391882,99,2;[114010.33, 1524, 1.0088953795511193, 0.9873587254334197, 27.375748128469997, 0.9954495918170748, 9999]
00023892,93329,391882,99,3;[113752.47000000002, 1336, 1.0058340005280906, 0.9771892906538502, 25.640739364499375, 0.99607581804577, 9999]
00023892,93377,392048,3,3;[118466.64000000001, 1406, 1.047556527781869, 0.9626297559970822, 107.28162349534367, 0.988306503325163, 9999]
00023892,93377,392048,4,1;[118492, 1724, 0.9863208326474601, 0.9986424630954116, 19.764201178268063, 0.9967779664001932, 0.982353745839223]
00023892,93377,392048,4,2;[116322.5, 1540, 1.0024661578187861, 0.9812524545754474, 28.71243987076844, 0.9953319054134065, 9999]
00023892,93377,392048,5,1;[112681, 1604, 0.9750116024793062, 0.9728192778387952, 30.87669786078407, 0.9962903174522396, 0.9869450782375636]
00023892,93377,392048,5,2;[117476.79999999999, 1468, 1.0128946844061226, 0.9826118107683158, 31.69563920609115, 0.9953051589361018, 9999]
00023892,93377,392048,5,3;[119291.38, 1442, 1.0494193382007337, 0.9224995551443748, 90.97954973781846, 0.9914184377585706, 9999]
00023892,93377,392048,8,2;[114999.22, 1520, 1.0070723933409482, 0.9772014446917673, 55.95936210100426, 0.9911467610708359, 1.0000983146794165]
00023892,93377,392048,8,3;[115359.48000000001, 1394, 1.0261842013140077, 0.9530082855170431, 74.80732270330151, 0.9887307322964278, 9999]
00023892,93377,392048,9,1;[115825, 1638, 0.9752674514762388, 0.977930434245964, 26.59457846165895, 0.9966290836236483, 0.9829547624402228]
00023698,93080,390528,134,1;[36900, 898, 0.9978155479327312, 1.0259673944738459, 89.73238912855744, 0.9929930238391793, 0.9837638966648005]
00023698,93080,390528,134,2;[39364.009999999995, 820, 1.0504391901326098, 1.022399976459444, 131.86334323534342, 0.9822628171354302, 1.0140555785472325]
00023698,93080,390528,134,3;[55474.04, 910, 1.2348669144335471, 0.954528904486548, 84.48481776732575, 0.9923977465338607, 26994.666666666668]
00023698,93244,391403,53,2;[43991.92, 860, 1.0139415938895173, 1.0212939734954087, 88.72411398565121, 0.9915332214735743, 9999]
00023698,93244,391403,54,1;[45368, 944, 1.0138822074695624, 0.9740646097252217, 57.91967425793741, 0.993886083647604, 1.000099198694986]
00023698,93244,391403,55,3;[38692.91, 766, 1.0128055678324268, 1.0020142613457823, 123.04365198080062, 0.9864740144323954, 0.9985680697226298]
00232831,93048,390346,740,1;[60347, 1074, 1.0041203919890753, 0.9799737843213558, 68.8031668473261, 0.9893269121354705, 1.0045276737411568]
00232831,93048,390346,740,2;[26282.34, 714, 1.0320528336306802, 1.014372897938292, 140.43680277580415, 0.9847081607347733, 9999]
00232831,93048,390346,740,3;[48303.46000000001, 810, 1.1451752258466206, 0.9524738607388366, 111.29907984614162, 0.9886044851043795, 1.0053033759124088]
00232831,93048,390346,741,1;[58549, 1054, 1.0054455670794802, 0.9721401613657598, 71.84338526471858, 0.9899833681219329, 1.006091640962634]
00232831,93048,390346,741,2;[26754.77, 714, 1.0341519316231074, 1.0048081338552852, 159.3327943069655, 0.9804418482813829, 1.0053435285174503]
00232831,93048,390346,741,3;[59377.170000000006, 910, 1.009236585552549, 0.9801747544230137, 119.60868056295885, 0.9820228240271109, 1.0022546741128724]
00232831,93048,390346,742,1;[60220, 1068, 1.0074655194483435, 0.9772295374079115, 65.41557014703079, 0.9913233628504808, 1.006005629755849]
00232831,93048,390346,742,2;[36023.68, 754, 1.1820072772154882, 0.975194568199687, 145.89823339616314, 0.9858882366313425, 1.007957912962408]
00232831,93048,390346,742,3;[30371.530000000002, 664, 1.0089733402220478, 0.9955065153366602, 110.20559259267367, 0.9896436106369197, 1.003848940409346]
00232831,93147,390953,359,1;[28614, 804, 1.0032679635817676, 0.9797642027110547, 76.11960080236409, 0.9935266967839056, 1.0029442691903259]
00232831,93147,390953,359,2;[32495.329999999998, 730, 1.0010910926167107, 1.0181539503852286, 138.38844875947652, 0.9872961394964037, 1.0066911209009972]
00232831,93147,390953,359,3;[44651.04, 780, 1.1265940771710539, 0.9490983104198878, 135.99181647196534, 0.9850378115291741, 1.0061277725469615]
00232831,93165,391039,287,1;[39866, 864, 1.0298398293658304, 0.9959000629021967, 86.7554628668432, 0.992586344484783, 0.9994735126733021]
00232831,93165,391039,287,2;[58477.79, 974, 1.0269415973797502, 0.9712203717647845, 110.17502078317794, 0.9861528678999373, 1.0036866453569715]
00232831,93165,391039,287,3;[47685.590000000004, 804, 1.0360607644632402, 0.94115180619928, 106.98442230112188, 0.9887037694940279, 9999]
00232831,93165,391039,289,1;[28699, 810, 1.00818441333912, 0.9786705332760606, 77.15163995602295, 0.9933617731220881, 0.9997039101280153]
00232831,93165,391039,289,2;[29376.34, 706, 1.0029025862775742, 1.0184988224387705, 115.10771404046059, 0.9898791421656763, 1.0058060178866095]
00232831,93165,391039,289,3;[29242.65, 658, 1.0054347153086407, 1.016919426240819, 136.91117619523283, 0.9875221844265234, 1.0027482207032625]
00232831,93165,391039,290,1;[29374, 836, 1.0333035036256313, 0.9688302861139513, 84.38927192001452, 0.9925713888783438, 1.00454840805718]
00232831,93165,391039,290,2;[48306.86, 868, 1.1486846561401474, 0.9733066559966124, 138.39645165229948, 0.9857525522417887, 1.0036095727848102]
00232831,93165,391039,290,3;[28849.460000000003, 652, 1.0052699092288533, 1.0203944978101065, 115.91342784668967, 0.98962519814608, 1.003669987131214]
00232831,93328,391868,72,1;[53913, 1002, 1.0197885864858176, 0.9823802569413564, 73.40299224254385, 0.9925419384832258, 1.0061398925052254]
00232831,93328,391868,72,2;[30416.399999999998, 710, 1.0438726826922544, 0.9772929921499058, 127.79972348039183, 0.989214036519754, 9999]
00232831,93328,391868,72,3;[54501.340000000004, 870, 1.009712309967718, 1.0058363780854904, 98.19940865914353, 0.988407161462243, 9999]
00232831,93328,391868,73,1;[53548, 998, 1.0189524065939604, 0.9797690597906243, 70.54455465725476, 0.9923345736926806, 1.0058606957697798]
00232831,93328,391868,73,2;[32314.449999999997, 730, 1.0032959324346369, 1.0173005886922057, 119.24168662801405, 0.9887060503406242, 1.0007739367583106]
00232831,93328,391868,73,3;[56224.8, 882, 1.0097929346542687, 1.0019868142286004, 108.93376190051036, 0.985441320762081, 9999]
00232831,93328,391868,74,1;[58872, 1058, 1.0073440151434425, 0.9871881459772484, 66.68563326524257, 0.9914655171775439, 1.0050875815208113]
00232831,93328,391868,74,2;[56247.729999999996, 944, 1.126253123694444, 0.9646773931279856, 122.14461848641795, 0.984343955618227, 1.0040039508480516]
00232831,93328,391868,74,3;[54302.69, 864, 1.013030303116915, 1.0093036032740614, 115.46933163720168, 0.98485697905831, 9999]
00496499,93080,390526,192,1;[42065, 896, 0.9595562064672525, 0.9021859075273211, 88.530325220464, 0.9715079006371974, 1.0020367083933825]
00496499,93080,390526,192,2;[19636.19, 580, 1.004369640055557, 0.8608649352424628, 261.77866867667177, 0.9768647802526156, 1.006250571698631]
00496499,93080,390526,192,3;[35577.530000000006, 694, 0.9832699791513629, 0.8281034000927051, 292.5017988690681, 0.9624139982791375, 9999]
00496499,93080,390526,193,2;[22423.17, 600, 1.0030890422889538, 0.8440986957686696, 245.20661487338168, 0.976017535707432, 1.0034882172813206]
00496499,93080,390526,193,3;[35678.91, 698, 0.9887164350323067, 0.8283187938913951, 310.5784892907396, 0.9581536327439963, 9999]
00496499,93080,390526,194,1;[41965, 898, 0.9583798200896287, 0.8838871659187826, 100.86655491813384, 0.971946137241059, 9999]
00496499,93080,390526,195,2;[19718.3, 650, 0.9794357106206135, 0.8850496942770276, 244.71863265668418, 0.9757155065890324, 9999]
00496499,93080,390526,195,3;[19493.730000000003, 564, 0.9937712032218665, 0.9368212297932338, 258.72501934423366, 0.9678019753494537, 1.0075411577270312]
00496499,93080,390526,196,1;[41532, 888, 0.959460161713364, 0.886733322929113, 133.68201457856733, 0.9727362829945339, 1.0031157162524456]
00496499,93080,390526,197,1;[37790, 838, 0.9722096031983103, 0.8773535911698845, 175.5431182631602, 0.9734374691558407, 1.0007149855678839]
00496499,93080,390526,197,2;[41459.6, 812, 0.9767062572347287, 0.8614832284465739, 255.08706300105092, 0.944324363002976, 1.005033823253667]
00496499,93080,390526,197,3;[40941.08, 754, 0.9698709486418998, 0.8120308992861215, 372.2939333627128, 0.9097971229654112, 9999]
00496499,93243,391392,32,2;[36742.439999999995, 758, 0.9808448603481242, 0.8488060304788129, 244.86790285516628, 0.9588930024568995, 1.0024512589081347]
00496499,93243,391392,32,3;[30289.33, 636, 0.9774960870032885, 0.8187040279933419, 276.74890949474235, 0.9636312515964099, 1.0052286987360188]
00496499,93243,391392,33,1;[42412, 898, 0.9540894520272496, 0.8890244824968684, 113.28402272927283, 0.9708354202698435, 1.0023633957269806]
00496499,93243,391392,34,3;[41306.87, 758, 0.9827610019905036, 0.8265777569846884, 314.39792097606085, 0.9477846527416653, 9999]
00496499,93243,391392,35,1;[34615, 798, 0.9727687820568831, 0.8861406856984688, 169.2332156107595, 0.9746229088815743, 9999]
00496499,93243,391392,35,2;[26381.11, 638, 0.9856320191175669, 0.8506140296169901, 307.27306264887187, 0.963083359404462, 1.0055108288921646]
00496499,93243,391392,36,1;[21508, 682, 0.9794870516634909, 0.8395420764898339, 133.1179788780363, 0.9900639806621243, 0.9983290011139992]
00496499,93243,391392,36,2;[39873.33, 794, 0.977996295387638, 0.8444747993288276, 240.451387791068, 0.9541986813285116, 1.0060500517932474]
00496499,93243,391392,36,3;[35111.73, 694, 0.9927718400214073, 0.8225912810311081, 343.6848236596638, 0.9533608556920057, 9999]
00496499,93243,391392,38,3;[33126.600000000006, 672, 0.988625723318533, 0.8158864658008373, 353.20831054007976, 0.9530518459008926, 1.005342702118371]
00496499,93243,391392,39,1;[39689, 864, 0.9729369271466171, 0.8961832487209997, 178.95847904910792, 0.972703440056862, 9999]
00496499,93243,391392,39,2;[41502.439999999995, 818, 0.9755544866589894, 0.8296328993480983, 309.6976602688157, 0.9262409968905199, 1.0053907578771368]
