02272121,93027,390265,303,1;[52821, 996, 0.9631592917829419, 0.971929996542347, 41.74676699784769, 0.994499028323508, 9999]
02272121,93027,390265,305,2;[61932.36, 994, 0.9517349460344154, 0.9985549887097465, 98.34879201969721, 0.9855056219724518, 9999]
02272121,93027,390265,305,3;[60026.55, 946, 0.8871512994037225, 0.9385981239080587, 149.38591395811056, 0.9618970421215276, 9999]
02272121,93032,390304,98,2;[40167.259999999995, 854, 0.7319070632851069, 1.0462101528403802, 121.3891420198504, 0.9894531005024436, 9999]
02272121,93032,390304,98,3;[60466.32000000001, 950, 0.9022331250759694, 0.9571866495065898, 116.99936823247329, 0.9674751173424657, 9999]
02272121,93032,390304,99,1;[57579, 1100, 0.9369910830249986, 0.9734474275955914, 43.69226392333436, 0.9953535055508319, 9999]
02272121,93048,390340,529,1;[56435, 1042, 1.001103956236284, 0.9835617223332752, 54.343315220062614, 0.9944275513912241, 1.0053173959901311]
02272121,93048,390340,529,2;[61620.579999999994, 1012, 0.9677229657062871, 1.0093363610916206, 120.36506964747583, 0.9851581810181536, 9999]
02272121,93048,390340,530,3;[59900.51, 948, 0.8991291737570862, 0.9388802805123456, 107.92706988357865, 0.9676319777371104, 9999]
02272121,93064,390420,949,2;[61499.2, 1048, 0.9462926692870387, 0.989816213012717, 122.32129450553722, 0.9865973987625585, 0.9991203564972789]
02272121,93064,390420,950,3;[46790.98, 834, 0.927403071731234, 0.9577158454074127, 112.22967820102843, 0.9772207284326946, 1.0044112457357959]
02272121,93064,390420,951,1;[49863, 986, 0.9952676183993362, 1.0128018708404698, 57.557984745163715, 0.9959044687218046, 1.003855329514913]
02272121,93065,390427,7,2;[61521.81, 1014, 0.9840343069047448, 1.0149048727251053, 147.6110928974754, 0.9839291411056339, 1.0005612541126379]
02272121,93065,390427,8,1;[61821, 1082, 0.9513971072279936, 0.9888317709510254, 56.918235355822056, 0.9933104715923382, 1.0067828905047675]
02272121,93065,390427,9,3;[55130.170000000006, 936, 0.9216775557365531, 1.136135053529944, 103.26048007508084, 0.9830484745848825, 9999]
02272121,93070,390456,351,2;[60897.06, 1034, 0.9657335078410738, 0.9842582338197188, 112.01404593917445, 0.9850833636639851, 9999]
02272121,93070,390456,354,1;[51454, 1050, 0.9761868316321894, 0.9534605010757745, 62.10833445297498, 0.9936923214817784, 1.0026696806126625]
02272121,93070,390456,356,3;[60215.61000000001, 958, 0.8980052222702256, 0.9545067655601849, 140.88253801109647, 0.9573528895644857, 0.9992384026917349]
02272121,93071,390462,430,3;[56113.83, 896, 0.9274674920963193, 0.9845050136636588, 130.26343984011606, 0.966728481410457, 1.0030611745114366]
02272121,93071,390462,431,1;[42369, 980, 0.9790054067062886, 1.0246834241625242, 77.27514940423637, 0.993690156965466, 1.0023539431504986]
02272121,93071,390462,431,2;[37417.17, 884, 0.9824122914827131, 1.005758656577517, 136.73200464096377, 0.988711724488571, 1.003734916682628]
02272121,93072,390475,520,3;[62045.93000000001, 938, 0.9101847729460264, 1.0037883843462359, 94.17376080630287, 0.9729192787344931, 9999]
02272121,93072,390475,521,1;[54076, 1038, 0.9705754094928367, 0.9903902615645374, 65.76689450944494, 0.9929818992764214, 1.0020847424648143]
02272121,93072,390475,523,2;[60034.31, 1000, 0.9741661124880705, 0.9952442575029399, 115.43816295516422, 0.9843182273953965, 9999]
02272121,93073,390480,586,1;[61767, 1136, 0.9974836108630369, 1.0031792878563113, 74.19820439091446, 0.9932114992885529, 0.9955915893650116]
02272121,93073,390480,588,3;[61386.96000000001, 916, 0.908813231733515, 1.020929178404189, 98.10399110088923, 0.9770457497685427, 9999]
02272121,93073,390480,589,2;[49311.22, 956, 0.9685130024744675, 1.0601779437854664, 138.95515295519604, 0.9874368895925664, 1.004923002303868]
02272121,93080,390525,200,1;[60383, 1132, 0.999635126161693, 1.01166481971383, 58.874651719679534, 0.9944551679463396, 9999]
02272121,93080,390525,201,3;[50232.420000000006, 892, 0.9148547173953668, 0.9989103890717068, 140.32590320747954, 0.9820597613307667, 9999]
02272121,93080,390525,202,2;[62121.57, 1022, 0.9250301412350527, 1.0016981926596342, 131.40915045910765, 0.9846762318472787, 9999]
02272121,93081,390537,275,1;[60818, 1094, 1.0051917323601605, 0.9793435665952552, 59.11514829971119, 0.9935856149359351, 1.001498509723846]
02272121,93081,390537,275,2;[55884.78, 1012, 0.9523510494962711, 1.0110282789715768, 114.24277141335057, 0.9823064699766137, 9999]
02272121,93081,390537,275,3;[35306.270000000004, 704, 0.9005222712230752, 0.9939180472160527, 162.31050792218036, 0.9811795786797423, 1.0083142594440206]
02272121,93082,390546,340,1;[43897, 976, 0.9813156581600612, 0.9396158802460632, 48.709676509086606, 0.995976196942755, 9999]
02272121,93082,390546,340,3;[52238.100000000006, 864, 0.9306789600753033, 1.0129931769619185, 86.22234639944531, 0.9852389512287534, 0.9990174887011201]
02272121,93082,390546,341,2;[60315.149999999994, 1030, 0.933546616738468, 0.9925826989513263, 160.64898744641272, 0.9824627068043912, 1.0030674846625767]
02272121,93102,390666,1553,1;[61765, 1144, 0.9934644689364994, 1.025133610957866, 60.10658291052741, 0.9949185118805863, 9999]
02272121,93102,390666,1553,2;[61637.24, 1052, 0.990462586808287, 1.0119998718737007, 150.70068899528775, 0.9837897328216632, 1.00099527486013]
02272121,93102,390666,1553,3;[54331.46000000001, 922, 0.920734362858352, 1.1218459760547155, 91.97018149586893, 0.9864502697589272, 26438.666666666668]
02272121,93103,390673,1627,2;[61424.229999999996, 1006, 0.9611624826179287, 0.9940813691550409, 115.90113941921842, 0.9834764104346516, 9999]
02272121,93103,390673,1627,3;[59737.48, 946, 0.8958126067935911, 0.9492761574048011, 155.44155800984112, 0.9602387679728971, 0.9959457761840047]
02272121,93103,390673,1629,1;[42191, 1020, 0.9684966840862315, 1.0377641329393732, 87.75873198150738, 0.9935288143474922, 1.0032100057066768]
02272121,93113,390739,1971,3;[50151.590000000004, 850, 0.9263373482218761, 0.9729413248955928, 111.01774182173334, 0.9779253262845315, 9999]
02272121,93113,390739,1972,1;[60009, 1130, 0.9368290004391288, 0.9804531896399781, 56.00234840299344, 0.9941362406456794, 1.0021292051802309]
02272121,93113,390739,1972,2;[60429.39, 1036, 0.9899156225129243, 0.996984230826669, 140.13917887776032, 0.9855956051438779, 0.9993014080072418]
02272121,93115,390752,55,1;[60407, 1100, 0.9997669887294781, 1.0112297000059547, 71.61342959311777, 0.9933569462448243, 0.9975641777241988]
02272121,93115,390752,55,2;[59365.53, 1042, 0.9364808605002518, 1.1108364709187841, 124.49218567502112, 0.9901877464813017, 0.9991688114003024]
02272121,93119,390779,302,3;[52188.780000000006, 906, 0.9216738312347946, 1.0472161088011904, 109.69052634706692, 0.9829074445781677, 9999]
02272121,93119,390779,303,1;[51008, 1012, 0.9970203363244424, 1.000464541797347, 75.83546495629308, 0.994069071447905, 1.0022891838519203]
02272121,93119,390779,305,2;[60711.42, 1028, 0.9443101306380828, 1.001711718452796, 115.39974655858234, 0.9868079470439265, 1.0056572904141452]
02272121,93120,390783,344,1;[52112, 1014, 0.9927249428804289, 1.0072406875971018, 77.77178584271108, 0.993298386554289, 1.0039203598639914]
02272121,93120,390783,344,3;[41917.89000000001, 822, 0.8948113911875912, 0.9790727247352244, 222.3899823075841, 0.9743630640084, 0.9957529899926776]
02272121,93120,390783,345,2;[51039.1, 968, 0.9529476234681694, 0.9800295292859137, 127.63540594478152, 0.9812890798581957, 9999]
02272121,93123,390803,1790,2;[40333.86, 888, 0.9498377708499072, 1.3009066380034064, 145.6895135907383, 0.9885476048009865, 9999]
02272121,93123,390803,1791,1;[59254, 1100, 0.9487091433793098, 0.9697924804430585, 43.33147726779778, 0.9949936332291768, 9999]
02272121,93123,390803,1792,3;[38194.23, 820, 0.9141878875071401, 0.9725590277529944, 141.29398004500496, 0.98032169340735, 0.9984063602342114]
02272121,93132,390864,763,1;[60799, 1120, 0.9377540835327819, 0.9732349607753279, 53.062130246065976, 0.9938519957546934, 1.0019033180353802]
02272121,93132,390864,764,2;[60693.57, 1042, 0.9655916364468097, 0.9876501684038583, 121.2392816331062, 0.9841453423155471, 9999]
02272121,93132,390864,765,3;[58879.86000000001, 924, 0.9204004586997603, 1.006152614407221, 75.18000771564279, 0.985098097369377, 9999]
02272121,93133,390871,827,3;[57381.08, 942, 0.9036627552185824, 0.9500088805782365, 94.07775092816323, 0.9794264716135535, 9999]
02272121,93133,390871,828,2;[59949.82, 1038, 0.9644011165721004, 0.997193643231344, 118.43935492908729, 0.9818058269504972, 50378.0]
02272121,93133,390871,830,1;[37418, 918, 0.9943599233383802, 1.0331539528349927, 70.70428642769112, 0.9954344279297879, 1.0011772890244555]
02272121,93135,390887,988,3;[42498.770000000004, 796, 0.8968218897372482, 0.9682515519258391, 184.8180709219691, 0.9766059700313683, 0.9971071325254733]
02272121,93135,390887,989,1;[47443, 986, 0.9315541017750772, 0.9618257900862197, 54.65512759683671, 0.9951062269835516, 1.002366313832372]
02272121,93135,390887,990,2;[61351.64, 1054, 0.9895067139086158, 0.9998463860014488, 138.27065884261543, 0.98495307714733, 0.9979578603021593]
02272121,93139,390921,61,2;[38873.729999999996, 958, 0.9534780965117363, 1.046556120372724, 136.98553125856267, 0.9871247547917582, 9999]
02272121,93139,390921,61,3;[58845.61000000001, 956, 0.8989895375023306, 0.96739526441715, 124.14648644948994, 0.9685090421345396, 9999]
02272121,93139,390921,62,1;[46892, 1008, 0.9532152010251576, 0.9976158041813454, 62.49615585962476, 0.9947554501711727, 9999]
02272121,93148,390961,398,2;[56271.53, 1018, 0.9304163416664248, 0.962180548631551, 119.44717302790269, 0.9809061499730807, 0.994772328049563]
02272121,93148,390961,399,1;[45105, 954, 0.9444380882064045, 0.9986433061233846, 51.35039102062111, 0.9956051635377515, 1.0054838493947702]
02272121,93148,390961,399,3;[47840.4, 880, 0.9029187929471595, 0.970128395193476, 121.95546199349747, 0.9797601162931873, 9999]
02272121,93165,391043,195,1;[36242, 918, 0.9536112206582086, 0.9890326153744161, 55.82678467156456, 0.9957245190469058, 0.9961519432686493]
02272121,93165,391043,197,2;[39988.759999999995, 882, 0.9479918176827751, 1.4031863346914608, 137.9551724310278, 0.988118824568055, 1.0034639273769708]
02272121,93165,391043,198,3;[40380.75, 834, 0.9048387475640759, 1.0136270344773313, 134.3826995110756, 0.9777315628152153, 0.9993896856881294]
02272121,93172,391083,505,1;[46809, 962, 0.9377926426873505, 0.9763232941314591, 44.04528794799625, 0.9961718754506591, 1.0086298846116553]
02272121,93172,391083,505,3;[38525.770000000004, 786, 0.9081254093780363, 1.0672114667261754, 134.4616864402939, 0.9769287470218674, 0.9971278632721083]
02272121,93172,391083,506,2;[48472.27, 906, 0.9529528944425381, 0.9879824255065549, 119.17786929495416, 0.9880879695013836, 1.001450558096081]
02272121,93173,391091,616,1;[40639, 900, 0.9427938488182679, 1.0084809687461291, 46.66196031989716, 0.9959039676161343, 1.0038038779794987]
02272121,93173,391091,616,3;[61226.670000000006, 930, 0.9151921905462049, 0.9621934008175719, 119.75590826793646, 0.9649891456282247, 1.0034803305191307]
02272121,93173,391091,618,2;[60388.93, 1044, 0.9543220970583292, 0.9827074809482013, 123.57261169287638, 0.9782576024855525, 9999]
02272121,93180,391146,52,2;[41392.96, 974, 0.9398463731632944, 1.0074124832728164, 155.3429796345176, 0.9856953626325732, 9999]
02272121,93180,391146,53,1;[48299, 1034, 0.9923462079050702, 1.0404384138214962, 72.59830225511858, 0.995073388409058, 9999]
02272121,93180,391146,55,3;[40327.32, 772, 0.9213726869714074, 1.037406742543428, 136.67522339973868, 0.9773757265098837, 1.003323278286211]
02272121,93180,391148,56,1;[40997, 966, 0.9458821725671913, 0.6192898383732831, 58.8596487197163, 0.9960141954281256, 1.0045083674319457]
02272121,93180,391148,59,2;[59861.759999999995, 972, 0.9454871222335316, 1.0001982427917613, 110.53583361002929, 0.986333433108538, 9999]
02272121,93180,391148,59,3;[59359.36000000001, 940, 0.8932937172504114, 0.9441527304593044, 166.26709571666254, 0.9698434737204469, 9999]
02272121,93181,391155,125,1;[39843, 932, 0.9652853729342062, 0.9971240475484894, 48.12234448477364, 0.996733435650789, 9999]
02272121,93181,391155,125,2;[57841.14, 1034, 0.9476725205539421, 0.9775653239943035, 119.49242564374732, 0.9811340975862101, 9999]
02272121,93181,391155,129,3;[62051.41, 938, 0.9093154592581276, 0.9564661634660613, 126.81464673588448, 0.9658375330933505, 9999]
02272121,93182,391158,209,2;[47332.25, 902, 0.9422695108891774, 0.9701516360131612, 117.59472709033437, 0.985956316645744, 9999]
02272121,93182,391158,210,1;[52066, 1004, 0.936758115077373, 0.9803756280383398, 57.17286279370185, 0.9944772915210869, 1.0050963283270917]
02272121,93182,391158,210,3;[33699.26, 690, 0.9287876651150101, 1.02695540048143, 150.41814438924308, 0.9848730303290141, 1.0116389060250874]
02272121,93243,391391,32,1;[61760, 1152, 1.0970191964797538, 0.9914406102234092, 71.81139757686365, 0.993238604280617, 1.0029311702758223]
02272121,93243,391391,32,2;[51121.21, 930, 0.9585097422753357, 0.9724440737223558, 141.73723890204684, 0.9841225751147433, 9999]
02272121,93243,391391,33,3;[60958.15, 980, 0.9051517801804864, 0.9730326752214582, 123.36935870766403, 0.9743620893475385, 9999]
02272121,93245,391405,171,2;[36252.159999999996, 866, 0.9658072440830674, 1.055418049290669, 145.71627374018442, 0.9893141060106745, 0.9981160821060564]
02272121,93245,391405,171,3;[44797.630000000005, 784, 0.9105256566848813, 1.2638278083680565, 90.25082636082217, 0.9898179929803528, 9999]
02272121,93245,391405,172,1;[38431, 1054, 0.9742591866184843, 1.0469325889150805, 103.26599194853053, 0.9928737378483553, 1.0021251906804522]
02272121,93246,391415,242,1;[61647, 1150, 0.9962891824377762, 1.0210149085956217, 62.59148385323485, 0.9944835081807886, 0.9979521963301415]
02272121,93246,391415,242,2;[59739.189999999995, 1018, 0.9620919550692669, 1.0046708373439195, 131.44766835828815, 0.9828749522043251, 9999]
02272121,93246,391415,243,3;[39208.030000000006, 780, 0.9107487402442533, 0.9454671317733634, 144.22684691798685, 0.9810754945024545, 0.9979078768436835]
02272121,93260,391459,231,1;[58701, 1126, 1.1132343774141955, 0.9866827917240133, 64.49710574469704, 0.9946401404020109, 9999]
02272121,93260,391459,232,3;[55965.87, 934, 0.9153191524942729, 1.0975828883634138, 94.4002793479331, 0.9837023453246763, 0.9949583516001753]
02272121,93260,391459,233,2;[61477.78, 1068, 0.9610686959626472, 0.9823329646841296, 134.75061703720476, 0.9794799112243446, 9999]
02272121,93261,391468,334,3;[59226.47, 980, 0.8879916597035753, 0.9313056514594712, 146.88756883384966, 0.967142324882679, 9999]
02272121,93261,391468,335,1;[52056, 1050, 0.9745327218530945, 0.9947725910227937, 60.13456475254282, 0.9951303429830067, 7436.571428571428]
02272121,93261,391468,335,2;[41012.159999999996, 884, 0.9612360838335023, 1.058307301517063, 146.97133223502297, 0.9868007801643732, 1.0019478442887462]
02272121,93328,391874,75,1;[50228, 1026, 0.9569324166086463, 0.9533136152019444, 42.12714660582469, 0.9952044042381787, 9999]
02272121,93328,391874,75,2;[39573.45, 808, 0.9293228001183639, 1.0348496576014972, 83.85226575008642, 0.9923824007265216, 9999]
02272121,93328,391874,75,3;[61311.61000000001, 968, 0.9012737566598029, 0.9703312223598676, 104.0834483255013, 0.9765049579350383, 9999]
02272121,93329,391880,141,2;[61538.469999999994, 1034, 0.9561241632041454, 0.9803650436675304, 116.3726389621023, 0.9816949170398179, 9999]
02272121,93329,391880,141,3;[54104.04, 908, 0.9080885122594532, 0.9655376983718669, 121.52241690998109, 0.9708892308418068, 9999]
02272121,93329,391880,142,1;[60536, 1122, 0.9340199913132405, 0.9717632050199553, 35.81259826256226, 0.9961462869705255, 9999]
02272121,93379,392064,179,3;[50996.880000000005, 904, 0.8986089980869749, 0.9560965791725083, 115.71354167045274, 0.9839359935458004, 9999]
02272121,93379,392064,180,1;[61604, 1078, 0.989078462959663, 0.9751423060975862, 70.46435288334212, 0.9908152475710169, 1.002122865950369]
02272121,93379,392064,182,2;[44087.119999999995, 860, 0.9491237376201742, 1.010386687073449, 109.1417386708967, 0.988885603126924, 9999]
02272121,93379,392068,173,3;[53546.450000000004, 894, 0.9226233287635134, 1.061483618763434, 87.85727120464003, 0.9842629032984949, 0.9933034296097691]
02272121,93379,392068,174,2;[43141.07, 874, 0.9484618946884639, 1.0597767026302525, 132.42726956284307, 0.9884058962166087, 1.002946343352745]
02272121,93379,392068,175,1;[55410, 1020, 0.9875090692309155, 0.9746332807267287, 68.37401834848663, 0.9912944777022065, 1.003540736581876]
02272121,93387,392100,542,2;[49396.899999999994, 952, 0.9905030378075049, 0.9958725882601642, 149.97762752817042, 0.988878548576002, 1.0007353029809907]
02272121,93387,392100,543,1;[60231, 1064, 0.9705496191197981, 0.9694115285546018, 54.2721523935115, 0.9926377270372083, 9999]
02272121,93387,392100,544,3;[61251.33, 972, 0.9086882287643232, 0.9753190608383785, 117.42128526066901, 0.9736580352259943, 0.9905726218303071]
02272121,93388,392106,626,1;[60562, 1106, 0.9957963508652661, 1.0124616094526964, 77.35174486303714, 0.992968357218007, 0.9988207838900938]
02272121,93388,392106,626,2;[62069.21, 1068, 0.9876951619299491, 0.9960747704785571, 138.2122296283588, 0.9841802832311318, 0.9971038319266686]
02272121,93388,392106,628,3;[51137.990000000005, 874, 0.9576744350639871, 0.9664979934961146, 142.2870608132043, 0.9839317952975476, 0.9966757005727408]
02272121,93389,392120,740,1;[42947, 932, 0.9510038025230999, 1.0107691313811638, 65.6709142051788, 0.9937966932583335, 1.0057727661268603]
02272121,93389,392120,740,3;[56228.91, 880, 0.9224923420203326, 0.985128681645458, 119.58631420943772, 0.9639486855099462, 1.002185405398806]
02272121,93389,392120,741,2;[43922.9, 862, 0.9180410798820625, 0.9835228464806209, 77.9065423288173, 0.9911126135671533, 1.001139199305631]
02272121,93390,392123,798,3;[40815.04, 818, 0.8986433979903851, 0.9519886570666011, 146.59629322166813, 0.9717856109986772, 0.9977227059611521]
02272121,93390,392123,799,2;[39097.45, 876, 0.944860609095003, 1.1132142234743858, 145.5765292039, 0.9862190309726138, 1.0020739927410254]
02272121,93390,392123,800,1;[57828, 1084, 0.9353348431238249, 0.9624799314360609, 62.25288470004745, 0.9932696342292616, 0.9980928053021738]
00023892,93026,390259,210,1;[115384, 1676, 0.9705763288702812, 0.9705763288702812, 27.44450635858385, 0.9967809945790217, 0.9971869206936336]
00023892,93026,390259,211,2;[117053.15999999999, 1570, 1.0149650236071255, 0.9746772383627069, 32.01824097753799, 0.9959190027831599, 0.996711876257112]
00023892,93026,390259,211,3;[116700.71, 1438, 1.0186254340279237, 0.9437976061425024, 56.93241554978748, 0.9908537816795847, 9999]
00023892,93026,390259,212,1;[115337, 1664, 0.9804131521278897, 0.9889032468085639, 29.32303153461915, 0.9964262448288627, 0.9924920079683675]
00023892,93026,390259,212,2;[117691.0, 1554, 1.014747909288223, 0.9808503008994244, 33.38817836122004, 0.9959185983378324, 9999]
00023892,93026,390259,212,3;[114356.64000000001, 1394, 1.0039062202291396, 0.9507977939312924, 37.10296143051946, 0.9936297065684685, 9999]
00023892,93026,390259,214,1;[120043, 1634, 1.0032661182443197, 0.9887838124952426, 22.927187669422857, 0.9969424029558446, 0.9982495311986761]
00023892,93026,390259,215,3;[114305.95000000001, 1398, 1.010278510246198, 0.9543713578041263, 39.13504025500448, 0.9933049493998183, 9999]
00023892,93026,390259,216,2;[116758.04, 1568, 1.0123332269148082, 0.98091887278259, 29.98789604125521, 0.996023856518871, 0.9963240520725442]
00023892,93049,390350,751,2;[112488.31999999999, 1480, 0.9848740726439702, 0.9929826624223882, 26.49613653842162, 0.9961483784872827, 9999]
00023892,93049,390350,752,3;[118309.09000000001, 1532, 1.0130833231157215, 0.9721992345752148, 59.29260583943325, 0.9911236827270111, 9999]
00023892,93049,390350,753,1;[115862, 1658, 0.9829469492684024, 0.9978529551266063, 24.60371064380052, 0.9960469422803894, 0.9909383646292598]
00023892,93049,390350,756,2;[116076.17, 1538, 1.0085478725212538, 0.9927081192712227, 43.37188848757056, 0.9943862237694245, 9999]
00023892,93049,390350,756,3;[117833.70000000001, 1382, 1.047327962051423, 0.9430491915437306, 103.28006889242694, 0.9876476852572468, 0.9989779088945155]
00023892,93049,390350,757,1;[119330, 1636, 1.0075125795868425, 0.9942916148693116, 29.0029681718026, 0.9953227996444487, 9999]
00023892,93049,390350,758,3;[117121.3, 1400, 1.030931342867741, 0.9719735434960686, 74.73251000866165, 0.9910807744684849, 9999]
00023892,93049,390350,760,1;[119412, 1684, 1.0004737661313214, 0.9880028410604836, 28.934950571560975, 0.9954903479060804, 0.999870214146658]
00023892,93049,390350,760,2;[117228.09, 1564, 1.0405712513178689, 0.9825036010815462, 94.58212834702178, 0.9879751501300211, 0.9954779023530066]
00023892,93049,390350,761,1;[115473, 1576, 0.991677529821298, 0.9926776955103828, 36.86362273631874, 0.9942467519164607, 1.0014917476864902]
00023892,93049,390350,763,2;[118247.92, 1546, 1.0345050869305332, 0.994516715150005, 59.95186314319832, 0.9908730469999921, 9999]
00023892,93049,390350,763,3;[118310.46, 1494, 1.0361395917367435, 0.9712337522244107, 108.28824339469637, 0.9843328979744623, 0.9939059128182995]
00023892,93049,390350,766,1;[116227, 1652, 0.9751026370807013, 0.9892795240401203, 27.456611617824382, 0.9965442441576506, 0.9924685549359998]
00023892,93049,390350,767,3;[117711.77, 1466, 1.0214023858039325, 0.9691685127209577, 43.76655418360943, 0.9929606828812833, 10740.125]
00023892,93049,390350,769,2;[117706.47, 1490, 1.0202549609913965, 0.9997484379105231, 29.963769686372082, 0.995278891855519, 9999]
00023892,93049,390350,770,1;[117114, 1588, 1.0024585818836231, 0.9928265580916606, 32.869004539460455, 0.9955113006843905, 9999]
00023892,93049,390350,770,3;[118395.40000000001, 1410, 1.0424963099943128, 0.9275135170288007, 78.28360049762023, 0.9922517167138535, 9999]
00023892,93049,390350,773,2;[114238.81, 1522, 1.0044227657496143, 0.986742260703326, 36.17136856988099, 0.9948063335800724, 9999]
00023892,93099,390646,1221,2;[114072.20999999999, 1486, 1.0090858747803573, 0.9867088647928606, 38.53013999163804, 0.9934468550222741, 9999]
00023892,93099,390646,1222,1;[115757, 1704, 0.9986716907804245, 0.9931340390066832, 35.39650912607604, 0.9961712619634862, 0.989105543782897]
00023892,93099,390646,1222,3;[117585.73000000001, 1392, 1.1323117391248805, 0.9651113997953958, 50.31573890807299, 0.9940088735414381, 9999]
00023892,93103,390673,1487,1;[118131, 1640, 0.9941992381714719, 0.9832364950716539, 24.18140079113889, 0.9967673469878491, 0.9975637458357788]
00023892,93103,390673,1488,3;[117951.52, 1364, 1.034720293021279, 0.9614925636421753, 96.22023479779668, 0.98528403584093, 0.9961010262284081]
00023892,93103,390673,1489,2;[116541.45999999999, 1546, 1.014966414714585, 0.992022459678374, 40.09946663942671, 0.9947342202306876, 0.9929282227280332]
00023892,93103,390673,1491,2;[120403.01, 1514, 1.0503891899546012, 0.9843946252209498, 113.66690920960296, 0.984839104179109, 9999]
00023892,93103,390673,1492,1;[114627, 1678, 0.9987680845865211, 0.9924709850319351, 45.564953524898826, 0.9946129103177113, 0.9927122981592382]
00023892,93103,390673,1492,3;[112581.12000000001, 1362, 1.004285977747245, 0.9649001229124898, 31.23126453415144, 0.9956981357234577, 9999]
00023892,93103,390673,1495,2;[114817.15, 1510, 0.9930315460441014, 0.9870770259924616, 31.546042712339776, 0.9947702350629656, 9999]
00023892,93103,390673,1497,3;[113548.34000000001, 1404, 1.0054351093309934, 0.960491452600365, 28.91913419738997, 0.9948299282430487, 9999]
00023892,93103,390673,1498,1;[116314, 1654, 0.989772517025471, 0.9913499174139772, 25.89202116124958, 0.9956881817830718, 0.9948765321221763]
00023892,93103,390673,1499,1;[115761, 1706, 0.9962542217613665, 0.9812057965453727, 38.26655464467754, 0.9959036968410945, 0.9896936302274583]
00023892,93103,390673,1499,3;[117251.45000000001, 1500, 1.0242496834682837, 0.9748615169204323, 53.78139989410666, 0.9908513476631625, 34234.0]
00023892,93103,390673,1500,2;[113904.42, 1520, 1.0033341804562999, 0.9866325509813356, 31.931454020851525, 0.9944117262205622, 0.9918501209788144]
00023892,93122,390798,1587,3;[117843.29000000001, 1442, 1.0406381091708652, 0.97290517790024, 111.87571133625764, 0.982512094931687, 0.9956477955389904]
00023892,93122,390798,1589,1;[115972, 1698, 0.9778822539189395, 0.9908134710763481, 20.37117655163161, 0.9968449509462828, 0.9941706957446079]
00023892,93122,390798,1589,2;[117505.36, 1504, 1.0292453359150497, 0.9978651105229204, 41.27597117489877, 0.9945531923571351, 9999]
00023892,93122,390798,1590,1;[114476, 1708, 0.9714008354292216, 0.9792266459744134, 31.895664856885332, 0.9963746613606888, 0.9873600048300221]
00023892,93122,390798,1590,2;[115546.62, 1446, 1.0044099548766843, 0.9937778684089924, 34.96544073137213, 0.9941037791054449, 9999]
00023892,93122,390798,1592,3;[117977.55, 1424, 1.0384956777881869, 0.9582881772027657, 51.69301507743181, 0.993571167624946, 172230.0]
00023892,93139,390920,17,2;[116130.90999999999, 1510, 0.9981631323817355, 0.9808162066148503, 32.268889709424414, 0.993887002655094, 0.9946034641785189]
00023892,93139,390920,17,3;[117082.94, 1368, 1.01704474354301, 0.9629625559037094, 53.25214145749839, 0.9925764721536028, 9999]
00023892,93139,390920,18,1;[114291, 1656, 0.9814575364939319, 0.9959018721886728, 30.733984173391054, 0.9957475714305857, 0.9944271152817112]
00023892,93139,390920,19,1;[117141, 1708, 1.0011284673044343, 0.9784178992053928, 59.47460187917027, 0.9921109682880714, 0.9933264364697103]
00023892,93139,390920,20,3;[118051.53000000001, 1470, 1.0213625513322462, 0.9716452290970454, 85.44257796364806, 0.9849400431888099, 9999]
00023892,93139,390920,21,2;[115941.7, 1478, 1.0067750976010585, 0.9966286729292532, 25.270836994108723, 0.9955051948918705, 1.001742742428838]
00023892,93166,391047,301,1;[119197, 1602, 0.9934559797032223, 0.9948353663934025, 20.712104405988043, 0.9968702647084702, 0.9987055043296481]
00023892,93166,391047,301,2;[116151.14, 1540, 1.0002683910551358, 0.9928704150270152, 33.4848806094114, 0.9948215854848882, 9999]
00023892,93166,391047,303,3;[118637.89000000001, 1398, 1.0223579081250327, 0.9703534494557088, 42.23273852076505, 0.9934911546531924, 9999]
00023892,93166,391047,304,1;[117753, 1622, 0.9772164352433422, 0.9958620833402838, 25.766315361363983, 0.9967860458868003, 0.9972686967237064]
00023892,93166,391047,305,2;[117093.62, 1536, 1.002178459818774, 0.997850638667676, 24.4138911119299, 0.9964615269265222, 1.000127051242307]
00023892,93166,391047,305,3;[119032.45000000001, 1370, 1.0183846266174685, 0.9748323649170428, 37.875699129217296, 0.9947455224370897, 2199.6202531645567]
00023892,93166,391047,307,2;[115370.5, 1528, 1.0058060097422366, 0.9895282762600829, 39.93207841576104, 0.9944151817445519, 9999]
00023892,93166,391047,308,1;[115460, 1682, 0.9960968642594321, 0.9954651582763876, 40.582903883813906, 0.9951983391381567, 0.9932470213772635]
00023892,93166,391047,308,3;[118877.64000000001, 1454, 1.017150500848034, 0.9733966928934351, 36.44529966828555, 0.9937569319287601, 1324.7633587786258]
00023892,93166,391047,309,1;[119716, 1620, 1.0322619672169577, 0.9876387315526259, 46.38197855060344, 0.9944067144527013, 0.999419796219075]
00023892,93166,391047,309,2;[115416.90999999999, 1496, 1.0140101989435855, 0.9782871975660953, 49.76970517264166, 0.9923215994050387, 9999]
00023892,93166,391047,310,3;[117396.67000000001, 1446, 1.0322636927019022, 0.9549682020607355, 42.6314536599798, 0.9954496600959517, 9999]
00023892,93166,391047,312,2;[119097.58, 1476, 1.0286965797742729, 0.9766518066581236, 64.13464440773701, 0.9901136968339167, 100082.0]
00023892,93166,391047,313,1;[120302, 1688, 1.021004314514589, 0.9866737636844082, 42.55555215394716, 0.9931729686905908, 0.9957002685780263]
00023892,93166,391047,313,3;[119017.38, 1408, 1.0256435421473993, 0.9687818342517958, 44.27779058241403, 0.9929874755115312, 24821.14285714286]
00023892,93166,391047,315,1;[117580, 1706, 0.9911475015587408, 0.9998940038735258, 31.46718806602632, 0.9964770636421072, 0.9924037812288994]
00023892,93166,391047,315,2;[119473.62, 1562, 1.0290292751963206, 0.976969826578464, 59.39391504055549, 0.9910613417632356, 9999]
00023892,93166,391047,315,3;[120414.78000000001, 1524, 1.0420803432332637, 0.9716719340706381, 114.80932319891738, 0.9838297153742086, 0.9968696835658387]
00023892,93265,391506,609,1;[120450, 1668, 1.0130823848066772, 0.9934285035407959, 28.081715577593773, 0.9950777124707098, 9999]
00023892,93265,391506,609,3;[119976.38, 1438, 1.0627480642574758, 0.9590433977019611, 126.38952663022229, 0.9846962103710577, 0.99012968218255]
00023892,93265,391506,610,2;[119833.0, 1508, 1.0279624297293433, 0.9939602657133225, 34.05485042585448, 0.9943307197997148, 0.9989534301203803]
00023892,93265,391506,611,3;[119896.92000000001, 1368, 1.0267371543472592, 0.9680652141772095, 60.138477372720004, 0.9910185054986551, 175032.0]
00023892,93265,391506,612,2;[116885.37, 1548, 1.0145783774572443, 0.9803564738122116, 29.62078944142632, 0.9948200399301197, 9999]
00023892,93265,391506,613,1;[114481, 1610, 0.9955593575803238, 0.9902087238335712, 36.759064237107594, 0.9944111491071127, 0.9902515396858349]
00023892,93329,391882,87,1;[118271, 1616, 1.0194271800477344, 0.9951980347867928, 37.73351695185407, 0.9949972892828642, 0.9989948475377988]
00023892,93329,391882,87,2;[111247.15, 1430, 0.9892958805203751, 0.987969527216751, 25.62743346510477, 0.9960790202361292, 9999]
00023892,93329,391882,87,3;[115923.92000000001, 1414, 1.0215942370198658, 0.9563196493174627, 47.010858776237484, 0.9953242287886229, 9999]
00023892,93329,391882,89,1;[114628, 1672, 0.9914825066265023, 0.992449732020601, 46.0862142629913, 0.9941192467786226, 0.9939475920434248]
00023892,93329,391882,89,3;[114667.63, 1414, 1.0167941706478845, 0.9529070402788227, 69.36194070195396, 0.9896615259912896, 0.9922821576763485]
00023892,93329,391882,90,2;[116098.78, 1540, 1.024478526931865, 0.9929498654533664, 58.7047229351499, 0.9922725834272821, 9999]
00023892,93329,391882,92,2;[114627.93999999999, 1522, 1.0073552101636527, 0.9847883422105579, 36.85985021329225, 0.9940911230252352, 0.9904477918873066]
00023892,93329,391882,92,3;[114493.64000000001, 1356, 1.0098884038015559, 0.9575393429604518, 53.70771228318953, 0.9928164272628103, 9999]
00023892,93329,391882,93,1;[115389, 1646, 0.9791536811644996, 0.9912072497007227, 30.555962129969355, 0.9961549890584726, 0.995354855405318]
00023892,93329,391882,94,1;[116973, 1592, 0.994606233216065, 0.9965614043713638, 34.71012332712566, 0.9946580766084038, 0.9999615310636661]
00023892,93329,391882,94,2;[112866.73999999999, 1496, 1.003006582190011, 0.9923183925625743, 26.138494257660792, 0.99570058885804, 9999]
00023892,93329,391882,94,3;[114433.36000000002, 1410, 1.0214616209838423, 0.9517095185099957, 73.57692311392724, 0.9894936176987641, 0.990536726513768]
00023892,93329,391882,96,1;[115407, 1632, 0.9872182726007631, 0.9927104473525977, 23.989429741072772, 0.9960868400620199, 0.996795591563164]
00023892,93329,391882,96,2;[113005.97, 1516, 0.9882006017804126, 0.9825266807640969, 27.477798069064683, 0.9957344812378607, 0.9942780561096016]
00023892,93329,391882,96,3;[117169.25000000001, 1434, 1.0569068397282255, 0.9348208440309685, 110.45560734956277, 0.9883416942725053, 9999]
00023892,93329,391882,99,1;[118266, 1608, 1.0340711010663866, 0.9901960891665134, 40.350390802242764, 0.9941750124012475, 0.995743928467688]
00023892,93329,391882,99,2;[114010.33, 1524, 1.0088953795511193, 0.9873587254334197, 27.375748128469997, 0.9954495918170748, 9999]
00023892,93329,391882,99,3;[113752.47000000002, 1336, 1.0058340005280906, 0.9771892906538502, 25.640739364499375, 0.99607581804577, 9999]
00023892,93377,392048,3,3;[118466.64000000001, 1406, 1.047556527781869, 0.9626297559970822, 107.28162349534367, 0.988306503325163, 9999]
00023892,93377,392048,4,1;[118492, 1724, 0.9863208326474601, 0.9986424630954116, 19.764201178268063, 0.9967779664001932, 0.982353745839223]
00023892,93377,392048,4,2;[116322.5, 1540, 1.0024661578187861, 0.9812524545754474, 28.71243987076844, 0.9953319054134065, 9999]
00023892,93377,392048,5,1;[112681, 1604, 0.9750116024793062, 0.9728192778387952, 30.87669786078407, 0.9962903174522396, 0.9869450782375636]
00023892,93377,392048,5,2;[117476.79999999999, 1468, 1.0128946844061226, 0.9826118107683158, 31.69563920609115, 0.9953051589361018, 9999]
00023892,93377,392048,5,3;[119291.38, 1442, 1.0494193382007337, 0.9224995551443748, 90.97954973781846, 0.9914184377585706, 9999]
00023892,93377,392048,8,2;[114999.22, 1520, 1.0070723933409482, 0.9772014446917673, 55.95936210100426, 0.9911467610708359, 1.0000983146794165]
00023892,93377,392048,8,3;[115359.48000000001, 1394, 1.0261842013140077, 0.9530082855170431, 74.80732270330151, 0.9887307322964278, 9999]
00023892,93377,392048,9,1;[115825, 1638, 0.9752674514762388, 0.977930434245964, 26.59457846165895, 0.9966290836236483, 0.9829547624402228]
00236683,93026,390254,285,1;[64897, 1162, 0.8963368703322728, 1.2183853081758376, 597.4072147536523, 0.8989622045180786, 0.997670968584979]
00236683,93026,390254,285,2;[63899.43, 1088, 0.88279605279225, 1.1669173179368035, 687.6252383263844, 0.8561036678773236, 0.9979278366800785]
00236683,93026,390254,285,3;[62998.08, 1026, 0.8724861808634222, 1.1462304604636613, 477.53626792143336, 0.8912045056441245, 0.9973322922766608]
00236683,93027,390265,359,1;[65010, 1234, 0.8963836176640538, 1.168149733389122, 588.7646334944752, 0.876576323213372, 0.9996079064510921]
00236683,93027,390265,359,2;[63329.42, 1172, 0.8722834267262409, 1.3744132304889976, 811.2780416461782, 0.8789933373649661, 0.9967690881336567]
00236683,93027,390265,359,3;[64039.280000000006, 1110, 0.8752503306714794, 1.2607893360585687, 730.6566746111167, 0.906247409796963, 0.9980783191698339]
00236683,93032,390303,79,1;[64084, 1312, 0.883011742050798, 1.2912871714364584, 268.94763745587096, 0.9133944969761918, 0.9972688863125296]
00236683,93032,390303,79,2;[62079.92, 1082, 0.8815052374057251, 1.2447192829726832, 397.38154880436065, 0.9006467679184194, 1.0009209516500384]
00236683,93032,390303,80,3;[63635.130000000005, 1136, 0.8704188168610484, 1.2765842202638427, 618.6186577698837, 0.9267038002201853, 0.9954032595068951]
00236683,93032,390303,81,1;[65182, 1222, 0.8845825357301805, 1.253814231694861, 436.65751315797803, 0.9024325561089953, 0.9954869993509221]
00236683,93032,390303,81,2;[60467.469999999994, 1070, 0.8658963652934529, 1.3236490956893558, 415.1546219052248, 0.8831104988944727, 0.9955720135582594]
00236683,93032,390303,82,3;[60681.41, 1002, 0.8646670726583039, 1.236890745793808, 413.0430619188642, 0.895977356431816, 0.9920933566276934]
00236683,93032,390303,83,1;[65190, 1240, 0.8856361340584233, 1.336348925504289, 421.8157871130205, 0.9179699132432548, 0.9945383535729542]
00236683,93032,390303,83,2;[63473.409999999996, 1108, 0.880705724041829, 1.1517486320231045, 936.4060692327542, 0.8892920877813058, 0.9974381030742763]
00236683,93032,390303,83,3;[63620.060000000005, 1086, 0.8776824258320373, 1.2010975539393451, 632.373901310016, 0.932411605387967, 0.9935599820278568]
00236683,93051,390358,937,1;[61910, 1138, 0.8881777418456696, 1.3158803350304593, 191.94476886811364, 0.9332287887186778, 1.0035906206181056]
00236683,93051,390358,937,2;[61018.439999999995, 1108, 0.8744115177055395, 1.2886368708134575, 416.8174297521665, 0.8915586599846775, 9999]
00236683,93051,390358,937,3;[61560.950000000004, 966, 0.877243343342936, 1.162882267156796, 350.0519987317953, 0.9193836774930555, 0.9962310165170158]
00236683,93078,390512,47,1;[62003, 1166, 0.8984033152613793, 1.421216003534498, 222.0834782523327, 0.932324088329441, 0.9965764433586216]
00236683,93078,390512,47,2;[64851.43, 1158, 0.8730279854116749, 1.169443966109788, 818.8359163722441, 0.8605912354463219, 0.9972094895653209]
00236683,93078,390512,47,3;[63713.22000000001, 1070, 0.8713599068622755, 1.156260139954396, 363.6832766722085, 0.9245821144862727, 0.997929295638646]
00236683,93078,390512,49,1;[62757, 1248, 0.8806822073163417, 1.3655628375229387, 291.7005471112284, 0.9308936894344648, 0.9898424315073895]
00236683,93078,390512,49,2;[62070.399999999994, 1146, 0.8777771267882485, 1.3229664281527502, 421.0606639502385, 0.9063259873638182, 0.9963420341346475]
00236683,93078,390512,49,3;[65910.70000000001, 1050, 0.8768575047476552, 1.2247830161026592, 788.4647293313469, 0.8942845465139775, 0.9974602187321826]
00236683,93078,390512,50,1;[61924, 1150, 0.8810465426974625, 1.3914188745424354, 213.8200019221468, 0.9351294831793443, 0.9981302385557704]
00236683,93078,390512,50,2;[65937.9, 1150, 0.879228667524834, 1.179293606603073, 824.4007872140987, 0.8489372623533138, 0.9963318588844535]
00236683,93078,390512,50,3;[66360.06000000001, 1022, 0.8702875750297601, 1.1372706087217193, 861.5471674866211, 0.8701131027160595, 1.0023072227452847]
00236683,93098,390636,1213,1;[66424, 1244, 0.8823566767419234, 1.2142968859041916, 308.83078904861543, 0.8957330070359494, 0.9993380273214179]
00236683,93098,390636,1213,2;[65266.74, 1126, 0.8933927484060082, 1.2840118591047747, 875.6931159719495, 0.8581356473660497, 1.0014607603257495]
00236683,93098,390636,1213,3;[65509.29000000001, 1070, 0.873847573315857, 1.18952807666033, 761.6841148447202, 0.9046977956138212, 0.9943334823610144]
00236683,93098,390636,1214,1;[64254, 1292, 0.8798340578149664, 1.4185855049254117, 354.04704705750584, 0.9389706014256528, 0.9968196838300315]
00236683,93098,390636,1214,2;[64413.509999999995, 1112, 0.8841799100241723, 1.185020667030353, 814.5381436463231, 0.8548762815733646, 0.9979719390106749]
00236683,93098,390636,1214,3;[63554.3, 1080, 0.8725345513198169, 1.3418491871000942, 573.436488312685, 0.915630657414964, 0.9923631462981581]
00236683,93099,390639,1320,1;[65733, 1174, 0.8986561124046707, 1.1888863137764243, 524.71293379162, 0.8909896119273859, 1.000334799348663]
00236683,93099,390639,1320,2;[64945.439999999995, 1110, 0.8799012392870388, 1.211244114648881, 500.3592752505392, 0.8843490229777067, 0.9975689557476832]
00236683,93099,390639,1320,3;[64221.490000000005, 1086, 0.8771087575357576, 1.1782370262963473, 420.12826866959915, 0.914358419458132, 0.9936620315414617]
00236683,93099,390639,1321,1;[65480, 1300, 0.8724248348033831, 1.2238853834367018, 405.04023958956503, 0.9273045058082094, 0.9972965769333283]
00236683,93099,390639,1321,2;[62571.39, 1128, 0.8732663509695608, 1.2989479846148317, 506.449168846685, 0.8607900347818224, 0.995871133922991]
00236683,93099,390639,1322,3;[60664.97, 960, 0.8918258292316278, 1.1659305552185804, 304.4898032449558, 0.9395602745783597, 0.9997403623638313]
00236683,93103,390670,1523,1;[66007, 1202, 0.8862135690644956, 1.1227076770295574, 539.0951049981684, 0.8570147705480499, 0.9933781811067467]
00236683,93103,390670,1523,2;[62395.27, 1128, 0.8744661556219134, 1.3175950505831138, 451.64267112748917, 0.8726407365729938, 0.9936702863532132]
00236683,93103,390670,1523,3;[64702.36000000001, 1090, 0.8682338163167673, 1.2139867077421442, 760.4879409415294, 0.8519364279323118, 0.9934162091668244]
00236683,93103,390670,1525,2;[63179.479999999996, 1148, 0.8755774904728971, 1.3231910436666334, 440.6480455143491, 0.8949090950326803, 0.9963966669168981]
00236683,93103,390670,1525,3;[64450.280000000006, 1072, 0.8786524256469906, 1.2380248607050208, 794.7149607156023, 0.9022725765178526, 0.9949768937110709]
00236683,93103,390670,1526,1;[64594, 1280, 0.8692302139795223, 1.3064345589587993, 387.3175180665426, 0.9216866545350719, 0.9963366573347833]
00236683,93129,390840,509,1;[63851, 1282, 0.8863538304611583, 1.2824864508734586, 310.17420054510205, 0.9399106307757903, 0.9891788472412645]
00236683,93129,390840,509,2;[62792.729999999996, 1156, 0.8655992666530318, 1.2966369654810306, 598.0539074640125, 0.8907444545283135, 0.9932237845163476]
00236683,93129,390840,509,3;[65155.83, 1070, 0.8798077353627585, 1.207208180569444, 693.4138006979172, 0.9218608231747977, 0.9943860749568763]
00236683,93139,390919,100,1;[65548, 1228, 0.8895657063217315, 1.2174121974362748, 494.76634957258426, 0.901591666436485, 0.9952249003605997]
00236683,93139,390919,100,2;[64462.299999999996, 1176, 0.8687574373580252, 1.3160805760010135, 749.5912923506529, 0.8728901235789747, 0.9998523385876186]
00236683,93139,390919,100,3;[62899.44, 1048, 0.8704034933278246, 1.1903627541986614, 354.52133648183104, 0.9138656498268735, 0.9938737958653534]
00236683,93140,390930,162,1;[64174, 1274, 0.873669116798967, 1.2219762812449149, 318.14095600560046, 0.9407832771655248, 0.9941057556018558]
00236683,93140,390930,162,2;[62256.03999999999, 1108, 0.8758086297832357, 1.284617442261192, 345.67866423307373, 0.9220027450821668, 0.9939582779192158]
00236683,93140,390930,162,3;[64168.060000000005, 1070, 0.8653375047802901, 1.175778012518249, 544.2792229979488, 0.8837986711791864, 0.9959280876896416]
00236683,93140,390930,163,1;[64757, 1294, 0.8689080832153993, 1.3437099942523156, 321.5276598014192, 0.9430963941414967, 0.994830513031255]
00236683,93140,390930,163,2;[64700.299999999996, 1190, 0.8678894662354549, 1.2921604955880843, 715.6913109359365, 0.8801013288764067, 0.9996414749170336]
00236683,93140,390930,163,3;[64600.98, 1086, 0.8652007934289446, 1.1908760180148013, 721.4497155138856, 0.9086264422759408, 0.9967868769289308]
00236683,93140,390930,164,1;[66120, 1190, 0.8928024080834541, 1.1879672972458664, 349.6492563200557, 0.8948358029776258, 0.9994029580030079]
00236683,93140,390930,165,2;[62164.409999999996, 1120, 0.8752461396656094, 1.298778050862342, 346.29783056866313, 0.9093205097922705, 0.9977652991061197]
00236683,93140,390930,165,3;[62617.22000000001, 1048, 0.8756071525749004, 1.1433205584440507, 348.4088358753567, 0.9269208623011866, 0.9946249428764172]
00236683,93174,391097,943,1;[62928, 1236, 0.8851371504840055, 1.4349269202301336, 299.8036945734148, 0.9301702078122605, 0.9953969534475395]
00236683,93174,391097,943,2;[64325.45, 1168, 0.8802286326493914, 1.2679251780083614, 607.869629047859, 0.8870972782303799, 0.9962677970787449]
00236683,93174,391097,943,3;[64610.57000000001, 1052, 0.8809168323652462, 1.192026993741771, 915.8897240293949, 0.8497624850878942, 0.9998092007631969]
00236683,93203,391206,348,1;[66259, 1190, 0.8894026810814899, 1.1508446047025152, 594.0886112205731, 0.8912596097118567, 0.9980268112667571]
00236683,93203,391206,348,3;[64683.18000000001, 1094, 0.8774361244422536, 1.1828319494737503, 463.56244202686634, 0.9045813327238634, 0.9901953587869509]
00236683,93203,391206,349,2;[65912.91, 1094, 0.8899903614837441, 1.2170274147339144, 883.2863549263491, 0.8237073210150379, 1.001093469007835]
00236683,93203,391206,350,1;[62393, 1240, 0.8787493015584305, 1.3128339148304562, 295.70120819668693, 0.9335410441337777, 0.9891953166493591]
00236683,93203,391206,350,2;[64784.78999999999, 1186, 0.8806837105180522, 1.3963042186163492, 714.3957716221242, 0.8977856171105484, 0.9971061741057529]
00236683,93203,391206,350,3;[66107.98000000001, 1110, 0.8779627186987592, 1.2067523980043482, 629.3045444407546, 0.8784160439673843, 0.9945279732890899]
00236683,93203,391206,351,1;[63854, 1268, 0.871032185835836, 1.479426503068035, 318.9796186826759, 0.9362372556116996, 0.9921610976017153]
00236683,93203,391206,352,2;[60755.45, 1072, 0.8829527874848939, 1.2554864592775605, 342.8331537019416, 0.9050124376649543, 0.9934812220276318]
00236683,93203,391206,352,3;[64896.9, 1114, 0.8569397877711894, 1.2417527424010701, 692.591624038142, 0.8946675282111177, 0.9943116223421002]
00236683,93220,391265,336,1;[65533, 1310, 0.8757480096155889, 1.367463148321185, 361.0624601301009, 0.9290297774806068, 0.9930972821021845]
00236683,93220,391265,336,2;[60632.88, 1050, 0.8682370583990296, 1.2168716618617368, 346.1947867002257, 0.8994860601241726, 0.9980021154072158]
00236683,93220,391265,336,3;[64026.950000000004, 1090, 0.8629840702248537, 1.2222749057270437, 655.7167830778669, 0.908215481352808, 0.9938013673141739]
00236683,93220,391265,337,1;[61118, 1124, 0.8808351635338167, 1.2224316677897844, 151.10157403778504, 0.9337813620401505, 0.9949534414273621]
00236683,93220,391265,337,2;[64254.049999999996, 1166, 0.8722362436156592, 1.2337152288179494, 564.8185975037665, 0.8790782291139434, 0.9932763679509938]
00236683,93220,391265,337,3;[64409.18000000001, 1080, 0.8726724947670236, 1.265388216239573, 693.2371551550842, 0.9054723116006371, 0.9945737828032283]
00236683,93222,391274,426,2;[62796.299999999996, 1136, 0.8830140146854797, 1.2618411779405492, 351.3399176267912, 0.9240262330636166, 0.9985146219854868]
00236683,93222,391274,426,3;[64573.58, 1060, 0.8698739445591321, 1.2390712166734024, 806.0081702436511, 0.9022446887703707, 0.9947974377644812]
00236683,93222,391274,427,1;[65596, 1204, 0.8814352650098592, 1.1250380127803834, 426.6307949767584, 0.9036493789843961, 0.999078537540076]
00236683,93222,391274,428,3;[65283.240000000005, 1108, 0.8695688977103744, 1.2047253991752296, 663.4549987691171, 0.9024267478443797, 0.9949367881489524]
00236683,93222,391274,429,1;[65683, 1302, 0.8898643963502091, 1.2157433048057757, 263.5146465566555, 0.9138523580591842, 0.9900666244611257]
00236683,93222,391274,429,2;[65128.7, 1114, 0.8920105206580566, 1.2152927457141203, 901.9103499453104, 0.8625949441156302, 1.0004935743926293]
00236683,93260,391459,217,1;[61886, 1206, 0.88409827167143, 1.4305143674075829, 243.25219511796246, 0.9397923110539514, 0.9929323802876786]
00236683,93260,391459,217,2;[63468.649999999994, 1168, 0.8773761500382609, 1.303462920522043, 423.0964271691172, 0.9175794943361034, 0.9939989190599549]
00236683,93260,391459,217,3;[61080.08, 1002, 0.8684022285641108, 1.183091136102187, 330.8801757872058, 0.916625577751276, 0.9937478407203914]
00236683,93260,391459,218,1;[61371, 1146, 0.8861261793421696, 1.3227932692907638, 233.6975189654019, 0.9138117041258418, 0.9979592334523103]
00236683,93260,391459,218,2;[65415.49, 1146, 0.8806046328095137, 1.2456073480301915, 888.1625960645373, 0.8361238909296961, 0.9979485876116476]
00236683,93260,391459,219,3;[65165.420000000006, 1002, 0.8855295886816785, 1.201654730491485, 874.0681197302487, 0.8664653855605965, 1.0001682156524665]
00236683,93314,391804,1,1;[61200, 1184, 0.8911802629893917, 1.382171928150076, 230.7785941011806, 0.9282939375778478, 0.9964830011723329]
00236683,93314,391804,1,2;[63119.979999999996, 1172, 0.8732368986285801, 1.2855284088582624, 778.1732000879881, 0.8841258201664252, 0.9969738548578088]
00236683,93314,391804,1,3;[62554.200000000004, 1048, 0.8706816695963225, 1.2236399679595413, 396.73644698103055, 0.9037575184900603, 0.9935482467115642]
00236683,93314,391804,2,1;[60876, 1180, 0.8846231316147987, 1.3470361909588835, 237.77139752352406, 0.9341344635075844, 0.9983027082872112]
00236683,93314,391804,2,2;[63148.53999999999, 1058, 0.8865645945619125, 1.2173674482590253, 625.6957682754448, 0.8446343329217425, 1.0054568191291826]
00236683,93314,391804,2,3;[61967.840000000004, 1040, 0.8630861857690876, 1.2021879598329055, 462.1138465086889, 0.8699951446873627, 0.9957841205543386]
00236683,93331,391886,297,1;[64499, 1258, 0.8861004128455874, 1.1767130557255576, 486.22112839956037, 0.882567298345443, 0.9920557405541756]
00236683,93331,391886,297,2;[63365.119999999995, 1142, 0.8718246979181136, 1.2238753766468728, 720.7594945839151, 0.8495607612385334, 0.9981722919458998]
00236683,93331,391886,297,3;[60114.23, 962, 0.8786204077621724, 1.2399047265569842, 333.37371361298034, 0.9318307664323562, 1.000205151584226]
00236683,93341,391961,155,1;[64154, 1280, 0.8792525968196029, 1.2928483788835097, 374.536365774355, 0.935168653948244, 0.9960873210570443]
00236683,93341,391961,155,2;[62858.18, 1052, 0.8910501307441899, 1.1703169142364331, 1016.6524047850945, 0.8434156386230575, 0.9998391080909702]
00236683,93341,391961,156,3;[63548.82000000001, 1042, 0.8926078558902395, 1.1802893869861124, 792.7012788894507, 0.8845421833110562, 0.9976556618991289]
00521701,93026,390258,236,1;[65015, 1268, 0.8381775642546434, 1.2907349359759162, 250.17272954094338, 0.8658941841502674, 0.9906670222086777]
00521701,93026,390258,236,2;[63711.409999999996, 1160, 0.8328008538305073, 1.244832771554797, 383.41423372086234, 0.8778173893145765, 0.991986511399535]
00521701,93026,390258,236,3;[64650.3, 1088, 0.7961479669495897, 1.7462056904974999, 589.4067175037352, 0.9620048103930134, 9999]
00521701,93122,390796,1603,2;[62828.43, 1126, 0.819885475612702, 1.256333279056509, 299.49397662419483, 0.8638672780054223, 0.9927420416298441]
00521701,93122,390796,1604,3;[62922.73, 1048, 0.8185142145814573, 1.450235556326929, 320.0687700976941, 0.8812622518672641, 0.997166708279508]
00521701,93122,390796,1605,1;[62224, 1146, 0.8566837480585704, 1.2049831781894702, 156.220883867245, 0.9003790357456036, 0.9972993548904115]
00521701,93139,390917,48,1;[65905, 1250, 0.8177142451097035, 1.363160319113161, 272.79423457219696, 0.8735352990091628, 0.9921342817357269]
00521701,93139,390917,48,2;[63280.63, 1130, 0.8069446185618948, 1.4570263221994737, 273.2561554452453, 0.9667913955202088, 9999]
00521701,93139,390917,48,3;[62114.43000000001, 1014, 0.8202161911979294, 1.608353300801054, 300.4638342307913, 0.9710721126599146, 0.9903020771902235]
00521701,93141,390932,199,2;[64893.079999999994, 1162, 0.8456843959906979, 1.2595769526941694, 346.6162792194861, 0.8648392540420272, 0.9924382364984758]
00521701,93141,390932,199,3;[62017.16, 1054, 0.7860292950526333, 1.5138959370819465, 276.9085808237027, 0.9731655031711313, 0.9876726376191827]
00521701,93141,390932,200,1;[64754, 1262, 0.8692715981718601, 1.325863861317932, 226.1344441489002, 0.9672597308634594, 0.9923832584941227]
02230768,93056,390388,557,1;[84221, 1332, 0.6673815311131339, 1.6123029697135687, 1182.40116686828, 0.705101019240399, 1.002833906862103]
02230768,93056,390388,558,2;[80593.94, 1218, 0.6206442808343255, 1.6924951202332037, 1915.9028663963165, 0.5882581645690851, 1.0048666132526187]
02230768,93056,390388,560,3;[83512.46, 1198, 0.5691550780266298, 1.5311806930059968, 2720.784111073263, 0.6313877079168452, 1.0024832667291594]
02230768,93056,390388,561,1;[84520, 1386, 0.6871748808570335, 1.4227722417510427, 1255.160103938802, 0.6972587723575441, 1.006268342193146]
02230768,93056,390388,561,2;[82438.44, 1256, 0.6019275606501535, 1.5347572616497793, 2412.401093789613, 0.6348861252121153, 1.0042619813864486]
02230768,93056,390388,561,3;[78642.11, 1092, 0.6426763807627205, 1.6229630258768524, 1606.8515151071701, 0.6387172870199644, 1.0016140148838346]
02230768,93056,390388,563,2;[85239.7, 1274, 0.6046897157767811, 1.7492252829944726, 2225.142382171033, 0.6496797224242692, 1.0061170455582946]
02230768,93056,390388,563,3;[80414.89, 1132, 0.583555217989767, 1.6853064043960793, 2360.5067159891737, 0.5871173737900505, 1.0045523780185175]
02230768,93056,390388,564,1;[83623, 1372, 0.6526495315020067, 1.493643254179954, 1438.7541547723936, 0.6801444352218946, 1.0068267193219034]
02230768,93056,390388,565,1;[81828, 1320, 0.6782623566985869, 1.699340915011529, 1060.09005169344, 0.644312782789513, 1.004881463333763]
02230768,93056,390388,565,2;[83465.41, 1248, 0.6042246881582084, 1.6957876493501751, 2263.8573021834154, 0.658379983543437, 1.004770363579062]
02230768,93056,390388,566,3;[83168.59000000001, 1120, 0.6068312294757697, 1.4712074597196696, 2151.3904296608, 0.6137957261229707, 1.0044923927162015]
02230768,93056,390388,567,1;[84297, 1328, 0.649222920854049, 1.5046537689982225, 1575.6486560367205, 0.6435842214480039, 1.0061288917268914]
02230768,93056,390388,567,2;[83372.59, 1244, 0.5939604341421328, 1.6378826679735679, 2528.5954745777103, 0.5948663704123359, 1.0068260857068951]
02230768,93056,390388,567,3;[84385.15000000001, 1172, 0.5784803654762489, 1.6239301175359662, 2652.798942163648, 0.6171192229406999, 1.0021394811554825]
02230768,93056,390388,569,1;[83447, 1380, 0.697760235258172, 1.799168952242776, 1329.5960847819088, 0.6534522638846092, 1.004139441416074]
02230768,93056,390388,569,2;[83546.33, 1230, 0.6286368775210059, 1.6851951447218627, 1826.9271919846747, 0.5715545740478566, 1.0056580530567811]
02230768,93056,390388,569,3;[85841.46, 1164, 0.5987075462913604, 1.4387513803235303, 2276.7305820118518, 0.6154945612302156, 1.004271415176747]
02230768,93056,390388,573,1;[83884, 1352, 0.7167218703530537, 1.6658705210437763, 856.6590844153869, 0.6486066976299492, 1.004514591591124]
02230768,93056,390388,573,2;[81325.79, 1208, 0.6572697479903126, 1.6588915326055325, 1600.5254469725335, 0.5977592140761386, 1.0047487429797994]
02230768,93056,390388,573,3;[85056.45000000001, 1148, 0.5794453769514494, 1.5540684585060762, 2597.642102495883, 0.6347242301700965, 1.0044247429685416]
02230768,93056,390388,577,2;[84403.12999999999, 1232, 0.5923441033307342, 1.6428163480351854, 2566.3433796855097, 0.612530620391649, 1.0068565101357105]
02230768,93056,390388,577,3;[84926.3, 1140, 0.5852361346179501, 1.6687954792318695, 2413.963884912815, 0.5687089088913928, 1.0052541108552524]
02230768,93056,390388,578,1;[85398, 1394, 0.6960382510117669, 1.7473702412643712, 1226.9488602499985, 0.7180477384172488, 1.0040326847334078]
02230768,93056,390388,579,1;[85877, 1380, 0.673167211917775, 1.7378180535556387, 1289.5927667321785, 0.7132803647016435, 1.0075380274419397]
02230768,93056,390388,579,2;[81014.01, 1202, 0.6484185253276253, 1.769902844565704, 1779.6768097573633, 0.5813865013212302, 1.0064158474388352]
02230768,93056,390388,581,3;[84608.46, 1184, 0.599166132977774, 1.6709526681230331, 2163.413705666869, 0.5968313011378081, 1.003159339543723]
02230768,93056,390388,582,3;[87270.37000000001, 1156, 0.5832671099371463, 1.5669479290621007, 2464.9069683315215, 0.6237389160624575, 1.0058264384513358]
02230768,93056,390388,583,1;[84608, 1340, 0.6903494464364301, 1.7010396245083137, 1018.8220244821384, 0.6382488476593698, 1.0043863554075632]
02230768,93056,390388,583,2;[83260.73, 1262, 0.5980017166744472, 1.7237368659395615, 2371.5741821257902, 0.5965580565128115, 1.0064877150584037]
02230768,93056,390388,585,1;[85165, 1358, 0.638179286620264, 1.5641837502835594, 1648.0530454719483, 0.6363333275579405, 1.005359398425234]
02230768,93056,390388,585,2;[84362.67, 1282, 0.6053777515843937, 1.75198021922642, 2173.1487321209106, 0.6666606260428706, 1.005874090154514]
02230768,93056,390388,585,3;[84952.33, 1180, 0.59133967105784, 1.6478050408766443, 2378.8247858054915, 0.6087630423172572, 1.0006777801087676]
02230768,93163,391032,123,1;[83067, 1320, 0.7064856285203825, 1.7751961012877715, 895.7736035257769, 0.6637300547125935, 1.005416396855464]
02230768,93163,391032,124,2;[80886.68, 1230, 0.6832205606254693, 1.5856259121028808, 1459.1202705160076, 0.6156683116898038, 1.0045519035232915]
02230768,93163,391032,125,3;[85256.47, 1182, 0.6009511422643801, 1.5249493147846853, 2039.7076891675815, 0.706999757594645, 1.006021807835625]
02230768,93163,391032,126,1;[79032, 1318, 0.6952718205523477, 1.7194479563266603, 972.7684554694076, 0.6431947031019942, 1.0022128522968645]
02230768,93163,391032,126,2;[82707.37999999999, 1222, 0.6463915975183607, 1.6096698128027305, 1592.853946728672, 0.6031758246708031, 1.005512073031351]
02230768,93163,391032,127,3;[80731.36, 1140, 0.6406973192311827, 1.5797511506377295, 1531.0706388806575, 0.6256261505250665, 1.0051427255592607]
02230768,93163,391032,128,1;[82118, 1324, 0.7072374422475737, 1.7457879537471104, 942.2930925964187, 0.645969327658513, 1.00579337375222]
02230768,93163,391032,128,2;[81500.72, 1216, 0.6551904674493392, 1.7122499880462847, 1586.6791013919196, 0.6047451024997772, 1.0049596478356566]
02230768,93163,391032,129,3;[85074.26000000001, 1164, 0.6039282255759689, 1.673379265752485, 2060.363420545472, 0.6396928924944578, 1.0039772359826684]
02230768,93163,391032,130,1;[80864, 1356, 0.7292438742709635, 1.6462393485052114, 865.7361548197748, 0.6670009213013728, 1.00777666999003]
02230768,93163,391032,130,2;[79973.95, 1250, 0.6478445448541006, 1.748032230302708, 1661.1997856183973, 0.6316604528123186, 1.004198792660331]
02230768,93163,391032,132,3;[84253.63, 1148, 0.6206316461936339, 1.5860604728261458, 1649.6203833773795, 0.6493725419374906, 1.0026656667019915]
02230768,93163,391032,134,2;[81879.14, 1192, 0.6546661218153718, 1.7203847823070633, 1593.0047803831262, 0.5856824011035425, 1.0044524897446752]
02230768,93163,391032,134,3;[83789.20000000001, 1192, 0.6255136471918806, 1.4689545863214002, 1858.0195714900603, 0.6306855068163016, 1.0038242486910565]
02230768,93163,391032,135,1;[84681, 1348, 0.6875738641080181, 1.7587411515258815, 1084.301925505912, 0.6548215509972769, 1.00693837510033]
02230768,93163,391032,137,1;[83493, 1368, 0.6907683664696428, 1.677076269668825, 932.7711039387343, 0.6599990348094479, 1.0050315979536564]
02230768,93163,391032,137,2;[85336.09, 1314, 0.6208382132605439, 1.5834202533920734, 2258.5147984665155, 0.6156329036381417, 1.007757275959471]
02230768,93163,391032,137,3;[81842.43000000001, 1116, 0.6192969762088956, 1.6589377496598765, 1815.1130676104028, 0.5604519533466926, 1.0038143567683828]
02230768,93163,391032,140,1;[85265, 1394, 0.6705797258955662, 1.6739916321277168, 1420.236547611849, 0.6737648300579777, 1.0038971436644923]
02230768,93163,391032,140,2;[81225.83, 1208, 0.6733859138993148, 1.7386492526798794, 1616.0940916163559, 0.5657383437086405, 1.006591948090252]
02230768,93163,391032,141,3;[85789.40000000001, 1144, 0.6034775336655159, 1.6400596360207431, 2109.5419594141417, 0.6368380045031105, 1.0018238249128084]
02230768,93163,391032,142,2;[82782.34999999999, 1234, 0.616867637519708, 1.7089358818440656, 2180.8516441263523, 0.5987966092215739, 1.0039108725142147]
02230768,93163,391032,142,3;[83172.70000000001, 1136, 0.6191578410119535, 1.6163859833553027, 1741.0921971413431, 0.6202330301170935, 1.0022617337757747]
02230768,93163,391032,143,1;[82068, 1320, 0.7030145407198712, 1.7827865192446788, 1038.2844019727322, 0.6533844966080871, 1.0049040315915143]
02230768,93163,391032,144,3;[84286.51000000001, 1136, 0.5927501524442329, 1.6035258577680809, 1991.6548886708708, 0.6808471621494593, 1.0036787797218483]
02230768,93163,391032,145,1;[85797, 1436, 0.6778875125152911, 1.5495975481403002, 1058.688815311943, 0.6553848530721205, 1.0051960376551636]
02230768,93163,391032,145,2;[83131.01999999999, 1260, 0.6547467217179215, 1.7050180577402034, 1619.1820101117992, 0.5931507896555743, 1.0062224526834327]
02230768,93163,391032,147,1;[84465, 1332, 0.6509693982003769, 1.5188363824715736, 1505.0031408507189, 0.6778359281454129, 1.0055955711649502]
02230768,93163,391032,148,2;[85427.72, 1230, 0.597869497610188, 1.590198841541138, 2384.3328499159907, 0.602180477170914, 1.0062515769112164]
02230768,93163,391032,148,3;[82283.57, 1118, 0.6424658995014704, 1.6208698687577994, 1670.5524549659883, 0.6279116142394915, 1.0022026064175942]
02230768,93163,391032,149,2;[84287.7, 1224, 0.6356042632165408, 1.6019027178101444, 1791.9009057510323, 0.6116594835556324, 1.0080266416189907]
02230768,93163,391032,149,3;[82502.77, 1120, 0.6316208705008551, 1.576505383688024, 1710.5301705742693, 0.5952971948574978, 1.005694722778891]
02230768,93163,391032,150,1;[80214, 1364, 0.700481616064995, 1.672960432189183, 917.7002771715722, 0.6392664274761278, 1.0049612869277607]
