02366061,93026,390257,202,1;[23085, 670, 0.6494333084377996, 1.1572819557976084, 871.4562510253046, 0.8431018747002178, 1.0050721640507652]
02366061,93026,390257,202,2;[23207.379999999997, 620, 0.6149310116683988, 1.1612666144224049, 1479.49483816139, 0.76018342740396, 1.0045069406886606]
02366061,93026,390257,202,3;[15933.1, 486, 0.5236248752291173, 1.073587698386141, 1634.0151053180207, 0.8677077252479042, 1.003451251078516]
02366061,93049,390349,591,1;[22887, 664, 0.6739951778416249, 1.217585582877858, 775.2783119855648, 0.8629212349191715, 1.0050279942913602]
02366061,93049,390349,591,3;[23388.640000000003, 574, 0.6453638769006004, 1.1289521574967616, 635.7242188590097, 0.68936863050457, 1.0074353829812346]
02366061,93049,390349,593,2;[23051.489999999998, 612, 0.5837926400239297, 1.1197278295927606, 1769.6964760006924, 0.6705227505503839, 1.005684915505023]
02366061,93051,390358,661,1;[22885, 662, 0.6710296811789374, 1.2088440149810555, 769.4643854939816, 0.8656682456230929, 1.0061109645651982]
02366061,93051,390358,661,2;[23174.059999999998, 620, 0.6045999640216286, 1.0843993006847858, 1549.3149508229326, 0.735508734919488, 1.0040732147460685]
02366061,93051,390358,661,3;[22754.33, 568, 0.6176300025948912, 1.1572599500026977, 701.3279848683517, 0.5936925458472408, 1.0066670707315595]
02366061,93067,390433,91,1;[24176, 692, 0.656950242844416, 1.1793458072031635, 878.5592702953877, 0.8616781602465898, 1.0008901032933821]
02366061,93067,390433,91,2;[23600.079999999998, 632, 0.6442157540921128, 1.199419725529872, 1212.6337560228046, 0.8040474963862331, 0.9999747888566747]
02366061,93067,390433,91,3;[23711.960000000003, 582, 0.6396917422082176, 1.1496498780176208, 626.7499854345232, 0.6535940084835137, 1.0027809965237544]
02366061,93068,390440,176,1;[12403, 490, 0.6420965868339052, 1.030734427825319, 925.0695866585891, 0.9298960329315821, 1.0079642421779764]
02366061,93068,390440,176,3;[17889.460000000003, 496, 0.597213509514763, 1.0742219259374557, 1241.6436603134823, 0.8030694391017374, 1.0029571028073274]
02366061,93068,390440,177,2;[18564.0, 540, 0.5499223397105927, 0.72911218434362, 2675.6602702656846, 0.7566222333497937, 1.001058812205217]
02366061,93085,390563,548,1;[22851, 664, 0.6502945060161487, 1.1374649981218872, 882.371937237101, 0.8323608544650904, 1.0046161962542866]
02366061,93085,390563,548,2;[17489.43, 530, 0.6427836869465527, 1.2462888839676056, 1385.717493222971, 0.842408069461813, 1.0010898440160751]
02366061,93085,390563,549,3;[23887.320000000003, 578, 0.6308684234106102, 1.1770458782629756, 751.627800667846, 0.7115103769661512, 1.0061746205782214]
02366061,93099,390639,1276,1;[22849, 662, 0.6110086209139896, 1.0208950239405914, 1380.7705224713368, 0.779465053206138, 1.0030069577050547]
02366061,93099,390639,1276,2;[22962.239999999998, 616, 0.5553085585835421, 1.0645153109225576, 2305.1739441222276, 0.6656917061824038, 1.0012193540018162]
02366061,93099,390639,1276,3;[23909.24, 578, 0.6257837842908507, 1.1800720464681616, 792.0464532990247, 0.6732544014998637, 1.0060529198132242]
02366061,93117,390759,137,1;[15238, 552, 0.8804854215396951, 1.2346987927293114, 557.83875909827, 0.9655001458311452, 1.0008209911004564]
02366061,93117,390759,137,2;[23037.21, 622, 0.5673893253576079, 1.053952718835981, 2044.633266146615, 0.6967249302354029, 0.991828265491713]
02366061,93118,390771,216,3;[23236.570000000003, 570, 0.5859534912690122, 1.1661962617520074, 1277.9909534122864, 0.7476496240596862, 1.001831069108092]
02366061,93118,390771,217,1;[10778, 476, 0.6276801107566078, 1.1740916438891225, 976.0786766146592, 0.8408801322300369, 0.9835736448256981]
02366061,93118,390771,217,2;[11409.72, 442, 0.5775154007995021, 0.8293761455956989, 2267.797019470263, 0.8123730884558166, 1.005084123905865]
02366061,93120,390781,342,2;[19851.579999999998, 564, 0.5434127909893411, 0.7918530326648948, 2793.896666874052, 0.7369338215892205, 1.0007498725216712]
02366061,93120,390781,342,3;[23740.730000000003, 586, 0.6470917826130208, 1.1279755087431584, 593.896646224606, 0.6843075612989454, 1.0026035639898172]
02366061,93120,390781,343,1;[17024, 566, 0.916687461360517, 1.196495352327931, 465.4909740492503, 0.9735707105748423, 1.006235777403434]
02366061,93136,390898,1052,2;[23178.82, 624, 0.5517905165503706, 1.0493004087452795, 2146.160007537896, 0.6818434255916791, 1.0008992574702602]
02366061,93166,391046,258,1;[16406, 548, 0.6476185882718821, 0.896231187792011, 973.0942475498766, 0.8960325605284895, 9999]
02366061,93166,391046,258,3;[23616.06, 578, 0.6122483474382182, 1.0971595799152423, 819.6618947880818, 0.634760159047899, 1.005923029790214]
02366061,93166,391046,259,2;[22990.8, 616, 0.5786524916357657, 1.056832160642912, 1892.916679008512, 0.69051910331196, 1.003923198836031]
02366061,93174,391097,674,1;[23371, 670, 0.6867302244331337, 1.287243906857823, 681.1699151820254, 0.8992195400558002, 1.0051394533685998]
02366061,93174,391097,674,2;[23250.219999999998, 620, 0.5449928322084453, 1.032055857538675, 2630.2479442655826, 0.6616846182759368, 1.004679384995115]
02366061,93174,391097,674,3;[23495.500000000004, 574, 0.6197462055476958, 1.208250464448305, 838.6706304015308, 0.6854754257402793, 1.0080230405266406]
02366061,93216,391235,34,1;[22821, 658, 0.5934103929400211, 0.9792115443190468, 1526.2531331188004, 0.8027070287030535, 1.00188778646062]
02366061,93216,391235,34,2;[12179.65, 456, 0.5715747881196832, 0.7349113070665111, 2349.8159930105203, 0.7654411389085326, 0.988554595064471]
02366061,93216,391235,34,3;[19755.4, 522, 0.5886058380432687, 1.1344847427576754, 1382.751428384272, 0.7588449946608489, 1.0042132386225147]
02366061,93217,391242,100,1;[23346, 672, 0.6567862716392823, 1.2419715436584877, 867.2872427988779, 0.8821101733612599, 1.0039994839375563]
02366061,93217,391242,100,2;[11710.789999999999, 444, 0.5506794886248548, 1.0018673341580726, 2473.4230396079956, 0.7476714053941281, 1.0052607385464019]
02366061,93217,391242,100,3;[22947.5, 572, 0.5717202692702632, 1.1505095037718458, 1548.1860222464688, 0.7189750561726511, 1.0046182450668746]
02366061,93228,391304,545,1;[23000, 668, 0.661500466591963, 1.1759764506715364, 828.7298902363727, 0.8579188475980223, 1.0038626890426205]
02366061,93228,391304,545,2;[23250.219999999998, 622, 0.5311889864181001, 0.9179710710487704, 3002.4923633198587, 0.6796584478364017, 0.996404620445215]
02366061,93228,391304,545,3;[23779.09, 578, 0.6245160984370967, 1.1283889109335825, 757.2790745322817, 0.6901067919295631, 1.007078619089063]
02366061,93230,391313,634,1;[20567, 620, 0.6481433164112519, 0.9974821397678502, 900.0927405147049, 0.8884615736394161, 1.00471410077917]
02366061,93230,391313,634,2;[20182.399999999998, 570, 0.5503075214776489, 0.8050040433192355, 2603.800961904414, 0.7421782431733545, 1.0025121915176591]
02366061,93230,391313,634,3;[23744.84, 584, 0.6500758576075437, 1.1417064208927585, 588.2941339350538, 0.7157117879422044, 1.0038225414108652]
02366061,93249,391440,132,1;[23138, 668, 0.6590768281224181, 1.2247887023791937, 843.3202564031277, 0.8871643479351665, 1.0052133113215744]
02366061,93249,391440,132,2;[23487.03, 626, 0.6101389285247328, 1.1412958911100037, 1541.3589420789258, 0.7468510159799677, 0.9979017620143085]
02366061,93249,391440,132,3;[23798.27, 584, 0.6340802543678234, 1.1326727756132984, 688.8356831626938, 0.6506190912773826, 1.0056735946274533]
02366061,93329,391881,135,1;[22364, 652, 0.5727670611314952, 0.8339435327477499, 2046.913715144861, 0.7698734547912027, 1.0048977757807234]
02366061,93329,391881,135,2;[10887.31, 434, 0.5538050486329416, 0.8804865862673592, 2491.742246565873, 0.7397706144636639, 1.0113862480654432]
02366061,93329,391881,135,3;[13408.19, 436, 0.5706911105806634, 0.8983583739462633, 1720.354187330015, 0.7430115746011088, 1.0046191747074522]
02366061,93331,391886,203,1;[22198, 654, 0.6458869370837446, 1.1334927368294405, 893.327736112363, 0.8382748657733731, 0.989171605543425]
02366061,93331,391886,203,2;[19389.86, 556, 0.6415586652692956, 1.306649347354915, 1309.5096315747376, 0.8348022280058035, 0.9987740590903519]
02366061,93331,391886,203,3;[23272.190000000002, 570, 0.6399263541472916, 1.1767468753459454, 647.69816169908, 0.701701672720113, 1.006011074590625]
02366061,93384,392077,264,1;[14944, 538, 0.6428952807783801, 0.8952977540782049, 954.8952148453905, 0.911144281740483, 1.0025829391835228]
02366061,93384,392077,264,2;[12940.06, 468, 0.6019015022882781, 0.9943989655226316, 1976.8937985978628, 0.80173551875439, 1.002396755162242]
02366061,93384,392077,264,3;[15241.250000000002, 492, 0.5246635287047045, 1.0848180068591806, 1535.4589282956438, 0.8767934985516099, 1.0005846112335297]
02366061,93385,392084,358,3;[13875.36, 466, 0.5911188854905332, 0.9282545521448545, 1451.85414836982, 0.7619181354638491, 0.9916287266852695]
02366061,93385,392084,359,1;[14492, 562, 0.8725576670499221, 1.2000141268103528, 703.1306435804576, 0.9538924881955674, 0.9976250301173717]
02366061,93385,392084,359,2;[16644.53, 524, 0.5369867390964438, 0.8568226936956747, 1690.9893057227173, 0.8718286374011485, 0.9967220123993444]
00023698,93080,390528,134,1;[36900, 898, 0.9978155479327312, 1.0259673944738459, 89.73238912855744, 0.9929930238391793, 0.9837638966648005]
00023698,93080,390528,134,2;[39364.009999999995, 820, 1.0504391901326098, 1.022399976459444, 131.86334323534342, 0.9822628171354302, 1.0140555785472325]
00023698,93080,390528,134,3;[55474.04, 910, 1.2348669144335471, 0.954528904486548, 84.48481776732575, 0.9923977465338607, 26994.666666666668]
00023698,93244,391403,53,2;[43991.92, 860, 1.0139415938895173, 1.0212939734954087, 88.72411398565121, 0.9915332214735743, 9999]
00023698,93244,391403,54,1;[45368, 944, 1.0138822074695624, 0.9740646097252217, 57.91967425793741, 0.993886083647604, 1.000099198694986]
00023698,93244,391403,55,3;[38692.91, 766, 1.0128055678324268, 1.0020142613457823, 123.04365198080062, 0.9864740144323954, 0.9985680697226298]
00023892,93026,390259,210,1;[115384, 1676, 0.9705763288702812, 0.9705763288702812, 27.44450635858385, 0.9967809945790217, 0.9971869206936336]
00023892,93026,390259,211,2;[117053.15999999999, 1570, 1.0149650236071255, 0.9746772383627069, 32.01824097753799, 0.9959190027831599, 0.996711876257112]
00023892,93026,390259,211,3;[116700.71, 1438, 1.0186254340279237, 0.9437976061425024, 56.93241554978748, 0.9908537816795847, 9999]
00023892,93026,390259,212,1;[115337, 1664, 0.9804131521278897, 0.9889032468085639, 29.32303153461915, 0.9964262448288627, 0.9924920079683675]
00023892,93026,390259,212,2;[117691.0, 1554, 1.014747909288223, 0.9808503008994244, 33.38817836122004, 0.9959185983378324, 9999]
00023892,93026,390259,212,3;[114356.64000000001, 1394, 1.0039062202291396, 0.9507977939312924, 37.10296143051946, 0.9936297065684685, 9999]
00023892,93026,390259,214,1;[120043, 1634, 1.0032661182443197, 0.9887838124952426, 22.927187669422857, 0.9969424029558446, 0.9982495311986761]
00023892,93026,390259,215,3;[114305.95000000001, 1398, 1.010278510246198, 0.9543713578041263, 39.13504025500448, 0.9933049493998183, 9999]
00023892,93026,390259,216,2;[116758.04, 1568, 1.0123332269148082, 0.98091887278259, 29.98789604125521, 0.996023856518871, 0.9963240520725442]
00023892,93049,390350,751,2;[112488.31999999999, 1480, 0.9848740726439702, 0.9929826624223882, 26.49613653842162, 0.9961483784872827, 9999]
00023892,93049,390350,752,3;[118309.09000000001, 1532, 1.0130833231157215, 0.9721992345752148, 59.29260583943325, 0.9911236827270111, 9999]
00023892,93049,390350,753,1;[115862, 1658, 0.9829469492684024, 0.9978529551266063, 24.60371064380052, 0.9960469422803894, 0.9909383646292598]
00023892,93049,390350,756,2;[116076.17, 1538, 1.0085478725212538, 0.9927081192712227, 43.37188848757056, 0.9943862237694245, 9999]
00023892,93049,390350,756,3;[117833.70000000001, 1382, 1.047327962051423, 0.9430491915437306, 103.28006889242694, 0.9876476852572468, 0.9989779088945155]
00023892,93049,390350,757,1;[119330, 1636, 1.0075125795868425, 0.9942916148693116, 29.0029681718026, 0.9953227996444487, 9999]
00023892,93049,390350,758,3;[117121.3, 1400, 1.030931342867741, 0.9719735434960686, 74.73251000866165, 0.9910807744684849, 9999]
00023892,93049,390350,760,1;[119412, 1684, 1.0004737661313214, 0.9880028410604836, 28.934950571560975, 0.9954903479060804, 0.999870214146658]
00023892,93049,390350,760,2;[117228.09, 1564, 1.0405712513178689, 0.9825036010815462, 94.58212834702178, 0.9879751501300211, 0.9954779023530066]
00023892,93049,390350,761,1;[115473, 1576, 0.991677529821298, 0.9926776955103828, 36.86362273631874, 0.9942467519164607, 1.0014917476864902]
00023892,93049,390350,763,2;[118247.92, 1546, 1.0345050869305332, 0.994516715150005, 59.95186314319832, 0.9908730469999921, 9999]
00023892,93049,390350,763,3;[118310.46, 1494, 1.0361395917367435, 0.9712337522244107, 108.28824339469637, 0.9843328979744623, 0.9939059128182995]
00023892,93049,390350,766,1;[116227, 1652, 0.9751026370807013, 0.9892795240401203, 27.456611617824382, 0.9965442441576506, 0.9924685549359998]
00023892,93049,390350,767,3;[117711.77, 1466, 1.0214023858039325, 0.9691685127209577, 43.76655418360943, 0.9929606828812833, 10740.125]
00023892,93049,390350,769,2;[117706.47, 1490, 1.0202549609913965, 0.9997484379105231, 29.963769686372082, 0.995278891855519, 9999]
00023892,93049,390350,770,1;[117114, 1588, 1.0024585818836231, 0.9928265580916606, 32.869004539460455, 0.9955113006843905, 9999]
00023892,93049,390350,770,3;[118395.40000000001, 1410, 1.0424963099943128, 0.9275135170288007, 78.28360049762023, 0.9922517167138535, 9999]
00023892,93049,390350,773,2;[114238.81, 1522, 1.0044227657496143, 0.986742260703326, 36.17136856988099, 0.9948063335800724, 9999]
00023892,93099,390646,1221,2;[114072.20999999999, 1486, 1.0090858747803573, 0.9867088647928606, 38.53013999163804, 0.9934468550222741, 9999]
00023892,93099,390646,1222,1;[115757, 1704, 0.9986716907804245, 0.9931340390066832, 35.39650912607604, 0.9961712619634862, 0.989105543782897]
00023892,93099,390646,1222,3;[117585.73000000001, 1392, 1.1323117391248805, 0.9651113997953958, 50.31573890807299, 0.9940088735414381, 9999]
00023892,93103,390673,1487,1;[118131, 1640, 0.9941992381714719, 0.9832364950716539, 24.18140079113889, 0.9967673469878491, 0.9975637458357788]
00023892,93103,390673,1488,3;[117951.52, 1364, 1.034720293021279, 0.9614925636421753, 96.22023479779668, 0.98528403584093, 0.9961010262284081]
00023892,93103,390673,1489,2;[116541.45999999999, 1546, 1.014966414714585, 0.992022459678374, 40.09946663942671, 0.9947342202306876, 0.9929282227280332]
00023892,93103,390673,1491,2;[120403.01, 1514, 1.0503891899546012, 0.9843946252209498, 113.66690920960296, 0.984839104179109, 9999]
00023892,93103,390673,1492,1;[114627, 1678, 0.9987680845865211, 0.9924709850319351, 45.564953524898826, 0.9946129103177113, 0.9927122981592382]
00023892,93103,390673,1492,3;[112581.12000000001, 1362, 1.004285977747245, 0.9649001229124898, 31.23126453415144, 0.9956981357234577, 9999]
00023892,93103,390673,1495,2;[114817.15, 1510, 0.9930315460441014, 0.9870770259924616, 31.546042712339776, 0.9947702350629656, 9999]
00023892,93103,390673,1497,3;[113548.34000000001, 1404, 1.0054351093309934, 0.960491452600365, 28.91913419738997, 0.9948299282430487, 9999]
00023892,93103,390673,1498,1;[116314, 1654, 0.989772517025471, 0.9913499174139772, 25.89202116124958, 0.9956881817830718, 0.9948765321221763]
00023892,93103,390673,1499,1;[115761, 1706, 0.9962542217613665, 0.9812057965453727, 38.26655464467754, 0.9959036968410945, 0.9896936302274583]
00023892,93103,390673,1499,3;[117251.45000000001, 1500, 1.0242496834682837, 0.9748615169204323, 53.78139989410666, 0.9908513476631625, 34234.0]
00023892,93103,390673,1500,2;[113904.42, 1520, 1.0033341804562999, 0.9866325509813356, 31.931454020851525, 0.9944117262205622, 0.9918501209788144]
00023892,93122,390798,1587,3;[117843.29000000001, 1442, 1.0406381091708652, 0.97290517790024, 111.87571133625764, 0.982512094931687, 0.9956477955389904]
00023892,93122,390798,1589,1;[115972, 1698, 0.9778822539189395, 0.9908134710763481, 20.37117655163161, 0.9968449509462828, 0.9941706957446079]
00023892,93122,390798,1589,2;[117505.36, 1504, 1.0292453359150497, 0.9978651105229204, 41.27597117489877, 0.9945531923571351, 9999]
00023892,93122,390798,1590,1;[114476, 1708, 0.9714008354292216, 0.9792266459744134, 31.895664856885332, 0.9963746613606888, 0.9873600048300221]
00023892,93122,390798,1590,2;[115546.62, 1446, 1.0044099548766843, 0.9937778684089924, 34.96544073137213, 0.9941037791054449, 9999]
00023892,93122,390798,1592,3;[117977.55, 1424, 1.0384956777881869, 0.9582881772027657, 51.69301507743181, 0.993571167624946, 172230.0]
00023892,93139,390920,17,2;[116130.90999999999, 1510, 0.9981631323817355, 0.9808162066148503, 32.268889709424414, 0.993887002655094, 0.9946034641785189]
00023892,93139,390920,17,3;[117082.94, 1368, 1.01704474354301, 0.9629625559037094, 53.25214145749839, 0.9925764721536028, 9999]
00023892,93139,390920,18,1;[114291, 1656, 0.9814575364939319, 0.9959018721886728, 30.733984173391054, 0.9957475714305857, 0.9944271152817112]
00023892,93139,390920,19,1;[117141, 1708, 1.0011284673044343, 0.9784178992053928, 59.47460187917027, 0.9921109682880714, 0.9933264364697103]
00023892,93139,390920,20,3;[118051.53000000001, 1470, 1.0213625513322462, 0.9716452290970454, 85.44257796364806, 0.9849400431888099, 9999]
00023892,93139,390920,21,2;[115941.7, 1478, 1.0067750976010585, 0.9966286729292532, 25.270836994108723, 0.9955051948918705, 1.001742742428838]
00023892,93166,391047,301,1;[119197, 1602, 0.9934559797032223, 0.9948353663934025, 20.712104405988043, 0.9968702647084702, 0.9987055043296481]
00023892,93166,391047,301,2;[116151.14, 1540, 1.0002683910551358, 0.9928704150270152, 33.4848806094114, 0.9948215854848882, 9999]
00023892,93166,391047,303,3;[118637.89000000001, 1398, 1.0223579081250327, 0.9703534494557088, 42.23273852076505, 0.9934911546531924, 9999]
00023892,93166,391047,304,1;[117753, 1622, 0.9772164352433422, 0.9958620833402838, 25.766315361363983, 0.9967860458868003, 0.9972686967237064]
00023892,93166,391047,305,2;[117093.62, 1536, 1.002178459818774, 0.997850638667676, 24.4138911119299, 0.9964615269265222, 1.000127051242307]
00023892,93166,391047,305,3;[119032.45000000001, 1370, 1.0183846266174685, 0.9748323649170428, 37.875699129217296, 0.9947455224370897, 2199.6202531645567]
00023892,93166,391047,307,2;[115370.5, 1528, 1.0058060097422366, 0.9895282762600829, 39.93207841576104, 0.9944151817445519, 9999]
00023892,93166,391047,308,1;[115460, 1682, 0.9960968642594321, 0.9954651582763876, 40.582903883813906, 0.9951983391381567, 0.9932470213772635]
00023892,93166,391047,308,3;[118877.64000000001, 1454, 1.017150500848034, 0.9733966928934351, 36.44529966828555, 0.9937569319287601, 1324.7633587786258]
00023892,93166,391047,309,1;[119716, 1620, 1.0322619672169577, 0.9876387315526259, 46.38197855060344, 0.9944067144527013, 0.999419796219075]
00023892,93166,391047,309,2;[115416.90999999999, 1496, 1.0140101989435855, 0.9782871975660953, 49.76970517264166, 0.9923215994050387, 9999]
00023892,93166,391047,310,3;[117396.67000000001, 1446, 1.0322636927019022, 0.9549682020607355, 42.6314536599798, 0.9954496600959517, 9999]
00023892,93166,391047,312,2;[119097.58, 1476, 1.0286965797742729, 0.9766518066581236, 64.13464440773701, 0.9901136968339167, 100082.0]
00023892,93166,391047,313,1;[120302, 1688, 1.021004314514589, 0.9866737636844082, 42.55555215394716, 0.9931729686905908, 0.9957002685780263]
00023892,93166,391047,313,3;[119017.38, 1408, 1.0256435421473993, 0.9687818342517958, 44.27779058241403, 0.9929874755115312, 24821.14285714286]
00023892,93166,391047,315,1;[117580, 1706, 0.9911475015587408, 0.9998940038735258, 31.46718806602632, 0.9964770636421072, 0.9924037812288994]
00023892,93166,391047,315,2;[119473.62, 1562, 1.0290292751963206, 0.976969826578464, 59.39391504055549, 0.9910613417632356, 9999]
00023892,93166,391047,315,3;[120414.78000000001, 1524, 1.0420803432332637, 0.9716719340706381, 114.80932319891738, 0.9838297153742086, 0.9968696835658387]
00023892,93265,391506,609,1;[120450, 1668, 1.0130823848066772, 0.9934285035407959, 28.081715577593773, 0.9950777124707098, 9999]
00023892,93265,391506,609,3;[119976.38, 1438, 1.0627480642574758, 0.9590433977019611, 126.38952663022229, 0.9846962103710577, 0.99012968218255]
00023892,93265,391506,610,2;[119833.0, 1508, 1.0279624297293433, 0.9939602657133225, 34.05485042585448, 0.9943307197997148, 0.9989534301203803]
00023892,93265,391506,611,3;[119896.92000000001, 1368, 1.0267371543472592, 0.9680652141772095, 60.138477372720004, 0.9910185054986551, 175032.0]
00023892,93265,391506,612,2;[116885.37, 1548, 1.0145783774572443, 0.9803564738122116, 29.62078944142632, 0.9948200399301197, 9999]
00023892,93265,391506,613,1;[114481, 1610, 0.9955593575803238, 0.9902087238335712, 36.759064237107594, 0.9944111491071127, 0.9902515396858349]
00023892,93329,391882,87,1;[118271, 1616, 1.0194271800477344, 0.9951980347867928, 37.73351695185407, 0.9949972892828642, 0.9989948475377988]
00023892,93329,391882,87,2;[111247.15, 1430, 0.9892958805203751, 0.987969527216751, 25.62743346510477, 0.9960790202361292, 9999]
00023892,93329,391882,87,3;[115923.92000000001, 1414, 1.0215942370198658, 0.9563196493174627, 47.010858776237484, 0.9953242287886229, 9999]
00023892,93329,391882,89,1;[114628, 1672, 0.9914825066265023, 0.992449732020601, 46.0862142629913, 0.9941192467786226, 0.9939475920434248]
00023892,93329,391882,89,3;[114667.63, 1414, 1.0167941706478845, 0.9529070402788227, 69.36194070195396, 0.9896615259912896, 0.9922821576763485]
00023892,93329,391882,90,2;[116098.78, 1540, 1.024478526931865, 0.9929498654533664, 58.7047229351499, 0.9922725834272821, 9999]
00023892,93329,391882,92,2;[114627.93999999999, 1522, 1.0073552101636527, 0.9847883422105579, 36.85985021329225, 0.9940911230252352, 0.9904477918873066]
00023892,93329,391882,92,3;[114493.64000000001, 1356, 1.0098884038015559, 0.9575393429604518, 53.70771228318953, 0.9928164272628103, 9999]
00023892,93329,391882,93,1;[115389, 1646, 0.9791536811644996, 0.9912072497007227, 30.555962129969355, 0.9961549890584726, 0.995354855405318]
00023892,93329,391882,94,1;[116973, 1592, 0.994606233216065, 0.9965614043713638, 34.71012332712566, 0.9946580766084038, 0.9999615310636661]
00023892,93329,391882,94,2;[112866.73999999999, 1496, 1.003006582190011, 0.9923183925625743, 26.138494257660792, 0.99570058885804, 9999]
00023892,93329,391882,94,3;[114433.36000000002, 1410, 1.0214616209838423, 0.9517095185099957, 73.57692311392724, 0.9894936176987641, 0.990536726513768]
00023892,93329,391882,96,1;[115407, 1632, 0.9872182726007631, 0.9927104473525977, 23.989429741072772, 0.9960868400620199, 0.996795591563164]
00023892,93329,391882,96,2;[113005.97, 1516, 0.9882006017804126, 0.9825266807640969, 27.477798069064683, 0.9957344812378607, 0.9942780561096016]
00023892,93329,391882,96,3;[117169.25000000001, 1434, 1.0569068397282255, 0.9348208440309685, 110.45560734956277, 0.9883416942725053, 9999]
00023892,93329,391882,99,1;[118266, 1608, 1.0340711010663866, 0.9901960891665134, 40.350390802242764, 0.9941750124012475, 0.995743928467688]
00023892,93329,391882,99,2;[114010.33, 1524, 1.0088953795511193, 0.9873587254334197, 27.375748128469997, 0.9954495918170748, 9999]
00023892,93329,391882,99,3;[113752.47000000002, 1336, 1.0058340005280906, 0.9771892906538502, 25.640739364499375, 0.99607581804577, 9999]
00023892,93377,392048,3,3;[118466.64000000001, 1406, 1.047556527781869, 0.9626297559970822, 107.28162349534367, 0.988306503325163, 9999]
00023892,93377,392048,4,1;[118492, 1724, 0.9863208326474601, 0.9986424630954116, 19.764201178268063, 0.9967779664001932, 0.982353745839223]
00023892,93377,392048,4,2;[116322.5, 1540, 1.0024661578187861, 0.9812524545754474, 28.71243987076844, 0.9953319054134065, 9999]
00023892,93377,392048,5,1;[112681, 1604, 0.9750116024793062, 0.9728192778387952, 30.87669786078407, 0.9962903174522396, 0.9869450782375636]
00023892,93377,392048,5,2;[117476.79999999999, 1468, 1.0128946844061226, 0.9826118107683158, 31.69563920609115, 0.9953051589361018, 9999]
00023892,93377,392048,5,3;[119291.38, 1442, 1.0494193382007337, 0.9224995551443748, 90.97954973781846, 0.9914184377585706, 9999]
00023892,93377,392048,8,2;[114999.22, 1520, 1.0070723933409482, 0.9772014446917673, 55.95936210100426, 0.9911467610708359, 1.0000983146794165]
00023892,93377,392048,8,3;[115359.48000000001, 1394, 1.0261842013140077, 0.9530082855170431, 74.80732270330151, 0.9887307322964278, 9999]
00023892,93377,392048,9,1;[115825, 1638, 0.9752674514762388, 0.977930434245964, 26.59457846165895, 0.9966290836236483, 0.9829547624402228]
00232831,93048,390346,740,1;[60347, 1074, 1.0041203919890753, 0.9799737843213558, 68.8031668473261, 0.9893269121354705, 1.0045276737411568]
00232831,93048,390346,740,2;[26282.34, 714, 1.0320528336306802, 1.014372897938292, 140.43680277580415, 0.9847081607347733, 9999]
00232831,93048,390346,740,3;[48303.46000000001, 810, 1.1451752258466206, 0.9524738607388366, 111.29907984614162, 0.9886044851043795, 1.0053033759124088]
00232831,93048,390346,741,1;[58549, 1054, 1.0054455670794802, 0.9721401613657598, 71.84338526471858, 0.9899833681219329, 1.006091640962634]
00232831,93048,390346,741,2;[26754.77, 714, 1.0341519316231074, 1.0048081338552852, 159.3327943069655, 0.9804418482813829, 1.0053435285174503]
00232831,93048,390346,741,3;[59377.170000000006, 910, 1.009236585552549, 0.9801747544230137, 119.60868056295885, 0.9820228240271109, 1.0022546741128724]
00232831,93048,390346,742,1;[60220, 1068, 1.0074655194483435, 0.9772295374079115, 65.41557014703079, 0.9913233628504808, 1.006005629755849]
00232831,93048,390346,742,2;[36023.68, 754, 1.1820072772154882, 0.975194568199687, 145.89823339616314, 0.9858882366313425, 1.007957912962408]
00232831,93048,390346,742,3;[30371.530000000002, 664, 1.0089733402220478, 0.9955065153366602, 110.20559259267367, 0.9896436106369197, 1.003848940409346]
00232831,93147,390953,359,1;[28614, 804, 1.0032679635817676, 0.9797642027110547, 76.11960080236409, 0.9935266967839056, 1.0029442691903259]
00232831,93147,390953,359,2;[32495.329999999998, 730, 1.0010910926167107, 1.0181539503852286, 138.38844875947652, 0.9872961394964037, 1.0066911209009972]
00232831,93147,390953,359,3;[44651.04, 780, 1.1265940771710539, 0.9490983104198878, 135.99181647196534, 0.9850378115291741, 1.0061277725469615]
00232831,93165,391039,287,1;[39866, 864, 1.0298398293658304, 0.9959000629021967, 86.7554628668432, 0.992586344484783, 0.9994735126733021]
00232831,93165,391039,287,2;[58477.79, 974, 1.0269415973797502, 0.9712203717647845, 110.17502078317794, 0.9861528678999373, 1.0036866453569715]
00232831,93165,391039,287,3;[47685.590000000004, 804, 1.0360607644632402, 0.94115180619928, 106.98442230112188, 0.9887037694940279, 9999]
00232831,93165,391039,289,1;[28699, 810, 1.00818441333912, 0.9786705332760606, 77.15163995602295, 0.9933617731220881, 0.9997039101280153]
00232831,93165,391039,289,2;[29376.34, 706, 1.0029025862775742, 1.0184988224387705, 115.10771404046059, 0.9898791421656763, 1.0058060178866095]
00232831,93165,391039,289,3;[29242.65, 658, 1.0054347153086407, 1.016919426240819, 136.91117619523283, 0.9875221844265234, 1.0027482207032625]
00232831,93165,391039,290,1;[29374, 836, 1.0333035036256313, 0.9688302861139513, 84.38927192001452, 0.9925713888783438, 1.00454840805718]
00232831,93165,391039,290,2;[48306.86, 868, 1.1486846561401474, 0.9733066559966124, 138.39645165229948, 0.9857525522417887, 1.0036095727848102]
00232831,93165,391039,290,3;[28849.460000000003, 652, 1.0052699092288533, 1.0203944978101065, 115.91342784668967, 0.98962519814608, 1.003669987131214]
00232831,93328,391868,72,1;[53913, 1002, 1.0197885864858176, 0.9823802569413564, 73.40299224254385, 0.9925419384832258, 1.0061398925052254]
00232831,93328,391868,72,2;[30416.399999999998, 710, 1.0438726826922544, 0.9772929921499058, 127.79972348039183, 0.989214036519754, 9999]
00232831,93328,391868,72,3;[54501.340000000004, 870, 1.009712309967718, 1.0058363780854904, 98.19940865914353, 0.988407161462243, 9999]
00232831,93328,391868,73,1;[53548, 998, 1.0189524065939604, 0.9797690597906243, 70.54455465725476, 0.9923345736926806, 1.0058606957697798]
00232831,93328,391868,73,2;[32314.449999999997, 730, 1.0032959324346369, 1.0173005886922057, 119.24168662801405, 0.9887060503406242, 1.0007739367583106]
00232831,93328,391868,73,3;[56224.8, 882, 1.0097929346542687, 1.0019868142286004, 108.93376190051036, 0.985441320762081, 9999]
00232831,93328,391868,74,1;[58872, 1058, 1.0073440151434425, 0.9871881459772484, 66.68563326524257, 0.9914655171775439, 1.0050875815208113]
00232831,93328,391868,74,2;[56247.729999999996, 944, 1.126253123694444, 0.9646773931279856, 122.14461848641795, 0.984343955618227, 1.0040039508480516]
00232831,93328,391868,74,3;[54302.69, 864, 1.013030303116915, 1.0093036032740614, 115.46933163720168, 0.98485697905831, 9999]
02230768,93056,390388,557,1;[84221, 1332, 0.6673815311131339, 1.6123029697135687, 1182.40116686828, 0.705101019240399, 1.002833906862103]
02230768,93056,390388,558,2;[80593.94, 1218, 0.6206442808343255, 1.6924951202332037, 1915.9028663963165, 0.5882581645690851, 1.0048666132526187]
02230768,93056,390388,560,3;[83512.46, 1198, 0.5691550780266298, 1.5311806930059968, 2720.784111073263, 0.6313877079168452, 1.0024832667291594]
02230768,93056,390388,561,1;[84520, 1386, 0.6871748808570335, 1.4227722417510427, 1255.160103938802, 0.6972587723575441, 1.006268342193146]
02230768,93056,390388,561,2;[82438.44, 1256, 0.6019275606501535, 1.5347572616497793, 2412.401093789613, 0.6348861252121153, 1.0042619813864486]
02230768,93056,390388,561,3;[78642.11, 1092, 0.6426763807627205, 1.6229630258768524, 1606.8515151071701, 0.6387172870199644, 1.0016140148838346]
02230768,93056,390388,563,2;[85239.7, 1274, 0.6046897157767811, 1.7492252829944726, 2225.142382171033, 0.6496797224242692, 1.0061170455582946]
02230768,93056,390388,563,3;[80414.89, 1132, 0.583555217989767, 1.6853064043960793, 2360.5067159891737, 0.5871173737900505, 1.0045523780185175]
02230768,93056,390388,564,1;[83623, 1372, 0.6526495315020067, 1.493643254179954, 1438.7541547723936, 0.6801444352218946, 1.0068267193219034]
02230768,93056,390388,565,1;[81828, 1320, 0.6782623566985869, 1.699340915011529, 1060.09005169344, 0.644312782789513, 1.004881463333763]
02230768,93056,390388,565,2;[83465.41, 1248, 0.6042246881582084, 1.6957876493501751, 2263.8573021834154, 0.658379983543437, 1.004770363579062]
02230768,93056,390388,566,3;[83168.59000000001, 1120, 0.6068312294757697, 1.4712074597196696, 2151.3904296608, 0.6137957261229707, 1.0044923927162015]
02230768,93056,390388,567,1;[84297, 1328, 0.649222920854049, 1.5046537689982225, 1575.6486560367205, 0.6435842214480039, 1.0061288917268914]
02230768,93056,390388,567,2;[83372.59, 1244, 0.5939604341421328, 1.6378826679735679, 2528.5954745777103, 0.5948663704123359, 1.0068260857068951]
02230768,93056,390388,567,3;[84385.15000000001, 1172, 0.5784803654762489, 1.6239301175359662, 2652.798942163648, 0.6171192229406999, 1.0021394811554825]
02230768,93056,390388,569,1;[83447, 1380, 0.697760235258172, 1.799168952242776, 1329.5960847819088, 0.6534522638846092, 1.004139441416074]
02230768,93056,390388,569,2;[83546.33, 1230, 0.6286368775210059, 1.6851951447218627, 1826.9271919846747, 0.5715545740478566, 1.0056580530567811]
02230768,93056,390388,569,3;[85841.46, 1164, 0.5987075462913604, 1.4387513803235303, 2276.7305820118518, 0.6154945612302156, 1.004271415176747]
02230768,93056,390388,573,1;[83884, 1352, 0.7167218703530537, 1.6658705210437763, 856.6590844153869, 0.6486066976299492, 1.004514591591124]
02230768,93056,390388,573,2;[81325.79, 1208, 0.6572697479903126, 1.6588915326055325, 1600.5254469725335, 0.5977592140761386, 1.0047487429797994]
02230768,93056,390388,573,3;[85056.45000000001, 1148, 0.5794453769514494, 1.5540684585060762, 2597.642102495883, 0.6347242301700965, 1.0044247429685416]
02230768,93056,390388,577,2;[84403.12999999999, 1232, 0.5923441033307342, 1.6428163480351854, 2566.3433796855097, 0.612530620391649, 1.0068565101357105]
02230768,93056,390388,577,3;[84926.3, 1140, 0.5852361346179501, 1.6687954792318695, 2413.963884912815, 0.5687089088913928, 1.0052541108552524]
02230768,93056,390388,578,1;[85398, 1394, 0.6960382510117669, 1.7473702412643712, 1226.9488602499985, 0.7180477384172488, 1.0040326847334078]
02230768,93056,390388,579,1;[85877, 1380, 0.673167211917775, 1.7378180535556387, 1289.5927667321785, 0.7132803647016435, 1.0075380274419397]
02230768,93056,390388,579,2;[81014.01, 1202, 0.6484185253276253, 1.769902844565704, 1779.6768097573633, 0.5813865013212302, 1.0064158474388352]
02230768,93056,390388,581,3;[84608.46, 1184, 0.599166132977774, 1.6709526681230331, 2163.413705666869, 0.5968313011378081, 1.003159339543723]
02230768,93056,390388,582,3;[87270.37000000001, 1156, 0.5832671099371463, 1.5669479290621007, 2464.9069683315215, 0.6237389160624575, 1.0058264384513358]
02230768,93056,390388,583,1;[84608, 1340, 0.6903494464364301, 1.7010396245083137, 1018.8220244821384, 0.6382488476593698, 1.0043863554075632]
02230768,93056,390388,583,2;[83260.73, 1262, 0.5980017166744472, 1.7237368659395615, 2371.5741821257902, 0.5965580565128115, 1.0064877150584037]
02230768,93056,390388,585,1;[85165, 1358, 0.638179286620264, 1.5641837502835594, 1648.0530454719483, 0.6363333275579405, 1.005359398425234]
02230768,93056,390388,585,2;[84362.67, 1282, 0.6053777515843937, 1.75198021922642, 2173.1487321209106, 0.6666606260428706, 1.005874090154514]
02230768,93056,390388,585,3;[84952.33, 1180, 0.59133967105784, 1.6478050408766443, 2378.8247858054915, 0.6087630423172572, 1.0006777801087676]
02230768,93163,391032,123,1;[83067, 1320, 0.7064856285203825, 1.7751961012877715, 895.7736035257769, 0.6637300547125935, 1.005416396855464]
02230768,93163,391032,124,2;[80886.68, 1230, 0.6832205606254693, 1.5856259121028808, 1459.1202705160076, 0.6156683116898038, 1.0045519035232915]
02230768,93163,391032,125,3;[85256.47, 1182, 0.6009511422643801, 1.5249493147846853, 2039.7076891675815, 0.706999757594645, 1.006021807835625]
02230768,93163,391032,126,1;[79032, 1318, 0.6952718205523477, 1.7194479563266603, 972.7684554694076, 0.6431947031019942, 1.0022128522968645]
02230768,93163,391032,126,2;[82707.37999999999, 1222, 0.6463915975183607, 1.6096698128027305, 1592.853946728672, 0.6031758246708031, 1.005512073031351]
02230768,93163,391032,127,3;[80731.36, 1140, 0.6406973192311827, 1.5797511506377295, 1531.0706388806575, 0.6256261505250665, 1.0051427255592607]
02230768,93163,391032,128,1;[82118, 1324, 0.7072374422475737, 1.7457879537471104, 942.2930925964187, 0.645969327658513, 1.00579337375222]
02230768,93163,391032,128,2;[81500.72, 1216, 0.6551904674493392, 1.7122499880462847, 1586.6791013919196, 0.6047451024997772, 1.0049596478356566]
02230768,93163,391032,129,3;[85074.26000000001, 1164, 0.6039282255759689, 1.673379265752485, 2060.363420545472, 0.6396928924944578, 1.0039772359826684]
02230768,93163,391032,130,1;[80864, 1356, 0.7292438742709635, 1.6462393485052114, 865.7361548197748, 0.6670009213013728, 1.00777666999003]
02230768,93163,391032,130,2;[79973.95, 1250, 0.6478445448541006, 1.748032230302708, 1661.1997856183973, 0.6316604528123186, 1.004198792660331]
02230768,93163,391032,132,3;[84253.63, 1148, 0.6206316461936339, 1.5860604728261458, 1649.6203833773795, 0.6493725419374906, 1.0026656667019915]
02230768,93163,391032,134,2;[81879.14, 1192, 0.6546661218153718, 1.7203847823070633, 1593.0047803831262, 0.5856824011035425, 1.0044524897446752]
02230768,93163,391032,134,3;[83789.20000000001, 1192, 0.6255136471918806, 1.4689545863214002, 1858.0195714900603, 0.6306855068163016, 1.0038242486910565]
02230768,93163,391032,135,1;[84681, 1348, 0.6875738641080181, 1.7587411515258815, 1084.301925505912, 0.6548215509972769, 1.00693837510033]
02230768,93163,391032,137,1;[83493, 1368, 0.6907683664696428, 1.677076269668825, 932.7711039387343, 0.6599990348094479, 1.0050315979536564]
02230768,93163,391032,137,2;[85336.09, 1314, 0.6208382132605439, 1.5834202533920734, 2258.5147984665155, 0.6156329036381417, 1.007757275959471]
02230768,93163,391032,137,3;[81842.43000000001, 1116, 0.6192969762088956, 1.6589377496598765, 1815.1130676104028, 0.5604519533466926, 1.0038143567683828]
02230768,93163,391032,140,1;[85265, 1394, 0.6705797258955662, 1.6739916321277168, 1420.236547611849, 0.6737648300579777, 1.0038971436644923]
02230768,93163,391032,140,2;[81225.83, 1208, 0.6733859138993148, 1.7386492526798794, 1616.0940916163559, 0.5657383437086405, 1.006591948090252]
02230768,93163,391032,141,3;[85789.40000000001, 1144, 0.6034775336655159, 1.6400596360207431, 2109.5419594141417, 0.6368380045031105, 1.0018238249128084]
02230768,93163,391032,142,2;[82782.34999999999, 1234, 0.616867637519708, 1.7089358818440656, 2180.8516441263523, 0.5987966092215739, 1.0039108725142147]
02230768,93163,391032,142,3;[83172.70000000001, 1136, 0.6191578410119535, 1.6163859833553027, 1741.0921971413431, 0.6202330301170935, 1.0022617337757747]
02230768,93163,391032,143,1;[82068, 1320, 0.7030145407198712, 1.7827865192446788, 1038.2844019727322, 0.6533844966080871, 1.0049040315915143]
02230768,93163,391032,144,3;[84286.51000000001, 1136, 0.5927501524442329, 1.6035258577680809, 1991.6548886708708, 0.6808471621494593, 1.0036787797218483]
02230768,93163,391032,145,1;[85797, 1436, 0.6778875125152911, 1.5495975481403002, 1058.688815311943, 0.6553848530721205, 1.0051960376551636]
02230768,93163,391032,145,2;[83131.01999999999, 1260, 0.6547467217179215, 1.7050180577402034, 1619.1820101117992, 0.5931507896555743, 1.0062224526834327]
02230768,93163,391032,147,1;[84465, 1332, 0.6509693982003769, 1.5188363824715736, 1505.0031408507189, 0.6778359281454129, 1.0055955711649502]
02230768,93163,391032,148,2;[85427.72, 1230, 0.597869497610188, 1.590198841541138, 2384.3328499159907, 0.602180477170914, 1.0062515769112164]
02230768,93163,391032,148,3;[82283.57, 1118, 0.6424658995014704, 1.6208698687577994, 1670.5524549659883, 0.6279116142394915, 1.0022026064175942]
02230768,93163,391032,149,2;[84287.7, 1224, 0.6356042632165408, 1.6019027178101444, 1791.9009057510323, 0.6116594835556324, 1.0080266416189907]
02230768,93163,391032,149,3;[82502.77, 1120, 0.6316208705008551, 1.576505383688024, 1710.5301705742693, 0.5952971948574978, 1.005694722778891]
02230768,93163,391032,150,1;[80214, 1364, 0.700481616064995, 1.672960432189183, 917.7002771715722, 0.6392664274761278, 1.0049612869277607]
