02246860,93051,390361,899,1;[47378, 994, 0.9954798281878375, 0.9985700558462385, 43.83076807473157, 0.9909133325929959, 1.005432706591401]
02246860,93051,390361,899,2;[46381.439999999995, 896, 1.015094961031576, 0.9847574325852876, 134.04143367570302, 0.9594410961608211, 1.0059101349781918]
02246860,93051,390361,900,3;[45779.920000000006, 806, 1.0545569751313002, 0.9590947339641067, 104.49182033957494, 0.9826940973501469, 9999]
02246860,93070,390458,219,1;[32012, 964, 0.9919597788112026, 0.9811048533325246, 82.31309863877625, 0.9916050388029809, 0.8874104259359363]
02246860,93070,390458,219,2;[38477.46, 824, 1.0487383662358316, 0.9785995889846301, 162.69934975622743, 0.9770637731285187, 1.0068819481206988]
02246860,93070,390458,219,3;[46463.55, 820, 1.0619006613264124, 0.9543148641703665, 106.70555201062402, 0.985818678197468, 9999]
02246860,93071,390462,277,1;[38016, 932, 1.0306739449430018, 0.9810816550329851, 77.20132158987833, 0.988267639041275, 0.9306128443960294]
02246860,93071,390462,277,2;[36224.79, 798, 1.046100860942584, 0.9739348322136169, 222.33626414533484, 0.9670150535476522, 1.0099364663337922]
02246860,93071,390462,277,3;[40147.850000000006, 826, 1.0308227596365256, 0.950727558258068, 61.30622544730696, 0.9864815501104194, 0.9994543160192354]
02246860,93085,390566,512,2;[46789.61, 892, 1.0181769227109991, 0.9874102300204581, 121.51129123244034, 0.976169824012051, 1.0070691289091513]
02246860,93085,390566,512,3;[40082.090000000004, 790, 1.0299258323271712, 0.9618254344529017, 84.14878953945801, 0.9858589255318988, 7314.25]
02246860,93085,390566,513,1;[43353, 1000, 0.9883492974115442, 1.0024632279749597, 44.80813041767596, 0.9935268799935096, 1.0019413436871663]
02246860,93091,390585,660,2;[47635.7, 916, 1.021598636662739, 0.9813924593476971, 138.6271585585078, 0.9670196247496377, 1.0070946965885077]
02246860,93091,390585,660,3;[34935.0, 734, 1.048093945373507, 0.9622109422635264, 110.46358761241525, 0.9866613200727185, 335.5263157894737]
02246860,93091,390585,661,1;[30666, 996, 0.9999784835586698, 0.9784622698125889, 96.98391033591344, 0.9910395891148928, 0.9452415812591508]
02246860,93091,390587,658,1;[46695, 986, 0.9846091587337364, 0.993802244962373, 45.359828819420166, 0.992902466705433, 0.9969682088946773]
02246860,93091,390587,658,2;[35847.56, 868, 1.0189717480846932, 0.9889642152553307, 121.48214399513901, 0.9788680244204154, 1.0034643570952697]
02246860,93091,390587,659,3;[30826.370000000003, 748, 1.0318089321629333, 0.9492017600967311, 76.36978097300484, 0.9904109736126467, 9999]
02246860,93096,390618,898,2;[30619.89, 862, 1.025995816790157, 0.9766794135166614, 144.80045792073622, 0.9862480035993223, 1.0053331770497569]
02246860,93096,390618,898,3;[35983.05, 738, 1.038217048575506, 0.9668988565513571, 75.80525841134337, 0.9889715588168809, 9999]
02246860,93096,390618,899,1;[37958, 978, 0.9866247740920863, 0.9968835668900137, 47.691795466447715, 0.9924904033036752, 0.9891979933546159]
02246860,93129,390841,460,1;[47749, 1014, 0.9840554431051217, 0.9984071182677631, 54.29149434193351, 0.9849321209088502, 0.9999476456236976]
02246860,93129,390841,460,2;[30769.829999999998, 808, 1.0182273600234548, 0.98865883294329, 152.86037390832377, 0.9791238544815491, 1.012491189599812]
02246860,93129,390841,460,3;[47125.26, 814, 1.0497983730015168, 0.9560233120231935, 126.60329724501337, 0.9807737283003194, 1.0037496899575424]
02246860,93133,390878,726,1;[45852, 956, 0.984941424978755, 0.9946908575449378, 34.331547863432185, 0.9831092239916368, 1.0013758763021687]
02246860,93133,390878,726,2;[47811.82, 912, 1.0288475128323287, 0.979218129331927, 147.78034094772622, 0.9734742283800067, 1.0036220118402317]
02246860,93133,390878,726,3;[41421.950000000004, 780, 1.077865165358783, 0.9550446888324722, 111.26069611389747, 0.986466495538565, 245.8130081300813]
02246860,93173,391087,743,2;[32046.699999999997, 774, 1.0444394195984052, 0.9784251619179715, 159.05887624718676, 0.9785764775761673, 1.0059392626349408]
02246860,93173,391087,743,3;[43842.740000000005, 800, 1.040309358784296, 0.9559663654787445, 88.16759098228054, 0.9849610078180813, 7111.555555555556]
02246860,93173,391087,744,1;[32945, 874, 0.9946452789055887, 1.0107646695899233, 51.797198388013626, 0.9865972974641664, 0.962164688015654]
02246860,93174,391095,903,3;[45327.82000000001, 802, 1.0407638453788866, 0.9511266430229194, 92.77566064371393, 0.9803538550250507, 1.0042188970164203]
02246860,93174,391095,904,1;[46179, 976, 0.9831408447959045, 0.9982870028465282, 48.84788128153473, 0.9911404916773292, 1.0037058369649086]
02246860,93174,391095,904,2;[33047.49, 850, 1.022784707190639, 0.990230724480966, 126.22408747211612, 0.9830805810401043, 1.0040856171812858]
02246860,93180,391148,6,1;[32065, 872, 0.9977038754120009, 0.9991683393858652, 52.67150350933501, 0.9898435634881029, 0.9641579216405569]
02246860,93180,391148,6,2;[36490.159999999996, 792, 1.015624749120909, 0.9885251593338559, 119.00290332710983, 0.979417084109243, 1.0099632758592296]
02246860,93180,391148,6,3;[38531.25, 802, 1.0152514687351155, 0.9639032481674813, 52.28441351664579, 0.9890267623752771, 9999]
02246860,93220,391260,281,2;[43720.6, 856, 1.0106955492302658, 0.9897811469031672, 147.3870281248738, 0.9728214320558906, 1.0082050437693806]
02246860,93220,391260,282,1;[36436, 878, 1.0018953967529394, 0.9868736997665166, 46.18407323343198, 0.9891005390241486, 0.9773736235732775]
02246860,93220,391260,282,3;[31088.04, 710, 1.0455888323527103, 0.9770637478328892, 106.55102822417659, 0.9864250154401494, 1.0038265023998585]
02246860,93220,391264,284,1;[35594, 866, 1.010610490620141, 0.9815430763290995, 46.565761351879964, 0.9874011131846777, 0.9692563243743703]
02246860,93220,391264,284,3;[47803.41, 836, 1.0379365185369567, 0.9521755819208493, 148.3659358355103, 0.9702852914486831, 9999]
02246860,93220,391264,286,2;[34149.43, 780, 1.0180881474365002, 0.9814016189850825, 132.4856591655716, 0.9765627540168975, 1.0081503600913402]
02246860,93222,391269,363,3;[48219.89000000001, 828, 1.0545105503914447, 0.9482507080715236, 165.20689692212608, 0.9710383032407364, 1.0083944533577813]
02246860,93222,391269,364,1;[34362, 974, 0.9942827643163783, 0.9992567916786814, 75.74183515643539, 0.9906768530196864, 0.9720096742712473]
02246860,93222,391269,365,2;[29519.14, 774, 1.029100246344865, 0.9782035462888411, 139.63160703813176, 0.981019407075897, 9999]
02246860,93222,391273,366,2;[44734.479999999996, 880, 1.0213129763672317, 0.981797261606479, 103.65902865730158, 0.9786545495557031, 1.0057118396939417]
02246860,93222,391273,366,3;[41501.41, 776, 1.022280853227376, 0.9486102328184337, 71.5721496384243, 0.986691425768262, 9999]
02246860,93222,391273,367,1;[40460, 910, 0.9954661537246278, 0.9947026989002591, 33.09338240307977, 0.9923571636168234, 0.9850153984735426]
02246860,93243,391394,7,1;[31039, 914, 0.9899749134810414, 1.000102507069723, 73.76800165100467, 0.9916802299311309, 0.9147277683636632]
02246860,93243,391394,7,3;[47399.26, 826, 1.0237573719167765, 0.9540394201394296, 95.88732507102357, 0.9747650620427384, 9999]
02246860,93243,391394,9,2;[41184.71, 842, 1.0138309698756576, 0.9900755004722748, 152.19408581355873, 0.9752345446379785, 1.0059293707309984]
02246860,93249,391441,97,1;[31530, 868, 0.9923318278943044, 0.9976855191286879, 51.1055307920166, 0.9859720492428876, 0.9240643591922862]
02246860,93249,391441,97,3;[39946.46000000001, 778, 1.0411724981800734, 0.9640293735882012, 102.3348969136397, 0.9826607325579341, 9999]
02246860,93249,391441,99,2;[45055.78, 864, 1.030265287800055, 0.980753156486994, 115.81505121486786, 0.9704208686415545, 1.007061827563736]
02246860,93261,391474,224,1;[43594, 946, 1.007867663651864, 0.9952862087255967, 58.20414382780561, 0.9911147031255966, 0.9958424707602339]
02246860,93261,391474,224,2;[38109.75, 858, 1.0109999990496708, 0.9830596547581029, 106.17124500764635, 0.9760094382613461, 1.0042175569526974]
02246860,93261,391474,226,3;[43300.22, 816, 1.0206893274234445, 0.9612841574226689, 58.90697094492204, 0.987226202790114, 9999]
02246860,93272,391514,720,1;[31047, 868, 1.012690670049831, 0.9963902680141011, 46.53611012870325, 0.9880049179948072, 0.9206066806031223]
02246860,93272,391514,720,2;[41189.47, 850, 1.0307313193314345, 0.9887336331704165, 128.88684343302833, 0.9768457140931852, 1.005212946694353]
02246860,93272,391514,720,3;[31062.010000000002, 716, 1.0442858457601027, 0.946098361837276, 119.24253859164209, 0.9840572003899111, 9999]
02246860,93272,391517,717,1;[43076, 922, 1.0119339803182252, 0.9884222122345478, 40.862904027846724, 0.9901156420683328, 0.9880156427400025]
02246860,93272,391517,717,2;[44866.57, 858, 1.03887526531289, 0.9709729508499688, 123.90316201109125, 0.9733538662089415, 9999]
02246860,93272,391517,717,3;[43589.29, 794, 1.0669371698590524, 0.967567830792767, 115.58558151927485, 0.98568533855904, 9999]
02246860,93331,391889,254,1;[33131, 930, 1.2003267339542218, 0.997592760957612, 96.64353275661051, 0.9916707288436334, 1.003969696969697]
02246860,93331,391889,254,2;[43047.06, 864, 1.0227182646073805, 0.9855895458855681, 82.38748053122815, 0.9799189219201, 1.0064128423776204]
02246860,93331,391889,254,3;[43637.240000000005, 792, 1.0248665748693409, 0.9645084093614502, 65.63507524760004, 0.9844953371684299, 9999]
02246860,93341,391965,100,2;[39127.2, 826, 1.0231120465134025, 0.9837587514211678, 163.496306322787, 0.9734594430045298, 1.0100606712234084]
02246860,93341,391965,99,1;[32046, 842, 0.9956043287803389, 0.9971137685204371, 59.88777120060024, 0.9883097667383958, 1.005270092226614]
02246860,93341,391965,99,3;[31571.65, 714, 1.1238327793212446, 0.9533019340201456, 104.50871470530001, 0.9879734249492189, 9999]
02246860,93379,392066,122,1;[37827, 950, 0.9977070585131304, 0.9951692575588715, 46.3673004148327, 0.9909980876893407, 0.9147009394382716]
02246860,93379,392066,122,3;[32000.460000000003, 782, 1.1323057716537532, 0.9591103003022741, 127.1077216289854, 0.9841153309564733, 0.8876306289188676]
02246860,93379,392066,123,2;[47291.79, 888, 1.0146572290950366, 0.9816595702404205, 143.23322879883753, 0.971404521067751, 1.007631845841785]
02246860,93387,392102,476,1;[44813, 1018, 0.9843667511712033, 0.9981971902956192, 51.17352902062139, 0.9925090417581666, 0.978246870190681]
02246860,93387,392102,477,2;[48872.11, 892, 1.0452045029598593, 0.9820074230104415, 176.40303994276812, 0.9655534390291876, 1.006926311402057]
02246860,93387,392102,478,3;[48443.200000000004, 832, 1.0282036531105203, 0.9681304215119937, 70.82794471246609, 0.9857372301203804, 9999]
02246860,93388,392106,538,2;[36172.43, 850, 1.0466152155076947, 0.9905820242888204, 135.02351934492123, 0.9805380351116005, 0.9773483594038873]
02246860,93388,392106,538,3;[45548.39000000001, 806, 1.0417682453040993, 0.9723158338930065, 90.07143288939753, 0.9836503303071128, 9999]
02246860,93388,392106,539,1;[39526, 1004, 0.9914369906091419, 1.0040148148842971, 52.34314055182075, 0.9909391300568999, 0.9475930187955505]
00023892,93026,390259,210,1;[115384, 1676, 0.9705763288702812, 0.9705763288702812, 27.44450635858385, 0.9967809945790217, 0.9971869206936336]
00023892,93026,390259,211,2;[117053.15999999999, 1570, 1.0149650236071255, 0.9746772383627069, 32.01824097753799, 0.9959190027831599, 0.996711876257112]
00023892,93026,390259,211,3;[116700.71, 1438, 1.0186254340279237, 0.9437976061425024, 56.93241554978748, 0.9908537816795847, 9999]
00023892,93026,390259,212,1;[115337, 1664, 0.9804131521278897, 0.9889032468085639, 29.32303153461915, 0.9964262448288627, 0.9924920079683675]
00023892,93026,390259,212,2;[117691.0, 1554, 1.014747909288223, 0.9808503008994244, 33.38817836122004, 0.9959185983378324, 9999]
00023892,93026,390259,212,3;[114356.64000000001, 1394, 1.0039062202291396, 0.9507977939312924, 37.10296143051946, 0.9936297065684685, 9999]
00023892,93026,390259,214,1;[120043, 1634, 1.0032661182443197, 0.9887838124952426, 22.927187669422857, 0.9969424029558446, 0.9982495311986761]
00023892,93026,390259,215,3;[114305.95000000001, 1398, 1.010278510246198, 0.9543713578041263, 39.13504025500448, 0.9933049493998183, 9999]
00023892,93026,390259,216,2;[116758.04, 1568, 1.0123332269148082, 0.98091887278259, 29.98789604125521, 0.996023856518871, 0.9963240520725442]
00023892,93049,390350,751,2;[112488.31999999999, 1480, 0.9848740726439702, 0.9929826624223882, 26.49613653842162, 0.9961483784872827, 9999]
00023892,93049,390350,752,3;[118309.09000000001, 1532, 1.0130833231157215, 0.9721992345752148, 59.29260583943325, 0.9911236827270111, 9999]
00023892,93049,390350,753,1;[115862, 1658, 0.9829469492684024, 0.9978529551266063, 24.60371064380052, 0.9960469422803894, 0.9909383646292598]
00023892,93049,390350,756,2;[116076.17, 1538, 1.0085478725212538, 0.9927081192712227, 43.37188848757056, 0.9943862237694245, 9999]
00023892,93049,390350,756,3;[117833.70000000001, 1382, 1.047327962051423, 0.9430491915437306, 103.28006889242694, 0.9876476852572468, 0.9989779088945155]
00023892,93049,390350,757,1;[119330, 1636, 1.0075125795868425, 0.9942916148693116, 29.0029681718026, 0.9953227996444487, 9999]
00023892,93049,390350,758,3;[117121.3, 1400, 1.030931342867741, 0.9719735434960686, 74.73251000866165, 0.9910807744684849, 9999]
00023892,93049,390350,760,1;[119412, 1684, 1.0004737661313214, 0.9880028410604836, 28.934950571560975, 0.9954903479060804, 0.999870214146658]
00023892,93049,390350,760,2;[117228.09, 1564, 1.0405712513178689, 0.9825036010815462, 94.58212834702178, 0.9879751501300211, 0.9954779023530066]
00023892,93049,390350,761,1;[115473, 1576, 0.991677529821298, 0.9926776955103828, 36.86362273631874, 0.9942467519164607, 1.0014917476864902]
00023892,93049,390350,763,2;[118247.92, 1546, 1.0345050869305332, 0.994516715150005, 59.95186314319832, 0.9908730469999921, 9999]
00023892,93049,390350,763,3;[118310.46, 1494, 1.0361395917367435, 0.9712337522244107, 108.28824339469637, 0.9843328979744623, 0.9939059128182995]
00023892,93049,390350,766,1;[116227, 1652, 0.9751026370807013, 0.9892795240401203, 27.456611617824382, 0.9965442441576506, 0.9924685549359998]
00023892,93049,390350,767,3;[117711.77, 1466, 1.0214023858039325, 0.9691685127209577, 43.76655418360943, 0.9929606828812833, 10740.125]
00023892,93049,390350,769,2;[117706.47, 1490, 1.0202549609913965, 0.9997484379105231, 29.963769686372082, 0.995278891855519, 9999]
00023892,93049,390350,770,1;[117114, 1588, 1.0024585818836231, 0.9928265580916606, 32.869004539460455, 0.9955113006843905, 9999]
00023892,93049,390350,770,3;[118395.40000000001, 1410, 1.0424963099943128, 0.9275135170288007, 78.28360049762023, 0.9922517167138535, 9999]
00023892,93049,390350,773,2;[114238.81, 1522, 1.0044227657496143, 0.986742260703326, 36.17136856988099, 0.9948063335800724, 9999]
00023892,93099,390646,1221,2;[114072.20999999999, 1486, 1.0090858747803573, 0.9867088647928606, 38.53013999163804, 0.9934468550222741, 9999]
00023892,93099,390646,1222,1;[115757, 1704, 0.9986716907804245, 0.9931340390066832, 35.39650912607604, 0.9961712619634862, 0.989105543782897]
00023892,93099,390646,1222,3;[117585.73000000001, 1392, 1.1323117391248805, 0.9651113997953958, 50.31573890807299, 0.9940088735414381, 9999]
00023892,93103,390673,1487,1;[118131, 1640, 0.9941992381714719, 0.9832364950716539, 24.18140079113889, 0.9967673469878491, 0.9975637458357788]
00023892,93103,390673,1488,3;[117951.52, 1364, 1.034720293021279, 0.9614925636421753, 96.22023479779668, 0.98528403584093, 0.9961010262284081]
00023892,93103,390673,1489,2;[116541.45999999999, 1546, 1.014966414714585, 0.992022459678374, 40.09946663942671, 0.9947342202306876, 0.9929282227280332]
00023892,93103,390673,1491,2;[120403.01, 1514, 1.0503891899546012, 0.9843946252209498, 113.66690920960296, 0.984839104179109, 9999]
00023892,93103,390673,1492,1;[114627, 1678, 0.9987680845865211, 0.9924709850319351, 45.564953524898826, 0.9946129103177113, 0.9927122981592382]
00023892,93103,390673,1492,3;[112581.12000000001, 1362, 1.004285977747245, 0.9649001229124898, 31.23126453415144, 0.9956981357234577, 9999]
00023892,93103,390673,1495,2;[114817.15, 1510, 0.9930315460441014, 0.9870770259924616, 31.546042712339776, 0.9947702350629656, 9999]
00023892,93103,390673,1497,3;[113548.34000000001, 1404, 1.0054351093309934, 0.960491452600365, 28.91913419738997, 0.9948299282430487, 9999]
00023892,93103,390673,1498,1;[116314, 1654, 0.989772517025471, 0.9913499174139772, 25.89202116124958, 0.9956881817830718, 0.9948765321221763]
00023892,93103,390673,1499,1;[115761, 1706, 0.9962542217613665, 0.9812057965453727, 38.26655464467754, 0.9959036968410945, 0.9896936302274583]
00023892,93103,390673,1499,3;[117251.45000000001, 1500, 1.0242496834682837, 0.9748615169204323, 53.78139989410666, 0.9908513476631625, 34234.0]
00023892,93103,390673,1500,2;[113904.42, 1520, 1.0033341804562999, 0.9866325509813356, 31.931454020851525, 0.9944117262205622, 0.9918501209788144]
00023892,93122,390798,1587,3;[117843.29000000001, 1442, 1.0406381091708652, 0.97290517790024, 111.87571133625764, 0.982512094931687, 0.9956477955389904]
00023892,93122,390798,1589,1;[115972, 1698, 0.9778822539189395, 0.9908134710763481, 20.37117655163161, 0.9968449509462828, 0.9941706957446079]
00023892,93122,390798,1589,2;[117505.36, 1504, 1.0292453359150497, 0.9978651105229204, 41.27597117489877, 0.9945531923571351, 9999]
00023892,93122,390798,1590,1;[114476, 1708, 0.9714008354292216, 0.9792266459744134, 31.895664856885332, 0.9963746613606888, 0.9873600048300221]
00023892,93122,390798,1590,2;[115546.62, 1446, 1.0044099548766843, 0.9937778684089924, 34.96544073137213, 0.9941037791054449, 9999]
00023892,93122,390798,1592,3;[117977.55, 1424, 1.0384956777881869, 0.9582881772027657, 51.69301507743181, 0.993571167624946, 172230.0]
00023892,93139,390920,17,2;[116130.90999999999, 1510, 0.9981631323817355, 0.9808162066148503, 32.268889709424414, 0.993887002655094, 0.9946034641785189]
00023892,93139,390920,17,3;[117082.94, 1368, 1.01704474354301, 0.9629625559037094, 53.25214145749839, 0.9925764721536028, 9999]
00023892,93139,390920,18,1;[114291, 1656, 0.9814575364939319, 0.9959018721886728, 30.733984173391054, 0.9957475714305857, 0.9944271152817112]
00023892,93139,390920,19,1;[117141, 1708, 1.0011284673044343, 0.9784178992053928, 59.47460187917027, 0.9921109682880714, 0.9933264364697103]
00023892,93139,390920,20,3;[118051.53000000001, 1470, 1.0213625513322462, 0.9716452290970454, 85.44257796364806, 0.9849400431888099, 9999]
00023892,93139,390920,21,2;[115941.7, 1478, 1.0067750976010585, 0.9966286729292532, 25.270836994108723, 0.9955051948918705, 1.001742742428838]
00023892,93166,391047,301,1;[119197, 1602, 0.9934559797032223, 0.9948353663934025, 20.712104405988043, 0.9968702647084702, 0.9987055043296481]
00023892,93166,391047,301,2;[116151.14, 1540, 1.0002683910551358, 0.9928704150270152, 33.4848806094114, 0.9948215854848882, 9999]
00023892,93166,391047,303,3;[118637.89000000001, 1398, 1.0223579081250327, 0.9703534494557088, 42.23273852076505, 0.9934911546531924, 9999]
00023892,93166,391047,304,1;[117753, 1622, 0.9772164352433422, 0.9958620833402838, 25.766315361363983, 0.9967860458868003, 0.9972686967237064]
00023892,93166,391047,305,2;[117093.62, 1536, 1.002178459818774, 0.997850638667676, 24.4138911119299, 0.9964615269265222, 1.000127051242307]
00023892,93166,391047,305,3;[119032.45000000001, 1370, 1.0183846266174685, 0.9748323649170428, 37.875699129217296, 0.9947455224370897, 2199.6202531645567]
00023892,93166,391047,307,2;[115370.5, 1528, 1.0058060097422366, 0.9895282762600829, 39.93207841576104, 0.9944151817445519, 9999]
00023892,93166,391047,308,1;[115460, 1682, 0.9960968642594321, 0.9954651582763876, 40.582903883813906, 0.9951983391381567, 0.9932470213772635]
00023892,93166,391047,308,3;[118877.64000000001, 1454, 1.017150500848034, 0.9733966928934351, 36.44529966828555, 0.9937569319287601, 1324.7633587786258]
00023892,93166,391047,309,1;[119716, 1620, 1.0322619672169577, 0.9876387315526259, 46.38197855060344, 0.9944067144527013, 0.999419796219075]
00023892,93166,391047,309,2;[115416.90999999999, 1496, 1.0140101989435855, 0.9782871975660953, 49.76970517264166, 0.9923215994050387, 9999]
00023892,93166,391047,310,3;[117396.67000000001, 1446, 1.0322636927019022, 0.9549682020607355, 42.6314536599798, 0.9954496600959517, 9999]
00023892,93166,391047,312,2;[119097.58, 1476, 1.0286965797742729, 0.9766518066581236, 64.13464440773701, 0.9901136968339167, 100082.0]
00023892,93166,391047,313,1;[120302, 1688, 1.021004314514589, 0.9866737636844082, 42.55555215394716, 0.9931729686905908, 0.9957002685780263]
00023892,93166,391047,313,3;[119017.38, 1408, 1.0256435421473993, 0.9687818342517958, 44.27779058241403, 0.9929874755115312, 24821.14285714286]
00023892,93166,391047,315,1;[117580, 1706, 0.9911475015587408, 0.9998940038735258, 31.46718806602632, 0.9964770636421072, 0.9924037812288994]
00023892,93166,391047,315,2;[119473.62, 1562, 1.0290292751963206, 0.976969826578464, 59.39391504055549, 0.9910613417632356, 9999]
00023892,93166,391047,315,3;[120414.78000000001, 1524, 1.0420803432332637, 0.9716719340706381, 114.80932319891738, 0.9838297153742086, 0.9968696835658387]
00023892,93265,391506,609,1;[120450, 1668, 1.0130823848066772, 0.9934285035407959, 28.081715577593773, 0.9950777124707098, 9999]
00023892,93265,391506,609,3;[119976.38, 1438, 1.0627480642574758, 0.9590433977019611, 126.38952663022229, 0.9846962103710577, 0.99012968218255]
00023892,93265,391506,610,2;[119833.0, 1508, 1.0279624297293433, 0.9939602657133225, 34.05485042585448, 0.9943307197997148, 0.9989534301203803]
00023892,93265,391506,611,3;[119896.92000000001, 1368, 1.0267371543472592, 0.9680652141772095, 60.138477372720004, 0.9910185054986551, 175032.0]
00023892,93265,391506,612,2;[116885.37, 1548, 1.0145783774572443, 0.9803564738122116, 29.62078944142632, 0.9948200399301197, 9999]
00023892,93265,391506,613,1;[114481, 1610, 0.9955593575803238, 0.9902087238335712, 36.759064237107594, 0.9944111491071127, 0.9902515396858349]
00023892,93329,391882,87,1;[118271, 1616, 1.0194271800477344, 0.9951980347867928, 37.73351695185407, 0.9949972892828642, 0.9989948475377988]
00023892,93329,391882,87,2;[111247.15, 1430, 0.9892958805203751, 0.987969527216751, 25.62743346510477, 0.9960790202361292, 9999]
00023892,93329,391882,87,3;[115923.92000000001, 1414, 1.0215942370198658, 0.9563196493174627, 47.010858776237484, 0.9953242287886229, 9999]
00023892,93329,391882,89,1;[114628, 1672, 0.9914825066265023, 0.992449732020601, 46.0862142629913, 0.9941192467786226, 0.9939475920434248]
00023892,93329,391882,89,3;[114667.63, 1414, 1.0167941706478845, 0.9529070402788227, 69.36194070195396, 0.9896615259912896, 0.9922821576763485]
00023892,93329,391882,90,2;[116098.78, 1540, 1.024478526931865, 0.9929498654533664, 58.7047229351499, 0.9922725834272821, 9999]
00023892,93329,391882,92,2;[114627.93999999999, 1522, 1.0073552101636527, 0.9847883422105579, 36.85985021329225, 0.9940911230252352, 0.9904477918873066]
00023892,93329,391882,92,3;[114493.64000000001, 1356, 1.0098884038015559, 0.9575393429604518, 53.70771228318953, 0.9928164272628103, 9999]
00023892,93329,391882,93,1;[115389, 1646, 0.9791536811644996, 0.9912072497007227, 30.555962129969355, 0.9961549890584726, 0.995354855405318]
00023892,93329,391882,94,1;[116973, 1592, 0.994606233216065, 0.9965614043713638, 34.71012332712566, 0.9946580766084038, 0.9999615310636661]
00023892,93329,391882,94,2;[112866.73999999999, 1496, 1.003006582190011, 0.9923183925625743, 26.138494257660792, 0.99570058885804, 9999]
00023892,93329,391882,94,3;[114433.36000000002, 1410, 1.0214616209838423, 0.9517095185099957, 73.57692311392724, 0.9894936176987641, 0.990536726513768]
00023892,93329,391882,96,1;[115407, 1632, 0.9872182726007631, 0.9927104473525977, 23.989429741072772, 0.9960868400620199, 0.996795591563164]
00023892,93329,391882,96,2;[113005.97, 1516, 0.9882006017804126, 0.9825266807640969, 27.477798069064683, 0.9957344812378607, 0.9942780561096016]
00023892,93329,391882,96,3;[117169.25000000001, 1434, 1.0569068397282255, 0.9348208440309685, 110.45560734956277, 0.9883416942725053, 9999]
00023892,93329,391882,99,1;[118266, 1608, 1.0340711010663866, 0.9901960891665134, 40.350390802242764, 0.9941750124012475, 0.995743928467688]
00023892,93329,391882,99,2;[114010.33, 1524, 1.0088953795511193, 0.9873587254334197, 27.375748128469997, 0.9954495918170748, 9999]
00023892,93329,391882,99,3;[113752.47000000002, 1336, 1.0058340005280906, 0.9771892906538502, 25.640739364499375, 0.99607581804577, 9999]
00023892,93377,392048,3,3;[118466.64000000001, 1406, 1.047556527781869, 0.9626297559970822, 107.28162349534367, 0.988306503325163, 9999]
00023892,93377,392048,4,1;[118492, 1724, 0.9863208326474601, 0.9986424630954116, 19.764201178268063, 0.9967779664001932, 0.982353745839223]
00023892,93377,392048,4,2;[116322.5, 1540, 1.0024661578187861, 0.9812524545754474, 28.71243987076844, 0.9953319054134065, 9999]
00023892,93377,392048,5,1;[112681, 1604, 0.9750116024793062, 0.9728192778387952, 30.87669786078407, 0.9962903174522396, 0.9869450782375636]
00023892,93377,392048,5,2;[117476.79999999999, 1468, 1.0128946844061226, 0.9826118107683158, 31.69563920609115, 0.9953051589361018, 9999]
00023892,93377,392048,5,3;[119291.38, 1442, 1.0494193382007337, 0.9224995551443748, 90.97954973781846, 0.9914184377585706, 9999]
00023892,93377,392048,8,2;[114999.22, 1520, 1.0070723933409482, 0.9772014446917673, 55.95936210100426, 0.9911467610708359, 1.0000983146794165]
00023892,93377,392048,8,3;[115359.48000000001, 1394, 1.0261842013140077, 0.9530082855170431, 74.80732270330151, 0.9887307322964278, 9999]
00023892,93377,392048,9,1;[115825, 1638, 0.9752674514762388, 0.977930434245964, 26.59457846165895, 0.9966290836236483, 0.9829547624402228]
00236683,93026,390254,285,1;[64897, 1162, 0.8963368703322728, 1.2183853081758376, 597.4072147536523, 0.8989622045180786, 0.997670968584979]
00236683,93026,390254,285,2;[63899.43, 1088, 0.88279605279225, 1.1669173179368035, 687.6252383263844, 0.8561036678773236, 0.9979278366800785]
00236683,93026,390254,285,3;[62998.08, 1026, 0.8724861808634222, 1.1462304604636613, 477.53626792143336, 0.8912045056441245, 0.9973322922766608]
00236683,93027,390265,359,1;[65010, 1234, 0.8963836176640538, 1.168149733389122, 588.7646334944752, 0.876576323213372, 0.9996079064510921]
00236683,93027,390265,359,2;[63329.42, 1172, 0.8722834267262409, 1.3744132304889976, 811.2780416461782, 0.8789933373649661, 0.9967690881336567]
00236683,93027,390265,359,3;[64039.280000000006, 1110, 0.8752503306714794, 1.2607893360585687, 730.6566746111167, 0.906247409796963, 0.9980783191698339]
00236683,93032,390303,79,1;[64084, 1312, 0.883011742050798, 1.2912871714364584, 268.94763745587096, 0.9133944969761918, 0.9972688863125296]
00236683,93032,390303,79,2;[62079.92, 1082, 0.8815052374057251, 1.2447192829726832, 397.38154880436065, 0.9006467679184194, 1.0009209516500384]
00236683,93032,390303,80,3;[63635.130000000005, 1136, 0.8704188168610484, 1.2765842202638427, 618.6186577698837, 0.9267038002201853, 0.9954032595068951]
00236683,93032,390303,81,1;[65182, 1222, 0.8845825357301805, 1.253814231694861, 436.65751315797803, 0.9024325561089953, 0.9954869993509221]
00236683,93032,390303,81,2;[60467.469999999994, 1070, 0.8658963652934529, 1.3236490956893558, 415.1546219052248, 0.8831104988944727, 0.9955720135582594]
00236683,93032,390303,82,3;[60681.41, 1002, 0.8646670726583039, 1.236890745793808, 413.0430619188642, 0.895977356431816, 0.9920933566276934]
00236683,93032,390303,83,1;[65190, 1240, 0.8856361340584233, 1.336348925504289, 421.8157871130205, 0.9179699132432548, 0.9945383535729542]
00236683,93032,390303,83,2;[63473.409999999996, 1108, 0.880705724041829, 1.1517486320231045, 936.4060692327542, 0.8892920877813058, 0.9974381030742763]
00236683,93032,390303,83,3;[63620.060000000005, 1086, 0.8776824258320373, 1.2010975539393451, 632.373901310016, 0.932411605387967, 0.9935599820278568]
00236683,93051,390358,937,1;[61910, 1138, 0.8881777418456696, 1.3158803350304593, 191.94476886811364, 0.9332287887186778, 1.0035906206181056]
00236683,93051,390358,937,2;[61018.439999999995, 1108, 0.8744115177055395, 1.2886368708134575, 416.8174297521665, 0.8915586599846775, 9999]
00236683,93051,390358,937,3;[61560.950000000004, 966, 0.877243343342936, 1.162882267156796, 350.0519987317953, 0.9193836774930555, 0.9962310165170158]
00236683,93078,390512,47,1;[62003, 1166, 0.8984033152613793, 1.421216003534498, 222.0834782523327, 0.932324088329441, 0.9965764433586216]
00236683,93078,390512,47,2;[64851.43, 1158, 0.8730279854116749, 1.169443966109788, 818.8359163722441, 0.8605912354463219, 0.9972094895653209]
00236683,93078,390512,47,3;[63713.22000000001, 1070, 0.8713599068622755, 1.156260139954396, 363.6832766722085, 0.9245821144862727, 0.997929295638646]
00236683,93078,390512,49,1;[62757, 1248, 0.8806822073163417, 1.3655628375229387, 291.7005471112284, 0.9308936894344648, 0.9898424315073895]
00236683,93078,390512,49,2;[62070.399999999994, 1146, 0.8777771267882485, 1.3229664281527502, 421.0606639502385, 0.9063259873638182, 0.9963420341346475]
00236683,93078,390512,49,3;[65910.70000000001, 1050, 0.8768575047476552, 1.2247830161026592, 788.4647293313469, 0.8942845465139775, 0.9974602187321826]
00236683,93078,390512,50,1;[61924, 1150, 0.8810465426974625, 1.3914188745424354, 213.8200019221468, 0.9351294831793443, 0.9981302385557704]
00236683,93078,390512,50,2;[65937.9, 1150, 0.879228667524834, 1.179293606603073, 824.4007872140987, 0.8489372623533138, 0.9963318588844535]
00236683,93078,390512,50,3;[66360.06000000001, 1022, 0.8702875750297601, 1.1372706087217193, 861.5471674866211, 0.8701131027160595, 1.0023072227452847]
00236683,93098,390636,1213,1;[66424, 1244, 0.8823566767419234, 1.2142968859041916, 308.83078904861543, 0.8957330070359494, 0.9993380273214179]
00236683,93098,390636,1213,2;[65266.74, 1126, 0.8933927484060082, 1.2840118591047747, 875.6931159719495, 0.8581356473660497, 1.0014607603257495]
00236683,93098,390636,1213,3;[65509.29000000001, 1070, 0.873847573315857, 1.18952807666033, 761.6841148447202, 0.9046977956138212, 0.9943334823610144]
00236683,93098,390636,1214,1;[64254, 1292, 0.8798340578149664, 1.4185855049254117, 354.04704705750584, 0.9389706014256528, 0.9968196838300315]
00236683,93098,390636,1214,2;[64413.509999999995, 1112, 0.8841799100241723, 1.185020667030353, 814.5381436463231, 0.8548762815733646, 0.9979719390106749]
00236683,93098,390636,1214,3;[63554.3, 1080, 0.8725345513198169, 1.3418491871000942, 573.436488312685, 0.915630657414964, 0.9923631462981581]
00236683,93099,390639,1320,1;[65733, 1174, 0.8986561124046707, 1.1888863137764243, 524.71293379162, 0.8909896119273859, 1.000334799348663]
00236683,93099,390639,1320,2;[64945.439999999995, 1110, 0.8799012392870388, 1.211244114648881, 500.3592752505392, 0.8843490229777067, 0.9975689557476832]
00236683,93099,390639,1320,3;[64221.490000000005, 1086, 0.8771087575357576, 1.1782370262963473, 420.12826866959915, 0.914358419458132, 0.9936620315414617]
00236683,93099,390639,1321,1;[65480, 1300, 0.8724248348033831, 1.2238853834367018, 405.04023958956503, 0.9273045058082094, 0.9972965769333283]
00236683,93099,390639,1321,2;[62571.39, 1128, 0.8732663509695608, 1.2989479846148317, 506.449168846685, 0.8607900347818224, 0.995871133922991]
00236683,93099,390639,1322,3;[60664.97, 960, 0.8918258292316278, 1.1659305552185804, 304.4898032449558, 0.9395602745783597, 0.9997403623638313]
00236683,93103,390670,1523,1;[66007, 1202, 0.8862135690644956, 1.1227076770295574, 539.0951049981684, 0.8570147705480499, 0.9933781811067467]
00236683,93103,390670,1523,2;[62395.27, 1128, 0.8744661556219134, 1.3175950505831138, 451.64267112748917, 0.8726407365729938, 0.9936702863532132]
00236683,93103,390670,1523,3;[64702.36000000001, 1090, 0.8682338163167673, 1.2139867077421442, 760.4879409415294, 0.8519364279323118, 0.9934162091668244]
00236683,93103,390670,1525,2;[63179.479999999996, 1148, 0.8755774904728971, 1.3231910436666334, 440.6480455143491, 0.8949090950326803, 0.9963966669168981]
00236683,93103,390670,1525,3;[64450.280000000006, 1072, 0.8786524256469906, 1.2380248607050208, 794.7149607156023, 0.9022725765178526, 0.9949768937110709]
00236683,93103,390670,1526,1;[64594, 1280, 0.8692302139795223, 1.3064345589587993, 387.3175180665426, 0.9216866545350719, 0.9963366573347833]
00236683,93129,390840,509,1;[63851, 1282, 0.8863538304611583, 1.2824864508734586, 310.17420054510205, 0.9399106307757903, 0.9891788472412645]
00236683,93129,390840,509,2;[62792.729999999996, 1156, 0.8655992666530318, 1.2966369654810306, 598.0539074640125, 0.8907444545283135, 0.9932237845163476]
00236683,93129,390840,509,3;[65155.83, 1070, 0.8798077353627585, 1.207208180569444, 693.4138006979172, 0.9218608231747977, 0.9943860749568763]
00236683,93139,390919,100,1;[65548, 1228, 0.8895657063217315, 1.2174121974362748, 494.76634957258426, 0.901591666436485, 0.9952249003605997]
00236683,93139,390919,100,2;[64462.299999999996, 1176, 0.8687574373580252, 1.3160805760010135, 749.5912923506529, 0.8728901235789747, 0.9998523385876186]
00236683,93139,390919,100,3;[62899.44, 1048, 0.8704034933278246, 1.1903627541986614, 354.52133648183104, 0.9138656498268735, 0.9938737958653534]
00236683,93140,390930,162,1;[64174, 1274, 0.873669116798967, 1.2219762812449149, 318.14095600560046, 0.9407832771655248, 0.9941057556018558]
00236683,93140,390930,162,2;[62256.03999999999, 1108, 0.8758086297832357, 1.284617442261192, 345.67866423307373, 0.9220027450821668, 0.9939582779192158]
00236683,93140,390930,162,3;[64168.060000000005, 1070, 0.8653375047802901, 1.175778012518249, 544.2792229979488, 0.8837986711791864, 0.9959280876896416]
00236683,93140,390930,163,1;[64757, 1294, 0.8689080832153993, 1.3437099942523156, 321.5276598014192, 0.9430963941414967, 0.994830513031255]
00236683,93140,390930,163,2;[64700.299999999996, 1190, 0.8678894662354549, 1.2921604955880843, 715.6913109359365, 0.8801013288764067, 0.9996414749170336]
00236683,93140,390930,163,3;[64600.98, 1086, 0.8652007934289446, 1.1908760180148013, 721.4497155138856, 0.9086264422759408, 0.9967868769289308]
00236683,93140,390930,164,1;[66120, 1190, 0.8928024080834541, 1.1879672972458664, 349.6492563200557, 0.8948358029776258, 0.9994029580030079]
00236683,93140,390930,165,2;[62164.409999999996, 1120, 0.8752461396656094, 1.298778050862342, 346.29783056866313, 0.9093205097922705, 0.9977652991061197]
00236683,93140,390930,165,3;[62617.22000000001, 1048, 0.8756071525749004, 1.1433205584440507, 348.4088358753567, 0.9269208623011866, 0.9946249428764172]
00236683,93174,391097,943,1;[62928, 1236, 0.8851371504840055, 1.4349269202301336, 299.8036945734148, 0.9301702078122605, 0.9953969534475395]
00236683,93174,391097,943,2;[64325.45, 1168, 0.8802286326493914, 1.2679251780083614, 607.869629047859, 0.8870972782303799, 0.9962677970787449]
00236683,93174,391097,943,3;[64610.57000000001, 1052, 0.8809168323652462, 1.192026993741771, 915.8897240293949, 0.8497624850878942, 0.9998092007631969]
00236683,93203,391206,348,1;[66259, 1190, 0.8894026810814899, 1.1508446047025152, 594.0886112205731, 0.8912596097118567, 0.9980268112667571]
00236683,93203,391206,348,3;[64683.18000000001, 1094, 0.8774361244422536, 1.1828319494737503, 463.56244202686634, 0.9045813327238634, 0.9901953587869509]
00236683,93203,391206,349,2;[65912.91, 1094, 0.8899903614837441, 1.2170274147339144, 883.2863549263491, 0.8237073210150379, 1.001093469007835]
00236683,93203,391206,350,1;[62393, 1240, 0.8787493015584305, 1.3128339148304562, 295.70120819668693, 0.9335410441337777, 0.9891953166493591]
00236683,93203,391206,350,2;[64784.78999999999, 1186, 0.8806837105180522, 1.3963042186163492, 714.3957716221242, 0.8977856171105484, 0.9971061741057529]
00236683,93203,391206,350,3;[66107.98000000001, 1110, 0.8779627186987592, 1.2067523980043482, 629.3045444407546, 0.8784160439673843, 0.9945279732890899]
00236683,93203,391206,351,1;[63854, 1268, 0.871032185835836, 1.479426503068035, 318.9796186826759, 0.9362372556116996, 0.9921610976017153]
00236683,93203,391206,352,2;[60755.45, 1072, 0.8829527874848939, 1.2554864592775605, 342.8331537019416, 0.9050124376649543, 0.9934812220276318]
00236683,93203,391206,352,3;[64896.9, 1114, 0.8569397877711894, 1.2417527424010701, 692.591624038142, 0.8946675282111177, 0.9943116223421002]
00236683,93220,391265,336,1;[65533, 1310, 0.8757480096155889, 1.367463148321185, 361.0624601301009, 0.9290297774806068, 0.9930972821021845]
00236683,93220,391265,336,2;[60632.88, 1050, 0.8682370583990296, 1.2168716618617368, 346.1947867002257, 0.8994860601241726, 0.9980021154072158]
00236683,93220,391265,336,3;[64026.950000000004, 1090, 0.8629840702248537, 1.2222749057270437, 655.7167830778669, 0.908215481352808, 0.9938013673141739]
00236683,93220,391265,337,1;[61118, 1124, 0.8808351635338167, 1.2224316677897844, 151.10157403778504, 0.9337813620401505, 0.9949534414273621]
00236683,93220,391265,337,2;[64254.049999999996, 1166, 0.8722362436156592, 1.2337152288179494, 564.8185975037665, 0.8790782291139434, 0.9932763679509938]
00236683,93220,391265,337,3;[64409.18000000001, 1080, 0.8726724947670236, 1.265388216239573, 693.2371551550842, 0.9054723116006371, 0.9945737828032283]
00236683,93222,391274,426,2;[62796.299999999996, 1136, 0.8830140146854797, 1.2618411779405492, 351.3399176267912, 0.9240262330636166, 0.9985146219854868]
00236683,93222,391274,426,3;[64573.58, 1060, 0.8698739445591321, 1.2390712166734024, 806.0081702436511, 0.9022446887703707, 0.9947974377644812]
00236683,93222,391274,427,1;[65596, 1204, 0.8814352650098592, 1.1250380127803834, 426.6307949767584, 0.9036493789843961, 0.999078537540076]
00236683,93222,391274,428,3;[65283.240000000005, 1108, 0.8695688977103744, 1.2047253991752296, 663.4549987691171, 0.9024267478443797, 0.9949367881489524]
00236683,93222,391274,429,1;[65683, 1302, 0.8898643963502091, 1.2157433048057757, 263.5146465566555, 0.9138523580591842, 0.9900666244611257]
00236683,93222,391274,429,2;[65128.7, 1114, 0.8920105206580566, 1.2152927457141203, 901.9103499453104, 0.8625949441156302, 1.0004935743926293]
00236683,93260,391459,217,1;[61886, 1206, 0.88409827167143, 1.4305143674075829, 243.25219511796246, 0.9397923110539514, 0.9929323802876786]
00236683,93260,391459,217,2;[63468.649999999994, 1168, 0.8773761500382609, 1.303462920522043, 423.0964271691172, 0.9175794943361034, 0.9939989190599549]
00236683,93260,391459,217,3;[61080.08, 1002, 0.8684022285641108, 1.183091136102187, 330.8801757872058, 0.916625577751276, 0.9937478407203914]
00236683,93260,391459,218,1;[61371, 1146, 0.8861261793421696, 1.3227932692907638, 233.6975189654019, 0.9138117041258418, 0.9979592334523103]
00236683,93260,391459,218,2;[65415.49, 1146, 0.8806046328095137, 1.2456073480301915, 888.1625960645373, 0.8361238909296961, 0.9979485876116476]
00236683,93260,391459,219,3;[65165.420000000006, 1002, 0.8855295886816785, 1.201654730491485, 874.0681197302487, 0.8664653855605965, 1.0001682156524665]
00236683,93314,391804,1,1;[61200, 1184, 0.8911802629893917, 1.382171928150076, 230.7785941011806, 0.9282939375778478, 0.9964830011723329]
00236683,93314,391804,1,2;[63119.979999999996, 1172, 0.8732368986285801, 1.2855284088582624, 778.1732000879881, 0.8841258201664252, 0.9969738548578088]
00236683,93314,391804,1,3;[62554.200000000004, 1048, 0.8706816695963225, 1.2236399679595413, 396.73644698103055, 0.9037575184900603, 0.9935482467115642]
00236683,93314,391804,2,1;[60876, 1180, 0.8846231316147987, 1.3470361909588835, 237.77139752352406, 0.9341344635075844, 0.9983027082872112]
00236683,93314,391804,2,2;[63148.53999999999, 1058, 0.8865645945619125, 1.2173674482590253, 625.6957682754448, 0.8446343329217425, 1.0054568191291826]
00236683,93314,391804,2,3;[61967.840000000004, 1040, 0.8630861857690876, 1.2021879598329055, 462.1138465086889, 0.8699951446873627, 0.9957841205543386]
00236683,93331,391886,297,1;[64499, 1258, 0.8861004128455874, 1.1767130557255576, 486.22112839956037, 0.882567298345443, 0.9920557405541756]
00236683,93331,391886,297,2;[63365.119999999995, 1142, 0.8718246979181136, 1.2238753766468728, 720.7594945839151, 0.8495607612385334, 0.9981722919458998]
00236683,93331,391886,297,3;[60114.23, 962, 0.8786204077621724, 1.2399047265569842, 333.37371361298034, 0.9318307664323562, 1.000205151584226]
00236683,93341,391961,155,1;[64154, 1280, 0.8792525968196029, 1.2928483788835097, 374.536365774355, 0.935168653948244, 0.9960873210570443]
00236683,93341,391961,155,2;[62858.18, 1052, 0.8910501307441899, 1.1703169142364331, 1016.6524047850945, 0.8434156386230575, 0.9998391080909702]
00236683,93341,391961,156,3;[63548.82000000001, 1042, 0.8926078558902395, 1.1802893869861124, 792.7012788894507, 0.8845421833110562, 0.9976556618991289]
00521701,93026,390258,236,1;[65015, 1268, 0.8381775642546434, 1.2907349359759162, 250.17272954094338, 0.8658941841502674, 0.9906670222086777]
00521701,93026,390258,236,2;[63711.409999999996, 1160, 0.8328008538305073, 1.244832771554797, 383.41423372086234, 0.8778173893145765, 0.991986511399535]
00521701,93026,390258,236,3;[64650.3, 1088, 0.7961479669495897, 1.7462056904974999, 589.4067175037352, 0.9620048103930134, 9999]
00521701,93122,390796,1603,2;[62828.43, 1126, 0.819885475612702, 1.256333279056509, 299.49397662419483, 0.8638672780054223, 0.9927420416298441]
00521701,93122,390796,1604,3;[62922.73, 1048, 0.8185142145814573, 1.450235556326929, 320.0687700976941, 0.8812622518672641, 0.997166708279508]
00521701,93122,390796,1605,1;[62224, 1146, 0.8566837480585704, 1.2049831781894702, 156.220883867245, 0.9003790357456036, 0.9972993548904115]
00521701,93139,390917,48,1;[65905, 1250, 0.8177142451097035, 1.363160319113161, 272.79423457219696, 0.8735352990091628, 0.9921342817357269]
00521701,93139,390917,48,2;[63280.63, 1130, 0.8069446185618948, 1.4570263221994737, 273.2561554452453, 0.9667913955202088, 9999]
00521701,93139,390917,48,3;[62114.43000000001, 1014, 0.8202161911979294, 1.608353300801054, 300.4638342307913, 0.9710721126599146, 0.9903020771902235]
00521701,93141,390932,199,2;[64893.079999999994, 1162, 0.8456843959906979, 1.2595769526941694, 346.6162792194861, 0.8648392540420272, 0.9924382364984758]
00521701,93141,390932,199,3;[62017.16, 1054, 0.7860292950526333, 1.5138959370819465, 276.9085808237027, 0.9731655031711313, 0.9876726376191827]
00521701,93141,390932,200,1;[64754, 1262, 0.8692715981718601, 1.325863861317932, 226.1344441489002, 0.9672597308634594, 0.9923832584941227]
00496499,93080,390526,192,1;[42065, 896, 0.9595562064672525, 0.9021859075273211, 88.530325220464, 0.9715079006371974, 1.0020367083933825]
00496499,93080,390526,192,2;[19636.19, 580, 1.004369640055557, 0.8608649352424628, 261.77866867667177, 0.9768647802526156, 1.006250571698631]
00496499,93080,390526,192,3;[35577.530000000006, 694, 0.9832699791513629, 0.8281034000927051, 292.5017988690681, 0.9624139982791375, 9999]
00496499,93080,390526,193,2;[22423.17, 600, 1.0030890422889538, 0.8440986957686696, 245.20661487338168, 0.976017535707432, 1.0034882172813206]
00496499,93080,390526,193,3;[35678.91, 698, 0.9887164350323067, 0.8283187938913951, 310.5784892907396, 0.9581536327439963, 9999]
00496499,93080,390526,194,1;[41965, 898, 0.9583798200896287, 0.8838871659187826, 100.86655491813384, 0.971946137241059, 9999]
00496499,93080,390526,195,2;[19718.3, 650, 0.9794357106206135, 0.8850496942770276, 244.71863265668418, 0.9757155065890324, 9999]
00496499,93080,390526,195,3;[19493.730000000003, 564, 0.9937712032218665, 0.9368212297932338, 258.72501934423366, 0.9678019753494537, 1.0075411577270312]
00496499,93080,390526,196,1;[41532, 888, 0.959460161713364, 0.886733322929113, 133.68201457856733, 0.9727362829945339, 1.0031157162524456]
00496499,93080,390526,197,1;[37790, 838, 0.9722096031983103, 0.8773535911698845, 175.5431182631602, 0.9734374691558407, 1.0007149855678839]
00496499,93080,390526,197,2;[41459.6, 812, 0.9767062572347287, 0.8614832284465739, 255.08706300105092, 0.944324363002976, 1.005033823253667]
00496499,93080,390526,197,3;[40941.08, 754, 0.9698709486418998, 0.8120308992861215, 372.2939333627128, 0.9097971229654112, 9999]
00496499,93243,391392,32,2;[36742.439999999995, 758, 0.9808448603481242, 0.8488060304788129, 244.86790285516628, 0.9588930024568995, 1.0024512589081347]
00496499,93243,391392,32,3;[30289.33, 636, 0.9774960870032885, 0.8187040279933419, 276.74890949474235, 0.9636312515964099, 1.0052286987360188]
00496499,93243,391392,33,1;[42412, 898, 0.9540894520272496, 0.8890244824968684, 113.28402272927283, 0.9708354202698435, 1.0023633957269806]
00496499,93243,391392,34,3;[41306.87, 758, 0.9827610019905036, 0.8265777569846884, 314.39792097606085, 0.9477846527416653, 9999]
00496499,93243,391392,35,1;[34615, 798, 0.9727687820568831, 0.8861406856984688, 169.2332156107595, 0.9746229088815743, 9999]
00496499,93243,391392,35,2;[26381.11, 638, 0.9856320191175669, 0.8506140296169901, 307.27306264887187, 0.963083359404462, 1.0055108288921646]
00496499,93243,391392,36,1;[21508, 682, 0.9794870516634909, 0.8395420764898339, 133.1179788780363, 0.9900639806621243, 0.9983290011139992]
00496499,93243,391392,36,2;[39873.33, 794, 0.977996295387638, 0.8444747993288276, 240.451387791068, 0.9541986813285116, 1.0060500517932474]
00496499,93243,391392,36,3;[35111.73, 694, 0.9927718400214073, 0.8225912810311081, 343.6848236596638, 0.9533608556920057, 9999]
00496499,93243,391392,38,3;[33126.600000000006, 672, 0.988625723318533, 0.8158864658008373, 353.20831054007976, 0.9530518459008926, 1.005342702118371]
00496499,93243,391392,39,1;[39689, 864, 0.9729369271466171, 0.8961832487209997, 178.95847904910792, 0.972703440056862, 9999]
00496499,93243,391392,39,2;[41502.439999999995, 818, 0.9755544866589894, 0.8296328993480983, 309.6976602688157, 0.9262409968905199, 1.0053907578771368]
