02392941,93027,390267,276,2;[39390.189999999995, 830, 0.9778153942148496, 0.9901485878656691, 216.47519121013232, 0.9673837183491921, 1.0003777747555798]
02392941,93027,390267,276,3;[41530.18, 778, 0.9026018707013809, 0.9710005496470492, 169.1810258018166, 0.9425386400357476, 1.00796355716637]
02392941,93027,390267,277,1;[37150, 866, 0.98966587268182, 0.970885407256547, 51.75092423913358, 0.9944610747369609, 9999]
02392941,93032,390301,77,1;[15851, 588, 0.9750568719592813, 1.0272647724041175, 71.47910203757827, 0.9918438946029375, 9999]
02392941,93032,390301,77,2;[30894.78, 742, 0.9693700939941093, 0.9995447931388436, 204.86958231401266, 0.9783200779874354, 1.0053049370764764]
02392941,93032,390301,77,3;[34048.61, 718, 0.9035039294413427, 0.9853967962449846, 144.04069475301137, 0.9756650731330669, 9999]
02392941,93048,390341,502,1;[24653, 818, 1.21827704099151, 0.9790371251567141, 79.72201397789824, 0.9938151615398099, 0.9946741981036917]
02392941,93048,390341,502,2;[33592.51, 806, 0.9469699009131979, 0.9947894797788589, 188.1745274435886, 0.9823658411412801, 1.0057719029465209]
02392941,93048,390341,502,3;[39890.29, 762, 0.918195443071887, 0.9889836333915062, 108.23599771375999, 0.9516310233925527, 1.0046580636256988]
02392941,93048,390342,503,1;[21118, 698, 0.9734677626726029, 1.0144285849778722, 82.01308554253526, 0.9922713965278928, 9999]
02392941,93048,390342,503,2;[40843.18, 864, 0.9732571442052624, 0.9931987578402254, 209.45866414615875, 0.9603068761279812, 9999]
02392941,93048,390342,503,3;[40764.350000000006, 768, 0.9262830334976397, 0.9877836491621117, 67.45022790876246, 0.9445099267368551, 1.0040492660705247]
02392941,93048,390344,500,1;[37593, 896, 0.9842435528397293, 0.9564603509320823, 57.960406514650124, 0.9938639508460659, 9999]
02392941,93048,390344,500,2;[39562.74, 824, 0.9736362559716144, 0.9982670052458328, 204.54063097942333, 0.9694340744193574, 1.0069205724237147]
02392941,93048,390344,500,3;[24598.350000000002, 698, 0.9130524662571202, 0.973183037623995, 125.92433404391379, 0.9615588593623197, 1.0025125628140703]
02392941,93049,390353,568,1;[15247, 550, 0.9838088471720365, 1.0423760957613943, 90.60048098685299, 0.9936217419925767, 1.0036863932591666]
02392941,93049,390353,568,2;[27202.21, 744, 0.9750132144775431, 1.0253173920825902, 196.7647404531161, 0.980938860088821, 1.0090714459134351]
02392941,93049,390353,568,3;[28593.27, 686, 0.9081811698950497, 0.9922726707054214, 85.78417775876724, 0.9835497522146658, 9999]
02392941,93049,390354,566,1;[35495, 856, 0.9764985899535089, 0.977468868248626, 55.6445066011826, 0.9932249470301525, 1.0020891561503062]
02392941,93049,390354,566,2;[40326.72, 822, 0.9506476966211693, 0.9854326720724861, 156.49968986707293, 0.9765525342551672, 1.002603550295858]
02392941,93049,390354,567,3;[36094.020000000004, 732, 0.9328730154111502, 0.9958845024720884, 127.3261942438922, 0.9732638201264193, 9999]
02392941,93050,390356,613,1;[25273, 756, 0.9527571257236354, 0.9609848920090515, 54.228704582552254, 0.994029389043802, 1.0029167245381854]
02392941,93050,390356,613,2;[41460.79, 848, 0.9757184149836085, 0.9895096720769277, 155.16732831613692, 0.9799475102552435, 0.9989248390842496]
02392941,93050,390356,613,3;[39894.4, 774, 0.9087875025986789, 0.972805552148658, 147.14544428162756, 0.8799053462545834, 1.0051604218083914]
02392941,93052,390368,709,1;[34910, 840, 0.9956736167760766, 0.9685964000682217, 60.792326038121004, 0.993770580065418, 9999]
02392941,93052,390368,709,2;[39265.24, 816, 0.9403696741672274, 0.9799030092589341, 155.538847750014, 0.9760095719871642, 0.9996515943346209]
02392941,93052,390368,710,3;[40056.060000000005, 772, 0.9224138002536695, 0.9973649169128916, 96.45716583857869, 0.9715917652252168, 9999]
02392941,93052,390372,708,1;[24999, 760, 0.9924486412279016, 0.9658967551786614, 60.67265792234223, 0.9947076240629988, 1.0036735922914786]
02392941,93052,390372,708,2;[39585.35, 862, 0.9702333948723468, 1.0620535434372644, 212.22073970897443, 0.9676856718891892, 1.001550574314661]
02392941,93052,390372,708,3;[15650.880000000001, 496, 0.9057944686167612, 0.9960058817427185, 149.884196759738, 0.9720458441145396, 1.0046168051708217]
02392941,93056,390386,416,1;[34992, 842, 0.9792969009829713, 0.9768440994457462, 47.435342025019814, 0.9943930717181902, 9999]
02392941,93056,390386,416,2;[37887.22, 810, 0.9350790689459025, 0.9730750028244035, 171.29309936432367, 0.9773857404153703, 1.0040049194285894]
02392941,93056,390386,416,3;[25546.390000000003, 652, 0.9077063588879517, 0.9677170595280068, 179.23596321654708, 0.9535094190679818, 1.0017997689848765]
02392941,93057,390391,450,1;[40728, 896, 0.9884447363303693, 0.9589539566237495, 58.25653148046145, 0.9932201325262467, 9999]
02392941,93057,390391,450,2;[41381.06, 862, 0.966780270307464, 0.9938735663850219, 184.04104367263514, 0.9726717652775595, 0.9930888736577564]
02392941,93057,390391,450,3;[32301.860000000004, 698, 0.9251063388846725, 0.9903332956243126, 119.6169074768094, 0.9759771477332794, 9999]
02392941,93062,390404,757,1;[38653, 876, 0.9805130611718388, 0.9695829316074627, 44.77864296154609, 0.9942991137246016, 1.0029059962118263]
02392941,93062,390404,757,2;[39647.229999999996, 832, 0.9933217551534183, 1.0036150563079738, 194.0972781885873, 0.9792690548396965, 1.0057658636720401]
02392941,93062,390404,757,3;[40778.05, 766, 0.9224505042669873, 0.9640787985291058, 70.64288477576783, 0.970686845060321, 4579.2307692307695]
02392941,93063,390411,841,1;[41261, 918, 0.978805774695833, 0.9746702028994033, 45.885399375131215, 0.9939194359575599, 1.0021860047120545]
02392941,93063,390411,841,2;[40774.159999999996, 846, 0.9993533256416081, 0.9990880128145744, 198.4276345322091, 0.9654710319755417, 0.986198857340222]
02392941,93063,390411,841,3;[24342.160000000003, 648, 0.9242281651408741, 0.9876956442389594, 167.46815125511358, 0.9609459902796456, 1.0036433473606914]
02392941,93064,390415,912,1;[41923, 914, 0.9801183552445334, 0.9776101889518829, 49.71215484680859, 0.9931716175830858, 9999]
02392941,93064,390415,912,2;[30237.899999999998, 740, 0.9510516740333602, 0.9994938106418778, 199.93705201825773, 0.9772994973994767, 1.0036535992890294]
02392941,93064,390415,912,3;[31241.480000000003, 696, 0.9296286932140495, 0.9878310591872427, 141.95286232352515, 0.9719810884536311, 1.0064436402153765]
02392941,93067,390433,77,1;[25577, 820, 0.9760240946092916, 0.9818641840101745, 82.44223027678798, 0.9922560025920373, 0.9984970037672503]
02392941,93067,390433,77,3;[40897.240000000005, 780, 0.9214397306545232, 0.9795059323204764, 106.98028662403559, 0.963773382240315, 5970.4]
02392941,93067,390433,78,2;[25045.93, 722, 0.9822610412030325, 1.022506401420263, 184.76177705489025, 0.9799595046829381, 0.9981267635691082]
02392941,93067,390434,79,1;[33791, 844, 1.0057364941966245, 0.9502554918539654, 78.40571754487647, 0.9922985490315057, 0.9978885197489848]
02392941,93067,390434,79,2;[26807.129999999997, 728, 0.9466676189858566, 0.9961798656320839, 179.29366343937244, 0.9789263749853205, 1.0092968032438003]
02392941,93067,390434,79,3;[41491.82, 778, 0.9173037786631562, 0.9700912233292119, 92.1884633403124, 0.9621569816265237, 0.9976775978785433]
02392941,93070,390459,333,1;[34484, 848, 0.9770495599933441, 0.9712284729805103, 70.88876218080381, 0.9918490113236509, 1.0007545417609844]
02392941,93070,390459,333,2;[30180.78, 756, 0.9657335805230212, 1.0360020666972758, 205.3607076371714, 0.9775375456787615, 1.003402437094477]
02392941,93070,390459,334,3;[41287.69, 782, 0.9186452808216641, 0.9711262185762604, 93.13636496928459, 0.9606635685600597, 9999]
02392941,93071,390462,405,1;[41671, 918, 0.9719821521120936, 0.9764042186478165, 67.0247546362987, 0.9901881342453145, 0.9997960628126537]
02392941,93071,390462,405,2;[40696.81, 872, 0.9776015399186727, 0.9915039682562243, 174.4828439063667, 0.9690056360080727, 0.984909138035308]
02392941,93071,390462,406,3;[41571.280000000006, 780, 0.9099713867822431, 0.9619559203165012, 150.16066129064268, 0.9444719584038664, 0.9975508325525585]
02392941,93071,390463,407,1;[40570, 916, 1.0021100905933873, 0.9507119339804386, 82.89673980757324, 0.9913323043636968, 0.9933766726656138]
02392941,93071,390463,407,2;[25458.86, 706, 0.9916150852158742, 1.0033535230316428, 197.8402385074775, 0.9797852801867926, 1.005948042788292]
02392941,93071,390463,407,3;[42013.79, 806, 0.912110881973978, 0.9731865442954445, 156.7728119245457, 0.9396277501784535, 1.00066891814726]
02392941,93072,390470,497,1;[30147, 844, 0.9423454097718448, 0.9813967942483052, 63.65935045021476, 0.9923414331743446, 0.9990555251777103]
02392941,93072,390470,497,2;[40725.369999999995, 852, 0.9382744520448617, 0.9872263112331849, 164.517597710824, 0.9796805014028694, 1.0054646414196315]
02392941,93072,390470,497,3;[27030.100000000002, 724, 0.9257240964614297, 0.9977016488786272, 141.8109602833535, 0.9649465080851406, 1.0018025337023027]
02392941,93074,390482,644,1;[39841, 902, 0.9406672641733899, 0.9764833716188417, 59.70258959428797, 0.9901375145604276, 1.0051593859195438]
02392941,93074,390482,644,2;[37605.189999999995, 816, 0.935111189644811, 0.9708261349335033, 177.71273838909067, 0.9794150721810517, 1.0032063492063492]
02392941,93074,390482,644,3;[31241.480000000003, 696, 0.9193238265311857, 0.9812144791683568, 192.03431302226875, 0.9623972093405679, 1.003586753218176]
02392941,93076,390498,753,2;[24938.829999999998, 726, 0.9862351666143191, 1.0015883279782645, 196.98802989261947, 0.9771525244605679, 1.0073059360730594]
02392941,93076,390498,753,3;[40073.87, 800, 0.9121473259345118, 0.9708055734894054, 115.41853311022936, 0.8924703063680747, 0.999846182769052]
02392941,93076,390498,754,1;[26977, 778, 0.9574804508982838, 0.9683019493157713, 69.17414396600222, 0.9913907004365243, 0.9997220626656044]
02392941,93076,390500,751,1;[33447, 842, 0.9949113643791835, 0.9628733280069539, 88.0395071963463, 0.9914906785022688, 0.9995367949196862]
02392941,93076,390500,751,2;[22291.079999999998, 660, 0.944339062093918, 1.0435100169206846, 272.2704859270461, 0.9730614904175489, 1.0078282624485513]
02392941,93076,390500,751,3;[36166.630000000005, 740, 0.9304914347432113, 1.0018798419703736, 104.66744141106918, 0.9782878871175602, 9999]
02392941,93079,390520,135,1;[25672, 830, 0.9802091459200623, 0.9598941498802894, 76.24445456601731, 0.993750970147349, 0.9976295029728365]
02392941,93079,390520,135,2;[25581.43, 720, 0.9572052491122718, 1.0144453268908111, 187.1163070145473, 0.9793551926847187, 1.002939255388635]
02392941,93079,390520,135,3;[26145.08, 672, 0.9266572095039161, 1.0031657353293593, 147.46103362164908, 0.9608357864772675, 1.0046061116521465]
02392941,93081,390537,264,1;[40535, 936, 0.977851537744734, 0.9637154496671554, 76.65282017362982, 0.9909995563041798, 1.00263428027258]
02392941,93081,390537,264,2;[24393.809999999998, 724, 0.9686808260075507, 0.9910346353961653, 293.91771839195013, 0.954738187019714, 1.0013922473803767]
02392941,93081,390537,264,3;[27058.870000000003, 676, 0.9121260379518297, 0.9697784717848177, 124.24013617671618, 0.9663165416182381, 9999]
02392941,93082,390546,317,1;[39229, 922, 0.9938710343997095, 0.9649685816487746, 68.86183148114557, 0.9925185380952928, 9999]
02392941,93082,390546,317,2;[36556.799999999996, 800, 0.9434265940735773, 0.9821009130372752, 185.71639009017625, 0.9782249458760937, 0.9974997564697861]
02392941,93082,390546,317,3;[39199.810000000005, 760, 0.9233743963613741, 0.9856821817542831, 98.0404462206902, 0.9754055127370986, 9999]
02392941,93083,390550,378,2;[39410.42, 826, 0.9329465330616661, 0.9801410498669058, 161.91161581806847, 0.975558183437286, 1.003530142569277]
02392941,93083,390550,378,3;[41980.91, 786, 0.9167690748754861, 0.9839196215157008, 88.42339302648583, 0.9363111086350423, 1.0005060811362338]
02392941,93083,390550,379,1;[18359, 594, 1.001349429304131, 0.9617031104122894, 89.61676760921294, 0.9933991336708142, 1.0088471260578085]
02392941,93086,390572,608,2;[16824.219999999998, 542, 0.9408249671900907, 1.0669842371315073, 228.48629644550965, 0.980946251814139, 1.0030151466780177]
02392941,93086,390572,608,3;[34332.200000000004, 750, 0.9064899498226661, 0.9940223834304863, 134.82460501283532, 0.9771168080970548, 9999]
02392941,93086,390572,609,1;[33279, 868, 0.9905922735412072, 0.8618417506157514, 77.65053877022852, 0.9925436829377376, 0.9987395336274422]
02392941,93092,390596,728,2;[41805.89, 884, 0.9745920718006974, 0.9922557351016227, 238.15790257145713, 0.9566847364848328, 0.9979121987245949]
02392941,93092,390596,728,3;[40228.68, 784, 0.911364736870636, 0.9841846009436251, 122.6584921621511, 0.9412004346395514, 1.001005641821064]
02392941,93092,390596,729,1;[35787, 868, 0.9842726410483879, 0.9619138060874878, 63.08631090522326, 0.9935493941181481, 9999]
02392941,93096,390620,987,1;[41282, 940, 0.9449299868428294, 0.973464621884782, 60.11861673240938, 0.9889135763334012, 82564.0]
02392941,93096,390620,987,3;[41650.740000000005, 794, 0.9193157966077414, 0.9705339132249405, 82.33075775292038, 0.9469946165831781, 0.9993754314453831]
02392941,93096,390620,988,2;[39223.59, 832, 0.990601558505982, 1.002449257679101, 179.31903465420686, 0.9813932465241124, 9999]
02392941,93096,390623,989,1;[41160, 940, 0.9660098664060868, 0.9637634410966124, 57.14858625445874, 0.9930427293623654, 9999]
02392941,93096,390623,989,2;[40614.7, 864, 0.9809527889412052, 0.9891579519012224, 175.8789682923936, 0.9709252188822058, 0.9927138930498393]
02392941,93096,390623,989,3;[24953.18, 714, 0.9179901285968132, 0.9848026414701515, 131.42731715964956, 0.9671502195608852, 505.94444444444446]
02392941,93098,390632,1183,1;[23008, 796, 0.908290321466163, 0.9810310703064974, 108.45201415869134, 0.9888525880994906, 0.953916955160762]
02392941,93098,390632,1183,2;[29564.359999999997, 760, 0.9858561500961549, 1.0025815794433044, 220.489458601639, 0.980060376776032, 1.0053822184452268]
02392941,93098,390632,1183,3;[41246.590000000004, 786, 0.9176694925648365, 0.9839242223220084, 83.38672223627754, 0.9417412426070464, 0.9943687556766576]
02392941,93098,390637,1181,2;[40043.5, 828, 0.9881852138819464, 0.9986800258425786, 183.2339130365966, 0.9739385785141825, 9999]
02392941,93098,390637,1181,3;[40975.33, 776, 0.9261093896018159, 0.9851573037216386, 70.57428596517511, 0.9649082834559946, 9999]
02392941,93098,390637,1182,1;[40938, 942, 0.9602695383119563, 0.967577840631281, 68.70290426206098, 0.9905501434861047, 1.0014187866927593]
02392941,93103,390671,1594,1;[14992, 546, 0.9677111657419878, 1.0315577296222418, 113.80029772876175, 0.9900440924963783, 0.9969079362968382]
02392941,93103,390671,1594,2;[20814.29, 616, 0.9689293092225475, 1.040773147545668, 255.62144000681454, 0.9746467323969082, 1.003816465321817]
02392941,93103,390671,1594,3;[33219.76, 708, 0.9302641823249513, 0.9969752984859697, 165.30743359474232, 0.9676736384864852, 1.0068931151897682]
02392941,93115,390748,45,1;[39312, 890, 0.9849883175132262, 0.9559497196325291, 69.84239724756395, 0.992268177938301, 1.00171998624011]
02392941,93115,390748,45,2;[15286.74, 504, 0.9853699849170627, 1.0238847169696603, 259.5092029914909, 0.975137234666234, 1.0007790588968526]
02392941,93115,390748,45,3;[25492.960000000003, 704, 0.8977138619898608, 0.9357150143718359, 188.48560012423184, 0.9753815474763384, 9999]
02392941,93115,390750,43,1;[33830, 860, 0.9547952663665615, 0.9750179568756508, 58.21260675770806, 0.9923642182597491, 1.0046177374571263]
02392941,93115,390750,43,3;[37151.66, 744, 0.9330991611921167, 0.9944277484999352, 113.49583817782892, 0.9710652748248358, 9999]
02392941,93115,390750,44,2;[33028.45, 768, 0.9707306387028598, 0.9968964530340092, 162.28091166031993, 0.9829151881453236, 1.0016058894642825]
02392941,93122,390792,1695,2;[40639.689999999995, 844, 0.9816684443479601, 0.9955460195993103, 201.99073678812363, 0.9639958988087026, 0.9946265526932766]
02392941,93122,390792,1695,3;[32241.58, 702, 0.9285992586104167, 1.0075386527156451, 123.19687911709698, 0.9747231128013231, 1.0030901690002771]
02392941,93122,390792,1696,1;[39757, 888, 0.9955106542362405, 1.0035923525392498, 74.79741088581446, 0.99183994065505, 9999]
02392941,93122,390798,1697,1;[16018, 586, 0.9753023144619563, 1.0359357200226036, 113.28536130207354, 0.9897769584120576, 0.9962991758668948]
02392941,93122,390798,1697,3;[26541.010000000002, 670, 0.9229044821766235, 0.9968776644209341, 161.1709469606597, 0.9597519420482575, 1.0039644495115694]
02392941,93122,390798,1698,2;[36434.229999999996, 814, 0.9288951260245418, 0.9760646960748467, 157.01005518068285, 0.9751603913842695, 9999]
02392941,93123,390800,1764,1;[40024, 898, 0.9502189238053679, 0.9780622051152079, 39.65997648034712, 0.9896413683544935, 1.0003124101820726]
02392941,93123,390800,1764,2;[25355.329999999998, 750, 0.9781250320977842, 1.0131490471351476, 294.34367173644483, 0.9727352197770185, 0.9997653903903904]
02392941,93123,390800,1764,3;[35524.100000000006, 732, 0.9335025095119724, 1.004626080504233, 114.94462985146899, 0.9766817963307933, 9999]
02392941,93125,390813,1834,1;[28297, 786, 0.9599410510241386, 0.9607052783289347, 39.94196740713932, 0.995163849081566, 1.0045974971154699]
02392941,93125,390813,1834,3;[28023.350000000002, 674, 0.9291000915762546, 0.9974730499111749, 162.96252549175279, 0.9630303191286604, 1.009400676059118]
02392941,93125,390813,1835,2;[24590.16, 766, 0.9839420475949475, 1.0206393384400319, 244.8933792421418, 0.9751350179159236, 0.9995888257346717]
02392941,93128,390832,397,1;[31349, 820, 0.9969851577892792, 0.9612838293731418, 73.63491637423027, 0.9928534446580122, 9999]
02392941,93128,390832,397,2;[38353.7, 822, 0.9308736388790506, 0.9699633279228109, 167.34291025145805, 0.9795112020786994, 1.0062598541969123]
02392941,93128,390832,397,3;[28917.960000000003, 688, 0.9200214110999618, 0.9694303664229421, 226.08333184881926, 0.9538874460174772, 1.0039715569930319]
02392941,93129,390840,477,1;[25438, 772, 0.9792863175949568, 0.9754697447519011, 75.93506354109597, 0.9930638995302774, 1.0041249728620207]
02392941,93129,390840,477,2;[28880.109999999997, 742, 0.9507990741989903, 0.9916014677421245, 211.51964120307534, 0.9773323108358581, 1.003514720476348]
02392941,93129,390840,477,3;[41327.420000000006, 782, 0.921957156066461, 0.9839320366248372, 76.11688624381605, 0.9626465807300992, 1.0038101259504517]
02392941,93129,390841,479,1;[24883, 768, 0.9694863472696598, 0.9735246453814419, 65.15712597254603, 0.9939824405183799, 1.0011668141948982]
02392941,93129,390841,479,2;[41578.6, 848, 0.960365643236253, 0.9919227286264691, 163.0111875280204, 0.9767343390784886, 0.9970607539308849]
02392941,93129,390841,479,3;[40989.030000000006, 800, 0.9187269372723941, 0.9838601001862645, 93.06587500447266, 0.9190634397390067, 9999]
02392941,93129,390842,476,1;[38395, 894, 0.9422692945424814, 0.9772397035273116, 42.363109742615734, 0.9935866795436029, 9999]
02392941,93129,390842,476,2;[39878.09, 830, 0.9563788016491166, 0.9992061579418595, 178.86956909490812, 0.9774815147131972, 0.9922717043704844]
02392941,93129,390842,476,3;[39005.270000000004, 780, 0.9228818874102586, 0.9800254871977461, 109.91522806869125, 0.9764188638128618, 9999]
02392941,93130,390852,557,1;[39460, 888, 0.9871778646410414, 0.964405132658572, 63.64315565875593, 0.9923977769362307, 9999]
02392941,93130,390852,557,2;[40693.24, 858, 0.965185637613574, 0.9857843724880475, 136.17360522324483, 0.9778713668585509, 0.987895421060234]
02392941,93130,390852,557,3;[25023.050000000003, 654, 0.9073895104892221, 0.9647584596045411, 210.89214222377652, 0.9562574115489686, 9999]
02392941,93131,390857,682,1;[22774, 732, 0.9697469271338298, 1.0299982389112, 90.23564269737655, 0.9921272980850039, 9999]
02392941,93131,390857,682,2;[40623.03, 874, 0.9772315376788538, 0.9894679574486424, 162.36673395134707, 0.9730722629974533, 9999]
02392941,93131,390857,682,3;[38106.55, 788, 0.8994914116197981, 0.9808192659032497, 229.38209666173933, 0.8547697840082554, 0.9737270483625352]
02392941,93135,390886,962,1;[17587, 634, 0.9667840223724807, 1.017699174076029, 115.72503360480268, 0.9898625983498187, 0.9945710569473506]
02392941,93135,390886,962,3;[40721.880000000005, 804, 0.9033048849759904, 0.9795549414767127, 197.90579669152808, 0.9018641465425257, 9999]
02392941,93135,390886,963,2;[25494.559999999998, 714, 0.9698365064349197, 0.9877356253820053, 199.94310888053874, 0.979430808576535, 1.0066013578593747]
02392941,93136,390894,1047,1;[23153, 774, 0.9432060382844237, 0.9536885642332544, 80.81631926871228, 0.9891876989239352, 9999]
02392941,93136,390894,1047,2;[36891.189999999995, 806, 0.9322843900908456, 0.976721157454613, 167.78309016767804, 0.9740133810376658, 1.0004679457182968]
02392941,93136,390894,1047,3;[31116.81, 730, 0.9296100005455847, 1.0087810895960962, 117.89540704264907, 0.9752719292309864, 9999]
02392941,93138,390915,1195,1;[31580, 870, 0.9494272684073534, 0.9823746705578401, 40.74274912830793, 0.9957466807099732, 9999]
02392941,93138,390915,1195,2;[41942.74, 854, 0.9771660321041363, 0.9913221074041595, 197.52505076572382, 0.9726695305732831, 1.0018903054335622]
02392941,93138,390915,1195,3;[31437.390000000003, 726, 0.9346280320976537, 1.0198601260781774, 153.268504140171, 0.9716616007403757, 1.0024682728642886]
02392941,93139,390923,36,1;[37020, 864, 0.9613969382606811, 0.9608765310196572, 43.50099606479522, 0.9941712353582463, 9999]
02392941,93139,390923,36,2;[25733.75, 706, 0.9895769170453976, 0.9997672054145065, 180.35628604131657, 0.9810049043391891, 1.0063756515264333]
02392941,93139,390923,36,3;[18418.280000000002, 548, 0.8898614378085812, 1.0354784872147769, 156.69920729887133, 0.9715251145443615, 9999]
02392941,93141,390937,184,1;[41545, 904, 0.9992854091828237, 0.966154439022537, 62.971134010588656, 0.9928700466296891, 1.0012411582537024]
02392941,93141,390937,184,2;[39279.52, 866, 0.974299942288675, 0.9823485423216173, 231.09335514199654, 0.9613742612265784, 0.9907849317124419]
02392941,93141,390937,185,3;[34111.630000000005, 720, 0.9289545488752412, 0.9956402433233573, 112.42562773853707, 0.9765218194949447, 0.999698873787967]
02392941,93163,391033,70,1;[26798, 776, 0.9715532210058857, 0.974054533158264, 52.432772665484215, 0.994536890369676, 9999]
02392941,93163,391033,70,2;[39452.07, 826, 0.9457995055563795, 0.9886478091961185, 176.06076348952323, 0.975108931378588, 0.998554260413843]
02392941,93163,391033,70,3;[39394.350000000006, 766, 0.9083274855254674, 0.9781606810052825, 119.64157116315117, 0.881772508263099, 0.9981082628993908]
02392941,93164,391035,114,1;[32835, 838, 0.998116632834777, 0.9675413101416134, 58.106972999452424, 0.9944494459382283, 9999]
02392941,93164,391035,114,2;[40345.759999999995, 838, 0.9667699045735184, 1.0103366742769877, 188.31299296126824, 0.9733119793664172, 1.0055909003277423]
02392941,93164,391035,114,3;[28445.31, 670, 0.9101957816496965, 0.9908093864445021, 171.17981611862808, 0.9717289239631401, 1.0054965011259354]
02392941,93165,391040,168,2;[22123.289999999997, 674, 0.9699260447330275, 1.0062547025657793, 350.4139447065371, 0.9639567496900606, 1.0045931049389387]
02392941,93165,391040,168,3;[40694.48, 784, 0.902958560792513, 0.9737226476796377, 213.421522590502, 0.9443647435560808, 1.000437843117443]
02392941,93165,391040,169,1;[27993, 784, 0.9724970541568636, 0.9795943854081783, 48.76786375804919, 0.9950889981194228, 0.9998392713635146]
02392941,93165,391041,170,1;[40320, 906, 0.9765320367129712, 0.9806764977229725, 56.667390901118026, 0.9929892707814447, 1.0031098395322802]
02392941,93165,391041,170,2;[40380.27, 834, 0.9506827092825241, 0.9860944073241013, 175.4296938546754, 0.973406738326395, 9999]
02392941,93165,391041,170,3;[34548.66, 716, 0.9260936081112714, 0.984297486304981, 164.73949782266013, 0.9655602048567283, 1.0027835215524097]
02392941,93165,391044,167,1;[33917, 832, 0.9974737729993951, 0.9736644949463603, 60.727345791166776, 0.993260414512765, 9999]
02392941,93165,391044,167,2;[41545.28, 850, 0.9629225772698472, 1.0016970328781076, 150.6004589781015, 0.9789470267261475, 1.0004871758131537]
02392941,93165,391044,167,3;[32986.86, 744, 0.9088004028639041, 1.00157464411817, 129.99532938401026, 0.9757186797550876, 9999]
02392941,93166,391045,237,1;[41478, 952, 0.9434823233178916, 0.9744052865707473, 60.509294700601245, 0.9914573248874609, 0.9985074626865672]
02392941,93166,391045,237,2;[41511.96, 844, 0.9664825699253887, 0.9955329568212158, 145.8928858955987, 0.9794198819124631, 9999]
02392941,93166,391045,237,3;[23824.300000000003, 624, 0.9574815613259822, 1.0319040960053785, 168.26945565616631, 0.9850686589174759, 1.0038097437081506]
02392941,93166,391048,239,2;[40211.29, 860, 0.9513287453166555, 0.9853626480192078, 167.00393431456365, 0.9731852057327759, 0.9909093574968476]
02392941,93166,391048,239,3;[39240.91, 760, 0.923998460387634, 0.9949268603530863, 99.15967475505866, 0.9747487270536056, 9999]
02392941,93166,391048,240,1;[40478, 928, 0.9856640012802458, 0.9731670622338828, 47.0099368546619, 0.9937439397710737, 1.0043794895971614]
02392941,93167,391053,278,1;[40448, 930, 0.9946176227716611, 0.9665061710127278, 74.98557442849356, 0.9921035371323583, 9999]
02392941,93167,391053,278,2;[29072.89, 758, 0.9698519883550945, 0.9941690809880395, 202.63055186744057, 0.9812754806657596, 1.0012910100616816]
02392941,93167,391053,278,3;[41315.090000000004, 782, 0.9142252053374801, 0.9787238041610387, 132.4480752904438, 0.9146037138176482, 1.003594129588339]
02392941,93170,391063,314,1;[41521, 906, 0.9889006719181221, 0.9659306714820602, 58.3840349546485, 0.9931473390039796, 9999]
02392941,93170,391063,314,2;[40869.36, 832, 0.9542993288229763, 0.9879528816588855, 177.49957260806772, 0.9752766492065074, 1.000101920472911]
02392941,93170,391063,314,3;[30240.010000000002, 696, 0.9285457461940255, 0.9976807497083122, 129.7476486026506, 0.9703004244047932, 1.0050770666848803]
02392941,93171,391071,396,1;[21778, 740, 0.9425863596810531, 0.9743997543656663, 73.55263130408062, 0.9922413853197438, 9999]
02392941,93171,391071,396,2;[40933.619999999995, 846, 0.9781896898839999, 0.9961694020896292, 187.50599480256776, 0.9755436541719972, 0.9870442904489304]
02392941,93171,391071,396,3;[41475.380000000005, 780, 0.9059222936568474, 0.9691173957219619, 159.8849346609492, 0.9119529322097957, 0.9987463710741621]
02392941,93172,391086,466,1;[28261, 850, 0.9534164963921488, 0.9817205446108349, 43.196856365803605, 0.9957319045401516, 1.0002300518501477]
02392941,93172,391086,466,2;[38776.15, 816, 0.9724005432420515, 0.9940180420981899, 172.6379045022623, 0.9790034047862396, 0.9964222371720384]
02392941,93172,391086,466,3;[35369.29, 730, 0.9237623209721304, 0.995241145492236, 122.77481673298789, 0.9720137128343368, 9999]
02392941,93173,391092,590,1;[19878, 638, 0.9821066109157859, 0.9699577782080765, 94.25839997675403, 0.9939608609740962, 1.0033313143549365]
02392941,93173,391092,590,2;[19812.309999999998, 630, 0.9879090063962774, 1.0145918304175916, 268.2248113716447, 0.9789209183321724, 1.0029518072289156]
02392941,93175,391103,719,1;[41064, 920, 0.9710590898185103, 0.9845328871335397, 53.93200108041151, 0.9925885776104669, 1.00416936676978]
02392941,93175,391103,719,2;[39774.56, 856, 0.9855520195004325, 0.9986266809179404, 215.7099287987724, 0.9654815712396675, 1.0003591524003352]
02392941,93175,391103,719,3;[24951.81, 688, 0.9028955030510284, 0.9402532647544682, 168.0266178734891, 0.9772365861436527, 9999]
02392941,93175,391104,720,1;[31149, 788, 0.9689078329070495, 0.956980810861048, 60.74913549550137, 0.9942655228590256, 1.0028654217643271]
02392941,93175,391104,720,2;[38516.729999999996, 822, 0.9536281888792579, 0.9855168547870321, 190.29150452340443, 0.9752316564632688, 0.9956013534297139]
02392941,93175,391104,720,3;[33448.55, 722, 0.9306052215484509, 0.99768278003958, 133.83877139583677, 0.9749036953741437, 0.9992019480652357]
02392941,93180,391144,29,1;[26247, 824, 0.9916892975375086, 0.9850141346759643, 66.81421664094317, 0.9944333734740118, 1.0031147885574516]
02392941,93180,391144,29,2;[31101.84, 780, 0.9695166870330092, 0.9901785948340178, 169.23282375066674, 0.9793593027571302, 1.0021280266866048]
02392941,93180,391144,29,3;[15848.160000000002, 486, 0.9143855178578167, 1.0170647872716776, 167.21177668846317, 0.971000935894198, 1.0032087416529356]
02392941,93180,391148,27,1;[41243, 940, 0.975403925472178, 0.9611183431962482, 71.54715123061504, 0.992236619265615, 1.002844915625152]
02392941,93180,391148,27,3;[39023.08, 762, 0.9102990773391302, 0.9699716154668279, 198.05561987089354, 0.9601667520489076, 0.9929582374677544]
02392941,93180,391148,28,2;[22952.719999999998, 724, 0.9506504076201383, 1.0455949427645927, 309.3361763678858, 0.9720745972454685, 0.9986538262400332]
02392941,93182,391157,178,2;[41560.75, 876, 0.9239258495147735, 0.9982827701547071, 192.69472590633688, 0.958745830658538, 0.9966184884500692]
02392941,93182,391157,178,3;[23895.54, 648, 0.9183138030162937, 0.9703784488470129, 200.66925967507586, 0.9742698267362582, 1.002154615185728]
02392941,93182,391157,179,1;[25086, 792, 1.0139967279934015, 1.023143297859073, 105.61775403241748, 0.9912363621008974, 1.0067219134378071]
02392941,93188,391169,274,1;[39471, 924, 0.9763539708874047, 0.965802745031953, 71.86339561927372, 0.9913411880192383, 1.0032151889082337]
02392941,93188,391169,275,2;[16790.899999999998, 526, 0.9581522248615982, 1.0851058617655795, 223.84191744733758, 0.9808776852273683, 1.003627569528416]
02392941,93188,391169,275,3;[40054.69, 782, 0.9288635275448505, 0.9864448691026415, 105.12406181288644, 0.9719074243443817, 9745.666666666666]
02392941,93190,391185,396,1;[20270, 706, 0.9336744587903184, 1.0152002517773762, 126.49116215053861, 0.9880549467338486, 0.9970977421417679]
02392941,93190,391185,396,2;[20068.16, 600, 0.9704649205383081, 1.0282877277140836, 254.58969053339376, 0.9727950032194923, 1.0053654465243829]
02392941,93190,391185,396,3;[40030.030000000006, 772, 0.920305227422581, 0.9901882472819918, 113.03836590855066, 0.921971943987348, 0.9945708596422554]
02392941,93190,391187,395,1;[42028, 946, 0.9765503679130327, 0.9737410564326519, 81.1956332584429, 0.9911551295746986, 1.0020265598550413]
02392941,93190,391187,395,2;[41398.909999999996, 874, 0.985507768380874, 0.99562179436673, 195.36855531037838, 0.957839414045419, 0.993417952854838]
02392941,93190,391187,395,3;[21599.420000000002, 662, 0.9084637175658398, 0.9966124611327052, 215.08042861531374, 0.9483515277013748, 0.9960199633583928]
02392941,93204,391209,529,1;[41605, 918, 0.9638323372171077, 0.9787587785561853, 54.96107703408549, 0.9920695785379322, 1.003497346840328]
02392941,93204,391209,529,2;[41490.54, 864, 0.9632416449658739, 0.9935167209710274, 176.39740884240757, 0.9744444883019028, 0.9979820531535787]
02392941,93204,391209,529,3;[33570.48, 712, 0.9360196192677569, 0.999484612846498, 190.45412379041267, 0.9666633868220742, 1.0011439777741462]
02392941,93218,391246,152,1;[24207, 800, 0.9472141173196881, 0.9661437308513245, 83.11574008087011, 0.9911478527355472, 9999]
02392941,93218,391246,152,2;[16619.54, 528, 0.940125955851432, 1.041221084195396, 241.40113192423289, 0.9807563304948808, 1.005906078939787]
02392941,93218,391246,152,3;[39251.87, 770, 0.9128356057600844, 0.9960881929460184, 107.53483120125802, 0.9177163488072656, 0.9974932980538245]
02392941,93219,391254,200,3;[22636.510000000002, 674, 0.9059518837860217, 1.0427203371040505, 225.62295796916703, 0.9538802319436667, 0.9980369061641147]
02392941,93219,391254,201,1;[38779, 890, 0.9800217652554737, 0.9650024949682846, 57.058107516282284, 0.9932213480755441, 9999]
02392941,93219,391254,201,2;[24062.989999999998, 726, 0.9512671726209927, 1.0030470751992038, 306.7538283186144, 0.9726233498538389, 1.0018579532786682]
02392941,93220,391259,256,1;[41318, 936, 0.9912980363251332, 0.9598336748541342, 64.71615433630285, 0.9929609274654225, 1.0010539194902421]
02392941,93220,391259,256,2;[21092.75, 644, 0.9813154913344354, 1.0029800630271255, 275.0814476390354, 0.9767038652928709, 1.0012710069199267]
02392941,93220,391259,256,3;[39838.23, 776, 0.9279301471882284, 0.9874625023023916, 111.68292394336868, 0.9734749558295255, 0.9965387251542153]
02392941,93222,391268,321,1;[41247, 910, 0.9597365516860407, 0.961983821992491, 53.14326750303759, 0.9913677581825433, 1.002600875060768]
02392941,93222,391268,321,2;[24862.67, 756, 0.9534009870277895, 1.135697388186769, 312.05474521408416, 0.9707809738652476, 1.0000717995356962]
02392941,93222,391268,322,3;[23807.86, 658, 0.9119189005928761, 0.9378277977183784, 197.87098613499592, 0.9647517545981464, 1.0027697634160415]
02392941,93243,391394,14,2;[37563.54, 834, 0.9636646178801589, 0.9909015137281709, 197.26735080378668, 0.9737569662811321, 1.0010782696942788]
02392941,93243,391394,14,3;[34117.11, 718, 0.9026347021805422, 0.9729378487102583, 160.29263721282223, 0.9752898389893155, 0.999879547097085]
02392941,93243,391394,16,1;[25472, 774, 0.9943239013749946, 1.006735497868014, 89.02391646275709, 0.9927462284687381, 0.9983734101554079]
02392941,93245,391405,154,1;[16227, 614, 0.9390964669772006, 0.9373059018648439, 135.4528166721794, 0.9877286594886875, 1.0027189025520609]
02392941,93245,391405,154,2;[40990.74, 882, 0.9684995293566813, 0.9928881504054855, 182.67170587668016, 0.971622133109694, 9999]
02392941,93245,391405,154,3;[41952.14000000001, 784, 0.92201932726711, 0.9810624576132907, 101.91775854765355, 0.9456546762854263, 0.9964206690095015]
02392941,93246,391415,214,1;[18759, 606, 0.9770755028952576, 0.9560689681762401, 90.50014848777025, 0.994385976858391, 1.0044442064681944]
02392941,93246,391415,214,2;[41566.7, 876, 0.9899868443075301, 0.9971561205018875, 188.46714695513674, 0.9601852417375698, 1.001749404915541]
02392941,93246,391415,214,3;[27727.430000000004, 670, 0.9096340254288943, 0.9863930931029816, 159.89520313056303, 0.9742512634721658, 9999]
02392941,93246,391416,215,1;[39970, 934, 0.9773889564351109, 0.9638076880384967, 81.70554556851458, 0.9922386778462992, 1.0030112923462986]
02392941,93246,391416,215,2;[19749.239999999998, 614, 0.9901270405647499, 1.0118926404580835, 254.14035289244248, 0.9756448203721231, 0.9988564550105327]
02392941,93246,391416,215,3;[42015.16, 782, 0.9124784314019135, 0.975277545422785, 160.90056328969695, 0.9361782595048604, 1.001911171368366]
02392941,93249,391437,121,1;[41195, 910, 0.9751133807022095, 0.974534758061155, 46.85733310586916, 0.9936193878747122, 1.003813492208536]
02392941,93249,391437,121,2;[27665.12, 782, 0.8033892037722257, 1.023607759068265, 220.54205344828281, 0.9793546628048106, 1.0064940687505413]
02392941,93249,391437,121,3;[38628.520000000004, 756, 0.9080404056165216, 0.9758071323618037, 124.37117765253957, 0.9731418449258832, 9999]
02392941,93260,391463,218,2;[34144.67, 808, 0.9467818700989425, 1.0016446070184186, 207.64208469564124, 0.9682054325044093, 9999]
02392941,93260,391463,218,3;[31736.050000000003, 716, 0.9086623048486461, 0.9794528171134338, 174.63707411504396, 0.9696656684918252, 0.9997626292052394]
02392941,93260,391463,219,1;[25052, 818, 0.9743717184505867, 1.0085504620469825, 71.68978089668215, 0.9936019200584213, 9999]
02392941,93262,391480,404,1;[39272, 898, 0.9514294057407277, 0.9695755319058965, 59.73984114341234, 0.9907623219782818, 1.0022330258137784]
02392941,93262,391480,404,2;[37316.02, 806, 0.9295885654928554, 0.9771696789680283, 166.4250102428725, 0.975875103121357, 0.9985511169137198]
02392941,93262,391480,404,3;[30141.370000000003, 712, 0.9065552000101067, 0.9821694904985074, 119.17765223428856, 0.9748114441410807, 9999]
02392941,93262,391481,402,1;[28324, 800, 0.9905642809997361, 0.8352642139190197, 75.39122568196473, 0.9934743335749471, 1.0044684020143273]
02392941,93262,391481,402,3;[32516.95, 724, 0.9214629629277985, 0.9601504922842659, 208.6314619764981, 0.9561751502473566, 1.0008222470536148]
02392941,93262,391481,403,2;[33361.65, 770, 0.9458154335322122, 0.9987235018216216, 204.08982169409535, 0.9738092775865714, 0.9980597732248705]
02392941,93263,391489,485,1;[21870, 640, 0.9738419709354965, 0.9617194067656012, 76.1891632020381, 0.9936021661662959, 9999]
02392941,93263,391489,485,3;[22446.08, 594, 0.9203032307105501, 1.0814534899896269, 158.03324073886475, 0.9740264538014708, 1.0033375179889157]
02392941,93263,391489,486,2;[26757.149999999998, 722, 0.9492581105682797, 0.9998055336663323, 197.8319354195104, 0.9775259908463881, 1.0036602240771326]
02392941,93263,391490,487,1;[22493, 730, 0.9371791719943382, 0.9817672779169369, 72.28226519132005, 0.9925391302835231, 9999]
02392941,93263,391490,487,2;[41124.02, 868, 0.9753693663237049, 0.9930382306927691, 227.59213026538936, 0.9587473078798741, 9999]
02392941,93263,391490,487,3;[40084.83, 782, 0.9114636345055275, 0.9906174611313592, 125.29706180761062, 0.9408928141991161, 1.000975008980346]
02392941,93264,391494,587,1;[27226, 846, 0.9669712288255948, 0.9673881032544663, 50.73227355272444, 0.9951527011208575, 0.9965045843017404]
02392941,93264,391494,587,2;[41478.64, 852, 0.9736457909899224, 0.9906138085876787, 180.3047894460939, 0.9659772930264354, 1.0012064112138794]
02392941,93264,391494,588,3;[29253.61, 678, 0.9096385088827615, 0.9956200817993351, 138.26296518609166, 0.9728765256164138, 9999]
02392941,93273,391524,778,2;[24195.079999999998, 744, 0.9640903504600511, 0.981906869071493, 199.1656376995235, 0.9779656620067132, 1.0060615057275044]
02392941,93273,391524,778,3;[41868.57, 788, 0.9066664596772522, 0.972246353693767, 197.1571525870043, 0.9422399258826376, 0.9994113607377612]
02392941,93273,391524,779,1;[39389, 922, 0.9996869899497373, 0.9660106063824085, 68.79078635616938, 0.9926859507764974, 1.00217537878306]
02392941,93328,391867,43,1;[38606, 912, 1.00400401371742, 0.9615896554000181, 58.16781833530889, 0.9940797812835728, 0.9910409446797587]
02392941,93328,391867,43,2;[31369.59, 764, 0.8597247611941033, 1.0135320755387849, 216.04050702546556, 0.9720515506222978, 9999]
02392941,93328,391867,43,3;[41086.3, 778, 0.9158231077853198, 0.973152166588839, 72.22872689715442, 0.9616538238486115, 1.002322822145352]
02392941,93328,391870,44,1;[35721, 882, 1.0057344773665664, 1.003456924911938, 76.65812582345512, 0.9874363659897464, 9999]
02392941,93328,391870,44,2;[14590.59, 492, 0.9838039629719735, 1.014805908392818, 202.15012424978707, 0.9817019712278234, 1.0061958885560707]
02392941,93328,391873,42,1;[14213, 520, 0.9584442988068589, 1.0247872044239013, 89.20587068373442, 0.9917153702107713, 1.0028576468512966]
02392941,93328,391873,42,2;[35971.32, 824, 0.9332623499629162, 0.9692456905293078, 166.25371256776455, 0.982368953640427, 1.0045027830854865]
02392941,93328,391873,42,3;[39388.87, 772, 0.9219108746306489, 0.994395172955557, 97.91374518756615, 0.9078753615944474, 1.0066171836706113]
02392941,93329,391879,114,2;[41489.35, 874, 0.975432168919334, 1.0543512433017534, 205.06067413321819, 0.9619277412017644, 1.0032516114180479]
02392941,93329,391879,114,3;[17668.890000000003, 608, 0.8885297714265873, 0.9174064678947476, 279.54758865135034, 0.9636057729348105, 0.9750878917325068]
02392941,93329,391879,115,1;[24676, 796, 1.170361044854478, 0.9741841909075506, 70.60812008935967, 0.9943501495506528, 0.9980585665749878]
02392941,93329,391880,116,1;[33563, 874, 0.9511525548792532, 0.9768288028113508, 47.8887035807159, 0.9943978448013884, 9999]
02392941,93329,391880,116,2;[38250.17, 854, 0.9918978682706615, 1.000966353048703, 213.80139305882, 0.9649752500545183, 0.9937701927684769]
02392941,93329,391880,117,3;[41480.86, 790, 0.9333018758505, 0.9978698346095809, 146.6178063613249, 0.9550317517214647, 1.0056296394705815]
02392941,93330,391885,158,1;[37228, 894, 1.0040714548962513, 1.00785006880963, 76.42380481712306, 0.9883597451630446, 9999]
02392941,93330,391885,158,2;[32081.21, 748, 0.9634357015207383, 1.0132720827755528, 197.15347482094904, 0.9764373079688877, 9999]
02392941,93332,391896,250,1;[37533, 890, 0.9848426128017238, 0.9581002355730411, 64.4972723583904, 0.9940983611961567, 1.003194034238978]
02392941,93332,391896,250,2;[28244.649999999998, 760, 0.954264276615118, 1.0020403822605035, 203.61519459501758, 0.9798289503962351, 1.003997377382035]
02392941,93332,391896,250,3;[28791.920000000002, 726, 0.931508751186133, 1.0194042622581894, 119.09248597016443, 0.974336447140698, 1.0020980354758726]
02392941,93332,391900,248,1;[16876, 668, 0.9361717780809086, 0.9939631138057363, 67.14735387334466, 0.9873164506025776, 9999]
02392941,93332,391900,248,3;[28713.83, 720, 0.9097861656667547, 1.0095115792436833, 126.21419133431336, 0.9749120673934107, 0.9996422865046622]
02392941,93332,391900,249,2;[33225.99, 778, 0.9435448486370023, 0.9898019108693935, 186.03121678152513, 0.9792685777750585, 1.004009421240943]
02392941,93340,391951,49,1;[24634, 778, 1.1867587045452814, 0.9688979358315142, 56.60378119983024, 0.9950982622197535, 9999]
02392941,93340,391951,49,2;[41484.59, 846, 0.9725290093237142, 1.001261172671922, 164.1337408225892, 0.9772948920346862, 0.9979674796747967]
02392941,93340,391951,49,3;[40336.91, 766, 0.9019785601074948, 0.9662633589545535, 206.17411588706062, 0.9410708108464187, 1.0033053908539495]
02392941,93341,391959,137,2;[41522.67, 836, 0.9897326658472251, 1.001699983290616, 210.0266945319519, 0.9632286423348285, 0.9984119490106872]
02392941,93341,391959,137,3;[24807.960000000003, 688, 0.7855259118206084, 0.9962062597016051, 119.23644886101759, 0.9849109949429482, 2263.5]
02392941,93341,391959,138,1;[34609, 856, 0.9810165885820178, 0.968436850730729, 53.0849652906134, 0.9943105007268339, 9999]
02392941,93341,391961,139,1;[24861, 806, 0.9864110654622744, 0.8128872858889459, 71.85387599446392, 0.9944507508539278, 0.9971122608591024]
02392941,93341,391961,139,2;[14120.539999999999, 502, 0.9863947767562872, 1.0218398636657304, 216.27733068282308, 0.9830343916373346, 1.0073432658432022]
02392941,93341,391961,140,3;[32860.82, 746, 0.9191263402622019, 0.9652498053456554, 162.85942946137808, 0.9702638768136974, 1.00366131765592]
02392941,93341,391965,141,1;[16571, 572, 0.9646481050458328, 1.027160577742647, 86.42962507652211, 0.992356628052038, 1.0046988207475673]
02392941,93341,391965,141,2;[36652.0, 804, 0.945258826141001, 0.9773381281815623, 167.34456394287886, 0.9816515320938428, 1.004107713372889]
02392941,93341,391965,141,3;[40720.51, 768, 0.9085607799386511, 0.9651225390496321, 152.82473136779885, 0.9016279821020917, 1.001128345037808]
02392941,93342,391974,228,1;[38307, 876, 0.939559363312785, 0.9761785632012344, 32.310954863501046, 0.9937915955212173, 9999]
02392941,93342,391974,228,2;[39511.57, 850, 0.9783809476857673, 0.9863092878385221, 176.9980123727755, 0.9669839691356874, 8300.75]
02392941,93342,391974,229,3;[40643.79, 782, 0.9188781331609983, 0.9803412666304022, 94.83336257696213, 0.9024698668012134, 1.0064969211718207]
02392941,93343,391976,337,1;[35166, 836, 0.9676754007179454, 0.9870682368032703, 44.72424557341638, 0.9937022570021594, 1.0032952454315915]
02392941,93343,391976,337,2;[40584.95, 834, 0.9490817769845894, 0.9976303119590931, 152.47059940449273, 0.9790937048166832, 1.0050984321584344]
02392941,93343,391976,337,3;[30863.36, 700, 0.9307700677593899, 1.0072575380892397, 134.8687070534313, 0.9725706863856735, 9999]
02392941,93377,392047,50,1;[41310, 936, 0.9384524752236423, 0.9666823546617653, 71.91248222590721, 0.9870157145127058, 1.0042420780104775]
02392941,93377,392047,50,2;[39861.43, 836, 0.9937359758727928, 1.0009945142175372, 202.01823840735875, 0.9722228332718987, 9999]
02392941,93377,392047,50,3;[31415.47, 734, 0.9067428485156965, 1.0002967460035894, 152.03095784836106, 0.973793314555605, 9999]
02392941,93378,392059,13,1;[26613, 810, 0.9807663735672402, 1.1000754788108977, 152.64636531225239, 0.9875541888019286, 1.0031474396426618]
02392941,93378,392059,13,2;[34984.81, 792, 0.9324044913375887, 0.9674542304715315, 174.99350843704818, 0.9761828790070677, 9999]
02392941,93378,392059,13,3;[33521.16, 730, 0.9103524899456216, 0.9861787520512978, 135.09440262404513, 0.9787807882379579, 9999]
02392941,93379,392063,139,2;[35857.08, 846, 0.9672798523827844, 0.9931319256493352, 152.86887795916033, 0.9789764471093826, 9999]
02392941,93379,392063,139,3;[37140.700000000004, 752, 0.9305698603025341, 0.9969181413755535, 96.54703838749717, 0.9763540186117152, 9999]
02392941,93379,392063,140,1;[25048, 818, 0.9328885733387734, 0.9696543837337382, 150.3375581118781, 0.9834902444365805, 1.001459328708794]
02392941,93384,392077,250,1;[40356, 942, 1.0033451516484897, 0.9591080318871525, 74.08632709593223, 0.9921762411186358, 0.9964813511611541]
02392941,93384,392077,250,3;[33352.65, 764, 0.9263995210327356, 0.9640144704079614, 184.4592289493093, 0.9650709914763558, 0.9988716791465792]
02392941,93384,392077,251,2;[41015.729999999996, 852, 0.9518387514869933, 0.9891170670445834, 187.58861840610024, 0.9761035451241622, 1.0023118865866958]
02392941,93384,392078,252,1;[24218, 804, 0.942712984647962, 0.9917545107950501, 157.9237978853477, 0.9842516131458456, 1.0006611023882324]
02392941,93384,392078,252,2;[20470.379999999997, 650, 0.9936281860835763, 1.0076365498218534, 257.834110422365, 0.9761940704451258, 0.999157784683298]
02392941,93384,392078,252,3;[39505.32, 796, 0.9149094933729442, 0.9828619796592999, 115.40584191309405, 0.8877491099717998, 0.9952371091323255]
02392941,93387,392103,525,1;[27459, 838, 0.9927017668682091, 0.9840772383561921, 83.1040470131151, 0.9928894408666551, 9999]
02392941,93387,392103,525,2;[24680.6, 746, 0.9739061242430674, 1.016918746666317, 308.29840773403185, 0.9696577941012899, 0.9969476290047348]
02392941,93387,392103,525,3;[35740.560000000005, 740, 0.9231876009348301, 1.00175921932925, 137.07928144458944, 0.9707294964034703, 0.9977435269820629]
02392941,93388,392106,599,1;[29759, 814, 0.9795285528137545, 0.968132791468351, 76.63575255003549, 0.9922776519091776, 1.0030841830285666]
02392941,93388,392106,599,2;[29103.829999999998, 804, 0.953096622676667, 1.017658325799036, 221.00691293013045, 0.9778438878401995, 1.0043530039834092]
02392941,93388,392106,599,3;[24935.370000000003, 616, 0.9091992470712669, 0.9629180029828299, 104.83630092757949, 0.9802079190938081, 9999]
02392941,93388,392107,600,1;[24293, 774, 0.9957220326435875, 1.0118828484254672, 86.83115742815356, 0.9931241486684327, 0.9993829192035544]
02392941,93388,392107,600,2;[38957.03, 838, 0.982494877171412, 0.9928882253737605, 208.47761383170248, 0.9536699627239641, 9999]
02392941,93388,392107,601,3;[35293.94, 742, 0.9106112019228085, 0.9847279187824448, 145.0666360326973, 0.9775713439115279, 0.9931762982381742]
02392941,93389,392114,708,1;[24455, 772, 0.9708474936983923, 1.0173551318241245, 144.67542069172495, 0.9872461231959749, 1.0007161125319692]
02392941,93389,392114,708,2;[32135.949999999997, 756, 0.9724652422053219, 0.9936248135728885, 176.43074719208803, 0.9822917716021884, 1.0033252215266297]
02392941,93389,392114,708,3;[38124.36, 768, 0.9161361359195512, 0.95733258400237, 158.73650564309258, 0.9682653855412588, 0.9930591488982068]
02392941,93391,392125,846,1;[25140, 766, 0.9931496679709532, 0.8253990739607258, 79.82641959084405, 0.993213719574375, 1.004474988013425]
02392941,93391,392125,846,2;[36022.49, 832, 0.9365746037592437, 0.9829234686692624, 167.54254059003026, 0.9811761988425789, 1.0049799143454732]
02392941,93391,392125,846,3;[35011.72, 736, 0.9198177264705004, 0.9568964406113523, 178.29199717865492, 0.9627938073119626, 0.9981058017145423]
02392941,93393,392141,983,1;[28241, 834, 0.9643034285962345, 0.9766642802442991, 75.49971128483452, 0.9924576481309468, 1.000123948649845]
02392941,93393,392141,983,3;[41113.700000000004, 778, 0.9279334689266021, 0.9822973360336597, 79.67535366994683, 0.9685161835092464, 9999]
02392941,93393,392141,984,2;[41057.38, 872, 0.9562887643517514, 0.9790296778541814, 153.97541164610507, 0.9719445252317637, 0.9887518090243448]
02392941,93393,392143,982,1;[39517, 896, 0.988137447352298, 0.9568198757060867, 71.77770475641071, 0.9919749449919611, 0.9978788414433979]
02392941,93393,392143,982,2;[20550.11, 624, 0.9226079824666058, 1.003614130409037, 307.7675519698548, 0.9760430869736787, 1.0040116279069768]
02392941,93393,392143,982,3;[36359.8, 740, 0.9036843109405804, 0.9712518826252641, 169.55047579879607, 0.9705858239117919, 0.9980820578391185]
00023892,93026,390259,210,1;[115384, 1676, 0.9705763288702812, 0.9705763288702812, 27.44450635858385, 0.9967809945790217, 0.9971869206936336]
00023892,93026,390259,211,2;[117053.15999999999, 1570, 1.0149650236071255, 0.9746772383627069, 32.01824097753799, 0.9959190027831599, 0.996711876257112]
00023892,93026,390259,211,3;[116700.71, 1438, 1.0186254340279237, 0.9437976061425024, 56.93241554978748, 0.9908537816795847, 9999]
00023892,93026,390259,212,1;[115337, 1664, 0.9804131521278897, 0.9889032468085639, 29.32303153461915, 0.9964262448288627, 0.9924920079683675]
00023892,93026,390259,212,2;[117691.0, 1554, 1.014747909288223, 0.9808503008994244, 33.38817836122004, 0.9959185983378324, 9999]
00023892,93026,390259,212,3;[114356.64000000001, 1394, 1.0039062202291396, 0.9507977939312924, 37.10296143051946, 0.9936297065684685, 9999]
00023892,93026,390259,214,1;[120043, 1634, 1.0032661182443197, 0.9887838124952426, 22.927187669422857, 0.9969424029558446, 0.9982495311986761]
00023892,93026,390259,215,3;[114305.95000000001, 1398, 1.010278510246198, 0.9543713578041263, 39.13504025500448, 0.9933049493998183, 9999]
00023892,93026,390259,216,2;[116758.04, 1568, 1.0123332269148082, 0.98091887278259, 29.98789604125521, 0.996023856518871, 0.9963240520725442]
00023892,93049,390350,751,2;[112488.31999999999, 1480, 0.9848740726439702, 0.9929826624223882, 26.49613653842162, 0.9961483784872827, 9999]
00023892,93049,390350,752,3;[118309.09000000001, 1532, 1.0130833231157215, 0.9721992345752148, 59.29260583943325, 0.9911236827270111, 9999]
00023892,93049,390350,753,1;[115862, 1658, 0.9829469492684024, 0.9978529551266063, 24.60371064380052, 0.9960469422803894, 0.9909383646292598]
00023892,93049,390350,756,2;[116076.17, 1538, 1.0085478725212538, 0.9927081192712227, 43.37188848757056, 0.9943862237694245, 9999]
00023892,93049,390350,756,3;[117833.70000000001, 1382, 1.047327962051423, 0.9430491915437306, 103.28006889242694, 0.9876476852572468, 0.9989779088945155]
00023892,93049,390350,757,1;[119330, 1636, 1.0075125795868425, 0.9942916148693116, 29.0029681718026, 0.9953227996444487, 9999]
00023892,93049,390350,758,3;[117121.3, 1400, 1.030931342867741, 0.9719735434960686, 74.73251000866165, 0.9910807744684849, 9999]
00023892,93049,390350,760,1;[119412, 1684, 1.0004737661313214, 0.9880028410604836, 28.934950571560975, 0.9954903479060804, 0.999870214146658]
00023892,93049,390350,760,2;[117228.09, 1564, 1.0405712513178689, 0.9825036010815462, 94.58212834702178, 0.9879751501300211, 0.9954779023530066]
00023892,93049,390350,761,1;[115473, 1576, 0.991677529821298, 0.9926776955103828, 36.86362273631874, 0.9942467519164607, 1.0014917476864902]
00023892,93049,390350,763,2;[118247.92, 1546, 1.0345050869305332, 0.994516715150005, 59.95186314319832, 0.9908730469999921, 9999]
00023892,93049,390350,763,3;[118310.46, 1494, 1.0361395917367435, 0.9712337522244107, 108.28824339469637, 0.9843328979744623, 0.9939059128182995]
00023892,93049,390350,766,1;[116227, 1652, 0.9751026370807013, 0.9892795240401203, 27.456611617824382, 0.9965442441576506, 0.9924685549359998]
00023892,93049,390350,767,3;[117711.77, 1466, 1.0214023858039325, 0.9691685127209577, 43.76655418360943, 0.9929606828812833, 10740.125]
00023892,93049,390350,769,2;[117706.47, 1490, 1.0202549609913965, 0.9997484379105231, 29.963769686372082, 0.995278891855519, 9999]
00023892,93049,390350,770,1;[117114, 1588, 1.0024585818836231, 0.9928265580916606, 32.869004539460455, 0.9955113006843905, 9999]
00023892,93049,390350,770,3;[118395.40000000001, 1410, 1.0424963099943128, 0.9275135170288007, 78.28360049762023, 0.9922517167138535, 9999]
00023892,93049,390350,773,2;[114238.81, 1522, 1.0044227657496143, 0.986742260703326, 36.17136856988099, 0.9948063335800724, 9999]
00023892,93099,390646,1221,2;[114072.20999999999, 1486, 1.0090858747803573, 0.9867088647928606, 38.53013999163804, 0.9934468550222741, 9999]
00023892,93099,390646,1222,1;[115757, 1704, 0.9986716907804245, 0.9931340390066832, 35.39650912607604, 0.9961712619634862, 0.989105543782897]
00023892,93099,390646,1222,3;[117585.73000000001, 1392, 1.1323117391248805, 0.9651113997953958, 50.31573890807299, 0.9940088735414381, 9999]
00023892,93103,390673,1487,1;[118131, 1640, 0.9941992381714719, 0.9832364950716539, 24.18140079113889, 0.9967673469878491, 0.9975637458357788]
00023892,93103,390673,1488,3;[117951.52, 1364, 1.034720293021279, 0.9614925636421753, 96.22023479779668, 0.98528403584093, 0.9961010262284081]
00023892,93103,390673,1489,2;[116541.45999999999, 1546, 1.014966414714585, 0.992022459678374, 40.09946663942671, 0.9947342202306876, 0.9929282227280332]
00023892,93103,390673,1491,2;[120403.01, 1514, 1.0503891899546012, 0.9843946252209498, 113.66690920960296, 0.984839104179109, 9999]
00023892,93103,390673,1492,1;[114627, 1678, 0.9987680845865211, 0.9924709850319351, 45.564953524898826, 0.9946129103177113, 0.9927122981592382]
00023892,93103,390673,1492,3;[112581.12000000001, 1362, 1.004285977747245, 0.9649001229124898, 31.23126453415144, 0.9956981357234577, 9999]
00023892,93103,390673,1495,2;[114817.15, 1510, 0.9930315460441014, 0.9870770259924616, 31.546042712339776, 0.9947702350629656, 9999]
00023892,93103,390673,1497,3;[113548.34000000001, 1404, 1.0054351093309934, 0.960491452600365, 28.91913419738997, 0.9948299282430487, 9999]
00023892,93103,390673,1498,1;[116314, 1654, 0.989772517025471, 0.9913499174139772, 25.89202116124958, 0.9956881817830718, 0.9948765321221763]
00023892,93103,390673,1499,1;[115761, 1706, 0.9962542217613665, 0.9812057965453727, 38.26655464467754, 0.9959036968410945, 0.9896936302274583]
00023892,93103,390673,1499,3;[117251.45000000001, 1500, 1.0242496834682837, 0.9748615169204323, 53.78139989410666, 0.9908513476631625, 34234.0]
00023892,93103,390673,1500,2;[113904.42, 1520, 1.0033341804562999, 0.9866325509813356, 31.931454020851525, 0.9944117262205622, 0.9918501209788144]
00023892,93122,390798,1587,3;[117843.29000000001, 1442, 1.0406381091708652, 0.97290517790024, 111.87571133625764, 0.982512094931687, 0.9956477955389904]
00023892,93122,390798,1589,1;[115972, 1698, 0.9778822539189395, 0.9908134710763481, 20.37117655163161, 0.9968449509462828, 0.9941706957446079]
00023892,93122,390798,1589,2;[117505.36, 1504, 1.0292453359150497, 0.9978651105229204, 41.27597117489877, 0.9945531923571351, 9999]
00023892,93122,390798,1590,1;[114476, 1708, 0.9714008354292216, 0.9792266459744134, 31.895664856885332, 0.9963746613606888, 0.9873600048300221]
00023892,93122,390798,1590,2;[115546.62, 1446, 1.0044099548766843, 0.9937778684089924, 34.96544073137213, 0.9941037791054449, 9999]
00023892,93122,390798,1592,3;[117977.55, 1424, 1.0384956777881869, 0.9582881772027657, 51.69301507743181, 0.993571167624946, 172230.0]
00023892,93139,390920,17,2;[116130.90999999999, 1510, 0.9981631323817355, 0.9808162066148503, 32.268889709424414, 0.993887002655094, 0.9946034641785189]
00023892,93139,390920,17,3;[117082.94, 1368, 1.01704474354301, 0.9629625559037094, 53.25214145749839, 0.9925764721536028, 9999]
00023892,93139,390920,18,1;[114291, 1656, 0.9814575364939319, 0.9959018721886728, 30.733984173391054, 0.9957475714305857, 0.9944271152817112]
00023892,93139,390920,19,1;[117141, 1708, 1.0011284673044343, 0.9784178992053928, 59.47460187917027, 0.9921109682880714, 0.9933264364697103]
00023892,93139,390920,20,3;[118051.53000000001, 1470, 1.0213625513322462, 0.9716452290970454, 85.44257796364806, 0.9849400431888099, 9999]
00023892,93139,390920,21,2;[115941.7, 1478, 1.0067750976010585, 0.9966286729292532, 25.270836994108723, 0.9955051948918705, 1.001742742428838]
00023892,93166,391047,301,1;[119197, 1602, 0.9934559797032223, 0.9948353663934025, 20.712104405988043, 0.9968702647084702, 0.9987055043296481]
00023892,93166,391047,301,2;[116151.14, 1540, 1.0002683910551358, 0.9928704150270152, 33.4848806094114, 0.9948215854848882, 9999]
00023892,93166,391047,303,3;[118637.89000000001, 1398, 1.0223579081250327, 0.9703534494557088, 42.23273852076505, 0.9934911546531924, 9999]
00023892,93166,391047,304,1;[117753, 1622, 0.9772164352433422, 0.9958620833402838, 25.766315361363983, 0.9967860458868003, 0.9972686967237064]
00023892,93166,391047,305,2;[117093.62, 1536, 1.002178459818774, 0.997850638667676, 24.4138911119299, 0.9964615269265222, 1.000127051242307]
00023892,93166,391047,305,3;[119032.45000000001, 1370, 1.0183846266174685, 0.9748323649170428, 37.875699129217296, 0.9947455224370897, 2199.6202531645567]
00023892,93166,391047,307,2;[115370.5, 1528, 1.0058060097422366, 0.9895282762600829, 39.93207841576104, 0.9944151817445519, 9999]
00023892,93166,391047,308,1;[115460, 1682, 0.9960968642594321, 0.9954651582763876, 40.582903883813906, 0.9951983391381567, 0.9932470213772635]
00023892,93166,391047,308,3;[118877.64000000001, 1454, 1.017150500848034, 0.9733966928934351, 36.44529966828555, 0.9937569319287601, 1324.7633587786258]
00023892,93166,391047,309,1;[119716, 1620, 1.0322619672169577, 0.9876387315526259, 46.38197855060344, 0.9944067144527013, 0.999419796219075]
00023892,93166,391047,309,2;[115416.90999999999, 1496, 1.0140101989435855, 0.9782871975660953, 49.76970517264166, 0.9923215994050387, 9999]
00023892,93166,391047,310,3;[117396.67000000001, 1446, 1.0322636927019022, 0.9549682020607355, 42.6314536599798, 0.9954496600959517, 9999]
00023892,93166,391047,312,2;[119097.58, 1476, 1.0286965797742729, 0.9766518066581236, 64.13464440773701, 0.9901136968339167, 100082.0]
00023892,93166,391047,313,1;[120302, 1688, 1.021004314514589, 0.9866737636844082, 42.55555215394716, 0.9931729686905908, 0.9957002685780263]
00023892,93166,391047,313,3;[119017.38, 1408, 1.0256435421473993, 0.9687818342517958, 44.27779058241403, 0.9929874755115312, 24821.14285714286]
00023892,93166,391047,315,1;[117580, 1706, 0.9911475015587408, 0.9998940038735258, 31.46718806602632, 0.9964770636421072, 0.9924037812288994]
00023892,93166,391047,315,2;[119473.62, 1562, 1.0290292751963206, 0.976969826578464, 59.39391504055549, 0.9910613417632356, 9999]
00023892,93166,391047,315,3;[120414.78000000001, 1524, 1.0420803432332637, 0.9716719340706381, 114.80932319891738, 0.9838297153742086, 0.9968696835658387]
00023892,93265,391506,609,1;[120450, 1668, 1.0130823848066772, 0.9934285035407959, 28.081715577593773, 0.9950777124707098, 9999]
00023892,93265,391506,609,3;[119976.38, 1438, 1.0627480642574758, 0.9590433977019611, 126.38952663022229, 0.9846962103710577, 0.99012968218255]
00023892,93265,391506,610,2;[119833.0, 1508, 1.0279624297293433, 0.9939602657133225, 34.05485042585448, 0.9943307197997148, 0.9989534301203803]
00023892,93265,391506,611,3;[119896.92000000001, 1368, 1.0267371543472592, 0.9680652141772095, 60.138477372720004, 0.9910185054986551, 175032.0]
00023892,93265,391506,612,2;[116885.37, 1548, 1.0145783774572443, 0.9803564738122116, 29.62078944142632, 0.9948200399301197, 9999]
00023892,93265,391506,613,1;[114481, 1610, 0.9955593575803238, 0.9902087238335712, 36.759064237107594, 0.9944111491071127, 0.9902515396858349]
00023892,93329,391882,87,1;[118271, 1616, 1.0194271800477344, 0.9951980347867928, 37.73351695185407, 0.9949972892828642, 0.9989948475377988]
00023892,93329,391882,87,2;[111247.15, 1430, 0.9892958805203751, 0.987969527216751, 25.62743346510477, 0.9960790202361292, 9999]
00023892,93329,391882,87,3;[115923.92000000001, 1414, 1.0215942370198658, 0.9563196493174627, 47.010858776237484, 0.9953242287886229, 9999]
00023892,93329,391882,89,1;[114628, 1672, 0.9914825066265023, 0.992449732020601, 46.0862142629913, 0.9941192467786226, 0.9939475920434248]
00023892,93329,391882,89,3;[114667.63, 1414, 1.0167941706478845, 0.9529070402788227, 69.36194070195396, 0.9896615259912896, 0.9922821576763485]
00023892,93329,391882,90,2;[116098.78, 1540, 1.024478526931865, 0.9929498654533664, 58.7047229351499, 0.9922725834272821, 9999]
00023892,93329,391882,92,2;[114627.93999999999, 1522, 1.0073552101636527, 0.9847883422105579, 36.85985021329225, 0.9940911230252352, 0.9904477918873066]
00023892,93329,391882,92,3;[114493.64000000001, 1356, 1.0098884038015559, 0.9575393429604518, 53.70771228318953, 0.9928164272628103, 9999]
00023892,93329,391882,93,1;[115389, 1646, 0.9791536811644996, 0.9912072497007227, 30.555962129969355, 0.9961549890584726, 0.995354855405318]
00023892,93329,391882,94,1;[116973, 1592, 0.994606233216065, 0.9965614043713638, 34.71012332712566, 0.9946580766084038, 0.9999615310636661]
00023892,93329,391882,94,2;[112866.73999999999, 1496, 1.003006582190011, 0.9923183925625743, 26.138494257660792, 0.99570058885804, 9999]
00023892,93329,391882,94,3;[114433.36000000002, 1410, 1.0214616209838423, 0.9517095185099957, 73.57692311392724, 0.9894936176987641, 0.990536726513768]
00023892,93329,391882,96,1;[115407, 1632, 0.9872182726007631, 0.9927104473525977, 23.989429741072772, 0.9960868400620199, 0.996795591563164]
00023892,93329,391882,96,2;[113005.97, 1516, 0.9882006017804126, 0.9825266807640969, 27.477798069064683, 0.9957344812378607, 0.9942780561096016]
00023892,93329,391882,96,3;[117169.25000000001, 1434, 1.0569068397282255, 0.9348208440309685, 110.45560734956277, 0.9883416942725053, 9999]
00023892,93329,391882,99,1;[118266, 1608, 1.0340711010663866, 0.9901960891665134, 40.350390802242764, 0.9941750124012475, 0.995743928467688]
00023892,93329,391882,99,2;[114010.33, 1524, 1.0088953795511193, 0.9873587254334197, 27.375748128469997, 0.9954495918170748, 9999]
00023892,93329,391882,99,3;[113752.47000000002, 1336, 1.0058340005280906, 0.9771892906538502, 25.640739364499375, 0.99607581804577, 9999]
00023892,93377,392048,3,3;[118466.64000000001, 1406, 1.047556527781869, 0.9626297559970822, 107.28162349534367, 0.988306503325163, 9999]
00023892,93377,392048,4,1;[118492, 1724, 0.9863208326474601, 0.9986424630954116, 19.764201178268063, 0.9967779664001932, 0.982353745839223]
00023892,93377,392048,4,2;[116322.5, 1540, 1.0024661578187861, 0.9812524545754474, 28.71243987076844, 0.9953319054134065, 9999]
00023892,93377,392048,5,1;[112681, 1604, 0.9750116024793062, 0.9728192778387952, 30.87669786078407, 0.9962903174522396, 0.9869450782375636]
00023892,93377,392048,5,2;[117476.79999999999, 1468, 1.0128946844061226, 0.9826118107683158, 31.69563920609115, 0.9953051589361018, 9999]
00023892,93377,392048,5,3;[119291.38, 1442, 1.0494193382007337, 0.9224995551443748, 90.97954973781846, 0.9914184377585706, 9999]
00023892,93377,392048,8,2;[114999.22, 1520, 1.0070723933409482, 0.9772014446917673, 55.95936210100426, 0.9911467610708359, 1.0000983146794165]
00023892,93377,392048,8,3;[115359.48000000001, 1394, 1.0261842013140077, 0.9530082855170431, 74.80732270330151, 0.9887307322964278, 9999]
00023892,93377,392048,9,1;[115825, 1638, 0.9752674514762388, 0.977930434245964, 26.59457846165895, 0.9966290836236483, 0.9829547624402228]
00023698,93080,390528,134,1;[36900, 898, 0.9978155479327312, 1.0259673944738459, 89.73238912855744, 0.9929930238391793, 0.9837638966648005]
00023698,93080,390528,134,2;[39364.009999999995, 820, 1.0504391901326098, 1.022399976459444, 131.86334323534342, 0.9822628171354302, 1.0140555785472325]
00023698,93080,390528,134,3;[55474.04, 910, 1.2348669144335471, 0.954528904486548, 84.48481776732575, 0.9923977465338607, 26994.666666666668]
00023698,93244,391403,53,2;[43991.92, 860, 1.0139415938895173, 1.0212939734954087, 88.72411398565121, 0.9915332214735743, 9999]
00023698,93244,391403,54,1;[45368, 944, 1.0138822074695624, 0.9740646097252217, 57.91967425793741, 0.993886083647604, 1.000099198694986]
00023698,93244,391403,55,3;[38692.91, 766, 1.0128055678324268, 1.0020142613457823, 123.04365198080062, 0.9864740144323954, 0.9985680697226298]
02011239,93051,390358,939,1;[116627, 1616, 1.226767054368351, 0.7894687830108843, 532.2675009887437, 0.9050921283062553, 0.9979207666638145]
02011239,93051,390358,940,2;[117272.12, 1552, 1.3092563299230477, 0.6068035466539268, 1228.139150718081, 0.8174875198029596, 1.0004923882862349]
02011239,93051,390358,940,3;[115392.36000000002, 1382, 1.318292950488103, 0.6057554136872206, 1168.9718829789124, 0.8214685434610559, 0.9951617190961454]
02011239,93067,390431,80,1;[118920, 1686, 1.2542632538325544, 0.7423580549697025, 569.507972460711, 0.9015609841400498, 0.9991975835080305]
02011239,93067,390431,80,2;[118553.75, 1466, 1.357853043853108, 0.531559173981394, 1633.6718951822672, 0.7669681218218305, 1.0011808155164184]
02011239,93067,390431,80,3;[118391.29000000001, 1452, 1.356266852165266, 0.5166416962040419, 1919.7424933362652, 0.746146720538869, 0.9946822592341072]
02011239,93067,390431,82,1;[118641, 1708, 1.2449748672074326, 0.7181549743029295, 893.282505245612, 0.8829947529564313, 0.9961502777089745]
02011239,93067,390431,82,2;[119248.70999999999, 1564, 1.3446848026017544, 0.5648885938993163, 1580.933163534961, 0.7894495725574902, 0.995040140603822]
02011239,93067,390431,82,3;[119714.71, 1434, 1.3542826948477997, 0.526979916014058, 2056.993155723269, 0.7251234012138238, 0.9949672644463422]
02011239,93096,390617,985,1;[116692, 1658, 1.24249198816296, 0.808200761305186, 593.4487026027602, 0.8906043572037874, 0.9970990716174705]
02011239,93096,390617,985,3;[115455.38, 1418, 1.3282275388581455, 0.6374442312904417, 1521.3487987242136, 0.7646659289135507, 0.9979868315096395]
02011239,93096,390617,986,2;[117091.23999999999, 1448, 1.3084930659141252, 0.6856419639128749, 1196.286329035447, 0.797253268629796, 1.0005084090862872]
02011239,93139,390919,102,1;[117379, 1712, 1.2282330911093862, 0.8078462631369242, 796.7003448656235, 0.8873595373247152, 0.9936678320790335]
02011239,93139,390919,102,2;[119220.15, 1512, 1.3770401088012958, 0.5089472011458898, 2095.068297686564, 0.7324270604301623, 0.9965384500611739]
02011239,93139,390919,102,3;[117903.57, 1412, 1.328656210046723, 0.5504035843614692, 1529.9069438810973, 0.7524930977388753, 0.9987698306776376]
02011239,93148,390958,452,1;[120294, 1614, 1.3278159476202218, 0.6225550249135221, 1261.0238793044919, 0.8281432758629721, 1.0027006751687921]
02011239,93148,390958,452,2;[116936.54, 1552, 1.321941468035762, 0.5742586742951914, 1317.463211886172, 0.8025810084082484, 0.9964407759311275]
02011239,93148,390958,452,3;[118457.05, 1462, 1.3390552445604098, 0.5392057778748746, 1591.021355224359, 0.7571806126754217, 0.9930116510763894]
02011239,93174,391097,944,1;[115789, 1634, 1.2360602781567875, 0.8085765807006626, 672.0021418727636, 0.9007379482195105, 0.9966731367629147]
02011239,93174,391097,944,2;[114926.62999999999, 1510, 1.3172811742534574, 0.6155551151938757, 1127.705228653941, 0.829468573790128, 0.9990379642081307]
02011239,93174,391097,944,3;[114674.48000000001, 1340, 1.3182123949532747, 0.6040507108458479, 1368.6495021835508, 0.803896915688656, 0.997194407877102]
02011239,93260,391459,220,1;[117062, 1700, 1.2413619639702593, 0.8204951892970752, 811.6401863374552, 0.885596061152482, 0.9971209540034072]
02011239,93260,391459,220,2;[115490.68999999999, 1464, 1.303444379783877, 0.6934132068266222, 1109.904663449888, 0.8164462635119065, 1.0005928232304226]
02011239,93260,391459,220,3;[118018.65000000001, 1430, 1.3548914329395276, 0.5815690308035358, 1793.5499390521295, 0.718576095141085, 0.9962472316828477]
02011239,93331,391886,298,1;[115718, 1646, 1.2205921459485618, 0.776693578962552, 697.2344406097402, 0.8936117073027604, 0.9979087706589744]
02011239,93331,391886,298,2;[117548.2, 1516, 1.3756616519061167, 0.5263497741207048, 2075.71238533834, 0.7315982624785673, 0.9965245726334054]
02011239,93331,391886,298,3;[118015.91, 1438, 1.3613632176448651, 0.5285279880511179, 2108.9797357386424, 0.7677025621574034, 0.9949181710035457]
02011239,93384,392075,333,1;[118950, 1684, 1.2319641615433563, 0.7375010922312449, 791.620269400836, 0.8865421919322041, 0.9976390467284233]
02011239,93384,392075,333,2;[120223.31999999999, 1582, 1.3319880322540039, 0.576774218032224, 1347.0331949162971, 0.8118873856839522, 0.9940374284196234]
02011239,93384,392075,334,3;[118057.01000000001, 1356, 1.2886390062202722, 0.648564078171752, 1157.7760607880286, 0.8337871472995934, 1.001016431338611]
02011239,93384,392075,336,3;[119116.02, 1420, 1.302945538818725, 0.5854081184562107, 1263.462135025676, 0.8089841962454187, 0.9971729219829687]
02011239,93384,392075,337,1;[118922, 1740, 1.2492116154755224, 0.7638034722072186, 859.3511361250377, 0.8920772312301488, 0.9940235880204285]
02011239,93384,392075,337,2;[117304.25, 1536, 1.3201723334547275, 0.6181872204919716, 1179.1622391595006, 0.8197647229250431, 0.9941004437273094]
00521701,93026,390258,236,1;[65015, 1268, 0.8381775642546434, 1.2907349359759162, 250.17272954094338, 0.8658941841502674, 0.9906670222086777]
00521701,93026,390258,236,2;[63711.409999999996, 1160, 0.8328008538305073, 1.244832771554797, 383.41423372086234, 0.8778173893145765, 0.991986511399535]
00521701,93026,390258,236,3;[64650.3, 1088, 0.7961479669495897, 1.7462056904974999, 589.4067175037352, 0.9620048103930134, 9999]
00521701,93122,390796,1603,2;[62828.43, 1126, 0.819885475612702, 1.256333279056509, 299.49397662419483, 0.8638672780054223, 0.9927420416298441]
00521701,93122,390796,1604,3;[62922.73, 1048, 0.8185142145814573, 1.450235556326929, 320.0687700976941, 0.8812622518672641, 0.997166708279508]
00521701,93122,390796,1605,1;[62224, 1146, 0.8566837480585704, 1.2049831781894702, 156.220883867245, 0.9003790357456036, 0.9972993548904115]
00521701,93139,390917,48,1;[65905, 1250, 0.8177142451097035, 1.363160319113161, 272.79423457219696, 0.8735352990091628, 0.9921342817357269]
00521701,93139,390917,48,2;[63280.63, 1130, 0.8069446185618948, 1.4570263221994737, 273.2561554452453, 0.9667913955202088, 9999]
00521701,93139,390917,48,3;[62114.43000000001, 1014, 0.8202161911979294, 1.608353300801054, 300.4638342307913, 0.9710721126599146, 0.9903020771902235]
00521701,93141,390932,199,2;[64893.079999999994, 1162, 0.8456843959906979, 1.2595769526941694, 346.6162792194861, 0.8648392540420272, 0.9924382364984758]
00521701,93141,390932,199,3;[62017.16, 1054, 0.7860292950526333, 1.5138959370819465, 276.9085808237027, 0.9731655031711313, 0.9876726376191827]
00521701,93141,390932,200,1;[64754, 1262, 0.8692715981718601, 1.325863861317932, 226.1344441489002, 0.9672597308634594, 0.9923832584941227]
