02395460,93027,390262,355,1;[68141, 1192, 0.8052185042325062, 1.060465782239882, 345.24396257304954, 0.9087597454868888, 1.0056079455734124]
02395460,93027,390262,355,2;[62389.32, 1100, 0.7826364673936673, 1.0572850237513436, 657.1371986831413, 0.8915754824432299, 1.0039735352974406]
02395460,93027,390262,355,3;[72005.83, 1132, 0.7602377548842424, 1.0068887171755905, 769.1465345569696, 0.8917967740664294, 1.0034939667023064]
02395460,93064,390419,1291,1;[73698, 1226, 0.8083220220162309, 1.0288726638384165, 209.8967166689859, 0.9192593765318156, 1.0066382560236027]
02395460,93064,390419,1291,2;[58116.03, 1032, 0.7955140295742464, 1.0583188920447328, 388.9229802226506, 0.8863514516623376, 1.0073430828572019]
02395460,93064,390419,1291,3;[61671.920000000006, 974, 0.7782544800451222, 1.023138369350649, 538.5887354549949, 0.8932063161369757, 1.0088749439713134]
02395460,93064,390419,1292,1;[71895, 1282, 0.8063725779797678, 1.0595822785936155, 250.9726786965227, 0.9096324774281555, 1.0048147811685453]
02395460,93064,390419,1292,2;[63169.96, 1048, 0.793254122119268, 1.084096374078893, 359.17758137174917, 0.8823327882997012, 1.0068757527763816]
02395460,93064,390419,1292,3;[57977.030000000006, 1002, 0.7767343826149534, 1.0854205692325027, 618.9341490160418, 0.9336533050760262, 1.0054168349528403]
02395460,93064,390420,1294,2;[54645.99, 1028, 0.7814900556093695, 1.0264936365667412, 796.257706864454, 0.8891174515464458, 1.0053858784893268]
02395460,93064,390420,1297,1;[58102, 1204, 0.8179480512220375, 1.0804751041793512, 192.4391515306602, 0.9318482891678499, 0.9968346014943426]
02395460,93072,390471,376,1;[65514, 1206, 0.8131788895694821, 1.0592473971118044, 217.62805767146048, 0.9281001739571735, 0.9897196897023166]
02395460,93072,390471,376,2;[63542.43, 1054, 0.778621558502853, 1.0498707647866254, 607.396055463731, 0.8752265955934123, 1.0103118141224552]
02395460,93072,390471,377,3;[56113.83, 1000, 0.7785443472051226, 1.0661194960662084, 521.3787767311188, 0.8906761276172108, 1.0040201005025127]
02395460,93079,390522,122,1;[63553, 1204, 0.8167932634626207, 1.0637666352079027, 195.2818384433492, 0.9304022182334509, 0.9857610398473733]
02395460,93079,390522,122,2;[56007.35, 1036, 0.7949830739473367, 1.0631701104786877, 380.6688310178751, 0.8989120613759589, 1.0077618971147155]
02395460,93079,390522,122,3;[71068.75, 1016, 0.7784609810639648, 1.0092806181088108, 597.9014033286275, 0.8835081726567939, 1.005982566200925]
02395460,93092,390596,745,2;[58880.009999999995, 1064, 0.7961701628098743, 1.0590806914872593, 402.56886790225747, 0.8894161492742904, 1.004935413112357]
02395460,93092,390596,745,3;[72181.19, 1132, 0.7755778290691961, 1.049079679626455, 545.6556550864975, 0.9159446382029874, 1.003217944323851]
02395460,93092,390596,746,1;[72808, 1336, 0.8033653784194668, 1.0525296944106082, 232.29894672478602, 0.9260482438768768, 0.9961690017513135]
02395460,93093,390600,871,1;[72238, 1220, 0.8027986904119186, 1.0510190310123355, 400.66496908505354, 0.9103751501085504, 1.006555892291079]
02395460,93093,390600,872,2;[54860.189999999995, 1088, 0.7796293188463091, 1.031796319067261, 777.0015086939947, 0.8969852396298439, 1.0064292185606847]
02395460,93093,390600,873,3;[69498.73000000001, 1030, 0.7737638799148449, 1.0203109780701347, 451.32232128847977, 0.8735421265231339, 1.005420618168485]
02395460,93097,390628,1112,2;[71601.11, 1174, 0.8015426706253123, 1.0814731336388508, 280.07200997298946, 0.9078731956516635, 1.0055568089711129]
02395460,93097,390628,1113,1;[56663, 1174, 0.8131675273291409, 1.0715566860473311, 392.29543583174586, 0.925213529429426, 0.9768724840314114]
02395460,93097,390628,1114,3;[72651.1, 1106, 0.7690893309966819, 1.0598355142311746, 494.5835624392937, 0.9014298793889544, 1.0023721989622811]
02395460,93115,390754,89,1;[59576, 1220, 0.6358695887822504, 1.3094293098548646, 196.3869832124481, 0.9899527367759652, 0.9935625896401054]
02395460,93115,390754,89,2;[55001.799999999996, 1074, 0.7858803123930564, 1.041208855340272, 704.093149483084, 0.8945263311029645, 1.0061496598639457]
02395460,93115,390754,89,3;[56294.670000000006, 996, 0.7823503622067712, 1.0264375666946577, 554.9029747459848, 0.9166239641687599, 1.0047067740870692]
02395460,93172,391080,701,1;[56352, 1162, 0.8091794072645645, 1.0645680734070513, 373.6601288316749, 0.9180826545984376, 0.9794045570676261]
02395460,93172,391080,702,2;[70102.9, 1178, 0.7920502736191687, 1.1035733748631404, 353.82035789574144, 0.9056533313777065, 1.007421848279636]
02395460,93172,391080,702,3;[55632.96000000001, 950, 0.7789960352707129, 1.014621306305389, 608.8885950019709, 0.8892150208616143, 1.0028152318862054]
02395460,93172,391080,704,1;[73883, 1228, 0.8021002163197501, 1.0660022656248693, 233.0165058101348, 0.9139019989704054, 1.0067518310338954]
02395460,93172,391080,704,2;[70814.52, 1208, 0.7787143045227636, 1.0694686657361403, 631.1267198304863, 0.8834110194795003, 1.0088666610155124]
02395460,93172,391080,705,3;[69939.87000000001, 1014, 0.7706444398161267, 0.9960297462928832, 689.3861716220209, 0.8719519998318337, 1.006297862274918]
02395460,93172,391083,706,2;[68948.59999999999, 1130, 0.783896365509904, 1.0445872899468354, 644.3175856374509, 0.8909931171256606, 1.0055274506911482]
02395460,93172,391083,706,3;[49409.05, 964, 0.7713912301257297, 1.075339722545668, 312.22432082961524, 0.9761396768476464, 1.0050860447293248]
02395460,93172,391083,707,1;[55326, 1124, 0.8071484896353432, 1.0713763330855044, 435.33508007530816, 0.9267612815552168, 0.9848251555310306]
02395460,93181,391153,94,2;[60292.54, 1056, 0.7845057198900041, 1.0499049859809737, 498.1107293239748, 0.8827939957404778, 1.0074465864012805]
02395460,93181,391153,94,3;[62769.29000000001, 1052, 0.7795289848449214, 1.0655061608911869, 516.694950283838, 0.9181005130351141, 1.0062924852571353]
02395460,93181,391153,95,1;[59043, 1128, 0.7973914816548169, 1.0456766061711895, 423.16890942813495, 0.9236906581689277, 0.9962204936980107]
02395460,93204,391213,426,2;[43016.119999999995, 904, 0.7583497347909044, 1.1279530364300945, 707.037473292754, 0.9357608310435677, 1.0057314562350455]
02395460,93204,391213,426,3;[70893.39, 1030, 0.7730439094014198, 1.0381288939966793, 551.0368531262292, 0.8744080216839875, 1.003918905810457]
02395460,93204,391213,427,1;[55946, 1146, 0.8023876529649395, 1.0674437099129908, 407.3736287492495, 0.9181644885012299, 0.9815862655823705]
02395460,93218,391250,185,1;[64172, 1264, 0.8005425677747056, 1.073402107779391, 334.6915144318014, 0.9247844514628369, 0.9932285499810399]
02395460,93218,391250,185,2;[69172.31999999999, 1210, 0.7819265354159589, 1.0695161142186218, 579.2802072004914, 0.9025133028111878, 1.0074002183670994]
02395460,93218,391250,185,3;[55267.170000000006, 1004, 0.7751240080470791, 1.0757025522973998, 481.58296506327576, 0.9082761330885893, 1.0022235196203868]
02395460,93218,391250,188,1;[58306, 1194, 0.8006736954788461, 1.0748620410128924, 431.9677336628356, 0.9213683862905574, 0.9983904109589041]
02395460,93218,391250,188,2;[68714.17, 1122, 0.7779814729561699, 1.0284678883996516, 548.483033209279, 0.8836103450377748, 1.0049426547625264]
02395460,93218,391250,188,3;[73047.03, 1040, 0.7737940215112193, 1.0113501428641853, 524.1477465001525, 0.8913073653306032, 1.0055824830733833]
02395460,93219,391258,243,1;[60679, 1138, 0.8113878839049155, 1.080746514816508, 319.35425597975586, 0.9312732599256951, 0.9975012740214693]
02395460,93219,391258,243,2;[59939.11, 1122, 0.7757713539910044, 1.0748975345944796, 487.9842808915695, 0.9125952591375734, 1.0077831132452981]
02395460,93219,391258,243,3;[70859.14, 1128, 0.7621088720405547, 1.0230582750275672, 712.8918142611304, 0.8978279373415575, 1.0030738797793013]
02395460,93219,391258,245,1;[73230, 1348, 0.8100501393751526, 1.059623563646728, 205.63856248971084, 0.9282910533427267, 1.006141544041878]
02395460,93219,391258,245,2;[62601.14, 1082, 0.7905285468346533, 1.0282050902446849, 457.06051169527416, 0.9001777930915666, 1.00805779383162]
02395460,93219,391258,245,3;[65947.69, 1002, 0.7752902063707324, 1.023205561426198, 434.07030020699733, 0.8865710619957393, 1.005766699400347]
02395460,93262,391481,403,2;[53672.57, 1076, 0.7784011771755971, 1.019514644065119, 796.4919676015636, 0.8931055387889185, 1.002489386766242]
02395460,93262,391481,403,3;[72257.91, 1102, 0.7639677707365492, 0.9933204911044453, 709.7263836175845, 0.8806868007918921, 1.00443725004761]
02395460,93262,391481,404,1;[71940, 1320, 0.8069806961266662, 1.0545072547734429, 272.3286937588442, 0.9139667682449024, 1.0015592805034248]
02395460,93265,391502,683,2;[48806.659999999996, 992, 0.7935224286776514, 0.8793721666123058, 339.1547495749747, 0.9689251822855763, 1.006639095806693]
02395460,93265,391502,683,3;[70765.98000000001, 1026, 0.776345917577721, 1.0377145619599175, 449.69293566652715, 0.8772550236716145, 1.008877039814842]
02395460,93265,391502,684,1;[63619, 1204, 0.8127318266494554, 1.0647874929898706, 159.15312692189374, 0.9361283567603483, 0.9985951639106242]
02395460,93273,391524,810,2;[69009.29, 1090, 0.7838419482595453, 1.0509940640320585, 550.9088011039964, 0.8787981878771465, 1.0089076010369005]
02395460,93273,391524,810,3;[73619.69, 1050, 0.7696587875190929, 1.0335821674435135, 578.376281479342, 0.8674209368460062, 1.0066596105392318]
02395460,93273,391524,811,1;[57327, 1240, 0.8064741875193632, 1.0967138712205449, 389.7166998155905, 0.9236032424767965, 0.9863133898232183]
02395460,93378,392058,85,2;[68137.02, 1158, 0.7836949671604467, 1.1038843765410684, 507.5965992316736, 0.8774669756483647, 1.0035491758025081]
02395460,93378,392058,85,3;[56226.170000000006, 986, 0.7733834697374966, 1.0422320632496738, 759.1380083067759, 0.8887048418578435, 0.9889993373094764]
02395460,93378,392058,86,1;[67885, 1182, 0.7966875029499373, 1.0732002814734978, 288.72492038037655, 0.9144105319819599, 1.0001399621365588]
02395460,93378,392058,87,1;[57699, 1136, 0.8151384344286712, 1.0757278615910197, 220.79786558676227, 0.9344681952827345, 0.9768315909764252]
02395460,93378,392058,87,2;[72569.76999999999, 1120, 0.7803600369053664, 1.0425990018127342, 651.093612578258, 0.8680691380509326, 1.0077835801163406]
02395460,93378,392058,88,3;[56226.170000000006, 956, 0.7810578797022397, 1.03869593143904, 483.9408860060314, 0.8904874437017359, 0.9911489464468998]
02395460,93379,392068,269,1;[55871, 1136, 0.8052321641626699, 1.0951838745681057, 251.05776309154595, 0.9287288656897574, 0.9597024923991274]
02395460,93379,392068,269,3;[72159.27, 1034, 0.7648126999014685, 1.007608744413936, 681.6597968757598, 0.8561204690773596, 1.0078259538479202]
02395460,93379,392068,270,2;[62511.89, 1048, 0.7780097192058549, 1.033031965211041, 843.2933731378884, 0.8860555903528914, 1.0107460676319207]
02395460,93389,392115,625,1;[56503, 1166, 0.8130847129758967, 1.1106298796508776, 203.22001223576865, 0.9236021216133914, 28251.5]
02395460,93389,392115,625,2;[72760.17, 1146, 0.778735675693257, 1.0584674139161256, 528.1375058401451, 0.859762527171757, 1.0048894330722897]
02395460,93389,392115,625,3;[69048.0, 1016, 0.7677624766275307, 0.993780596886811, 831.6501875360117, 0.8877175516185152, 1.004664513814137]
00023892,93026,390259,210,1;[115384, 1676, 0.9705763288702812, 0.9705763288702812, 27.44450635858385, 0.9967809945790217, 0.9971869206936336]
00023892,93026,390259,211,2;[117053.15999999999, 1570, 1.0149650236071255, 0.9746772383627069, 32.01824097753799, 0.9959190027831599, 0.996711876257112]
00023892,93026,390259,211,3;[116700.71, 1438, 1.0186254340279237, 0.9437976061425024, 56.93241554978748, 0.9908537816795847, 9999]
00023892,93026,390259,212,1;[115337, 1664, 0.9804131521278897, 0.9889032468085639, 29.32303153461915, 0.9964262448288627, 0.9924920079683675]
00023892,93026,390259,212,2;[117691.0, 1554, 1.014747909288223, 0.9808503008994244, 33.38817836122004, 0.9959185983378324, 9999]
00023892,93026,390259,212,3;[114356.64000000001, 1394, 1.0039062202291396, 0.9507977939312924, 37.10296143051946, 0.9936297065684685, 9999]
00023892,93026,390259,214,1;[120043, 1634, 1.0032661182443197, 0.9887838124952426, 22.927187669422857, 0.9969424029558446, 0.9982495311986761]
00023892,93026,390259,215,3;[114305.95000000001, 1398, 1.010278510246198, 0.9543713578041263, 39.13504025500448, 0.9933049493998183, 9999]
00023892,93026,390259,216,2;[116758.04, 1568, 1.0123332269148082, 0.98091887278259, 29.98789604125521, 0.996023856518871, 0.9963240520725442]
00023892,93049,390350,751,2;[112488.31999999999, 1480, 0.9848740726439702, 0.9929826624223882, 26.49613653842162, 0.9961483784872827, 9999]
00023892,93049,390350,752,3;[118309.09000000001, 1532, 1.0130833231157215, 0.9721992345752148, 59.29260583943325, 0.9911236827270111, 9999]
00023892,93049,390350,753,1;[115862, 1658, 0.9829469492684024, 0.9978529551266063, 24.60371064380052, 0.9960469422803894, 0.9909383646292598]
00023892,93049,390350,756,2;[116076.17, 1538, 1.0085478725212538, 0.9927081192712227, 43.37188848757056, 0.9943862237694245, 9999]
00023892,93049,390350,756,3;[117833.70000000001, 1382, 1.047327962051423, 0.9430491915437306, 103.28006889242694, 0.9876476852572468, 0.9989779088945155]
00023892,93049,390350,757,1;[119330, 1636, 1.0075125795868425, 0.9942916148693116, 29.0029681718026, 0.9953227996444487, 9999]
00023892,93049,390350,758,3;[117121.3, 1400, 1.030931342867741, 0.9719735434960686, 74.73251000866165, 0.9910807744684849, 9999]
00023892,93049,390350,760,1;[119412, 1684, 1.0004737661313214, 0.9880028410604836, 28.934950571560975, 0.9954903479060804, 0.999870214146658]
00023892,93049,390350,760,2;[117228.09, 1564, 1.0405712513178689, 0.9825036010815462, 94.58212834702178, 0.9879751501300211, 0.9954779023530066]
00023892,93049,390350,761,1;[115473, 1576, 0.991677529821298, 0.9926776955103828, 36.86362273631874, 0.9942467519164607, 1.0014917476864902]
00023892,93049,390350,763,2;[118247.92, 1546, 1.0345050869305332, 0.994516715150005, 59.95186314319832, 0.9908730469999921, 9999]
00023892,93049,390350,763,3;[118310.46, 1494, 1.0361395917367435, 0.9712337522244107, 108.28824339469637, 0.9843328979744623, 0.9939059128182995]
00023892,93049,390350,766,1;[116227, 1652, 0.9751026370807013, 0.9892795240401203, 27.456611617824382, 0.9965442441576506, 0.9924685549359998]
00023892,93049,390350,767,3;[117711.77, 1466, 1.0214023858039325, 0.9691685127209577, 43.76655418360943, 0.9929606828812833, 10740.125]
00023892,93049,390350,769,2;[117706.47, 1490, 1.0202549609913965, 0.9997484379105231, 29.963769686372082, 0.995278891855519, 9999]
00023892,93049,390350,770,1;[117114, 1588, 1.0024585818836231, 0.9928265580916606, 32.869004539460455, 0.9955113006843905, 9999]
00023892,93049,390350,770,3;[118395.40000000001, 1410, 1.0424963099943128, 0.9275135170288007, 78.28360049762023, 0.9922517167138535, 9999]
00023892,93049,390350,773,2;[114238.81, 1522, 1.0044227657496143, 0.986742260703326, 36.17136856988099, 0.9948063335800724, 9999]
00023892,93099,390646,1221,2;[114072.20999999999, 1486, 1.0090858747803573, 0.9867088647928606, 38.53013999163804, 0.9934468550222741, 9999]
00023892,93099,390646,1222,1;[115757, 1704, 0.9986716907804245, 0.9931340390066832, 35.39650912607604, 0.9961712619634862, 0.989105543782897]
00023892,93099,390646,1222,3;[117585.73000000001, 1392, 1.1323117391248805, 0.9651113997953958, 50.31573890807299, 0.9940088735414381, 9999]
00023892,93103,390673,1487,1;[118131, 1640, 0.9941992381714719, 0.9832364950716539, 24.18140079113889, 0.9967673469878491, 0.9975637458357788]
00023892,93103,390673,1488,3;[117951.52, 1364, 1.034720293021279, 0.9614925636421753, 96.22023479779668, 0.98528403584093, 0.9961010262284081]
00023892,93103,390673,1489,2;[116541.45999999999, 1546, 1.014966414714585, 0.992022459678374, 40.09946663942671, 0.9947342202306876, 0.9929282227280332]
00023892,93103,390673,1491,2;[120403.01, 1514, 1.0503891899546012, 0.9843946252209498, 113.66690920960296, 0.984839104179109, 9999]
00023892,93103,390673,1492,1;[114627, 1678, 0.9987680845865211, 0.9924709850319351, 45.564953524898826, 0.9946129103177113, 0.9927122981592382]
00023892,93103,390673,1492,3;[112581.12000000001, 1362, 1.004285977747245, 0.9649001229124898, 31.23126453415144, 0.9956981357234577, 9999]
00023892,93103,390673,1495,2;[114817.15, 1510, 0.9930315460441014, 0.9870770259924616, 31.546042712339776, 0.9947702350629656, 9999]
00023892,93103,390673,1497,3;[113548.34000000001, 1404, 1.0054351093309934, 0.960491452600365, 28.91913419738997, 0.9948299282430487, 9999]
00023892,93103,390673,1498,1;[116314, 1654, 0.989772517025471, 0.9913499174139772, 25.89202116124958, 0.9956881817830718, 0.9948765321221763]
00023892,93103,390673,1499,1;[115761, 1706, 0.9962542217613665, 0.9812057965453727, 38.26655464467754, 0.9959036968410945, 0.9896936302274583]
00023892,93103,390673,1499,3;[117251.45000000001, 1500, 1.0242496834682837, 0.9748615169204323, 53.78139989410666, 0.9908513476631625, 34234.0]
00023892,93103,390673,1500,2;[113904.42, 1520, 1.0033341804562999, 0.9866325509813356, 31.931454020851525, 0.9944117262205622, 0.9918501209788144]
00023892,93122,390798,1587,3;[117843.29000000001, 1442, 1.0406381091708652, 0.97290517790024, 111.87571133625764, 0.982512094931687, 0.9956477955389904]
00023892,93122,390798,1589,1;[115972, 1698, 0.9778822539189395, 0.9908134710763481, 20.37117655163161, 0.9968449509462828, 0.9941706957446079]
00023892,93122,390798,1589,2;[117505.36, 1504, 1.0292453359150497, 0.9978651105229204, 41.27597117489877, 0.9945531923571351, 9999]
00023892,93122,390798,1590,1;[114476, 1708, 0.9714008354292216, 0.9792266459744134, 31.895664856885332, 0.9963746613606888, 0.9873600048300221]
00023892,93122,390798,1590,2;[115546.62, 1446, 1.0044099548766843, 0.9937778684089924, 34.96544073137213, 0.9941037791054449, 9999]
00023892,93122,390798,1592,3;[117977.55, 1424, 1.0384956777881869, 0.9582881772027657, 51.69301507743181, 0.993571167624946, 172230.0]
00023892,93139,390920,17,2;[116130.90999999999, 1510, 0.9981631323817355, 0.9808162066148503, 32.268889709424414, 0.993887002655094, 0.9946034641785189]
00023892,93139,390920,17,3;[117082.94, 1368, 1.01704474354301, 0.9629625559037094, 53.25214145749839, 0.9925764721536028, 9999]
00023892,93139,390920,18,1;[114291, 1656, 0.9814575364939319, 0.9959018721886728, 30.733984173391054, 0.9957475714305857, 0.9944271152817112]
00023892,93139,390920,19,1;[117141, 1708, 1.0011284673044343, 0.9784178992053928, 59.47460187917027, 0.9921109682880714, 0.9933264364697103]
00023892,93139,390920,20,3;[118051.53000000001, 1470, 1.0213625513322462, 0.9716452290970454, 85.44257796364806, 0.9849400431888099, 9999]
00023892,93139,390920,21,2;[115941.7, 1478, 1.0067750976010585, 0.9966286729292532, 25.270836994108723, 0.9955051948918705, 1.001742742428838]
00023892,93166,391047,301,1;[119197, 1602, 0.9934559797032223, 0.9948353663934025, 20.712104405988043, 0.9968702647084702, 0.9987055043296481]
00023892,93166,391047,301,2;[116151.14, 1540, 1.0002683910551358, 0.9928704150270152, 33.4848806094114, 0.9948215854848882, 9999]
00023892,93166,391047,303,3;[118637.89000000001, 1398, 1.0223579081250327, 0.9703534494557088, 42.23273852076505, 0.9934911546531924, 9999]
00023892,93166,391047,304,1;[117753, 1622, 0.9772164352433422, 0.9958620833402838, 25.766315361363983, 0.9967860458868003, 0.9972686967237064]
00023892,93166,391047,305,2;[117093.62, 1536, 1.002178459818774, 0.997850638667676, 24.4138911119299, 0.9964615269265222, 1.000127051242307]
00023892,93166,391047,305,3;[119032.45000000001, 1370, 1.0183846266174685, 0.9748323649170428, 37.875699129217296, 0.9947455224370897, 2199.6202531645567]
00023892,93166,391047,307,2;[115370.5, 1528, 1.0058060097422366, 0.9895282762600829, 39.93207841576104, 0.9944151817445519, 9999]
00023892,93166,391047,308,1;[115460, 1682, 0.9960968642594321, 0.9954651582763876, 40.582903883813906, 0.9951983391381567, 0.9932470213772635]
00023892,93166,391047,308,3;[118877.64000000001, 1454, 1.017150500848034, 0.9733966928934351, 36.44529966828555, 0.9937569319287601, 1324.7633587786258]
00023892,93166,391047,309,1;[119716, 1620, 1.0322619672169577, 0.9876387315526259, 46.38197855060344, 0.9944067144527013, 0.999419796219075]
00023892,93166,391047,309,2;[115416.90999999999, 1496, 1.0140101989435855, 0.9782871975660953, 49.76970517264166, 0.9923215994050387, 9999]
00023892,93166,391047,310,3;[117396.67000000001, 1446, 1.0322636927019022, 0.9549682020607355, 42.6314536599798, 0.9954496600959517, 9999]
00023892,93166,391047,312,2;[119097.58, 1476, 1.0286965797742729, 0.9766518066581236, 64.13464440773701, 0.9901136968339167, 100082.0]
00023892,93166,391047,313,1;[120302, 1688, 1.021004314514589, 0.9866737636844082, 42.55555215394716, 0.9931729686905908, 0.9957002685780263]
00023892,93166,391047,313,3;[119017.38, 1408, 1.0256435421473993, 0.9687818342517958, 44.27779058241403, 0.9929874755115312, 24821.14285714286]
00023892,93166,391047,315,1;[117580, 1706, 0.9911475015587408, 0.9998940038735258, 31.46718806602632, 0.9964770636421072, 0.9924037812288994]
00023892,93166,391047,315,2;[119473.62, 1562, 1.0290292751963206, 0.976969826578464, 59.39391504055549, 0.9910613417632356, 9999]
00023892,93166,391047,315,3;[120414.78000000001, 1524, 1.0420803432332637, 0.9716719340706381, 114.80932319891738, 0.9838297153742086, 0.9968696835658387]
00023892,93265,391506,609,1;[120450, 1668, 1.0130823848066772, 0.9934285035407959, 28.081715577593773, 0.9950777124707098, 9999]
00023892,93265,391506,609,3;[119976.38, 1438, 1.0627480642574758, 0.9590433977019611, 126.38952663022229, 0.9846962103710577, 0.99012968218255]
00023892,93265,391506,610,2;[119833.0, 1508, 1.0279624297293433, 0.9939602657133225, 34.05485042585448, 0.9943307197997148, 0.9989534301203803]
00023892,93265,391506,611,3;[119896.92000000001, 1368, 1.0267371543472592, 0.9680652141772095, 60.138477372720004, 0.9910185054986551, 175032.0]
00023892,93265,391506,612,2;[116885.37, 1548, 1.0145783774572443, 0.9803564738122116, 29.62078944142632, 0.9948200399301197, 9999]
00023892,93265,391506,613,1;[114481, 1610, 0.9955593575803238, 0.9902087238335712, 36.759064237107594, 0.9944111491071127, 0.9902515396858349]
00023892,93329,391882,87,1;[118271, 1616, 1.0194271800477344, 0.9951980347867928, 37.73351695185407, 0.9949972892828642, 0.9989948475377988]
00023892,93329,391882,87,2;[111247.15, 1430, 0.9892958805203751, 0.987969527216751, 25.62743346510477, 0.9960790202361292, 9999]
00023892,93329,391882,87,3;[115923.92000000001, 1414, 1.0215942370198658, 0.9563196493174627, 47.010858776237484, 0.9953242287886229, 9999]
00023892,93329,391882,89,1;[114628, 1672, 0.9914825066265023, 0.992449732020601, 46.0862142629913, 0.9941192467786226, 0.9939475920434248]
00023892,93329,391882,89,3;[114667.63, 1414, 1.0167941706478845, 0.9529070402788227, 69.36194070195396, 0.9896615259912896, 0.9922821576763485]
00023892,93329,391882,90,2;[116098.78, 1540, 1.024478526931865, 0.9929498654533664, 58.7047229351499, 0.9922725834272821, 9999]
00023892,93329,391882,92,2;[114627.93999999999, 1522, 1.0073552101636527, 0.9847883422105579, 36.85985021329225, 0.9940911230252352, 0.9904477918873066]
00023892,93329,391882,92,3;[114493.64000000001, 1356, 1.0098884038015559, 0.9575393429604518, 53.70771228318953, 0.9928164272628103, 9999]
00023892,93329,391882,93,1;[115389, 1646, 0.9791536811644996, 0.9912072497007227, 30.555962129969355, 0.9961549890584726, 0.995354855405318]
00023892,93329,391882,94,1;[116973, 1592, 0.994606233216065, 0.9965614043713638, 34.71012332712566, 0.9946580766084038, 0.9999615310636661]
00023892,93329,391882,94,2;[112866.73999999999, 1496, 1.003006582190011, 0.9923183925625743, 26.138494257660792, 0.99570058885804, 9999]
00023892,93329,391882,94,3;[114433.36000000002, 1410, 1.0214616209838423, 0.9517095185099957, 73.57692311392724, 0.9894936176987641, 0.990536726513768]
00023892,93329,391882,96,1;[115407, 1632, 0.9872182726007631, 0.9927104473525977, 23.989429741072772, 0.9960868400620199, 0.996795591563164]
00023892,93329,391882,96,2;[113005.97, 1516, 0.9882006017804126, 0.9825266807640969, 27.477798069064683, 0.9957344812378607, 0.9942780561096016]
00023892,93329,391882,96,3;[117169.25000000001, 1434, 1.0569068397282255, 0.9348208440309685, 110.45560734956277, 0.9883416942725053, 9999]
00023892,93329,391882,99,1;[118266, 1608, 1.0340711010663866, 0.9901960891665134, 40.350390802242764, 0.9941750124012475, 0.995743928467688]
00023892,93329,391882,99,2;[114010.33, 1524, 1.0088953795511193, 0.9873587254334197, 27.375748128469997, 0.9954495918170748, 9999]
00023892,93329,391882,99,3;[113752.47000000002, 1336, 1.0058340005280906, 0.9771892906538502, 25.640739364499375, 0.99607581804577, 9999]
00023892,93377,392048,3,3;[118466.64000000001, 1406, 1.047556527781869, 0.9626297559970822, 107.28162349534367, 0.988306503325163, 9999]
00023892,93377,392048,4,1;[118492, 1724, 0.9863208326474601, 0.9986424630954116, 19.764201178268063, 0.9967779664001932, 0.982353745839223]
00023892,93377,392048,4,2;[116322.5, 1540, 1.0024661578187861, 0.9812524545754474, 28.71243987076844, 0.9953319054134065, 9999]
00023892,93377,392048,5,1;[112681, 1604, 0.9750116024793062, 0.9728192778387952, 30.87669786078407, 0.9962903174522396, 0.9869450782375636]
00023892,93377,392048,5,2;[117476.79999999999, 1468, 1.0128946844061226, 0.9826118107683158, 31.69563920609115, 0.9953051589361018, 9999]
00023892,93377,392048,5,3;[119291.38, 1442, 1.0494193382007337, 0.9224995551443748, 90.97954973781846, 0.9914184377585706, 9999]
00023892,93377,392048,8,2;[114999.22, 1520, 1.0070723933409482, 0.9772014446917673, 55.95936210100426, 0.9911467610708359, 1.0000983146794165]
00023892,93377,392048,8,3;[115359.48000000001, 1394, 1.0261842013140077, 0.9530082855170431, 74.80732270330151, 0.9887307322964278, 9999]
00023892,93377,392048,9,1;[115825, 1638, 0.9752674514762388, 0.977930434245964, 26.59457846165895, 0.9966290836236483, 0.9829547624402228]
00023698,93080,390528,134,1;[36900, 898, 0.9978155479327312, 1.0259673944738459, 89.73238912855744, 0.9929930238391793, 0.9837638966648005]
00023698,93080,390528,134,2;[39364.009999999995, 820, 1.0504391901326098, 1.022399976459444, 131.86334323534342, 0.9822628171354302, 1.0140555785472325]
00023698,93080,390528,134,3;[55474.04, 910, 1.2348669144335471, 0.954528904486548, 84.48481776732575, 0.9923977465338607, 26994.666666666668]
00023698,93244,391403,53,2;[43991.92, 860, 1.0139415938895173, 1.0212939734954087, 88.72411398565121, 0.9915332214735743, 9999]
00023698,93244,391403,54,1;[45368, 944, 1.0138822074695624, 0.9740646097252217, 57.91967425793741, 0.993886083647604, 1.000099198694986]
00023698,93244,391403,55,3;[38692.91, 766, 1.0128055678324268, 1.0020142613457823, 123.04365198080062, 0.9864740144323954, 0.9985680697226298]
00232831,93048,390346,740,1;[60347, 1074, 1.0041203919890753, 0.9799737843213558, 68.8031668473261, 0.9893269121354705, 1.0045276737411568]
00232831,93048,390346,740,2;[26282.34, 714, 1.0320528336306802, 1.014372897938292, 140.43680277580415, 0.9847081607347733, 9999]
00232831,93048,390346,740,3;[48303.46000000001, 810, 1.1451752258466206, 0.9524738607388366, 111.29907984614162, 0.9886044851043795, 1.0053033759124088]
00232831,93048,390346,741,1;[58549, 1054, 1.0054455670794802, 0.9721401613657598, 71.84338526471858, 0.9899833681219329, 1.006091640962634]
00232831,93048,390346,741,2;[26754.77, 714, 1.0341519316231074, 1.0048081338552852, 159.3327943069655, 0.9804418482813829, 1.0053435285174503]
00232831,93048,390346,741,3;[59377.170000000006, 910, 1.009236585552549, 0.9801747544230137, 119.60868056295885, 0.9820228240271109, 1.0022546741128724]
00232831,93048,390346,742,1;[60220, 1068, 1.0074655194483435, 0.9772295374079115, 65.41557014703079, 0.9913233628504808, 1.006005629755849]
00232831,93048,390346,742,2;[36023.68, 754, 1.1820072772154882, 0.975194568199687, 145.89823339616314, 0.9858882366313425, 1.007957912962408]
00232831,93048,390346,742,3;[30371.530000000002, 664, 1.0089733402220478, 0.9955065153366602, 110.20559259267367, 0.9896436106369197, 1.003848940409346]
00232831,93147,390953,359,1;[28614, 804, 1.0032679635817676, 0.9797642027110547, 76.11960080236409, 0.9935266967839056, 1.0029442691903259]
00232831,93147,390953,359,2;[32495.329999999998, 730, 1.0010910926167107, 1.0181539503852286, 138.38844875947652, 0.9872961394964037, 1.0066911209009972]
00232831,93147,390953,359,3;[44651.04, 780, 1.1265940771710539, 0.9490983104198878, 135.99181647196534, 0.9850378115291741, 1.0061277725469615]
00232831,93165,391039,287,1;[39866, 864, 1.0298398293658304, 0.9959000629021967, 86.7554628668432, 0.992586344484783, 0.9994735126733021]
00232831,93165,391039,287,2;[58477.79, 974, 1.0269415973797502, 0.9712203717647845, 110.17502078317794, 0.9861528678999373, 1.0036866453569715]
00232831,93165,391039,287,3;[47685.590000000004, 804, 1.0360607644632402, 0.94115180619928, 106.98442230112188, 0.9887037694940279, 9999]
00232831,93165,391039,289,1;[28699, 810, 1.00818441333912, 0.9786705332760606, 77.15163995602295, 0.9933617731220881, 0.9997039101280153]
00232831,93165,391039,289,2;[29376.34, 706, 1.0029025862775742, 1.0184988224387705, 115.10771404046059, 0.9898791421656763, 1.0058060178866095]
00232831,93165,391039,289,3;[29242.65, 658, 1.0054347153086407, 1.016919426240819, 136.91117619523283, 0.9875221844265234, 1.0027482207032625]
00232831,93165,391039,290,1;[29374, 836, 1.0333035036256313, 0.9688302861139513, 84.38927192001452, 0.9925713888783438, 1.00454840805718]
00232831,93165,391039,290,2;[48306.86, 868, 1.1486846561401474, 0.9733066559966124, 138.39645165229948, 0.9857525522417887, 1.0036095727848102]
00232831,93165,391039,290,3;[28849.460000000003, 652, 1.0052699092288533, 1.0203944978101065, 115.91342784668967, 0.98962519814608, 1.003669987131214]
00232831,93328,391868,72,1;[53913, 1002, 1.0197885864858176, 0.9823802569413564, 73.40299224254385, 0.9925419384832258, 1.0061398925052254]
00232831,93328,391868,72,2;[30416.399999999998, 710, 1.0438726826922544, 0.9772929921499058, 127.79972348039183, 0.989214036519754, 9999]
00232831,93328,391868,72,3;[54501.340000000004, 870, 1.009712309967718, 1.0058363780854904, 98.19940865914353, 0.988407161462243, 9999]
00232831,93328,391868,73,1;[53548, 998, 1.0189524065939604, 0.9797690597906243, 70.54455465725476, 0.9923345736926806, 1.0058606957697798]
00232831,93328,391868,73,2;[32314.449999999997, 730, 1.0032959324346369, 1.0173005886922057, 119.24168662801405, 0.9887060503406242, 1.0007739367583106]
00232831,93328,391868,73,3;[56224.8, 882, 1.0097929346542687, 1.0019868142286004, 108.93376190051036, 0.985441320762081, 9999]
00232831,93328,391868,74,1;[58872, 1058, 1.0073440151434425, 0.9871881459772484, 66.68563326524257, 0.9914655171775439, 1.0050875815208113]
00232831,93328,391868,74,2;[56247.729999999996, 944, 1.126253123694444, 0.9646773931279856, 122.14461848641795, 0.984343955618227, 1.0040039508480516]
00232831,93328,391868,74,3;[54302.69, 864, 1.013030303116915, 1.0093036032740614, 115.46933163720168, 0.98485697905831, 9999]
00521701,93026,390258,236,1;[65015, 1268, 0.8381775642546434, 1.2907349359759162, 250.17272954094338, 0.8658941841502674, 0.9906670222086777]
00521701,93026,390258,236,2;[63711.409999999996, 1160, 0.8328008538305073, 1.244832771554797, 383.41423372086234, 0.8778173893145765, 0.991986511399535]
00521701,93026,390258,236,3;[64650.3, 1088, 0.7961479669495897, 1.7462056904974999, 589.4067175037352, 0.9620048103930134, 9999]
00521701,93122,390796,1603,2;[62828.43, 1126, 0.819885475612702, 1.256333279056509, 299.49397662419483, 0.8638672780054223, 0.9927420416298441]
00521701,93122,390796,1604,3;[62922.73, 1048, 0.8185142145814573, 1.450235556326929, 320.0687700976941, 0.8812622518672641, 0.997166708279508]
00521701,93122,390796,1605,1;[62224, 1146, 0.8566837480585704, 1.2049831781894702, 156.220883867245, 0.9003790357456036, 0.9972993548904115]
00521701,93139,390917,48,1;[65905, 1250, 0.8177142451097035, 1.363160319113161, 272.79423457219696, 0.8735352990091628, 0.9921342817357269]
00521701,93139,390917,48,2;[63280.63, 1130, 0.8069446185618948, 1.4570263221994737, 273.2561554452453, 0.9667913955202088, 9999]
00521701,93139,390917,48,3;[62114.43000000001, 1014, 0.8202161911979294, 1.608353300801054, 300.4638342307913, 0.9710721126599146, 0.9903020771902235]
00521701,93141,390932,199,2;[64893.079999999994, 1162, 0.8456843959906979, 1.2595769526941694, 346.6162792194861, 0.8648392540420272, 0.9924382364984758]
00521701,93141,390932,199,3;[62017.16, 1054, 0.7860292950526333, 1.5138959370819465, 276.9085808237027, 0.9731655031711313, 0.9876726376191827]
00521701,93141,390932,200,1;[64754, 1262, 0.8692715981718601, 1.325863861317932, 226.1344441489002, 0.9672597308634594, 0.9923832584941227]
