02312743,93048,390344,483,1;[30221, 902, 0.7256177481938088, 0.8641544992216394, 406.23986049820047, 0.9433565642080965, 9999]
02312743,93048,390344,483,2;[56901.04, 996, 0.6743873157137533, 0.9870016237063977, 1242.0706182529009, 0.7842368639876682, 9999]
02312743,93048,390344,483,3;[55841.200000000004, 890, 0.6619584071401444, 1.0292321580779622, 1092.2815332067553, 0.692839725373894, 1.0106996292944195]
02312743,93055,390382,374,1;[51118, 1030, 0.7145589011213783, 0.8698420173566012, 657.8626247032605, 0.8958621697778703, 1.0036322227239707]
02312743,93055,390382,374,2;[29444.17, 812, 0.6693358777331134, 0.8302395232817094, 1321.8678080532986, 0.8455241420693387, 1.0011734239702192]
02312743,93055,390382,374,3;[28874.120000000003, 750, 0.6619307440805438, 0.9141114667932079, 1067.46743876758, 0.7636043871768634, 0.9988625592417062]
02312743,93056,390384,407,1;[32960, 916, 0.7210332592032972, 0.8261155304797074, 524.3709207947634, 0.9300639232286964, 9999]
02312743,93056,390384,407,2;[28646.87, 846, 0.6601890921942628, 0.7747725858589699, 1483.411956143777, 0.8455712571441034, 0.9900472959078758]
02312743,93056,390384,407,3;[58329.12, 904, 0.7044284083234673, 0.9258423190313907, 421.89252509890764, 0.7325245164151242, 1.0100588346934902]
02312743,93056,390386,403,1;[54709, 1034, 0.7114279914815475, 0.858051398658744, 770.6156539318703, 0.8829355205558791, 1.0042955484167049]
02312743,93056,390386,403,2;[56114.45, 986, 0.6774840617351126, 0.9568965109923436, 1354.3322456501862, 0.7597869315207042, 9999]
02312743,93056,390386,403,3;[44070.16, 830, 0.6806109838380471, 0.9168625153515504, 1067.6826957419123, 0.7634375502366292, 1.0063034739492906]
02312743,93056,390386,405,1;[57503, 1078, 0.7140423592680312, 0.9190562508432855, 664.0477127690048, 0.8862061144905871, 1.0021698022778567]
02312743,93056,390386,405,2;[45078.39, 902, 0.6649494624872168, 0.953594550951304, 1353.4805330752072, 0.826481901108704, 9999]
02312743,93056,390386,406,3;[58566.130000000005, 902, 0.6972493018764463, 0.9629250130060101, 551.2802450018647, 0.6871555776862448, 1.009624127628922]
02312743,93057,390392,434,1;[58187, 1082, 0.7131076866765118, 0.8936669048315716, 695.2378629774656, 0.8824470500840099, 1.0066955017301038]
02312743,93057,390392,434,2;[27580.629999999997, 840, 0.6792680583701671, 1.2502335840462808, 870.2391522311015, 0.9127967910365704, 0.9998705780845557]
02312743,93057,390392,434,3;[52297.01, 884, 0.6612248388895475, 1.0189764396395224, 1080.983107963744, 0.7272573946857341, 1.0054654884039458]
02312743,93057,390392,436,1;[29836, 948, 0.718849580106033, 0.8279402669974419, 534.5585158796916, 0.9342254464394405, 0.9969592675510409]
02312743,93057,390392,436,2;[34571.88, 834, 0.666041116367785, 0.9526466577398789, 1358.518372816942, 0.8250574754069885, 1.0082073883847236]
02312743,93057,390392,436,3;[39258.72, 824, 0.6587396554379988, 0.9649937692493085, 1370.8192847387322, 0.7316440912030072, 1.0042404065183108]
02312743,93062,390405,748,1;[58029, 1056, 0.7274065979308737, 0.8983737020301009, 563.1974727467558, 0.9029719790777379, 9999]
02312743,93062,390405,748,3;[40060.170000000006, 804, 0.6714313607375063, 0.9849924329089925, 892.1150382385978, 0.8074084462614277, 1.0097553395376142]
02312743,93062,390405,749,2;[58429.0, 978, 0.6625090979131051, 0.9601120574186279, 1524.0390018058808, 0.7561212611576094, 1.0056941542747122]
02312743,93064,390416,894,1;[56139, 1064, 0.7163169214488619, 0.9089323016373733, 700.1435924262144, 0.8927755383416779, 1.0049586480970965]
02312743,93064,390416,894,2;[54803.07, 958, 0.702158729944821, 1.0380921631948596, 797.782110340208, 0.8841969576864849, 9999]
02312743,93064,390416,894,3;[59040.15, 938, 0.65924378188483, 0.979164158683339, 1134.1527797579938, 0.6680849599069378, 1.0039019276687438]
02312743,93078,390515,27,1;[34663, 910, 0.7148376916756629, 0.834292836997361, 565.2990213635886, 0.9210733538110176, 9999]
02312743,93078,390515,27,2;[29810.69, 830, 0.6764283633724046, 0.891330102734199, 1206.6541377866604, 0.8483772542674083, 1.004954367666232]
02312743,93078,390515,27,3;[54305.43000000001, 900, 0.6579878423398317, 0.9530811067158966, 1102.464875491135, 0.7401231254794216, 1.003887503007433]
02312743,93079,390518,129,1;[30947, 886, 0.726143966690308, 0.8174884491602775, 541.8537617267789, 0.9294415652490835, 1.0100525474068998]
02312743,93079,390518,130,2;[31765.859999999997, 858, 0.6884035306376804, 0.9217843243955853, 1045.2186734824545, 0.8777372821098388, 1.0025727216390303]
02312743,93079,390518,130,3;[23961.300000000003, 658, 0.6477537910984219, 0.8251063762099119, 1008.0015439149552, 0.8897780767932199, 9999]
02312743,93091,390585,636,1;[48086, 1054, 0.7292293616248902, 1.0104268469982707, 379.7450508995383, 0.936713444664822, 48086.0]
02312743,93091,390585,636,2;[29360.87, 872, 0.6278810077318723, 0.8263977698814142, 1227.0615579432024, 0.8841251393243204, 9999]
02312743,93091,390585,636,3;[56975.560000000005, 926, 0.6706054234421693, 0.9947475457515568, 756.0190572367804, 0.5854988612685083, 1.0063641863278887]
02312743,93100,390651,1366,1;[57470, 1072, 0.7102574810452217, 0.8932363038893099, 765.6138868115922, 0.8900217629140225, 1.004948677146904]
02312743,93100,390651,1366,2;[56139.439999999995, 996, 0.6756668650899503, 0.9111478524314962, 1288.9323438451559, 0.808384485288554, 9999]
02312743,93100,390651,1367,3;[23417.410000000003, 668, 0.6917610748805972, 0.8037881744045579, 846.7497431351744, 0.8555270548727745, 0.9984228971962616]
02312743,93100,390651,1370,1;[52054, 1080, 0.7388157501890436, 1.0568568117139836, 351.7272241454475, 0.9391003845860049, 9999]
02312743,93100,390651,1370,2;[52642.03, 954, 0.7057335778007023, 1.0789417129320427, 785.6804648925637, 0.8959204203626765, 1.003277201338096]
02312743,93100,390651,1370,3;[57356.420000000006, 926, 0.7179458911783567, 0.984820141630633, 405.49401566212777, 0.8216286171862154, 1.004197548631599]
02312743,93103,390670,1581,1;[41184, 964, 0.7145231780466168, 0.8612703382009703, 738.5292237301205, 0.9029179991225849, 1.0052110664990663]
02312743,93103,390670,1581,2;[47413.17, 924, 0.6998254184730299, 1.1561042059195386, 847.6561454592471, 0.8929751401547461, 9999]
02312743,93103,390670,1581,3;[58148.280000000006, 942, 0.6593320841597721, 1.0057213484653926, 1083.0425803370836, 0.5590734091018412, 1.0037483298057253]
02312743,93103,390670,1583,2;[58394.49, 992, 0.6950378904275564, 0.9518393708496221, 958.4446967251262, 0.8525396034320758, 9999]
02312743,93103,390670,1583,3;[32474.480000000003, 762, 0.6652338473686489, 0.9200001154044603, 1348.8683353060026, 0.7503793052393021, 1.0155302786881735]
02312743,93103,390670,1584,1;[44390, 1014, 0.73112894754439, 0.878694515352656, 423.3612467378582, 0.9311818269969295, 1.0018619872482086]
02312743,93104,390679,1040,1;[50193, 1042, 0.7193702281754891, 0.8760064065649963, 624.4449725513408, 0.9113651344438883, 1.000308903392955]
02312743,93104,390679,1040,2;[58494.45, 1014, 0.6649969676523226, 0.9488191819717654, 1466.7884607801363, 0.7676067848556845, 1.004187946884576]
02312743,93104,390679,1040,3;[29179.63, 750, 0.6677909359734191, 0.8917071667414633, 1045.1630900842822, 0.7831754933087003, 1.0058084624102759]
02312743,93115,390750,25,1;[58047, 1068, 0.7373126055378552, 0.9681213952481146, 403.68413584645407, 0.9136581511162222, 1.006781601221035]
02312743,93115,390750,25,2;[56878.43, 998, 0.6729293602456824, 0.9410471354119516, 1383.919241466648, 0.7662596653498489, 9999]
02312743,93115,390750,25,3;[49302.19, 874, 0.6584464550192354, 1.0280673269621763, 1196.2898321634177, 0.7403481048243161, 1.0024373598518086]
02312743,93116,390756,73,1;[40474, 962, 0.7118416757930878, 0.8531739688813287, 706.8913490939348, 0.8980023469642286, 9999]
02312743,93116,390756,73,2;[41853.49, 898, 0.6583229927308598, 0.9807711528437398, 1374.3322356279969, 0.8197953722313316, 1.0071878579610538]
02312743,93116,390756,73,3;[52481.96000000001, 876, 0.6931623864752001, 0.9299074735938236, 849.1609242808287, 0.7884453437322049, 1.0101521504100415]
02312743,93116,390756,74,1;[58510, 1070, 0.721887703260938, 0.9127245658491243, 587.3441873004872, 0.8977975188855821, 1.0058708751300103]
02312743,93116,390756,74,2;[58891.909999999996, 994, 0.6936192764045396, 0.9336946823900357, 1003.5320735254791, 0.8334410424012473, 1.0061705177338849]
02312743,93116,390756,74,3;[57852.36000000001, 934, 0.6527854897637984, 1.0139270050883815, 1295.6615036434023, 0.6537150213649932, 1.0044599850144504]
02312743,93119,390773,260,1;[49789, 1024, 0.7095874669279842, 0.9241554448804471, 690.6493055960659, 0.8879719091288902, 9999]
02312743,93119,390773,260,2;[52939.53, 968, 0.7015078240417566, 1.0603757044957642, 829.1047437009923, 0.8866205247912382, 9999]
02312743,93119,390773,260,3;[47219.79, 860, 0.6560633765349361, 0.9953884549804649, 1449.7117454783397, 0.7550603340159062, 1.008278726889773]
02312743,93135,390890,943,1;[26585, 840, 0.8480968829762662, 1.0184692285091348, 520.4430442576031, 0.9553620335983332, 0.9886942615939603]
02312743,93135,390890,943,2;[42629.369999999995, 902, 0.6727098633923404, 0.9754401231571116, 1282.7534649362374, 0.8433669875115997, 1.0100517389649388]
02312743,93135,390890,943,3;[53902.65, 904, 0.6638556710336342, 1.027231644035581, 1095.040056621005, 0.7337481027505177, 9999]
02312743,93140,390926,102,1;[30738, 896, 0.7325838189797397, 0.8180269917724571, 393.8555772401098, 0.9481228014767912, 1.0034604335335597]
02312743,93140,390926,103,2;[39767.42, 878, 0.6914498392099188, 1.0672460536330068, 952.6250073135135, 0.8915852133012003, 9999]
02312743,93140,390926,103,3;[58862.05, 928, 0.6818319642477869, 0.9722745678889143, 772.3423895709527, 0.7150510258209976, 1.0057350187265917]
02312743,93148,390956,367,1;[21903, 726, 0.6957442826074814, 0.9131542690165328, 924.7107963501986, 0.9032490259175115, 0.9952516187663296]
02312743,93148,390956,367,2;[55146.979999999996, 1000, 0.684593643355537, 0.9315761181204119, 1151.4657794235775, 0.819858126406892, 1.0032038792916829]
02312743,93148,390956,367,3;[48708.98, 864, 0.7004370347883324, 0.8995002525997596, 734.5339779960922, 0.8232929764976131, 1.007837856991]
02312743,93148,390960,365,1;[58350, 1074, 0.7218009176796305, 0.9162958215354308, 543.2888852158437, 0.8994832105054602, 1.0077807234950216]
02312743,93148,390960,365,2;[56375.06, 986, 0.7154811023666469, 1.015767925423848, 674.0509151002383, 0.8853222492093766, 9999]
02312743,93148,390960,366,3;[57871.54, 916, 0.7038317845942429, 0.9431801641656331, 466.62095950484706, 0.6564855007148503, 1.007501043467891]
02312743,93162,391025,23,1;[38535, 942, 0.7155585323992932, 0.9183544167914635, 583.3249776238142, 0.9151021799075837, 77070.0]
02312743,93162,391025,23,2;[55712.229999999996, 1000, 0.7244044920970779, 1.0168506007669886, 534.1865714751865, 0.9120505678916302, 9999]
02312743,93162,391025,23,3;[50816.04, 870, 0.6903992104055884, 0.9123462121763937, 810.6554969604568, 0.8085134571491497, 1.0027710566512118]
02312743,93163,391026,61,1;[58237, 1062, 0.7354603642423344, 0.9200149786466653, 466.28203815809434, 0.9104897821683348, 8319.57142857143]
02312743,93163,391026,61,2;[58070.81, 994, 0.6751616757708649, 0.9676050170921469, 1274.1532927564344, 0.7826396091714394, 9999]
02312743,93163,391026,61,3;[46999.22, 856, 0.6659552814880643, 1.021945828990068, 967.9154415193191, 0.7837577754409112, 1.0066609935737552]
02312743,93163,391033,57,1;[45266, 988, 0.7197192521125549, 0.8897109824638207, 590.3355369317006, 0.9001470420816927, 9999]
02312743,93163,391033,57,3;[51095.520000000004, 874, 0.6951183583320174, 0.9128295438663088, 747.4082430966482, 0.8026982368950221, 1.0054456246293202]
02312743,93163,391033,58,2;[29303.75, 856, 0.6568660204689656, 0.7638219372191697, 1592.6117003007143, 0.830961703261583, 0.9899099533687088]
02312743,93163,391033,59,1;[20195, 624, 0.7251092547199784, 1.1520457555173056, 868.8801899990133, 0.9187188021378022, 1.0101287982993623]
02312743,93163,391033,59,3;[33625.280000000006, 772, 0.6638547288052564, 0.9523032114080351, 1260.0601904135137, 0.7388788573312409, 1.0157679096138725]
02312743,93163,391033,60,2;[32495.329999999998, 866, 0.683716755853292, 0.8892218863806564, 1164.1857183687052, 0.8548761086476505, 9999]
02312743,93164,391036,94,1;[58080, 1070, 0.7021274702291422, 0.871500540845062, 918.09682962864, 0.8751626043787557, 1.0024508957851497]
02312743,93164,391036,94,2;[29258.53, 818, 0.6741166007502088, 0.8154229101060831, 1239.9668586049522, 0.8496667048813019, 1.0092149820420728]
02312743,93164,391036,94,3;[57604.39000000001, 930, 0.6765056387679577, 0.9778007497734091, 689.6305209147333, 0.5924001898915828, 1.0038198008928785]
02312743,93164,391036,97,1;[57603, 1058, 0.7285298514095189, 0.9298091847578613, 498.4868033841313, 0.903996458067068, 1.0066142998191334]
02312743,93164,391036,97,2;[56663.04, 980, 0.7120233773877429, 1.016271755207639, 705.3786674756741, 0.8754460467556828, 1.0033292595558179]
02312743,93164,391036,98,3;[55691.87, 894, 0.6696960928194977, 1.0087196788819515, 952.3509415722316, 0.721881750338171, 1.0071976313474809]
02312743,93165,391044,151,2;[42437.78, 890, 0.6767377233562913, 0.9598619409544555, 1266.7606655480408, 0.841504186304318, 1.0069033669796006]
02312743,93165,391044,151,3;[57856.47, 910, 0.6633601782673781, 1.014117024515776, 1021.4559589911153, 0.674039813048342, 1.0079117889234954]
02312743,93165,391044,152,1;[52699, 1034, 0.7244769086756617, 0.8964217900385997, 557.7904371663119, 0.9048273921946178, 1.0073882915173238]
02312743,93170,391064,305,1;[56784, 1072, 0.7388698340796424, 0.9724252944679608, 307.14899692025205, 0.9355611936966548, 5678.4]
02312743,93170,391064,305,2;[36147.439999999995, 854, 0.6784362673596407, 0.9420012919736553, 1224.0535916232282, 0.8465848119781507, 1.0055947296984142]
02312743,93170,391064,305,3;[49406.310000000005, 916, 0.7133198074675224, 0.9845720003269827, 546.9021061908877, 0.85733714162198, 1.0060536740501032]
02312743,93172,391079,452,1;[55346, 1094, 0.7432345094654158, 1.0259670756581305, 313.61664770142977, 0.9379193332571094, 9999]
02312743,93172,391079,452,2;[41421.52, 902, 0.6797664843668285, 0.9649986071260094, 1280.1171406884419, 0.8352358879694644, 1.0022891861151504]
02312743,93172,391079,452,3;[50818.780000000006, 878, 0.6667340353442174, 1.0276578968106147, 941.02913308882, 0.7697918211997977, 1.0080439154301863]
02312743,93203,391204,437,1;[20033, 636, 0.7213461657361258, 1.1033312999340446, 931.3565547088876, 0.9172705498943502, 0.9964188012932107]
02312743,93203,391204,437,2;[57923.25, 992, 0.6875330132275357, 0.9267481476812119, 1180.0799385278142, 0.8073079420192405, 9999]
02312743,93203,391204,437,3;[34455.5, 786, 0.6677361253789645, 0.9212420043914777, 1258.1499994876137, 0.7520819750839312, 1.0037315666593498]
02312743,93204,391211,524,1;[27764, 932, 0.6653529831031825, 1.0094310261139858, 818.5281190492315, 0.905321895092794, 0.9785359320480739]
02312743,93204,391211,524,2;[51471.07, 952, 0.6988592970082508, 1.052823158358089, 848.2495457519241, 0.8852061354392234, 9999]
02312743,93204,391211,524,3;[31449.72, 762, 0.6635145303014945, 0.8857824602529268, 1357.013689187221, 0.7548747250311768, 1.0077039573319286]
02312743,93218,391246,132,1;[28490, 936, 0.6667454110715627, 0.9535993610595611, 657.1866233651734, 0.9285964311066548, 0.9677802877184639]
02312743,93218,391246,132,2;[29576.26, 818, 0.6801798338981251, 0.8409194765664274, 1125.1231777734997, 0.8769166316697699, 9999]
02312743,93218,391246,132,3;[57609.87, 928, 0.7152288071675403, 0.9495659187621349, 377.3025727417613, 0.8125906492204431, 1.0047788583307449]
02312743,93219,391254,180,1;[56621, 1064, 0.7206024189605481, 0.8959051464375253, 613.9253239017063, 0.8955878584102344, 1.0052641390513897]
02312743,93219,391254,180,2;[39962.58, 882, 0.6942180693584823, 1.108608963317366, 943.4639034744105, 0.8965237460591688, 1.0028818443804035]
02312743,93219,391254,181,3;[56918.020000000004, 920, 0.6676634695734963, 1.0045912044974525, 969.8790005867854, 0.7073098934547297, 1.0045821092210414]
02312743,93265,391499,638,2;[50772.54, 950, 0.7043026230726166, 1.112502414179516, 784.2424690129392, 0.8964432832641016, 9999]
02312743,93265,391499,638,3;[40883.54, 810, 0.6788437519715668, 0.9167574670864714, 1213.0092633821312, 0.7543914691502748, 1.0109078590785907]
02312743,93265,391499,639,1;[54837, 1066, 0.7137847039667999, 0.8932210140516632, 678.9444940867379, 0.8948528703676396, 1.0047270928379046]
02312743,93272,391514,683,1;[57803, 1098, 0.736352232164369, 1.0138477011737106, 304.5029151210795, 0.933698749111225, 9999]
02312743,93272,391514,683,2;[42224.77, 894, 0.6724360376982561, 0.9728155349869684, 1302.27021199206, 0.8437901841853144, 1.003875968992248]
02312743,93272,391514,684,3;[40197.170000000006, 808, 0.6756542392393293, 0.9582884904635882, 879.3600897652049, 0.8115180691423027, 1.006086375092153]
02312743,93328,391873,22,1;[36343, 922, 0.7071263293504871, 0.8529765469348584, 731.7847916019639, 0.8966856552756627, 9999]
02312743,93328,391873,22,2;[29735.719999999998, 808, 0.6766140710028786, 0.890076574964639, 1157.190415178429, 0.8531265546976742, 1.0056140209670603]
02312743,93328,391873,23,3;[54301.32000000001, 902, 0.7047106648382342, 0.977973149696224, 741.3075677153179, 0.8151573186441525, 1.0059770815091178]
02312743,93330,391884,152,1;[29729, 874, 0.7192502366687544, 0.8132485272569725, 603.0355020333106, 0.9255748180093695, 0.9984718467144704]
02312743,93330,391884,152,2;[57764.979999999996, 986, 0.6794172673319712, 0.9242566127754962, 1226.7846677149078, 0.791438190503948, 9999]
02312743,93330,391884,152,3;[34536.33, 766, 0.6647306340046385, 0.9409626791027121, 1264.8859193701812, 0.7343969688829991, 1.0122673519786376]
02312743,93376,392044,14,1;[37884, 946, 0.7353175315032393, 1.0003977642747115, 433.85168550797454, 0.9437254593561158, 1.0040151063406877]
02312743,93376,392044,14,2;[57228.29, 986, 0.7082017112580786, 0.9480549226937903, 788.6905079948907, 0.8443581584550421, 1.0028882748553256]
02312743,93376,392044,15,3;[57031.73, 912, 0.6670231698407862, 1.0049350687195746, 1028.0291545849748, 0.7064361217597338, 1.0044275011762436]
00023892,93026,390259,210,1;[115384, 1676, 0.9705763288702812, 0.9705763288702812, 27.44450635858385, 0.9967809945790217, 0.9971869206936336]
00023892,93026,390259,211,2;[117053.15999999999, 1570, 1.0149650236071255, 0.9746772383627069, 32.01824097753799, 0.9959190027831599, 0.996711876257112]
00023892,93026,390259,211,3;[116700.71, 1438, 1.0186254340279237, 0.9437976061425024, 56.93241554978748, 0.9908537816795847, 9999]
00023892,93026,390259,212,1;[115337, 1664, 0.9804131521278897, 0.9889032468085639, 29.32303153461915, 0.9964262448288627, 0.9924920079683675]
00023892,93026,390259,212,2;[117691.0, 1554, 1.014747909288223, 0.9808503008994244, 33.38817836122004, 0.9959185983378324, 9999]
00023892,93026,390259,212,3;[114356.64000000001, 1394, 1.0039062202291396, 0.9507977939312924, 37.10296143051946, 0.9936297065684685, 9999]
00023892,93026,390259,214,1;[120043, 1634, 1.0032661182443197, 0.9887838124952426, 22.927187669422857, 0.9969424029558446, 0.9982495311986761]
00023892,93026,390259,215,3;[114305.95000000001, 1398, 1.010278510246198, 0.9543713578041263, 39.13504025500448, 0.9933049493998183, 9999]
00023892,93026,390259,216,2;[116758.04, 1568, 1.0123332269148082, 0.98091887278259, 29.98789604125521, 0.996023856518871, 0.9963240520725442]
00023892,93049,390350,751,2;[112488.31999999999, 1480, 0.9848740726439702, 0.9929826624223882, 26.49613653842162, 0.9961483784872827, 9999]
00023892,93049,390350,752,3;[118309.09000000001, 1532, 1.0130833231157215, 0.9721992345752148, 59.29260583943325, 0.9911236827270111, 9999]
00023892,93049,390350,753,1;[115862, 1658, 0.9829469492684024, 0.9978529551266063, 24.60371064380052, 0.9960469422803894, 0.9909383646292598]
00023892,93049,390350,756,2;[116076.17, 1538, 1.0085478725212538, 0.9927081192712227, 43.37188848757056, 0.9943862237694245, 9999]
00023892,93049,390350,756,3;[117833.70000000001, 1382, 1.047327962051423, 0.9430491915437306, 103.28006889242694, 0.9876476852572468, 0.9989779088945155]
00023892,93049,390350,757,1;[119330, 1636, 1.0075125795868425, 0.9942916148693116, 29.0029681718026, 0.9953227996444487, 9999]
00023892,93049,390350,758,3;[117121.3, 1400, 1.030931342867741, 0.9719735434960686, 74.73251000866165, 0.9910807744684849, 9999]
00023892,93049,390350,760,1;[119412, 1684, 1.0004737661313214, 0.9880028410604836, 28.934950571560975, 0.9954903479060804, 0.999870214146658]
00023892,93049,390350,760,2;[117228.09, 1564, 1.0405712513178689, 0.9825036010815462, 94.58212834702178, 0.9879751501300211, 0.9954779023530066]
00023892,93049,390350,761,1;[115473, 1576, 0.991677529821298, 0.9926776955103828, 36.86362273631874, 0.9942467519164607, 1.0014917476864902]
00023892,93049,390350,763,2;[118247.92, 1546, 1.0345050869305332, 0.994516715150005, 59.95186314319832, 0.9908730469999921, 9999]
00023892,93049,390350,763,3;[118310.46, 1494, 1.0361395917367435, 0.9712337522244107, 108.28824339469637, 0.9843328979744623, 0.9939059128182995]
00023892,93049,390350,766,1;[116227, 1652, 0.9751026370807013, 0.9892795240401203, 27.456611617824382, 0.9965442441576506, 0.9924685549359998]
00023892,93049,390350,767,3;[117711.77, 1466, 1.0214023858039325, 0.9691685127209577, 43.76655418360943, 0.9929606828812833, 10740.125]
00023892,93049,390350,769,2;[117706.47, 1490, 1.0202549609913965, 0.9997484379105231, 29.963769686372082, 0.995278891855519, 9999]
00023892,93049,390350,770,1;[117114, 1588, 1.0024585818836231, 0.9928265580916606, 32.869004539460455, 0.9955113006843905, 9999]
00023892,93049,390350,770,3;[118395.40000000001, 1410, 1.0424963099943128, 0.9275135170288007, 78.28360049762023, 0.9922517167138535, 9999]
00023892,93049,390350,773,2;[114238.81, 1522, 1.0044227657496143, 0.986742260703326, 36.17136856988099, 0.9948063335800724, 9999]
00023892,93099,390646,1221,2;[114072.20999999999, 1486, 1.0090858747803573, 0.9867088647928606, 38.53013999163804, 0.9934468550222741, 9999]
00023892,93099,390646,1222,1;[115757, 1704, 0.9986716907804245, 0.9931340390066832, 35.39650912607604, 0.9961712619634862, 0.989105543782897]
00023892,93099,390646,1222,3;[117585.73000000001, 1392, 1.1323117391248805, 0.9651113997953958, 50.31573890807299, 0.9940088735414381, 9999]
00023892,93103,390673,1487,1;[118131, 1640, 0.9941992381714719, 0.9832364950716539, 24.18140079113889, 0.9967673469878491, 0.9975637458357788]
00023892,93103,390673,1488,3;[117951.52, 1364, 1.034720293021279, 0.9614925636421753, 96.22023479779668, 0.98528403584093, 0.9961010262284081]
00023892,93103,390673,1489,2;[116541.45999999999, 1546, 1.014966414714585, 0.992022459678374, 40.09946663942671, 0.9947342202306876, 0.9929282227280332]
00023892,93103,390673,1491,2;[120403.01, 1514, 1.0503891899546012, 0.9843946252209498, 113.66690920960296, 0.984839104179109, 9999]
00023892,93103,390673,1492,1;[114627, 1678, 0.9987680845865211, 0.9924709850319351, 45.564953524898826, 0.9946129103177113, 0.9927122981592382]
00023892,93103,390673,1492,3;[112581.12000000001, 1362, 1.004285977747245, 0.9649001229124898, 31.23126453415144, 0.9956981357234577, 9999]
00023892,93103,390673,1495,2;[114817.15, 1510, 0.9930315460441014, 0.9870770259924616, 31.546042712339776, 0.9947702350629656, 9999]
00023892,93103,390673,1497,3;[113548.34000000001, 1404, 1.0054351093309934, 0.960491452600365, 28.91913419738997, 0.9948299282430487, 9999]
00023892,93103,390673,1498,1;[116314, 1654, 0.989772517025471, 0.9913499174139772, 25.89202116124958, 0.9956881817830718, 0.9948765321221763]
00023892,93103,390673,1499,1;[115761, 1706, 0.9962542217613665, 0.9812057965453727, 38.26655464467754, 0.9959036968410945, 0.9896936302274583]
00023892,93103,390673,1499,3;[117251.45000000001, 1500, 1.0242496834682837, 0.9748615169204323, 53.78139989410666, 0.9908513476631625, 34234.0]
00023892,93103,390673,1500,2;[113904.42, 1520, 1.0033341804562999, 0.9866325509813356, 31.931454020851525, 0.9944117262205622, 0.9918501209788144]
00023892,93122,390798,1587,3;[117843.29000000001, 1442, 1.0406381091708652, 0.97290517790024, 111.87571133625764, 0.982512094931687, 0.9956477955389904]
00023892,93122,390798,1589,1;[115972, 1698, 0.9778822539189395, 0.9908134710763481, 20.37117655163161, 0.9968449509462828, 0.9941706957446079]
00023892,93122,390798,1589,2;[117505.36, 1504, 1.0292453359150497, 0.9978651105229204, 41.27597117489877, 0.9945531923571351, 9999]
00023892,93122,390798,1590,1;[114476, 1708, 0.9714008354292216, 0.9792266459744134, 31.895664856885332, 0.9963746613606888, 0.9873600048300221]
00023892,93122,390798,1590,2;[115546.62, 1446, 1.0044099548766843, 0.9937778684089924, 34.96544073137213, 0.9941037791054449, 9999]
00023892,93122,390798,1592,3;[117977.55, 1424, 1.0384956777881869, 0.9582881772027657, 51.69301507743181, 0.993571167624946, 172230.0]
00023892,93139,390920,17,2;[116130.90999999999, 1510, 0.9981631323817355, 0.9808162066148503, 32.268889709424414, 0.993887002655094, 0.9946034641785189]
00023892,93139,390920,17,3;[117082.94, 1368, 1.01704474354301, 0.9629625559037094, 53.25214145749839, 0.9925764721536028, 9999]
00023892,93139,390920,18,1;[114291, 1656, 0.9814575364939319, 0.9959018721886728, 30.733984173391054, 0.9957475714305857, 0.9944271152817112]
00023892,93139,390920,19,1;[117141, 1708, 1.0011284673044343, 0.9784178992053928, 59.47460187917027, 0.9921109682880714, 0.9933264364697103]
00023892,93139,390920,20,3;[118051.53000000001, 1470, 1.0213625513322462, 0.9716452290970454, 85.44257796364806, 0.9849400431888099, 9999]
00023892,93139,390920,21,2;[115941.7, 1478, 1.0067750976010585, 0.9966286729292532, 25.270836994108723, 0.9955051948918705, 1.001742742428838]
00023892,93166,391047,301,1;[119197, 1602, 0.9934559797032223, 0.9948353663934025, 20.712104405988043, 0.9968702647084702, 0.9987055043296481]
00023892,93166,391047,301,2;[116151.14, 1540, 1.0002683910551358, 0.9928704150270152, 33.4848806094114, 0.9948215854848882, 9999]
00023892,93166,391047,303,3;[118637.89000000001, 1398, 1.0223579081250327, 0.9703534494557088, 42.23273852076505, 0.9934911546531924, 9999]
00023892,93166,391047,304,1;[117753, 1622, 0.9772164352433422, 0.9958620833402838, 25.766315361363983, 0.9967860458868003, 0.9972686967237064]
00023892,93166,391047,305,2;[117093.62, 1536, 1.002178459818774, 0.997850638667676, 24.4138911119299, 0.9964615269265222, 1.000127051242307]
00023892,93166,391047,305,3;[119032.45000000001, 1370, 1.0183846266174685, 0.9748323649170428, 37.875699129217296, 0.9947455224370897, 2199.6202531645567]
00023892,93166,391047,307,2;[115370.5, 1528, 1.0058060097422366, 0.9895282762600829, 39.93207841576104, 0.9944151817445519, 9999]
00023892,93166,391047,308,1;[115460, 1682, 0.9960968642594321, 0.9954651582763876, 40.582903883813906, 0.9951983391381567, 0.9932470213772635]
00023892,93166,391047,308,3;[118877.64000000001, 1454, 1.017150500848034, 0.9733966928934351, 36.44529966828555, 0.9937569319287601, 1324.7633587786258]
00023892,93166,391047,309,1;[119716, 1620, 1.0322619672169577, 0.9876387315526259, 46.38197855060344, 0.9944067144527013, 0.999419796219075]
00023892,93166,391047,309,2;[115416.90999999999, 1496, 1.0140101989435855, 0.9782871975660953, 49.76970517264166, 0.9923215994050387, 9999]
00023892,93166,391047,310,3;[117396.67000000001, 1446, 1.0322636927019022, 0.9549682020607355, 42.6314536599798, 0.9954496600959517, 9999]
00023892,93166,391047,312,2;[119097.58, 1476, 1.0286965797742729, 0.9766518066581236, 64.13464440773701, 0.9901136968339167, 100082.0]
00023892,93166,391047,313,1;[120302, 1688, 1.021004314514589, 0.9866737636844082, 42.55555215394716, 0.9931729686905908, 0.9957002685780263]
00023892,93166,391047,313,3;[119017.38, 1408, 1.0256435421473993, 0.9687818342517958, 44.27779058241403, 0.9929874755115312, 24821.14285714286]
00023892,93166,391047,315,1;[117580, 1706, 0.9911475015587408, 0.9998940038735258, 31.46718806602632, 0.9964770636421072, 0.9924037812288994]
00023892,93166,391047,315,2;[119473.62, 1562, 1.0290292751963206, 0.976969826578464, 59.39391504055549, 0.9910613417632356, 9999]
00023892,93166,391047,315,3;[120414.78000000001, 1524, 1.0420803432332637, 0.9716719340706381, 114.80932319891738, 0.9838297153742086, 0.9968696835658387]
00023892,93265,391506,609,1;[120450, 1668, 1.0130823848066772, 0.9934285035407959, 28.081715577593773, 0.9950777124707098, 9999]
00023892,93265,391506,609,3;[119976.38, 1438, 1.0627480642574758, 0.9590433977019611, 126.38952663022229, 0.9846962103710577, 0.99012968218255]
00023892,93265,391506,610,2;[119833.0, 1508, 1.0279624297293433, 0.9939602657133225, 34.05485042585448, 0.9943307197997148, 0.9989534301203803]
00023892,93265,391506,611,3;[119896.92000000001, 1368, 1.0267371543472592, 0.9680652141772095, 60.138477372720004, 0.9910185054986551, 175032.0]
00023892,93265,391506,612,2;[116885.37, 1548, 1.0145783774572443, 0.9803564738122116, 29.62078944142632, 0.9948200399301197, 9999]
00023892,93265,391506,613,1;[114481, 1610, 0.9955593575803238, 0.9902087238335712, 36.759064237107594, 0.9944111491071127, 0.9902515396858349]
00023892,93329,391882,87,1;[118271, 1616, 1.0194271800477344, 0.9951980347867928, 37.73351695185407, 0.9949972892828642, 0.9989948475377988]
00023892,93329,391882,87,2;[111247.15, 1430, 0.9892958805203751, 0.987969527216751, 25.62743346510477, 0.9960790202361292, 9999]
00023892,93329,391882,87,3;[115923.92000000001, 1414, 1.0215942370198658, 0.9563196493174627, 47.010858776237484, 0.9953242287886229, 9999]
00023892,93329,391882,89,1;[114628, 1672, 0.9914825066265023, 0.992449732020601, 46.0862142629913, 0.9941192467786226, 0.9939475920434248]
00023892,93329,391882,89,3;[114667.63, 1414, 1.0167941706478845, 0.9529070402788227, 69.36194070195396, 0.9896615259912896, 0.9922821576763485]
00023892,93329,391882,90,2;[116098.78, 1540, 1.024478526931865, 0.9929498654533664, 58.7047229351499, 0.9922725834272821, 9999]
00023892,93329,391882,92,2;[114627.93999999999, 1522, 1.0073552101636527, 0.9847883422105579, 36.85985021329225, 0.9940911230252352, 0.9904477918873066]
00023892,93329,391882,92,3;[114493.64000000001, 1356, 1.0098884038015559, 0.9575393429604518, 53.70771228318953, 0.9928164272628103, 9999]
00023892,93329,391882,93,1;[115389, 1646, 0.9791536811644996, 0.9912072497007227, 30.555962129969355, 0.9961549890584726, 0.995354855405318]
00023892,93329,391882,94,1;[116973, 1592, 0.994606233216065, 0.9965614043713638, 34.71012332712566, 0.9946580766084038, 0.9999615310636661]
00023892,93329,391882,94,2;[112866.73999999999, 1496, 1.003006582190011, 0.9923183925625743, 26.138494257660792, 0.99570058885804, 9999]
00023892,93329,391882,94,3;[114433.36000000002, 1410, 1.0214616209838423, 0.9517095185099957, 73.57692311392724, 0.9894936176987641, 0.990536726513768]
00023892,93329,391882,96,1;[115407, 1632, 0.9872182726007631, 0.9927104473525977, 23.989429741072772, 0.9960868400620199, 0.996795591563164]
00023892,93329,391882,96,2;[113005.97, 1516, 0.9882006017804126, 0.9825266807640969, 27.477798069064683, 0.9957344812378607, 0.9942780561096016]
00023892,93329,391882,96,3;[117169.25000000001, 1434, 1.0569068397282255, 0.9348208440309685, 110.45560734956277, 0.9883416942725053, 9999]
00023892,93329,391882,99,1;[118266, 1608, 1.0340711010663866, 0.9901960891665134, 40.350390802242764, 0.9941750124012475, 0.995743928467688]
00023892,93329,391882,99,2;[114010.33, 1524, 1.0088953795511193, 0.9873587254334197, 27.375748128469997, 0.9954495918170748, 9999]
00023892,93329,391882,99,3;[113752.47000000002, 1336, 1.0058340005280906, 0.9771892906538502, 25.640739364499375, 0.99607581804577, 9999]
00023892,93377,392048,3,3;[118466.64000000001, 1406, 1.047556527781869, 0.9626297559970822, 107.28162349534367, 0.988306503325163, 9999]
00023892,93377,392048,4,1;[118492, 1724, 0.9863208326474601, 0.9986424630954116, 19.764201178268063, 0.9967779664001932, 0.982353745839223]
00023892,93377,392048,4,2;[116322.5, 1540, 1.0024661578187861, 0.9812524545754474, 28.71243987076844, 0.9953319054134065, 9999]
00023892,93377,392048,5,1;[112681, 1604, 0.9750116024793062, 0.9728192778387952, 30.87669786078407, 0.9962903174522396, 0.9869450782375636]
00023892,93377,392048,5,2;[117476.79999999999, 1468, 1.0128946844061226, 0.9826118107683158, 31.69563920609115, 0.9953051589361018, 9999]
00023892,93377,392048,5,3;[119291.38, 1442, 1.0494193382007337, 0.9224995551443748, 90.97954973781846, 0.9914184377585706, 9999]
00023892,93377,392048,8,2;[114999.22, 1520, 1.0070723933409482, 0.9772014446917673, 55.95936210100426, 0.9911467610708359, 1.0000983146794165]
00023892,93377,392048,8,3;[115359.48000000001, 1394, 1.0261842013140077, 0.9530082855170431, 74.80732270330151, 0.9887307322964278, 9999]
00023892,93377,392048,9,1;[115825, 1638, 0.9752674514762388, 0.977930434245964, 26.59457846165895, 0.9966290836236483, 0.9829547624402228]
00236683,93026,390254,285,1;[64897, 1162, 0.8963368703322728, 1.2183853081758376, 597.4072147536523, 0.8989622045180786, 0.997670968584979]
00236683,93026,390254,285,2;[63899.43, 1088, 0.88279605279225, 1.1669173179368035, 687.6252383263844, 0.8561036678773236, 0.9979278366800785]
00236683,93026,390254,285,3;[62998.08, 1026, 0.8724861808634222, 1.1462304604636613, 477.53626792143336, 0.8912045056441245, 0.9973322922766608]
00236683,93027,390265,359,1;[65010, 1234, 0.8963836176640538, 1.168149733389122, 588.7646334944752, 0.876576323213372, 0.9996079064510921]
00236683,93027,390265,359,2;[63329.42, 1172, 0.8722834267262409, 1.3744132304889976, 811.2780416461782, 0.8789933373649661, 0.9967690881336567]
00236683,93027,390265,359,3;[64039.280000000006, 1110, 0.8752503306714794, 1.2607893360585687, 730.6566746111167, 0.906247409796963, 0.9980783191698339]
00236683,93032,390303,79,1;[64084, 1312, 0.883011742050798, 1.2912871714364584, 268.94763745587096, 0.9133944969761918, 0.9972688863125296]
00236683,93032,390303,79,2;[62079.92, 1082, 0.8815052374057251, 1.2447192829726832, 397.38154880436065, 0.9006467679184194, 1.0009209516500384]
00236683,93032,390303,80,3;[63635.130000000005, 1136, 0.8704188168610484, 1.2765842202638427, 618.6186577698837, 0.9267038002201853, 0.9954032595068951]
00236683,93032,390303,81,1;[65182, 1222, 0.8845825357301805, 1.253814231694861, 436.65751315797803, 0.9024325561089953, 0.9954869993509221]
00236683,93032,390303,81,2;[60467.469999999994, 1070, 0.8658963652934529, 1.3236490956893558, 415.1546219052248, 0.8831104988944727, 0.9955720135582594]
00236683,93032,390303,82,3;[60681.41, 1002, 0.8646670726583039, 1.236890745793808, 413.0430619188642, 0.895977356431816, 0.9920933566276934]
00236683,93032,390303,83,1;[65190, 1240, 0.8856361340584233, 1.336348925504289, 421.8157871130205, 0.9179699132432548, 0.9945383535729542]
00236683,93032,390303,83,2;[63473.409999999996, 1108, 0.880705724041829, 1.1517486320231045, 936.4060692327542, 0.8892920877813058, 0.9974381030742763]
00236683,93032,390303,83,3;[63620.060000000005, 1086, 0.8776824258320373, 1.2010975539393451, 632.373901310016, 0.932411605387967, 0.9935599820278568]
00236683,93051,390358,937,1;[61910, 1138, 0.8881777418456696, 1.3158803350304593, 191.94476886811364, 0.9332287887186778, 1.0035906206181056]
00236683,93051,390358,937,2;[61018.439999999995, 1108, 0.8744115177055395, 1.2886368708134575, 416.8174297521665, 0.8915586599846775, 9999]
00236683,93051,390358,937,3;[61560.950000000004, 966, 0.877243343342936, 1.162882267156796, 350.0519987317953, 0.9193836774930555, 0.9962310165170158]
00236683,93078,390512,47,1;[62003, 1166, 0.8984033152613793, 1.421216003534498, 222.0834782523327, 0.932324088329441, 0.9965764433586216]
00236683,93078,390512,47,2;[64851.43, 1158, 0.8730279854116749, 1.169443966109788, 818.8359163722441, 0.8605912354463219, 0.9972094895653209]
00236683,93078,390512,47,3;[63713.22000000001, 1070, 0.8713599068622755, 1.156260139954396, 363.6832766722085, 0.9245821144862727, 0.997929295638646]
00236683,93078,390512,49,1;[62757, 1248, 0.8806822073163417, 1.3655628375229387, 291.7005471112284, 0.9308936894344648, 0.9898424315073895]
00236683,93078,390512,49,2;[62070.399999999994, 1146, 0.8777771267882485, 1.3229664281527502, 421.0606639502385, 0.9063259873638182, 0.9963420341346475]
00236683,93078,390512,49,3;[65910.70000000001, 1050, 0.8768575047476552, 1.2247830161026592, 788.4647293313469, 0.8942845465139775, 0.9974602187321826]
00236683,93078,390512,50,1;[61924, 1150, 0.8810465426974625, 1.3914188745424354, 213.8200019221468, 0.9351294831793443, 0.9981302385557704]
00236683,93078,390512,50,2;[65937.9, 1150, 0.879228667524834, 1.179293606603073, 824.4007872140987, 0.8489372623533138, 0.9963318588844535]
00236683,93078,390512,50,3;[66360.06000000001, 1022, 0.8702875750297601, 1.1372706087217193, 861.5471674866211, 0.8701131027160595, 1.0023072227452847]
00236683,93098,390636,1213,1;[66424, 1244, 0.8823566767419234, 1.2142968859041916, 308.83078904861543, 0.8957330070359494, 0.9993380273214179]
00236683,93098,390636,1213,2;[65266.74, 1126, 0.8933927484060082, 1.2840118591047747, 875.6931159719495, 0.8581356473660497, 1.0014607603257495]
00236683,93098,390636,1213,3;[65509.29000000001, 1070, 0.873847573315857, 1.18952807666033, 761.6841148447202, 0.9046977956138212, 0.9943334823610144]
00236683,93098,390636,1214,1;[64254, 1292, 0.8798340578149664, 1.4185855049254117, 354.04704705750584, 0.9389706014256528, 0.9968196838300315]
00236683,93098,390636,1214,2;[64413.509999999995, 1112, 0.8841799100241723, 1.185020667030353, 814.5381436463231, 0.8548762815733646, 0.9979719390106749]
00236683,93098,390636,1214,3;[63554.3, 1080, 0.8725345513198169, 1.3418491871000942, 573.436488312685, 0.915630657414964, 0.9923631462981581]
00236683,93099,390639,1320,1;[65733, 1174, 0.8986561124046707, 1.1888863137764243, 524.71293379162, 0.8909896119273859, 1.000334799348663]
00236683,93099,390639,1320,2;[64945.439999999995, 1110, 0.8799012392870388, 1.211244114648881, 500.3592752505392, 0.8843490229777067, 0.9975689557476832]
00236683,93099,390639,1320,3;[64221.490000000005, 1086, 0.8771087575357576, 1.1782370262963473, 420.12826866959915, 0.914358419458132, 0.9936620315414617]
00236683,93099,390639,1321,1;[65480, 1300, 0.8724248348033831, 1.2238853834367018, 405.04023958956503, 0.9273045058082094, 0.9972965769333283]
00236683,93099,390639,1321,2;[62571.39, 1128, 0.8732663509695608, 1.2989479846148317, 506.449168846685, 0.8607900347818224, 0.995871133922991]
00236683,93099,390639,1322,3;[60664.97, 960, 0.8918258292316278, 1.1659305552185804, 304.4898032449558, 0.9395602745783597, 0.9997403623638313]
00236683,93103,390670,1523,1;[66007, 1202, 0.8862135690644956, 1.1227076770295574, 539.0951049981684, 0.8570147705480499, 0.9933781811067467]
00236683,93103,390670,1523,2;[62395.27, 1128, 0.8744661556219134, 1.3175950505831138, 451.64267112748917, 0.8726407365729938, 0.9936702863532132]
00236683,93103,390670,1523,3;[64702.36000000001, 1090, 0.8682338163167673, 1.2139867077421442, 760.4879409415294, 0.8519364279323118, 0.9934162091668244]
00236683,93103,390670,1525,2;[63179.479999999996, 1148, 0.8755774904728971, 1.3231910436666334, 440.6480455143491, 0.8949090950326803, 0.9963966669168981]
00236683,93103,390670,1525,3;[64450.280000000006, 1072, 0.8786524256469906, 1.2380248607050208, 794.7149607156023, 0.9022725765178526, 0.9949768937110709]
00236683,93103,390670,1526,1;[64594, 1280, 0.8692302139795223, 1.3064345589587993, 387.3175180665426, 0.9216866545350719, 0.9963366573347833]
00236683,93129,390840,509,1;[63851, 1282, 0.8863538304611583, 1.2824864508734586, 310.17420054510205, 0.9399106307757903, 0.9891788472412645]
00236683,93129,390840,509,2;[62792.729999999996, 1156, 0.8655992666530318, 1.2966369654810306, 598.0539074640125, 0.8907444545283135, 0.9932237845163476]
00236683,93129,390840,509,3;[65155.83, 1070, 0.8798077353627585, 1.207208180569444, 693.4138006979172, 0.9218608231747977, 0.9943860749568763]
00236683,93139,390919,100,1;[65548, 1228, 0.8895657063217315, 1.2174121974362748, 494.76634957258426, 0.901591666436485, 0.9952249003605997]
00236683,93139,390919,100,2;[64462.299999999996, 1176, 0.8687574373580252, 1.3160805760010135, 749.5912923506529, 0.8728901235789747, 0.9998523385876186]
00236683,93139,390919,100,3;[62899.44, 1048, 0.8704034933278246, 1.1903627541986614, 354.52133648183104, 0.9138656498268735, 0.9938737958653534]
00236683,93140,390930,162,1;[64174, 1274, 0.873669116798967, 1.2219762812449149, 318.14095600560046, 0.9407832771655248, 0.9941057556018558]
00236683,93140,390930,162,2;[62256.03999999999, 1108, 0.8758086297832357, 1.284617442261192, 345.67866423307373, 0.9220027450821668, 0.9939582779192158]
00236683,93140,390930,162,3;[64168.060000000005, 1070, 0.8653375047802901, 1.175778012518249, 544.2792229979488, 0.8837986711791864, 0.9959280876896416]
00236683,93140,390930,163,1;[64757, 1294, 0.8689080832153993, 1.3437099942523156, 321.5276598014192, 0.9430963941414967, 0.994830513031255]
00236683,93140,390930,163,2;[64700.299999999996, 1190, 0.8678894662354549, 1.2921604955880843, 715.6913109359365, 0.8801013288764067, 0.9996414749170336]
00236683,93140,390930,163,3;[64600.98, 1086, 0.8652007934289446, 1.1908760180148013, 721.4497155138856, 0.9086264422759408, 0.9967868769289308]
00236683,93140,390930,164,1;[66120, 1190, 0.8928024080834541, 1.1879672972458664, 349.6492563200557, 0.8948358029776258, 0.9994029580030079]
00236683,93140,390930,165,2;[62164.409999999996, 1120, 0.8752461396656094, 1.298778050862342, 346.29783056866313, 0.9093205097922705, 0.9977652991061197]
00236683,93140,390930,165,3;[62617.22000000001, 1048, 0.8756071525749004, 1.1433205584440507, 348.4088358753567, 0.9269208623011866, 0.9946249428764172]
00236683,93174,391097,943,1;[62928, 1236, 0.8851371504840055, 1.4349269202301336, 299.8036945734148, 0.9301702078122605, 0.9953969534475395]
00236683,93174,391097,943,2;[64325.45, 1168, 0.8802286326493914, 1.2679251780083614, 607.869629047859, 0.8870972782303799, 0.9962677970787449]
00236683,93174,391097,943,3;[64610.57000000001, 1052, 0.8809168323652462, 1.192026993741771, 915.8897240293949, 0.8497624850878942, 0.9998092007631969]
00236683,93203,391206,348,1;[66259, 1190, 0.8894026810814899, 1.1508446047025152, 594.0886112205731, 0.8912596097118567, 0.9980268112667571]
00236683,93203,391206,348,3;[64683.18000000001, 1094, 0.8774361244422536, 1.1828319494737503, 463.56244202686634, 0.9045813327238634, 0.9901953587869509]
00236683,93203,391206,349,2;[65912.91, 1094, 0.8899903614837441, 1.2170274147339144, 883.2863549263491, 0.8237073210150379, 1.001093469007835]
00236683,93203,391206,350,1;[62393, 1240, 0.8787493015584305, 1.3128339148304562, 295.70120819668693, 0.9335410441337777, 0.9891953166493591]
00236683,93203,391206,350,2;[64784.78999999999, 1186, 0.8806837105180522, 1.3963042186163492, 714.3957716221242, 0.8977856171105484, 0.9971061741057529]
00236683,93203,391206,350,3;[66107.98000000001, 1110, 0.8779627186987592, 1.2067523980043482, 629.3045444407546, 0.8784160439673843, 0.9945279732890899]
00236683,93203,391206,351,1;[63854, 1268, 0.871032185835836, 1.479426503068035, 318.9796186826759, 0.9362372556116996, 0.9921610976017153]
00236683,93203,391206,352,2;[60755.45, 1072, 0.8829527874848939, 1.2554864592775605, 342.8331537019416, 0.9050124376649543, 0.9934812220276318]
00236683,93203,391206,352,3;[64896.9, 1114, 0.8569397877711894, 1.2417527424010701, 692.591624038142, 0.8946675282111177, 0.9943116223421002]
00236683,93220,391265,336,1;[65533, 1310, 0.8757480096155889, 1.367463148321185, 361.0624601301009, 0.9290297774806068, 0.9930972821021845]
00236683,93220,391265,336,2;[60632.88, 1050, 0.8682370583990296, 1.2168716618617368, 346.1947867002257, 0.8994860601241726, 0.9980021154072158]
00236683,93220,391265,336,3;[64026.950000000004, 1090, 0.8629840702248537, 1.2222749057270437, 655.7167830778669, 0.908215481352808, 0.9938013673141739]
00236683,93220,391265,337,1;[61118, 1124, 0.8808351635338167, 1.2224316677897844, 151.10157403778504, 0.9337813620401505, 0.9949534414273621]
00236683,93220,391265,337,2;[64254.049999999996, 1166, 0.8722362436156592, 1.2337152288179494, 564.8185975037665, 0.8790782291139434, 0.9932763679509938]
00236683,93220,391265,337,3;[64409.18000000001, 1080, 0.8726724947670236, 1.265388216239573, 693.2371551550842, 0.9054723116006371, 0.9945737828032283]
00236683,93222,391274,426,2;[62796.299999999996, 1136, 0.8830140146854797, 1.2618411779405492, 351.3399176267912, 0.9240262330636166, 0.9985146219854868]
00236683,93222,391274,426,3;[64573.58, 1060, 0.8698739445591321, 1.2390712166734024, 806.0081702436511, 0.9022446887703707, 0.9947974377644812]
00236683,93222,391274,427,1;[65596, 1204, 0.8814352650098592, 1.1250380127803834, 426.6307949767584, 0.9036493789843961, 0.999078537540076]
00236683,93222,391274,428,3;[65283.240000000005, 1108, 0.8695688977103744, 1.2047253991752296, 663.4549987691171, 0.9024267478443797, 0.9949367881489524]
00236683,93222,391274,429,1;[65683, 1302, 0.8898643963502091, 1.2157433048057757, 263.5146465566555, 0.9138523580591842, 0.9900666244611257]
00236683,93222,391274,429,2;[65128.7, 1114, 0.8920105206580566, 1.2152927457141203, 901.9103499453104, 0.8625949441156302, 1.0004935743926293]
00236683,93260,391459,217,1;[61886, 1206, 0.88409827167143, 1.4305143674075829, 243.25219511796246, 0.9397923110539514, 0.9929323802876786]
00236683,93260,391459,217,2;[63468.649999999994, 1168, 0.8773761500382609, 1.303462920522043, 423.0964271691172, 0.9175794943361034, 0.9939989190599549]
00236683,93260,391459,217,3;[61080.08, 1002, 0.8684022285641108, 1.183091136102187, 330.8801757872058, 0.916625577751276, 0.9937478407203914]
00236683,93260,391459,218,1;[61371, 1146, 0.8861261793421696, 1.3227932692907638, 233.6975189654019, 0.9138117041258418, 0.9979592334523103]
00236683,93260,391459,218,2;[65415.49, 1146, 0.8806046328095137, 1.2456073480301915, 888.1625960645373, 0.8361238909296961, 0.9979485876116476]
00236683,93260,391459,219,3;[65165.420000000006, 1002, 0.8855295886816785, 1.201654730491485, 874.0681197302487, 0.8664653855605965, 1.0001682156524665]
00236683,93314,391804,1,1;[61200, 1184, 0.8911802629893917, 1.382171928150076, 230.7785941011806, 0.9282939375778478, 0.9964830011723329]
00236683,93314,391804,1,2;[63119.979999999996, 1172, 0.8732368986285801, 1.2855284088582624, 778.1732000879881, 0.8841258201664252, 0.9969738548578088]
00236683,93314,391804,1,3;[62554.200000000004, 1048, 0.8706816695963225, 1.2236399679595413, 396.73644698103055, 0.9037575184900603, 0.9935482467115642]
00236683,93314,391804,2,1;[60876, 1180, 0.8846231316147987, 1.3470361909588835, 237.77139752352406, 0.9341344635075844, 0.9983027082872112]
00236683,93314,391804,2,2;[63148.53999999999, 1058, 0.8865645945619125, 1.2173674482590253, 625.6957682754448, 0.8446343329217425, 1.0054568191291826]
00236683,93314,391804,2,3;[61967.840000000004, 1040, 0.8630861857690876, 1.2021879598329055, 462.1138465086889, 0.8699951446873627, 0.9957841205543386]
00236683,93331,391886,297,1;[64499, 1258, 0.8861004128455874, 1.1767130557255576, 486.22112839956037, 0.882567298345443, 0.9920557405541756]
00236683,93331,391886,297,2;[63365.119999999995, 1142, 0.8718246979181136, 1.2238753766468728, 720.7594945839151, 0.8495607612385334, 0.9981722919458998]
00236683,93331,391886,297,3;[60114.23, 962, 0.8786204077621724, 1.2399047265569842, 333.37371361298034, 0.9318307664323562, 1.000205151584226]
00236683,93341,391961,155,1;[64154, 1280, 0.8792525968196029, 1.2928483788835097, 374.536365774355, 0.935168653948244, 0.9960873210570443]
00236683,93341,391961,155,2;[62858.18, 1052, 0.8910501307441899, 1.1703169142364331, 1016.6524047850945, 0.8434156386230575, 0.9998391080909702]
00236683,93341,391961,156,3;[63548.82000000001, 1042, 0.8926078558902395, 1.1802893869861124, 792.7012788894507, 0.8845421833110562, 0.9976556618991289]
00023698,93080,390528,134,1;[36900, 898, 0.9978155479327312, 1.0259673944738459, 89.73238912855744, 0.9929930238391793, 0.9837638966648005]
00023698,93080,390528,134,2;[39364.009999999995, 820, 1.0504391901326098, 1.022399976459444, 131.86334323534342, 0.9822628171354302, 1.0140555785472325]
00023698,93080,390528,134,3;[55474.04, 910, 1.2348669144335471, 0.954528904486548, 84.48481776732575, 0.9923977465338607, 26994.666666666668]
00023698,93244,391403,53,2;[43991.92, 860, 1.0139415938895173, 1.0212939734954087, 88.72411398565121, 0.9915332214735743, 9999]
00023698,93244,391403,54,1;[45368, 944, 1.0138822074695624, 0.9740646097252217, 57.91967425793741, 0.993886083647604, 1.000099198694986]
00023698,93244,391403,55,3;[38692.91, 766, 1.0128055678324268, 1.0020142613457823, 123.04365198080062, 0.9864740144323954, 0.9985680697226298]
00521701,93026,390258,236,1;[65015, 1268, 0.8381775642546434, 1.2907349359759162, 250.17272954094338, 0.8658941841502674, 0.9906670222086777]
00521701,93026,390258,236,2;[63711.409999999996, 1160, 0.8328008538305073, 1.244832771554797, 383.41423372086234, 0.8778173893145765, 0.991986511399535]
00521701,93026,390258,236,3;[64650.3, 1088, 0.7961479669495897, 1.7462056904974999, 589.4067175037352, 0.9620048103930134, 9999]
00521701,93122,390796,1603,2;[62828.43, 1126, 0.819885475612702, 1.256333279056509, 299.49397662419483, 0.8638672780054223, 0.9927420416298441]
00521701,93122,390796,1604,3;[62922.73, 1048, 0.8185142145814573, 1.450235556326929, 320.0687700976941, 0.8812622518672641, 0.997166708279508]
00521701,93122,390796,1605,1;[62224, 1146, 0.8566837480585704, 1.2049831781894702, 156.220883867245, 0.9003790357456036, 0.9972993548904115]
00521701,93139,390917,48,1;[65905, 1250, 0.8177142451097035, 1.363160319113161, 272.79423457219696, 0.8735352990091628, 0.9921342817357269]
00521701,93139,390917,48,2;[63280.63, 1130, 0.8069446185618948, 1.4570263221994737, 273.2561554452453, 0.9667913955202088, 9999]
00521701,93139,390917,48,3;[62114.43000000001, 1014, 0.8202161911979294, 1.608353300801054, 300.4638342307913, 0.9710721126599146, 0.9903020771902235]
00521701,93141,390932,199,2;[64893.079999999994, 1162, 0.8456843959906979, 1.2595769526941694, 346.6162792194861, 0.8648392540420272, 0.9924382364984758]
00521701,93141,390932,199,3;[62017.16, 1054, 0.7860292950526333, 1.5138959370819465, 276.9085808237027, 0.9731655031711313, 0.9876726376191827]
00521701,93141,390932,200,1;[64754, 1262, 0.8692715981718601, 1.325863861317932, 226.1344441489002, 0.9672597308634594, 0.9923832584941227]
