02216140,93056,390386,538,1;[65939, 1244, 1.0206397516918737, 1.0372239565865287, 106.7369110800921, 0.985243572588941, 0.9980625728427203]
02216140,93056,390386,538,2;[65222.71, 1194, 0.9952655879886442, 1.0198241343487877, 111.89346904165323, 0.978677813659648, 9999]
02216140,93056,390386,538,3;[62455.560000000005, 1074, 0.9952080029151289, 1.0105130667309892, 80.21675281398282, 0.9857127534376551, 9999]
02216140,93076,390498,541,1;[64681, 1262, 0.9843149720076627, 1.038065555188834, 39.814731438501745, 0.9878256289211673, 0.9646681580909768]
02216140,93076,390498,542,2;[63459.13, 1110, 1.000920225820979, 1.0289563826887753, 143.9631985350407, 0.9852028077678738, 0.9862950358807427]
02216140,93076,390498,542,3;[64409.18000000001, 1066, 0.9992869439167226, 1.0027891368463457, 61.04051960460312, 0.9877912764280693, 9999]
02216140,93076,390498,544,1;[64526, 1188, 0.9621484539734553, 1.0398765661010145, 59.76746899618274, 0.9846547329452855, 0.9938850638448624]
02216140,93076,390498,544,2;[63689.99, 1070, 0.986191283921911, 1.0355264302614342, 70.52690312984558, 0.9823732191427715, 1.002500585343011]
02216140,93076,390498,544,3;[63678.97000000001, 1090, 1.0077289978754889, 1.0120722793222494, 92.06215013009766, 0.9900299132636151, 9999]
02216140,93081,390538,260,3;[64758.530000000006, 1094, 1.0210802034063038, 1.0231674424264472, 111.24672457198962, 0.9872498992806423, 9999]
02216140,93081,390538,261,1;[65026, 1260, 0.9775689765356249, 1.0531131389270003, 62.34116500450635, 0.9890369056357036, 0.9962540504515822]
02216140,93081,390538,262,2;[63735.21, 1098, 1.1135970982402432, 1.0183269138680222, 154.80593936976823, 0.9813879476104036, 0.9918057831726896]
02216140,93081,390538,263,1;[65528, 1294, 0.9823355356183917, 1.054805663832785, 50.99101221790591, 0.980540797766541, 0.9863327111806852]
02216140,93081,390538,263,2;[65776.06, 1140, 1.02832405228103, 1.05564006782956, 174.4816222585785, 0.9659074503737608, 0.9927083333333333]
02216140,93081,390538,263,3;[64479.05, 1018, 1.0076915459403122, 1.0028528191853352, 99.86960232820223, 0.9858327966314057, 0.9963376942292222]
02216140,93081,390538,265,1;[65936, 1268, 1.0080047507819405, 1.0081808137107884, 77.14507848624969, 0.98927941422255, 0.982272144921491]
02216140,93081,390538,265,2;[64384.95, 1166, 1.0097753688005173, 1.042717292641626, 107.10105261459135, 0.9869030791741729, 9999]
02216140,93081,390538,265,3;[63621.43000000001, 992, 0.9970225008433823, 1.0223147828191064, 87.2316781332032, 0.9898546655414397, 9999]
02216140,93081,390538,267,1;[64815, 1254, 1.0053942865320042, 1.0013694895876204, 82.92655741088241, 0.9879309764157231, 9999]
02216140,93081,390538,267,2;[63219.939999999995, 1156, 1.0120698901980592, 1.0524385240544791, 111.62282318029088, 0.9867194251532181, 9999]
02216140,93081,390538,267,3;[66172.37000000001, 1042, 0.9912725553648368, 1.007727302021261, 106.8414197329021, 0.9650997960630359, 0.9983567759737911]
02216140,93081,390538,268,1;[67671, 1320, 0.9814830235301343, 1.0653663213452218, 56.38716470614899, 0.9907721279667435, 0.9914075376332271]
02216140,93081,390538,268,2;[65321.479999999996, 1120, 0.9963896873720371, 1.0281926559446932, 94.10684622009022, 0.9790028874598177, 0.998871783673618]
02216140,93081,390538,269,3;[64592.76, 1100, 1.0018727617792227, 0.9699597048151749, 97.62550657740488, 0.9847099717413192, 9999]
02216140,93084,390560,457,1;[63211, 1248, 0.972706698516251, 1.049886433999374, 56.691402730768296, 0.9908111845077828, 0.9831784422755376]
02216140,93084,390560,457,2;[63327.03999999999, 1122, 1.0139329201432468, 1.046912413348975, 117.69797363561293, 0.9865295898541492, 9999]
02216140,93084,390560,457,3;[63039.18000000001, 1038, 0.9826614878023058, 0.9934673881319114, 75.1159057851434, 0.9785312508904107, 0.9952415970930484]
02216140,93086,390571,611,1;[62430, 1200, 0.9525893282039504, 1.0533954310530746, 70.00269900060569, 0.9840279926628986, 0.993989571309159]
02216140,93086,390571,611,2;[63759.009999999995, 1172, 1.0055711312069175, 1.0418645569453906, 105.6433178424216, 0.9881878936891902, 9999]
02216140,93086,390571,611,3;[66023.04000000001, 1122, 1.0014716076957273, 0.977491417372329, 87.45462600885645, 0.9874083178834161, 9999]
02216140,93093,390600,842,1;[65147, 1288, 0.971581266538692, 1.0498459087501897, 80.61553844256602, 0.9873844555806256, 0.9948157253785131]
02216140,93093,390600,842,2;[64024.38, 1118, 1.0547586696499764, 1.0738662540315047, 148.51238847166593, 0.9804964978845975, 0.9954116558741906]
02216140,93093,390600,842,3;[63980.37, 1004, 0.9880632688040104, 1.0223592502937668, 73.18890402045108, 0.9842398563868355, 9999]
02216140,93093,390600,844,1;[65284, 1280, 0.9740599320434562, 1.0619775084433627, 56.514359417992075, 0.9900315295743886, 9999]
02216140,93093,390600,844,2;[65486.89, 1200, 0.9916297110549883, 1.0272868032191702, 138.75001952470186, 0.9697846596411565, 9999]
02216140,93093,390600,844,3;[64964.030000000006, 1074, 0.9904724087121581, 1.0424959683165724, 98.41492972916275, 0.983624344824896, 9999]
02216140,93093,390602,845,1;[66612, 1302, 0.9999871013782912, 1.0301794407469478, 95.2347817176969, 0.9876017087976379, 0.9929048414023373]
02216140,93093,390602,845,2;[63124.74, 1112, 0.9935042133576643, 1.0252897906692633, 77.83410235259203, 0.9863104170971587, 0.9908565344491038]
02216140,93093,390602,845,3;[65003.76, 1090, 0.9998694235142991, 1.0290586747897135, 79.23979596021046, 0.9873326535899015, 9999]
02216140,93093,390602,847,1;[66073, 1300, 1.002985071460983, 1.0293234700006204, 84.2055867647276, 0.9795691471472856, 0.9866869759350103]
02216140,93093,390602,847,2;[64777.649999999994, 1188, 0.9942758244542043, 1.032863842021333, 87.9508461843678, 0.9897770962978456, 9999]
02216140,93093,390602,847,3;[65276.39000000001, 1078, 1.006097257625768, 1.0224120939571557, 105.08994589475247, 0.9877532638953971, 9999]
02216140,93093,390602,848,1;[66436, 1318, 0.9692064581912955, 1.0485988640515023, 83.6879628063224, 0.9887575954766821, 0.9917597181584762]
02216140,93093,390602,848,2;[64619.38, 1182, 0.9872515594634306, 1.0178853838910762, 113.93247512116521, 0.9732377030187667, 0.9860362078044705]
02216140,93093,390602,848,3;[66081.95000000001, 1020, 1.0131420305463639, 0.9891605022293717, 120.3647390916687, 0.9783969333350963, 0.9995855351777018]
02216140,93093,390602,849,1;[67121, 1304, 0.9924148462082618, 1.0412456474124394, 54.03745263071015, 0.9881599660780419, 0.9818825474147704]
02216140,93093,390602,849,2;[65191.77, 1192, 1.0144399385711125, 1.0143927880977692, 103.28672674285612, 0.9863311723456084, 9999]
02216140,93093,390602,849,3;[65372.29000000001, 1108, 1.0048351458081803, 1.0110214950583916, 81.71534124633557, 0.9914767457995015, 9999]
02216140,93126,390822,1909,1;[65616, 1296, 0.9936901329267891, 1.0282016256921973, 64.18019195053942, 0.9891507245944999, 0.9813792794005474]
02216140,93126,390822,1909,2;[64094.59, 1062, 1.0109095940937867, 1.0208495001602338, 145.74406097185178, 0.9815337405479206, 1.0001206955778996]
02216140,93126,390822,1909,3;[65065.41, 1036, 1.0001748459459934, 1.0060944055256031, 91.74679021186536, 0.972824669844559, 0.998801261829653]
02216140,93126,390822,1911,1;[65224, 1264, 0.9660345543677755, 1.049637913096979, 70.17081623325373, 0.9855114788675766, 0.9967297289036952]
02216140,93126,390822,1911,2;[65945.04, 1178, 0.9861000681287122, 1.028625534569024, 76.78911821852856, 0.988271150356412, 0.9943656917279742]
02216140,93126,390822,1911,3;[64273.55, 1040, 1.1145213262247393, 1.1295343937926619, 116.30937755434721, 0.9876459886652161, 0.9897783731895906]
02216140,93128,390832,410,1;[64589, 1282, 0.962378494580489, 1.0905173389042708, 88.4897828455214, 0.9860305756827503, 0.9890284891777875]
02216140,93128,390832,410,2;[62076.35, 1086, 0.9985567048639171, 1.025881741956402, 147.1376550269213, 0.9838640033553993, 9999]
02216140,93128,390832,410,3;[65860.01000000001, 1126, 0.9903990423824132, 0.9073731051899446, 93.3445598449357, 0.9885275480374758, 0.9953723354694439]
02216140,93128,390832,412,1;[66869, 1332, 0.9883377755307641, 1.033620109186204, 68.33717892190045, 0.9903967154384593, 0.9837582569549674]
02216140,93128,390832,412,2;[63406.77, 1062, 0.9876596171201615, 1.0332624111959214, 74.01461816606594, 0.9856291587980739, 0.9948468044586344]
02216140,93130,390847,560,2;[63661.43, 1114, 1.0779974084422241, 1.0863548009860127, 120.7843682508548, 0.9855551995390799, 0.9946453472157665]
02216140,93130,390847,560,3;[64103.670000000006, 1032, 0.9815668245195942, 1.0391399606619998, 86.54536681215869, 0.9817390008959308, 46791.0]
02216140,93130,390847,561,1;[65867, 1334, 0.9897326662299505, 1.027932292984151, 102.72296317573957, 0.9890413134996519, 0.9909133306253856]
02216140,93133,390873,737,1;[65034, 1278, 0.9895494043494654, 1.0256880943605597, 54.70591589154188, 0.9892756540838907, 0.9749128658696549]
02216140,93133,390873,737,3;[65299.68000000001, 1050, 1.0212855401330698, 1.022552493556699, 145.63213886554274, 0.9754595318581901, 0.9992871818524885]
02216140,93133,390873,738,2;[65333.38, 1206, 1.0219902481862937, 1.0558770076166535, 153.44407737973464, 0.9784881256318877, 0.9949258816280672]
02216140,93137,390900,1078,1;[67305, 1286, 1.0192222282203791, 1.0267997459821951, 97.6322180950996, 0.979160145463996, 0.9860454895066476]
02216140,93137,390900,1078,2;[66238.97, 1168, 1.024628149686255, 1.0477922745656119, 113.66602521986991, 0.9875933692277479, 9999]
02216140,93137,390900,1078,3;[67367.01000000001, 1118, 1.0054842098566825, 1.0054172018244065, 88.54107787088645, 0.9857382708819279, 9999]
02216140,93140,390925,138,1;[67218, 1294, 1.001017218561049, 1.0298512623671254, 61.560115881944206, 0.9775655667368575, 0.9897371714643304]
02216140,93140,390925,138,2;[64093.399999999994, 1186, 1.0002269450762016, 1.0553846389324757, 85.20011346000061, 0.9885715523392052, 9999]
02216140,93140,390925,138,3;[65250.36000000001, 1138, 0.9972532588529324, 1.0173992153000846, 132.86772482795334, 0.9732236944737268, 0.9952773017929536]
02216140,93148,390954,413,1;[65074, 1258, 0.9710373074430412, 1.0585766542157489, 61.46851012772045, 0.990474112387501, 0.9901026253527985]
02216140,93148,390954,413,2;[63792.329999999994, 1118, 1.0076844416621957, 1.0356608872364963, 102.19689118127539, 0.9876478859745775, 9999]
02216140,93148,390954,414,3;[66498.43000000001, 1048, 1.0108459697330157, 1.0136347990103893, 109.11924776569528, 0.9854668594977729, 0.9991046158596202]
02216140,93163,391033,101,1;[65344, 1272, 0.9821834742100143, 1.0624607482772472, 65.56533173043029, 0.971425490061465, 0.9919392789373814]
02216140,93163,391033,101,3;[65805.21, 1094, 0.9998481593295296, 0.9989323128923008, 87.96862119219826, 0.9890534783329041, 9999]
02216140,93163,391033,102,2;[63269.92, 1094, 0.9940021088262635, 1.0437601079705068, 115.19159002024634, 0.9860667149079952, 9999]
02216140,93190,391185,274,1;[65696, 1292, 0.9656147417756167, 1.0724330313234194, 83.24630969642506, 0.988402229841166, 0.9943468620165129]
02216140,93190,391185,274,2;[63961.31, 1152, 0.9980745989061052, 1.0883293916579786, 81.73896364533303, 0.9861010650550859, 9999]
02216140,93190,391185,274,3;[63772.130000000005, 1040, 0.9930788400993402, 0.963360397528257, 69.66112466533562, 0.9881569062046023, 23274.5]
02216140,93190,391185,275,1;[66027, 1306, 0.9758339574677468, 1.0484142685701925, 79.84313120571579, 0.9901515532119061, 0.9908161887183181]
02216140,93190,391185,275,2;[65499.979999999996, 1178, 0.9856135853693369, 1.0845080729326684, 82.07364895617651, 0.9860303629214102, 9999]
02216140,93190,391185,275,3;[68034.20000000001, 1150, 1.0054951843884887, 1.0208833572554947, 116.52835525452514, 0.9759420555427335, 0.998461894182341]
02216140,93244,391404,121,1;[66663, 1284, 0.9862439665560867, 1.0363489552225122, 47.89299613063708, 0.9797490540364897, 0.9828024679527344]
02216140,93244,391404,121,2;[65338.14, 1192, 0.983929442349857, 1.0179672019562092, 113.73364483550975, 0.9751800413371099, 9999]
02216140,93244,391404,121,3;[63476.21000000001, 1004, 0.9819206489893408, 1.0269212545144635, 79.44917287813261, 0.9798770319492948, 9999]
02216140,93244,391404,123,1;[63202, 1166, 1.1341021834013056, 0.9901962846771266, 106.79447152019478, 0.9899503339713654, 0.9798000155026743]
02216140,93244,391404,123,2;[65905.77, 1112, 1.030435892706158, 1.0464875617687304, 192.75108705880152, 0.9645932084805265, 0.9974425934263845]
02216140,93244,391404,123,3;[66153.19, 1096, 0.9923928499664418, 1.0285487413121464, 90.67948129606035, 0.9888339519563528, 9999]
02216140,93244,391404,125,1;[66114, 1330, 0.9930372434873893, 1.0514029503127846, 87.42391257214419, 0.9900975718597759, 0.9921366187460608]
02216140,93244,391404,125,2;[65762.97, 1196, 0.983676508902355, 1.024667496429868, 119.89232839152231, 0.9724227134181052, 9999]
02216140,93244,391404,125,3;[65425.72000000001, 1070, 1.0089410015155944, 1.0127845053396014, 118.65944779600888, 0.9824722618163423, 0.995943733641985]
02216140,93244,391404,126,1;[63338, 1158, 0.9725606200624201, 1.0287954039690936, 55.838637454386294, 0.9832786983896314, 0.9995817847532925]
02216140,93244,391404,126,2;[65688.0, 1190, 1.010970220315691, 1.0223846054721581, 119.45486929969213, 0.983984405140306, 0.994657320731938]
02216140,93244,391404,126,3;[65918.92, 1116, 1.0016997677354984, 1.0017356761878577, 96.86068681959422, 0.987050665107438, 9999]
02216140,93244,391404,127,1;[64398, 1290, 0.9736273534269003, 1.0552303049578429, 76.08785478725011, 0.9889393335354002, 9999]
02216140,93244,391404,127,2;[65955.75, 1180, 1.0077541647424266, 1.0451484116694594, 101.85199694824036, 0.9860375710800601, 9999]
02216140,93244,391404,127,3;[65564.09000000001, 1076, 0.9983657710976082, 1.0165129027761914, 102.22458576105821, 0.9862592454727049, 0.9976859573048699]
02216140,93247,391424,320,2;[64862.14, 1142, 1.0151247439254218, 1.0422853577182176, 120.57139182783636, 0.9865086963082721, 9999]
02216140,93247,391424,321,3;[63396.75000000001, 1064, 0.9904707726108757, 1.0328492975839072, 61.119260969967584, 0.9886510489633629, 18510.0]
02216140,93247,391424,322,1;[65262, 1238, 0.9586706904300254, 1.0327304171509086, 55.526744414436, 0.9857192785505405, 0.9972189963938635]
02216140,93249,391443,104,2;[63386.53999999999, 1088, 0.9977913648515494, 1.036889169119737, 126.12350786526244, 0.9868388498666824, 9999]
02216140,93249,391443,104,3;[65951.8, 1110, 0.9889262920480394, 0.8747405026516863, 118.5133326170529, 0.9869539643856879, 0.9934581175062427]
02216140,93249,391443,105,1;[65889, 1306, 0.96122819926663, 1.048290965194873, 79.55880971471021, 0.9893523480415912, 0.994130782461752]
02216140,93340,391951,52,1;[65156, 1294, 0.9530029275263915, 1.0613104314925783, 77.90537138212406, 0.9883604191509424, 0.998184589694291]
02216140,93340,391951,52,2;[64594.39, 1088, 1.0102236851731712, 1.0296832160040847, 138.45559666082815, 0.9709848984880188, 9999]
02216140,93340,391951,52,3;[64351.64000000001, 1060, 0.9969371310602586, 1.0016458087537778, 80.08476628249467, 0.9890132718321681, 9999]
02216140,93340,391951,53,1;[62474, 1146, 0.978495168804449, 1.0554339456595037, 37.35945340551694, 0.9881538511916589, 0.9970077320204591]
02216140,93340,391951,53,2;[63319.899999999994, 1096, 1.0181771602329754, 1.0391505422782883, 121.82885660761107, 0.9837592823014641, 0.9980586530616072]
02216140,93340,391951,53,3;[65275.020000000004, 1060, 0.9926007035286776, 0.9890768349034083, 69.92217188256723, 0.9901550697482215, 9999]
02216140,93342,391972,229,1;[65608, 1264, 0.9701570597546851, 1.0281030409816032, 39.35749209292143, 0.9890458939087379, 14579.555555555555]
02216140,93342,391972,229,2;[63811.369999999995, 1108, 1.0461844493090091, 1.0885776724747704, 127.57690320691098, 0.9829941968961514, 9999]
02216140,93342,391972,231,3;[62366.51, 1072, 0.9990655807407981, 1.0192588107166105, 68.8471564550176, 0.9883942861952881, 9999]
02216140,93393,392141,801,1;[63751, 1242, 0.9699316429485008, 1.0513524736440143, 64.05555172045652, 0.9847155009371901, 0.9752258281640801]
02216140,93393,392141,801,2;[62956.95, 1112, 0.9802361982392465, 1.0328071075812097, 87.66706229126129, 0.9767200819199957, 0.997200938675111]
02216140,93393,392141,801,3;[66164.15000000001, 1080, 1.0365784223747356, 1.0131012906186205, 177.97804785431055, 0.9737477771822521, 0.9948398924720108]
02216140,93393,392141,802,1;[63440, 1212, 0.9641063740748141, 1.048618223824551, 59.53779665883643, 0.9835413440478985, 0.9859888252527529]
02216140,93393,392141,802,2;[62777.259999999995, 1084, 0.9850432373006883, 1.0247937971400884, 72.32152328310049, 0.9854535031851377, 0.9889953319210364]
02216140,93393,392141,802,3;[66729.96, 1126, 0.9919957138955473, 1.0066396407445257, 104.23207454115605, 0.9713679504825719, 0.9925823280078252]
00023698,93080,390528,134,1;[36900, 898, 0.9978155479327312, 1.0259673944738459, 89.73238912855744, 0.9929930238391793, 0.9837638966648005]
00023698,93080,390528,134,2;[39364.009999999995, 820, 1.0504391901326098, 1.022399976459444, 131.86334323534342, 0.9822628171354302, 1.0140555785472325]
00023698,93080,390528,134,3;[55474.04, 910, 1.2348669144335471, 0.954528904486548, 84.48481776732575, 0.9923977465338607, 26994.666666666668]
00023698,93244,391403,53,2;[43991.92, 860, 1.0139415938895173, 1.0212939734954087, 88.72411398565121, 0.9915332214735743, 9999]
00023698,93244,391403,54,1;[45368, 944, 1.0138822074695624, 0.9740646097252217, 57.91967425793741, 0.993886083647604, 1.000099198694986]
00023698,93244,391403,55,3;[38692.91, 766, 1.0128055678324268, 1.0020142613457823, 123.04365198080062, 0.9864740144323954, 0.9985680697226298]
00023892,93026,390259,210,1;[115384, 1676, 0.9705763288702812, 0.9705763288702812, 27.44450635858385, 0.9967809945790217, 0.9971869206936336]
00023892,93026,390259,211,2;[117053.15999999999, 1570, 1.0149650236071255, 0.9746772383627069, 32.01824097753799, 0.9959190027831599, 0.996711876257112]
00023892,93026,390259,211,3;[116700.71, 1438, 1.0186254340279237, 0.9437976061425024, 56.93241554978748, 0.9908537816795847, 9999]
00023892,93026,390259,212,1;[115337, 1664, 0.9804131521278897, 0.9889032468085639, 29.32303153461915, 0.9964262448288627, 0.9924920079683675]
00023892,93026,390259,212,2;[117691.0, 1554, 1.014747909288223, 0.9808503008994244, 33.38817836122004, 0.9959185983378324, 9999]
00023892,93026,390259,212,3;[114356.64000000001, 1394, 1.0039062202291396, 0.9507977939312924, 37.10296143051946, 0.9936297065684685, 9999]
00023892,93026,390259,214,1;[120043, 1634, 1.0032661182443197, 0.9887838124952426, 22.927187669422857, 0.9969424029558446, 0.9982495311986761]
00023892,93026,390259,215,3;[114305.95000000001, 1398, 1.010278510246198, 0.9543713578041263, 39.13504025500448, 0.9933049493998183, 9999]
00023892,93026,390259,216,2;[116758.04, 1568, 1.0123332269148082, 0.98091887278259, 29.98789604125521, 0.996023856518871, 0.9963240520725442]
00023892,93049,390350,751,2;[112488.31999999999, 1480, 0.9848740726439702, 0.9929826624223882, 26.49613653842162, 0.9961483784872827, 9999]
00023892,93049,390350,752,3;[118309.09000000001, 1532, 1.0130833231157215, 0.9721992345752148, 59.29260583943325, 0.9911236827270111, 9999]
00023892,93049,390350,753,1;[115862, 1658, 0.9829469492684024, 0.9978529551266063, 24.60371064380052, 0.9960469422803894, 0.9909383646292598]
00023892,93049,390350,756,2;[116076.17, 1538, 1.0085478725212538, 0.9927081192712227, 43.37188848757056, 0.9943862237694245, 9999]
00023892,93049,390350,756,3;[117833.70000000001, 1382, 1.047327962051423, 0.9430491915437306, 103.28006889242694, 0.9876476852572468, 0.9989779088945155]
00023892,93049,390350,757,1;[119330, 1636, 1.0075125795868425, 0.9942916148693116, 29.0029681718026, 0.9953227996444487, 9999]
00023892,93049,390350,758,3;[117121.3, 1400, 1.030931342867741, 0.9719735434960686, 74.73251000866165, 0.9910807744684849, 9999]
00023892,93049,390350,760,1;[119412, 1684, 1.0004737661313214, 0.9880028410604836, 28.934950571560975, 0.9954903479060804, 0.999870214146658]
00023892,93049,390350,760,2;[117228.09, 1564, 1.0405712513178689, 0.9825036010815462, 94.58212834702178, 0.9879751501300211, 0.9954779023530066]
00023892,93049,390350,761,1;[115473, 1576, 0.991677529821298, 0.9926776955103828, 36.86362273631874, 0.9942467519164607, 1.0014917476864902]
00023892,93049,390350,763,2;[118247.92, 1546, 1.0345050869305332, 0.994516715150005, 59.95186314319832, 0.9908730469999921, 9999]
00023892,93049,390350,763,3;[118310.46, 1494, 1.0361395917367435, 0.9712337522244107, 108.28824339469637, 0.9843328979744623, 0.9939059128182995]
00023892,93049,390350,766,1;[116227, 1652, 0.9751026370807013, 0.9892795240401203, 27.456611617824382, 0.9965442441576506, 0.9924685549359998]
00023892,93049,390350,767,3;[117711.77, 1466, 1.0214023858039325, 0.9691685127209577, 43.76655418360943, 0.9929606828812833, 10740.125]
00023892,93049,390350,769,2;[117706.47, 1490, 1.0202549609913965, 0.9997484379105231, 29.963769686372082, 0.995278891855519, 9999]
00023892,93049,390350,770,1;[117114, 1588, 1.0024585818836231, 0.9928265580916606, 32.869004539460455, 0.9955113006843905, 9999]
00023892,93049,390350,770,3;[118395.40000000001, 1410, 1.0424963099943128, 0.9275135170288007, 78.28360049762023, 0.9922517167138535, 9999]
00023892,93049,390350,773,2;[114238.81, 1522, 1.0044227657496143, 0.986742260703326, 36.17136856988099, 0.9948063335800724, 9999]
00023892,93099,390646,1221,2;[114072.20999999999, 1486, 1.0090858747803573, 0.9867088647928606, 38.53013999163804, 0.9934468550222741, 9999]
00023892,93099,390646,1222,1;[115757, 1704, 0.9986716907804245, 0.9931340390066832, 35.39650912607604, 0.9961712619634862, 0.989105543782897]
00023892,93099,390646,1222,3;[117585.73000000001, 1392, 1.1323117391248805, 0.9651113997953958, 50.31573890807299, 0.9940088735414381, 9999]
00023892,93103,390673,1487,1;[118131, 1640, 0.9941992381714719, 0.9832364950716539, 24.18140079113889, 0.9967673469878491, 0.9975637458357788]
00023892,93103,390673,1488,3;[117951.52, 1364, 1.034720293021279, 0.9614925636421753, 96.22023479779668, 0.98528403584093, 0.9961010262284081]
00023892,93103,390673,1489,2;[116541.45999999999, 1546, 1.014966414714585, 0.992022459678374, 40.09946663942671, 0.9947342202306876, 0.9929282227280332]
00023892,93103,390673,1491,2;[120403.01, 1514, 1.0503891899546012, 0.9843946252209498, 113.66690920960296, 0.984839104179109, 9999]
00023892,93103,390673,1492,1;[114627, 1678, 0.9987680845865211, 0.9924709850319351, 45.564953524898826, 0.9946129103177113, 0.9927122981592382]
00023892,93103,390673,1492,3;[112581.12000000001, 1362, 1.004285977747245, 0.9649001229124898, 31.23126453415144, 0.9956981357234577, 9999]
00023892,93103,390673,1495,2;[114817.15, 1510, 0.9930315460441014, 0.9870770259924616, 31.546042712339776, 0.9947702350629656, 9999]
00023892,93103,390673,1497,3;[113548.34000000001, 1404, 1.0054351093309934, 0.960491452600365, 28.91913419738997, 0.9948299282430487, 9999]
00023892,93103,390673,1498,1;[116314, 1654, 0.989772517025471, 0.9913499174139772, 25.89202116124958, 0.9956881817830718, 0.9948765321221763]
00023892,93103,390673,1499,1;[115761, 1706, 0.9962542217613665, 0.9812057965453727, 38.26655464467754, 0.9959036968410945, 0.9896936302274583]
00023892,93103,390673,1499,3;[117251.45000000001, 1500, 1.0242496834682837, 0.9748615169204323, 53.78139989410666, 0.9908513476631625, 34234.0]
00023892,93103,390673,1500,2;[113904.42, 1520, 1.0033341804562999, 0.9866325509813356, 31.931454020851525, 0.9944117262205622, 0.9918501209788144]
00023892,93122,390798,1587,3;[117843.29000000001, 1442, 1.0406381091708652, 0.97290517790024, 111.87571133625764, 0.982512094931687, 0.9956477955389904]
00023892,93122,390798,1589,1;[115972, 1698, 0.9778822539189395, 0.9908134710763481, 20.37117655163161, 0.9968449509462828, 0.9941706957446079]
00023892,93122,390798,1589,2;[117505.36, 1504, 1.0292453359150497, 0.9978651105229204, 41.27597117489877, 0.9945531923571351, 9999]
00023892,93122,390798,1590,1;[114476, 1708, 0.9714008354292216, 0.9792266459744134, 31.895664856885332, 0.9963746613606888, 0.9873600048300221]
00023892,93122,390798,1590,2;[115546.62, 1446, 1.0044099548766843, 0.9937778684089924, 34.96544073137213, 0.9941037791054449, 9999]
00023892,93122,390798,1592,3;[117977.55, 1424, 1.0384956777881869, 0.9582881772027657, 51.69301507743181, 0.993571167624946, 172230.0]
00023892,93139,390920,17,2;[116130.90999999999, 1510, 0.9981631323817355, 0.9808162066148503, 32.268889709424414, 0.993887002655094, 0.9946034641785189]
00023892,93139,390920,17,3;[117082.94, 1368, 1.01704474354301, 0.9629625559037094, 53.25214145749839, 0.9925764721536028, 9999]
00023892,93139,390920,18,1;[114291, 1656, 0.9814575364939319, 0.9959018721886728, 30.733984173391054, 0.9957475714305857, 0.9944271152817112]
00023892,93139,390920,19,1;[117141, 1708, 1.0011284673044343, 0.9784178992053928, 59.47460187917027, 0.9921109682880714, 0.9933264364697103]
00023892,93139,390920,20,3;[118051.53000000001, 1470, 1.0213625513322462, 0.9716452290970454, 85.44257796364806, 0.9849400431888099, 9999]
00023892,93139,390920,21,2;[115941.7, 1478, 1.0067750976010585, 0.9966286729292532, 25.270836994108723, 0.9955051948918705, 1.001742742428838]
00023892,93166,391047,301,1;[119197, 1602, 0.9934559797032223, 0.9948353663934025, 20.712104405988043, 0.9968702647084702, 0.9987055043296481]
00023892,93166,391047,301,2;[116151.14, 1540, 1.0002683910551358, 0.9928704150270152, 33.4848806094114, 0.9948215854848882, 9999]
00023892,93166,391047,303,3;[118637.89000000001, 1398, 1.0223579081250327, 0.9703534494557088, 42.23273852076505, 0.9934911546531924, 9999]
00023892,93166,391047,304,1;[117753, 1622, 0.9772164352433422, 0.9958620833402838, 25.766315361363983, 0.9967860458868003, 0.9972686967237064]
00023892,93166,391047,305,2;[117093.62, 1536, 1.002178459818774, 0.997850638667676, 24.4138911119299, 0.9964615269265222, 1.000127051242307]
00023892,93166,391047,305,3;[119032.45000000001, 1370, 1.0183846266174685, 0.9748323649170428, 37.875699129217296, 0.9947455224370897, 2199.6202531645567]
00023892,93166,391047,307,2;[115370.5, 1528, 1.0058060097422366, 0.9895282762600829, 39.93207841576104, 0.9944151817445519, 9999]
00023892,93166,391047,308,1;[115460, 1682, 0.9960968642594321, 0.9954651582763876, 40.582903883813906, 0.9951983391381567, 0.9932470213772635]
00023892,93166,391047,308,3;[118877.64000000001, 1454, 1.017150500848034, 0.9733966928934351, 36.44529966828555, 0.9937569319287601, 1324.7633587786258]
00023892,93166,391047,309,1;[119716, 1620, 1.0322619672169577, 0.9876387315526259, 46.38197855060344, 0.9944067144527013, 0.999419796219075]
00023892,93166,391047,309,2;[115416.90999999999, 1496, 1.0140101989435855, 0.9782871975660953, 49.76970517264166, 0.9923215994050387, 9999]
00023892,93166,391047,310,3;[117396.67000000001, 1446, 1.0322636927019022, 0.9549682020607355, 42.6314536599798, 0.9954496600959517, 9999]
00023892,93166,391047,312,2;[119097.58, 1476, 1.0286965797742729, 0.9766518066581236, 64.13464440773701, 0.9901136968339167, 100082.0]
00023892,93166,391047,313,1;[120302, 1688, 1.021004314514589, 0.9866737636844082, 42.55555215394716, 0.9931729686905908, 0.9957002685780263]
00023892,93166,391047,313,3;[119017.38, 1408, 1.0256435421473993, 0.9687818342517958, 44.27779058241403, 0.9929874755115312, 24821.14285714286]
00023892,93166,391047,315,1;[117580, 1706, 0.9911475015587408, 0.9998940038735258, 31.46718806602632, 0.9964770636421072, 0.9924037812288994]
00023892,93166,391047,315,2;[119473.62, 1562, 1.0290292751963206, 0.976969826578464, 59.39391504055549, 0.9910613417632356, 9999]
00023892,93166,391047,315,3;[120414.78000000001, 1524, 1.0420803432332637, 0.9716719340706381, 114.80932319891738, 0.9838297153742086, 0.9968696835658387]
00023892,93265,391506,609,1;[120450, 1668, 1.0130823848066772, 0.9934285035407959, 28.081715577593773, 0.9950777124707098, 9999]
00023892,93265,391506,609,3;[119976.38, 1438, 1.0627480642574758, 0.9590433977019611, 126.38952663022229, 0.9846962103710577, 0.99012968218255]
00023892,93265,391506,610,2;[119833.0, 1508, 1.0279624297293433, 0.9939602657133225, 34.05485042585448, 0.9943307197997148, 0.9989534301203803]
00023892,93265,391506,611,3;[119896.92000000001, 1368, 1.0267371543472592, 0.9680652141772095, 60.138477372720004, 0.9910185054986551, 175032.0]
00023892,93265,391506,612,2;[116885.37, 1548, 1.0145783774572443, 0.9803564738122116, 29.62078944142632, 0.9948200399301197, 9999]
00023892,93265,391506,613,1;[114481, 1610, 0.9955593575803238, 0.9902087238335712, 36.759064237107594, 0.9944111491071127, 0.9902515396858349]
00023892,93329,391882,87,1;[118271, 1616, 1.0194271800477344, 0.9951980347867928, 37.73351695185407, 0.9949972892828642, 0.9989948475377988]
00023892,93329,391882,87,2;[111247.15, 1430, 0.9892958805203751, 0.987969527216751, 25.62743346510477, 0.9960790202361292, 9999]
00023892,93329,391882,87,3;[115923.92000000001, 1414, 1.0215942370198658, 0.9563196493174627, 47.010858776237484, 0.9953242287886229, 9999]
00023892,93329,391882,89,1;[114628, 1672, 0.9914825066265023, 0.992449732020601, 46.0862142629913, 0.9941192467786226, 0.9939475920434248]
00023892,93329,391882,89,3;[114667.63, 1414, 1.0167941706478845, 0.9529070402788227, 69.36194070195396, 0.9896615259912896, 0.9922821576763485]
00023892,93329,391882,90,2;[116098.78, 1540, 1.024478526931865, 0.9929498654533664, 58.7047229351499, 0.9922725834272821, 9999]
00023892,93329,391882,92,2;[114627.93999999999, 1522, 1.0073552101636527, 0.9847883422105579, 36.85985021329225, 0.9940911230252352, 0.9904477918873066]
00023892,93329,391882,92,3;[114493.64000000001, 1356, 1.0098884038015559, 0.9575393429604518, 53.70771228318953, 0.9928164272628103, 9999]
00023892,93329,391882,93,1;[115389, 1646, 0.9791536811644996, 0.9912072497007227, 30.555962129969355, 0.9961549890584726, 0.995354855405318]
00023892,93329,391882,94,1;[116973, 1592, 0.994606233216065, 0.9965614043713638, 34.71012332712566, 0.9946580766084038, 0.9999615310636661]
00023892,93329,391882,94,2;[112866.73999999999, 1496, 1.003006582190011, 0.9923183925625743, 26.138494257660792, 0.99570058885804, 9999]
00023892,93329,391882,94,3;[114433.36000000002, 1410, 1.0214616209838423, 0.9517095185099957, 73.57692311392724, 0.9894936176987641, 0.990536726513768]
00023892,93329,391882,96,1;[115407, 1632, 0.9872182726007631, 0.9927104473525977, 23.989429741072772, 0.9960868400620199, 0.996795591563164]
00023892,93329,391882,96,2;[113005.97, 1516, 0.9882006017804126, 0.9825266807640969, 27.477798069064683, 0.9957344812378607, 0.9942780561096016]
00023892,93329,391882,96,3;[117169.25000000001, 1434, 1.0569068397282255, 0.9348208440309685, 110.45560734956277, 0.9883416942725053, 9999]
00023892,93329,391882,99,1;[118266, 1608, 1.0340711010663866, 0.9901960891665134, 40.350390802242764, 0.9941750124012475, 0.995743928467688]
00023892,93329,391882,99,2;[114010.33, 1524, 1.0088953795511193, 0.9873587254334197, 27.375748128469997, 0.9954495918170748, 9999]
00023892,93329,391882,99,3;[113752.47000000002, 1336, 1.0058340005280906, 0.9771892906538502, 25.640739364499375, 0.99607581804577, 9999]
00023892,93377,392048,3,3;[118466.64000000001, 1406, 1.047556527781869, 0.9626297559970822, 107.28162349534367, 0.988306503325163, 9999]
00023892,93377,392048,4,1;[118492, 1724, 0.9863208326474601, 0.9986424630954116, 19.764201178268063, 0.9967779664001932, 0.982353745839223]
00023892,93377,392048,4,2;[116322.5, 1540, 1.0024661578187861, 0.9812524545754474, 28.71243987076844, 0.9953319054134065, 9999]
00023892,93377,392048,5,1;[112681, 1604, 0.9750116024793062, 0.9728192778387952, 30.87669786078407, 0.9962903174522396, 0.9869450782375636]
00023892,93377,392048,5,2;[117476.79999999999, 1468, 1.0128946844061226, 0.9826118107683158, 31.69563920609115, 0.9953051589361018, 9999]
00023892,93377,392048,5,3;[119291.38, 1442, 1.0494193382007337, 0.9224995551443748, 90.97954973781846, 0.9914184377585706, 9999]
00023892,93377,392048,8,2;[114999.22, 1520, 1.0070723933409482, 0.9772014446917673, 55.95936210100426, 0.9911467610708359, 1.0000983146794165]
00023892,93377,392048,8,3;[115359.48000000001, 1394, 1.0261842013140077, 0.9530082855170431, 74.80732270330151, 0.9887307322964278, 9999]
00023892,93377,392048,9,1;[115825, 1638, 0.9752674514762388, 0.977930434245964, 26.59457846165895, 0.9966290836236483, 0.9829547624402228]
00236683,93026,390254,285,1;[64897, 1162, 0.8963368703322728, 1.2183853081758376, 597.4072147536523, 0.8989622045180786, 0.997670968584979]
00236683,93026,390254,285,2;[63899.43, 1088, 0.88279605279225, 1.1669173179368035, 687.6252383263844, 0.8561036678773236, 0.9979278366800785]
00236683,93026,390254,285,3;[62998.08, 1026, 0.8724861808634222, 1.1462304604636613, 477.53626792143336, 0.8912045056441245, 0.9973322922766608]
00236683,93027,390265,359,1;[65010, 1234, 0.8963836176640538, 1.168149733389122, 588.7646334944752, 0.876576323213372, 0.9996079064510921]
00236683,93027,390265,359,2;[63329.42, 1172, 0.8722834267262409, 1.3744132304889976, 811.2780416461782, 0.8789933373649661, 0.9967690881336567]
00236683,93027,390265,359,3;[64039.280000000006, 1110, 0.8752503306714794, 1.2607893360585687, 730.6566746111167, 0.906247409796963, 0.9980783191698339]
00236683,93032,390303,79,1;[64084, 1312, 0.883011742050798, 1.2912871714364584, 268.94763745587096, 0.9133944969761918, 0.9972688863125296]
00236683,93032,390303,79,2;[62079.92, 1082, 0.8815052374057251, 1.2447192829726832, 397.38154880436065, 0.9006467679184194, 1.0009209516500384]
00236683,93032,390303,80,3;[63635.130000000005, 1136, 0.8704188168610484, 1.2765842202638427, 618.6186577698837, 0.9267038002201853, 0.9954032595068951]
00236683,93032,390303,81,1;[65182, 1222, 0.8845825357301805, 1.253814231694861, 436.65751315797803, 0.9024325561089953, 0.9954869993509221]
00236683,93032,390303,81,2;[60467.469999999994, 1070, 0.8658963652934529, 1.3236490956893558, 415.1546219052248, 0.8831104988944727, 0.9955720135582594]
00236683,93032,390303,82,3;[60681.41, 1002, 0.8646670726583039, 1.236890745793808, 413.0430619188642, 0.895977356431816, 0.9920933566276934]
00236683,93032,390303,83,1;[65190, 1240, 0.8856361340584233, 1.336348925504289, 421.8157871130205, 0.9179699132432548, 0.9945383535729542]
00236683,93032,390303,83,2;[63473.409999999996, 1108, 0.880705724041829, 1.1517486320231045, 936.4060692327542, 0.8892920877813058, 0.9974381030742763]
00236683,93032,390303,83,3;[63620.060000000005, 1086, 0.8776824258320373, 1.2010975539393451, 632.373901310016, 0.932411605387967, 0.9935599820278568]
00236683,93051,390358,937,1;[61910, 1138, 0.8881777418456696, 1.3158803350304593, 191.94476886811364, 0.9332287887186778, 1.0035906206181056]
00236683,93051,390358,937,2;[61018.439999999995, 1108, 0.8744115177055395, 1.2886368708134575, 416.8174297521665, 0.8915586599846775, 9999]
00236683,93051,390358,937,3;[61560.950000000004, 966, 0.877243343342936, 1.162882267156796, 350.0519987317953, 0.9193836774930555, 0.9962310165170158]
00236683,93078,390512,47,1;[62003, 1166, 0.8984033152613793, 1.421216003534498, 222.0834782523327, 0.932324088329441, 0.9965764433586216]
00236683,93078,390512,47,2;[64851.43, 1158, 0.8730279854116749, 1.169443966109788, 818.8359163722441, 0.8605912354463219, 0.9972094895653209]
00236683,93078,390512,47,3;[63713.22000000001, 1070, 0.8713599068622755, 1.156260139954396, 363.6832766722085, 0.9245821144862727, 0.997929295638646]
00236683,93078,390512,49,1;[62757, 1248, 0.8806822073163417, 1.3655628375229387, 291.7005471112284, 0.9308936894344648, 0.9898424315073895]
00236683,93078,390512,49,2;[62070.399999999994, 1146, 0.8777771267882485, 1.3229664281527502, 421.0606639502385, 0.9063259873638182, 0.9963420341346475]
00236683,93078,390512,49,3;[65910.70000000001, 1050, 0.8768575047476552, 1.2247830161026592, 788.4647293313469, 0.8942845465139775, 0.9974602187321826]
00236683,93078,390512,50,1;[61924, 1150, 0.8810465426974625, 1.3914188745424354, 213.8200019221468, 0.9351294831793443, 0.9981302385557704]
00236683,93078,390512,50,2;[65937.9, 1150, 0.879228667524834, 1.179293606603073, 824.4007872140987, 0.8489372623533138, 0.9963318588844535]
00236683,93078,390512,50,3;[66360.06000000001, 1022, 0.8702875750297601, 1.1372706087217193, 861.5471674866211, 0.8701131027160595, 1.0023072227452847]
00236683,93098,390636,1213,1;[66424, 1244, 0.8823566767419234, 1.2142968859041916, 308.83078904861543, 0.8957330070359494, 0.9993380273214179]
00236683,93098,390636,1213,2;[65266.74, 1126, 0.8933927484060082, 1.2840118591047747, 875.6931159719495, 0.8581356473660497, 1.0014607603257495]
00236683,93098,390636,1213,3;[65509.29000000001, 1070, 0.873847573315857, 1.18952807666033, 761.6841148447202, 0.9046977956138212, 0.9943334823610144]
00236683,93098,390636,1214,1;[64254, 1292, 0.8798340578149664, 1.4185855049254117, 354.04704705750584, 0.9389706014256528, 0.9968196838300315]
00236683,93098,390636,1214,2;[64413.509999999995, 1112, 0.8841799100241723, 1.185020667030353, 814.5381436463231, 0.8548762815733646, 0.9979719390106749]
00236683,93098,390636,1214,3;[63554.3, 1080, 0.8725345513198169, 1.3418491871000942, 573.436488312685, 0.915630657414964, 0.9923631462981581]
00236683,93099,390639,1320,1;[65733, 1174, 0.8986561124046707, 1.1888863137764243, 524.71293379162, 0.8909896119273859, 1.000334799348663]
00236683,93099,390639,1320,2;[64945.439999999995, 1110, 0.8799012392870388, 1.211244114648881, 500.3592752505392, 0.8843490229777067, 0.9975689557476832]
00236683,93099,390639,1320,3;[64221.490000000005, 1086, 0.8771087575357576, 1.1782370262963473, 420.12826866959915, 0.914358419458132, 0.9936620315414617]
00236683,93099,390639,1321,1;[65480, 1300, 0.8724248348033831, 1.2238853834367018, 405.04023958956503, 0.9273045058082094, 0.9972965769333283]
00236683,93099,390639,1321,2;[62571.39, 1128, 0.8732663509695608, 1.2989479846148317, 506.449168846685, 0.8607900347818224, 0.995871133922991]
00236683,93099,390639,1322,3;[60664.97, 960, 0.8918258292316278, 1.1659305552185804, 304.4898032449558, 0.9395602745783597, 0.9997403623638313]
00236683,93103,390670,1523,1;[66007, 1202, 0.8862135690644956, 1.1227076770295574, 539.0951049981684, 0.8570147705480499, 0.9933781811067467]
00236683,93103,390670,1523,2;[62395.27, 1128, 0.8744661556219134, 1.3175950505831138, 451.64267112748917, 0.8726407365729938, 0.9936702863532132]
00236683,93103,390670,1523,3;[64702.36000000001, 1090, 0.8682338163167673, 1.2139867077421442, 760.4879409415294, 0.8519364279323118, 0.9934162091668244]
00236683,93103,390670,1525,2;[63179.479999999996, 1148, 0.8755774904728971, 1.3231910436666334, 440.6480455143491, 0.8949090950326803, 0.9963966669168981]
00236683,93103,390670,1525,3;[64450.280000000006, 1072, 0.8786524256469906, 1.2380248607050208, 794.7149607156023, 0.9022725765178526, 0.9949768937110709]
00236683,93103,390670,1526,1;[64594, 1280, 0.8692302139795223, 1.3064345589587993, 387.3175180665426, 0.9216866545350719, 0.9963366573347833]
00236683,93129,390840,509,1;[63851, 1282, 0.8863538304611583, 1.2824864508734586, 310.17420054510205, 0.9399106307757903, 0.9891788472412645]
00236683,93129,390840,509,2;[62792.729999999996, 1156, 0.8655992666530318, 1.2966369654810306, 598.0539074640125, 0.8907444545283135, 0.9932237845163476]
00236683,93129,390840,509,3;[65155.83, 1070, 0.8798077353627585, 1.207208180569444, 693.4138006979172, 0.9218608231747977, 0.9943860749568763]
00236683,93139,390919,100,1;[65548, 1228, 0.8895657063217315, 1.2174121974362748, 494.76634957258426, 0.901591666436485, 0.9952249003605997]
00236683,93139,390919,100,2;[64462.299999999996, 1176, 0.8687574373580252, 1.3160805760010135, 749.5912923506529, 0.8728901235789747, 0.9998523385876186]
00236683,93139,390919,100,3;[62899.44, 1048, 0.8704034933278246, 1.1903627541986614, 354.52133648183104, 0.9138656498268735, 0.9938737958653534]
00236683,93140,390930,162,1;[64174, 1274, 0.873669116798967, 1.2219762812449149, 318.14095600560046, 0.9407832771655248, 0.9941057556018558]
00236683,93140,390930,162,2;[62256.03999999999, 1108, 0.8758086297832357, 1.284617442261192, 345.67866423307373, 0.9220027450821668, 0.9939582779192158]
00236683,93140,390930,162,3;[64168.060000000005, 1070, 0.8653375047802901, 1.175778012518249, 544.2792229979488, 0.8837986711791864, 0.9959280876896416]
00236683,93140,390930,163,1;[64757, 1294, 0.8689080832153993, 1.3437099942523156, 321.5276598014192, 0.9430963941414967, 0.994830513031255]
00236683,93140,390930,163,2;[64700.299999999996, 1190, 0.8678894662354549, 1.2921604955880843, 715.6913109359365, 0.8801013288764067, 0.9996414749170336]
00236683,93140,390930,163,3;[64600.98, 1086, 0.8652007934289446, 1.1908760180148013, 721.4497155138856, 0.9086264422759408, 0.9967868769289308]
00236683,93140,390930,164,1;[66120, 1190, 0.8928024080834541, 1.1879672972458664, 349.6492563200557, 0.8948358029776258, 0.9994029580030079]
00236683,93140,390930,165,2;[62164.409999999996, 1120, 0.8752461396656094, 1.298778050862342, 346.29783056866313, 0.9093205097922705, 0.9977652991061197]
00236683,93140,390930,165,3;[62617.22000000001, 1048, 0.8756071525749004, 1.1433205584440507, 348.4088358753567, 0.9269208623011866, 0.9946249428764172]
00236683,93174,391097,943,1;[62928, 1236, 0.8851371504840055, 1.4349269202301336, 299.8036945734148, 0.9301702078122605, 0.9953969534475395]
00236683,93174,391097,943,2;[64325.45, 1168, 0.8802286326493914, 1.2679251780083614, 607.869629047859, 0.8870972782303799, 0.9962677970787449]
00236683,93174,391097,943,3;[64610.57000000001, 1052, 0.8809168323652462, 1.192026993741771, 915.8897240293949, 0.8497624850878942, 0.9998092007631969]
00236683,93203,391206,348,1;[66259, 1190, 0.8894026810814899, 1.1508446047025152, 594.0886112205731, 0.8912596097118567, 0.9980268112667571]
00236683,93203,391206,348,3;[64683.18000000001, 1094, 0.8774361244422536, 1.1828319494737503, 463.56244202686634, 0.9045813327238634, 0.9901953587869509]
00236683,93203,391206,349,2;[65912.91, 1094, 0.8899903614837441, 1.2170274147339144, 883.2863549263491, 0.8237073210150379, 1.001093469007835]
00236683,93203,391206,350,1;[62393, 1240, 0.8787493015584305, 1.3128339148304562, 295.70120819668693, 0.9335410441337777, 0.9891953166493591]
00236683,93203,391206,350,2;[64784.78999999999, 1186, 0.8806837105180522, 1.3963042186163492, 714.3957716221242, 0.8977856171105484, 0.9971061741057529]
00236683,93203,391206,350,3;[66107.98000000001, 1110, 0.8779627186987592, 1.2067523980043482, 629.3045444407546, 0.8784160439673843, 0.9945279732890899]
00236683,93203,391206,351,1;[63854, 1268, 0.871032185835836, 1.479426503068035, 318.9796186826759, 0.9362372556116996, 0.9921610976017153]
00236683,93203,391206,352,2;[60755.45, 1072, 0.8829527874848939, 1.2554864592775605, 342.8331537019416, 0.9050124376649543, 0.9934812220276318]
00236683,93203,391206,352,3;[64896.9, 1114, 0.8569397877711894, 1.2417527424010701, 692.591624038142, 0.8946675282111177, 0.9943116223421002]
00236683,93220,391265,336,1;[65533, 1310, 0.8757480096155889, 1.367463148321185, 361.0624601301009, 0.9290297774806068, 0.9930972821021845]
00236683,93220,391265,336,2;[60632.88, 1050, 0.8682370583990296, 1.2168716618617368, 346.1947867002257, 0.8994860601241726, 0.9980021154072158]
00236683,93220,391265,336,3;[64026.950000000004, 1090, 0.8629840702248537, 1.2222749057270437, 655.7167830778669, 0.908215481352808, 0.9938013673141739]
00236683,93220,391265,337,1;[61118, 1124, 0.8808351635338167, 1.2224316677897844, 151.10157403778504, 0.9337813620401505, 0.9949534414273621]
00236683,93220,391265,337,2;[64254.049999999996, 1166, 0.8722362436156592, 1.2337152288179494, 564.8185975037665, 0.8790782291139434, 0.9932763679509938]
00236683,93220,391265,337,3;[64409.18000000001, 1080, 0.8726724947670236, 1.265388216239573, 693.2371551550842, 0.9054723116006371, 0.9945737828032283]
00236683,93222,391274,426,2;[62796.299999999996, 1136, 0.8830140146854797, 1.2618411779405492, 351.3399176267912, 0.9240262330636166, 0.9985146219854868]
00236683,93222,391274,426,3;[64573.58, 1060, 0.8698739445591321, 1.2390712166734024, 806.0081702436511, 0.9022446887703707, 0.9947974377644812]
00236683,93222,391274,427,1;[65596, 1204, 0.8814352650098592, 1.1250380127803834, 426.6307949767584, 0.9036493789843961, 0.999078537540076]
00236683,93222,391274,428,3;[65283.240000000005, 1108, 0.8695688977103744, 1.2047253991752296, 663.4549987691171, 0.9024267478443797, 0.9949367881489524]
00236683,93222,391274,429,1;[65683, 1302, 0.8898643963502091, 1.2157433048057757, 263.5146465566555, 0.9138523580591842, 0.9900666244611257]
00236683,93222,391274,429,2;[65128.7, 1114, 0.8920105206580566, 1.2152927457141203, 901.9103499453104, 0.8625949441156302, 1.0004935743926293]
00236683,93260,391459,217,1;[61886, 1206, 0.88409827167143, 1.4305143674075829, 243.25219511796246, 0.9397923110539514, 0.9929323802876786]
00236683,93260,391459,217,2;[63468.649999999994, 1168, 0.8773761500382609, 1.303462920522043, 423.0964271691172, 0.9175794943361034, 0.9939989190599549]
00236683,93260,391459,217,3;[61080.08, 1002, 0.8684022285641108, 1.183091136102187, 330.8801757872058, 0.916625577751276, 0.9937478407203914]
00236683,93260,391459,218,1;[61371, 1146, 0.8861261793421696, 1.3227932692907638, 233.6975189654019, 0.9138117041258418, 0.9979592334523103]
00236683,93260,391459,218,2;[65415.49, 1146, 0.8806046328095137, 1.2456073480301915, 888.1625960645373, 0.8361238909296961, 0.9979485876116476]
00236683,93260,391459,219,3;[65165.420000000006, 1002, 0.8855295886816785, 1.201654730491485, 874.0681197302487, 0.8664653855605965, 1.0001682156524665]
00236683,93314,391804,1,1;[61200, 1184, 0.8911802629893917, 1.382171928150076, 230.7785941011806, 0.9282939375778478, 0.9964830011723329]
00236683,93314,391804,1,2;[63119.979999999996, 1172, 0.8732368986285801, 1.2855284088582624, 778.1732000879881, 0.8841258201664252, 0.9969738548578088]
00236683,93314,391804,1,3;[62554.200000000004, 1048, 0.8706816695963225, 1.2236399679595413, 396.73644698103055, 0.9037575184900603, 0.9935482467115642]
00236683,93314,391804,2,1;[60876, 1180, 0.8846231316147987, 1.3470361909588835, 237.77139752352406, 0.9341344635075844, 0.9983027082872112]
00236683,93314,391804,2,2;[63148.53999999999, 1058, 0.8865645945619125, 1.2173674482590253, 625.6957682754448, 0.8446343329217425, 1.0054568191291826]
00236683,93314,391804,2,3;[61967.840000000004, 1040, 0.8630861857690876, 1.2021879598329055, 462.1138465086889, 0.8699951446873627, 0.9957841205543386]
00236683,93331,391886,297,1;[64499, 1258, 0.8861004128455874, 1.1767130557255576, 486.22112839956037, 0.882567298345443, 0.9920557405541756]
00236683,93331,391886,297,2;[63365.119999999995, 1142, 0.8718246979181136, 1.2238753766468728, 720.7594945839151, 0.8495607612385334, 0.9981722919458998]
00236683,93331,391886,297,3;[60114.23, 962, 0.8786204077621724, 1.2399047265569842, 333.37371361298034, 0.9318307664323562, 1.000205151584226]
00236683,93341,391961,155,1;[64154, 1280, 0.8792525968196029, 1.2928483788835097, 374.536365774355, 0.935168653948244, 0.9960873210570443]
00236683,93341,391961,155,2;[62858.18, 1052, 0.8910501307441899, 1.1703169142364331, 1016.6524047850945, 0.8434156386230575, 0.9998391080909702]
00236683,93341,391961,156,3;[63548.82000000001, 1042, 0.8926078558902395, 1.1802893869861124, 792.7012788894507, 0.8845421833110562, 0.9976556618991289]
00521701,93026,390258,236,1;[65015, 1268, 0.8381775642546434, 1.2907349359759162, 250.17272954094338, 0.8658941841502674, 0.9906670222086777]
00521701,93026,390258,236,2;[63711.409999999996, 1160, 0.8328008538305073, 1.244832771554797, 383.41423372086234, 0.8778173893145765, 0.991986511399535]
00521701,93026,390258,236,3;[64650.3, 1088, 0.7961479669495897, 1.7462056904974999, 589.4067175037352, 0.9620048103930134, 9999]
00521701,93122,390796,1603,2;[62828.43, 1126, 0.819885475612702, 1.256333279056509, 299.49397662419483, 0.8638672780054223, 0.9927420416298441]
00521701,93122,390796,1604,3;[62922.73, 1048, 0.8185142145814573, 1.450235556326929, 320.0687700976941, 0.8812622518672641, 0.997166708279508]
00521701,93122,390796,1605,1;[62224, 1146, 0.8566837480585704, 1.2049831781894702, 156.220883867245, 0.9003790357456036, 0.9972993548904115]
00521701,93139,390917,48,1;[65905, 1250, 0.8177142451097035, 1.363160319113161, 272.79423457219696, 0.8735352990091628, 0.9921342817357269]
00521701,93139,390917,48,2;[63280.63, 1130, 0.8069446185618948, 1.4570263221994737, 273.2561554452453, 0.9667913955202088, 9999]
00521701,93139,390917,48,3;[62114.43000000001, 1014, 0.8202161911979294, 1.608353300801054, 300.4638342307913, 0.9710721126599146, 0.9903020771902235]
00521701,93141,390932,199,2;[64893.079999999994, 1162, 0.8456843959906979, 1.2595769526941694, 346.6162792194861, 0.8648392540420272, 0.9924382364984758]
00521701,93141,390932,199,3;[62017.16, 1054, 0.7860292950526333, 1.5138959370819465, 276.9085808237027, 0.9731655031711313, 0.9876726376191827]
00521701,93141,390932,200,1;[64754, 1262, 0.8692715981718601, 1.325863861317932, 226.1344441489002, 0.9672597308634594, 0.9923832584941227]
