80042834,93027,390261,313,4;[45633, 934, 0.9944693402573449, 1.0749939553092713, 76.32639902601946, 0.9865177740629056, 1.0052760857832068]
80042834,93027,390261,313,5;[47201.35, 872, 0.9949388886828331, 1.0709948137762018, 83.84542674024571, 0.9798836802608265, 1.0049022712590097]
80042834,93027,390261,313,6;[46479.990000000005, 806, 0.9884053046645986, 1.079576105550374, 102.13893593817163, 0.9791482852170905, 1.0066462926149007]
80042834,93027,390261,313,7;[36401.76, 660, 1.0060299913002777, 1.0919593637337122, 161.44149336743857, 0.9779781224307187, 1.0068343877615793]
80042834,93027,390262,311,4;[25011, 706, 1.0008664838403256, 1.044754519970348, 57.45427351340248, 0.9933301557155878, 0.998303630231305]
80042834,93027,390262,311,5;[22908.69, 624, 0.9892566784944203, 1.0660394564648266, 95.53847860725509, 0.9897138546932069, 1.0043039361452384]
80042834,93027,390262,311,6;[19510.170000000002, 580, 1.0093551215480534, 1.0843532953151531, 159.1220216931495, 0.9813566486367618, 1.0095346117038244]
80042834,93027,390262,311,7;[42590.61, 722, 1.008757020720585, 1.0689853994175809, 97.79617307598697, 0.9837666546056545, 1.0063991323210413]
80042834,93027,390268,312,4;[46579, 950, 0.9911407968081345, 1.0647339624908516, 70.96193308402638, 0.9852230867281832, 1.0052009150157537]
80042834,93027,390268,312,5;[44715.439999999995, 840, 0.9970986582992604, 1.0617894395275285, 64.59654283500916, 0.9889800803347141, 1.004665588278545]
80042834,93027,390268,312,6;[41447.98, 752, 0.9946980619591517, 1.0592291468246742, 94.355050082903, 0.9860120787486848, 1.0065542136607113]
80042834,93027,390268,312,7;[35442.45, 652, 1.0133661458209442, 1.0638923091777093, 115.34541313869175, 0.9842140074159513, 1.0071301247771836]
80042834,93028,390270,370,4;[41393, 886, 0.9957240422787049, 1.0580681166239336, 66.6065900417435, 0.9901034073318454, 1.002980373152411]
80042834,93028,390270,370,6;[44282.51, 782, 0.9994035302405746, 1.0662978120861075, 86.31072385386467, 0.9855164666863595, 1.005334121269614]
80042834,93048,390342,713,4;[39133, 858, 0.9996353843738477, 1.0504672513387554, 61.18968815090609, 0.9904493847113366, 1.004015239952279]
80042834,93048,390342,713,5;[47824.909999999996, 878, 0.9921890563006093, 1.0714492751143307, 77.79797893402097, 0.9815881012844232, 1.0058943521844144]
80042834,93048,390342,713,6;[38801.14, 728, 1.0030646407000594, 1.0516230693473472, 99.66138150026774, 0.9846767311456074, 1.0052887516416427]
80042834,93048,390342,713,7;[31625.100000000002, 616, 1.013414669584295, 1.0602872941041837, 130.38158624360798, 0.9824640659333486, 1.0071381586961288]
80042834,93049,390348,802,4;[46645, 948, 0.986531010471058, 1.0808470532101488, 75.07883248183627, 0.9812003568411407, 1.0037982719476635]
80042834,93049,390348,802,5;[47421.5, 872, 0.9926363085066627, 1.0575101338345965, 66.28739056298443, 0.9854119628060539, 1.0044488134397016]
80042834,93049,390348,802,6;[45637.44, 794, 1.0039030884275855, 1.0869819338262383, 119.60765608583421, 0.9786754957555075, 1.0059034016275874]
80042834,93049,390348,802,7;[31866.84, 622, 1.0098784222734543, 1.0765907457764268, 147.23489069721103, 0.981819225843859, 1.0072540864687107]
80042834,93049,390349,801,4;[42349, 892, 1.008667326409858, 1.0755930424033724, 84.00784487139236, 0.9861041201955177, 1.003162345583968]
80042834,93049,390349,801,5;[19552.89, 620, 0.9978709442670806, 1.0746368142933642, 111.20210258247413, 0.986709851582924, 1.005507618872774]
80042834,93049,390349,801,6;[19203.29, 576, 1.011258817036665, 1.0910516095415328, 147.0079070893541, 0.9824202367649828, 1.0085260999388423]
80042834,93049,390349,801,7;[43713.63, 740, 1.0079376925552714, 1.0780691001617346, 130.58806693174031, 0.9723379234739221, 1.0076532411652677]
80042834,93051,390361,906,4;[19672, 670, 1.0182610085072659, 1.0917639998049287, 92.81310152266731, 0.9897210948651639, 1.0084068074636048]
80042834,93051,390361,906,5;[47513.13, 876, 0.9882297423908305, 1.0575424802798692, 64.33401212660759, 0.9843488283517142, 1.005148215746743]
80042834,93051,390361,906,6;[19184.11, 576, 1.0168799942683417, 1.0591195433039766, 135.77914131160253, 0.9824566531851062, 1.0090434156007926]
80042834,93051,390361,906,7;[43482.6, 734, 1.0109857130958622, 1.078138559701492, 134.9669483696357, 0.9695354377934801, 1.0057684821460169]
80042834,93051,390364,905,4;[20023, 674, 1.0147365995448296, 1.0770696138218208, 91.75540701484312, 0.9904790481027228, 1.0074465408805031]
80042834,93051,390364,905,5;[47376.28, 872, 0.9959154078936883, 1.0629823343853808, 65.41124916917596, 0.983180271855524, 1.0049728638142117]
80042834,93051,390364,905,6;[19248.5, 574, 1.009175745129614, 1.0547106089372122, 144.56723351473192, 0.983071891978654, 1.0074212167927437]
80042834,93051,390364,905,7;[16595.91, 530, 1.060177874904792, 1.1120484943343836, 118.37018932027384, 0.9872525901245199, 0.9588932107496464]
80042834,93052,390371,956,4;[46771, 950, 0.9982639636610623, 1.066460698744795, 61.52311783817483, 0.9851264399672386, 1.00328199407954]
80042834,93052,390371,956,5;[46930.03, 868, 0.9924050362628546, 1.075745042796692, 84.62095985590953, 0.9773657130837472, 1.0053662702509782]
80042834,93052,390371,956,6;[19114.24, 570, 1.0094913748966683, 1.0495298477420878, 144.563875611401, 0.9817862399184243, 1.0041021950341849]
80042834,93052,390371,956,7;[16497.99, 532, 1.0249756334534084, 1.099715517680973, 126.29232201571797, 0.9816495904485956, 0.9672153204466969]
80042834,93052,390372,955,4;[29115, 744, 1.0099539408539426, 1.0550314080198306, 56.358440185848536, 0.9924760016529655, 1.0041905944435823]
80042834,93052,390372,955,5;[42836.43, 820, 0.9973875023496792, 1.0654465000541966, 70.74294468760664, 0.9885784578329697, 1.006022665343823]
80042834,93052,390372,955,6;[31518.22, 654, 1.0031470568958274, 1.0598235983740814, 94.20690164078832, 0.9875220438819592, 1.0048043326345213]
80042834,93052,390372,955,7;[35780.58, 656, 0.9991742724722028, 1.0754546298788326, 149.83969558330404, 0.9792439724110988, 1.0070405856389277]
80042834,93067,390432,37,4;[42707, 902, 0.9986669066662361, 1.1031145995909755, 94.4430367148008, 0.985181970523598, 1.0001873580177523]
80042834,93067,390432,37,5;[35948.71, 754, 0.999510609355039, 1.055090934768495, 70.27565066288999, 0.9899733135435395, 0.9942076682573638]
80042834,93067,390432,37,6;[47833.55, 824, 0.9988581354629256, 1.087819967349591, 97.01606850161807, 0.9733548634010266, 1.0025411683631718]
80042834,93067,390432,37,7;[39175.65, 690, 1.0115094168732208, 1.071380231629088, 136.07616980134338, 0.9809398126771255, 1.0064265078709982]
80042834,93068,390439,117,4;[45889, 930, 0.9993655843239639, 1.0911874766694434, 102.05639462838715, 0.9833810869047499, 1.0026985392926986]
80042834,93068,390439,117,5;[36895.95, 762, 1.0007442264581428, 1.0538884213644348, 67.63028294608772, 0.9907027267981257, 0.996144578313253]
80042834,93068,390439,117,6;[20804.820000000003, 590, 1.0027693687838322, 1.0466287329320345, 165.35122754413962, 0.9832009672668721, 1.0053957429904996]
80042834,93068,390439,117,7;[20977.83, 526, 1.02669455089688, 1.0512577112150236, 84.76684769046238, 0.9922911814411827, 1.0059058728586625]
80042834,93068,390440,116,4;[41817, 892, 1.0033405549222247, 1.0777093816210197, 78.81685625164914, 0.9883034988607342, 0.9974953485043653]
80042834,93068,390440,116,5;[44880.85, 840, 0.999182298297512, 1.0847456361392795, 99.92627544798198, 0.9844778989456486, 1.0044075154129881]
80042834,93068,390440,116,6;[48574.72, 826, 0.9913081371749777, 1.0916140763379443, 116.13642390842253, 0.9743137242669246, 1.0050598823612784]
80042834,93068,390440,116,7;[33292.8, 632, 1.0121530071757803, 1.0632942992158672, 125.59208034702334, 0.9841129149183719, 1.0079673892903465]
80042834,93069,390451,169,4;[43352, 904, 0.998493675438415, 1.0827572139678192, 84.75330624455056, 0.9873266957260873, 1.0013859373556315]
80042834,93069,390451,169,5;[46380.25, 862, 0.9851660204334443, 1.0552460807007935, 57.9848792840936, 0.988583323126464, 1.0031013138761276]
80042834,93069,390451,169,6;[21459.68, 590, 1.033258510774263, 1.0916927525293127, 143.39907237326273, 0.9866211063180448, 1.008109151756983]
80042834,93069,390451,169,7;[43661.61, 732, 1.009070523926959, 1.1043388563079224, 149.00492248140202, 0.9745619739989778, 1.006400874609864]
80042834,93070,390457,220,4;[47510, 962, 0.9961628348698668, 1.0528430604999264, 66.70649492255407, 0.9869460519704263, 1.0029342846889446]
80042834,93070,390457,220,5;[48030.78, 880, 0.9861164347729084, 1.0722010077919353, 78.28032716401546, 0.9808463200258258, 1.0038550501156516]
80042834,93070,390457,220,6;[45573.05, 792, 0.994495005708988, 1.0753778050900733, 107.48832879813314, 0.9793638517218501, 1.0055013148747092]
80042834,93070,390457,220,7;[34106.76, 640, 1.0077309836762167, 1.0653055846606463, 125.4801636539734, 0.9834637397862303, 1.0078668957410255]
80042834,93070,390460,221,4;[47572, 962, 0.9926724156673433, 1.0645187340979518, 62.698379540932834, 0.9851772720319207, 1.0015263318561247]
80042834,93070,390460,221,5;[48312.81, 886, 0.9924726122033216, 1.0727065642456062, 70.34351130038625, 0.9825006470084026, 1.0027539364001234]
80042834,93070,390460,221,6;[20336.280000000002, 616, 1.015312367627182, 1.0554819685623564, 88.32519633729977, 0.9914758105608693, 0.910116492949111]
80042834,93070,390460,221,7;[41638.95, 714, 1.0146084476517216, 1.0882610957397978, 150.77439857089786, 0.978425956041881, 1.0060440271334308]
80042834,93075,390495,484,4;[30425, 768, 1.0048707347093397, 1.052523740355184, 61.503474586860015, 0.9919018079371852, 0.9775414471147668]
80042834,93075,390495,484,5;[46020.869999999995, 860, 0.9785918963382717, 1.069724390699741, 84.23098258286922, 0.9846911110487421, 1.0028134683452399]
80042834,93075,390495,484,6;[48202.08, 824, 0.9973943731459143, 1.0880812511545943, 90.41237170542871, 0.975369462165741, 1.0051853439040068]
80042834,93075,390495,484,7;[18961.29, 512, 1.0217604634528077, 1.076560009478925, 104.99373519704628, 0.9902075416771302, 1.006578947368421]
80042834,93079,390520,64,4;[39833, 870, 0.9935908720404436, 1.0492334340421319, 51.70611297879614, 0.9920637062981205, 1.0003515909490444]
80042834,93079,390520,64,5;[44882.04, 842, 0.9869630802753291, 1.052149868790473, 57.03890321237282, 0.9894588515434667, 1.0039395229982964]
80042834,93079,390520,64,6;[20514.38, 584, 1.005379344707638, 1.1214372864727622, 153.5466847934998, 0.9839656766267866, 1.007875075721882]
80042834,93079,390520,64,7;[34669.8, 646, 1.0036190902110333, 1.0896969259884361, 139.27590859327213, 0.9819915029834116, 1.0066413451500411]
80042834,93082,390546,353,4;[25803, 732, 1.005568768145794, 1.052119952467208, 54.866427750845, 0.9938562401026313, 0.9512451383384638]
80042834,93082,390546,353,5;[23287.11, 656, 1.0001045387408645, 1.0499789627373943, 67.57363078367104, 0.9926379934450208, 0.9576451589224106]
80042834,93082,390546,353,6;[47158.14000000001, 814, 0.9982887012069468, 1.090208505667704, 113.0152936124471, 0.972333289073662, 1.0042155933192327]
80042834,93082,390546,353,7;[35544.96, 654, 1.001827559681661, 1.0855353324489703, 149.3723022681346, 0.9797360132229951, 1.0079833391183617]
80042834,93083,390548,396,4;[42086, 896, 0.9991672567611679, 1.05116357145907, 62.9648709764998, 0.9906123876072356, 1.0002614379084966]
80042834,93083,390548,396,5;[47129.95, 866, 0.9860929309322124, 1.0806495786261407, 81.35345778915864, 0.9839132146295165, 1.0059051368340848]
80042834,93083,390548,396,6;[47740.39000000001, 816, 0.9983138229605948, 1.0615268789680514, 84.41016219062772, 0.9821132044993353, 1.0078669558929862]
80042834,93083,390548,396,7;[44565.840000000004, 748, 1.0053615271803498, 1.0760964482627966, 118.36584487019634, 0.9733794843054161, 1.0047775918867177]
80042834,93083,390550,395,4;[42464, 890, 0.9985536759880788, 1.0912696840454352, 93.55350181494121, 0.9851078094510652, 1.0025498158466333]
80042834,93083,390550,395,5;[27082.02, 676, 0.9876886525173664, 1.0709722212260349, 106.25583410816195, 0.987806822024588, 0.9774723504778267]
80042834,93083,390550,395,6;[34134.920000000006, 684, 0.9913605273356412, 1.0856809028918033, 133.650378456888, 0.9813899669390125, 0.9970188671695244]
80042834,93083,390550,395,7;[37188.18, 672, 1.0126587413272288, 1.080073320827189, 140.47042677340556, 0.9805274270619514, 1.0058765105115046]
80042834,93083,390552,397,4;[20692, 728, 1.0069237737246266, 1.0681007264960953, 71.8120020932819, 0.9931822109684764, 0.8759260043178259]
80042834,93083,390552,397,5;[30976.89, 702, 0.9992923259344586, 1.049268246546348, 80.78575079113328, 0.989992203006203, 1.0011345499298117]
80042834,93083,390552,397,6;[36802.310000000005, 712, 0.9977297104880711, 1.073707983696681, 102.77362785268022, 0.9852692405708919, 1.0043744859044343]
80042834,93083,390552,397,7;[18026.46, 538, 1.0271078275346024, 1.1253351127125095, 131.89235556608753, 0.9853073520098385, 0.9760583215972165]
80042834,93084,390560,446,4;[47251, 956, 1.0008655164369986, 1.05856717536968, 65.97516745162395, 0.9861360788697431, 1.0024078493768231]
80042834,93084,390560,446,5;[47832.049999999996, 878, 0.9932101773519917, 1.0713559866618, 84.941795115155, 0.9782460522040599, 1.0079239700092781]
80042834,93084,390560,446,6;[20063.65, 580, 1.0149476728933162, 1.0405163301176938, 145.14305945607046, 0.9831132561610363, 1.0092343739232306]
80042834,93084,390560,446,7;[44977.41, 742, 1.001271354969666, 1.120694049281856, 165.3189975544316, 0.9652685066793892, 1.0070742193521864]
80042834,93086,390572,610,4;[23662, 714, 1.007782591669088, 1.0502099038853328, 73.13376884453034, 0.9930092069155255, 0.936589613679544]
80042834,93086,390572,610,5;[43795.57, 824, 0.9917247237975798, 1.0835258559507364, 102.08461492956846, 0.983041704644251, 1.0058075183449255]
80042834,93086,390572,610,6;[36987.26, 710, 1.004265319160922, 1.0757064638172338, 113.4240988480253, 0.9847338395438384, 1.0042964754022132]
80042834,93086,390572,610,7;[44342.46, 742, 0.999878880092612, 1.0914329275665162, 147.32817816915292, 0.9697505657639542, 1.0053594657878762]
80042834,93091,390584,662,4;[46763, 952, 0.9893407439405675, 1.0726824427264032, 73.58198141496145, 0.9827716638741382, 1.0024437822890093]
80042834,93091,390584,662,6;[22984.49, 594, 1.0016128193110603, 1.0694710200351847, 116.71002789817787, 0.9884417063811143, 1.0019708552317248]
80042834,93097,390625,1049,4;[23301, 718, 1.011739328333222, 1.0444198866705476, 57.70202873233825, 0.9937053409742962, 0.9306440339490764]
80042834,93097,390625,1049,5;[47692.82, 874, 0.9896325691220242, 1.0812251974667657, 95.06730076010514, 0.9773390177412818, 1.002589150583497]
80042834,93097,390625,1049,6;[25608.04, 608, 1.0106052952495215, 1.0532100833303915, 103.50316390140492, 0.9876911708622436, 1.0038128994146394]
80042834,93097,390625,1049,7;[26874.45, 572, 1.0196699070532156, 1.0484904903801437, 97.35247497924729, 0.9886876336876447, 1.0080633590633878]
80042834,93100,390653,1337,4;[20398, 680, 1.013606748616285, 1.0943490801706415, 97.86127319017174, 0.990237967370465, 1.0065878753485158]
80042834,93100,390653,1337,5;[44755.9, 842, 0.998286518328718, 1.075402588204215, 67.21438007003756, 0.9880519720102067, 1.0037229287039138]
80042834,93100,390653,1337,6;[32626.550000000003, 668, 0.9991619938571638, 1.0636966452393957, 104.04771854215586, 0.986012500557895, 1.004513244474439]
80042834,93100,390653,1337,7;[44451.090000000004, 746, 1.0033150628339798, 1.098619741636442, 168.51325285232696, 0.9626997067600722, 1.0053636929891343]
80042834,93113,390739,1943,4;[22980, 718, 1.010231158264044, 1.064966382122889, 81.64086154611476, 0.9924952196206458, 0.918116622385585]
80042834,93113,390739,1943,5;[47213.25, 874, 0.9936727644918137, 1.0801704385578392, 101.30180189319874, 0.9749205868365576, 1.002222951979185]
80042834,93113,390739,1943,6;[19856.780000000002, 578, 1.0067820407113999, 1.051980672627048, 160.14372417214798, 0.9831146157550564, 1.0097885533145226]
80042834,93113,390739,1943,7;[41189.13, 708, 1.00195023604524, 1.0744030048039057, 105.77455241635226, 0.983344764106702, 1.0082960355062829]
80042834,93118,390771,188,4;[46973, 954, 0.9989249866597075, 1.0869644950980164, 107.9336442958075, 0.9765122588525208, 1.0003407372702686]
80042834,93118,390771,188,5;[48128.36, 884, 0.9876746187093849, 1.0602949342729253, 62.49872027172656, 0.9856108021399284, 1.0038222884090344]
80042834,93118,390771,188,6;[48039.05, 822, 0.9958081089188773, 1.0640269595894825, 78.22904388698954, 0.9818806815325348, 1.0040085898353615]
80042834,93118,390771,188,7;[22111.56, 534, 1.0168339007410603, 1.050439530613462, 92.940269828912, 0.9911526913855965, 1.0059513451432152]
80042834,93120,390783,342,4;[46319, 942, 0.994631824898211, 1.0970841937564668, 114.66743762825902, 0.9788007586469815, 1.003368462096678]
80042834,93120,390783,342,5;[27389.039999999997, 676, 0.9951123435881452, 1.0490626085004016, 88.92176067259084, 0.9899173865702176, 0.9810532597344472]
80042834,93120,390783,342,6;[21607.640000000003, 610, 1.0094609105159036, 1.0664776057486967, 106.76191002326001, 0.9891473364480319, 0.9413309459862728]
80042834,93120,390783,342,7;[21494.97, 530, 1.010558204743202, 1.0517984674508063, 116.51749766386288, 0.9882405939060133, 1.006699867435778]
80042834,93124,390810,1785,4;[25186, 730, 1.0048081631308374, 1.059833015643704, 60.986653426644615, 0.9930111968548503, 0.9576607920302668]
80042834,93124,390810,1785,5;[43584.939999999995, 824, 0.9886253815689119, 1.096411890576909, 140.8954242175716, 0.9769953363465539, 1.003507041481725]
80042834,93124,390810,1785,6;[19978.710000000003, 582, 1.0189573349801027, 1.0847846412789093, 149.42912628064272, 0.9840952007880592, 1.0117247120854724]
80042834,93124,390810,1785,7;[17088.57, 530, 1.0322536356600231, 1.1318656982407398, 144.97672222937786, 0.9823417264439396, 0.9805970149253731]
80042834,93125,390812,1840,4;[46735, 950, 0.9922665753019315, 1.0584851253806176, 66.63205781524087, 0.987463509648088, 1.0031553189662574]
80042834,93125,390812,1840,5;[47905.829999999994, 878, 0.9861656492859219, 1.0644805987167916, 73.78559928471394, 0.9820971877026403, 1.0049427095034824]
80042834,93125,390812,1840,6;[45008.61, 786, 0.9991652494316731, 1.0942227407173746, 126.84325540865206, 0.9757074184286475, 1.0062790982602303]
80042834,93125,390812,1840,7;[17304.3, 536, 1.0176998727933675, 1.1745268203120822, 164.70387609489782, 0.9807476727332219, 0.9825811215846401]
80042834,93125,390813,1839,4;[20158, 676, 1.016595537908644, 1.0903622632824956, 101.60820592447229, 0.9893857726079099, 1.0047100456052034]
80042834,93125,390813,1839,5;[48291.39, 884, 0.9835453345131746, 1.0827143168156288, 91.50647072357944, 0.9772340942735305, 1.0062985096833388]
80042834,93125,390813,1839,6;[19577.300000000003, 580, 1.015524772036061, 1.0392540188491124, 145.81955783314996, 0.982546954429742, 1.0099296794939752]
80042834,93125,390813,1839,7;[41626.71, 712, 1.0118354125355662, 1.0573953314952302, 111.67148280314224, 0.983309435227273, 1.0066600066600067]
80042834,93128,390836,384,4;[47033, 956, 0.9991903689229532, 1.0746318657934022, 92.05169320982017, 0.9812873222239612, 1.0032957539170408]
80042834,93128,390836,384,5;[21217.7, 648, 1.010083839617034, 1.0574559971928852, 73.3810926818638, 0.9930551823990205, 0.9270283619725999]
80042834,93128,390836,384,6;[45140.130000000005, 792, 0.992871090050458, 1.0607566421668844, 91.70197794746483, 0.9844230555124704, 1.0063528908707737]
80042834,93128,390836,384,7;[17607.24, 532, 1.0078743904415666, 1.0610228046351915, 162.45031530127693, 0.9815463228701886, 0.9881928641964708]
80042834,93128,390837,383,4;[47167, 954, 0.9977659191907973, 1.0698214705102433, 67.41742995336966, 0.9870367695928507, 1.0038308468299741]
80042834,93128,390837,383,5;[21041.579999999998, 648, 1.003416407111331, 1.0731809706137376, 84.52433170177629, 0.9919041682814942, 0.9220420295145226]
80042834,93128,390837,383,6;[41453.46000000001, 752, 1.0064026659910839, 1.061719845372682, 93.34707584882793, 0.9862951502430212, 1.0065198589581532]
80042834,93128,390837,383,7;[17625.6, 536, 1.0123297176942714, 1.0517074830460589, 159.88423060472866, 0.9798950750799456, 0.9800501935428985]
80042834,93129,390846,463,4;[25311, 734, 1.0059561238433818, 1.048514791255966, 61.74096700263044, 0.9928106679378134, 0.9500412881915772]
80042834,93129,390846,463,5;[20190.73, 624, 0.9976772712215038, 1.047906030051167, 128.6888860223686, 0.986293300687778, 1.0067345061856587]
80042834,93129,390846,463,6;[20067.760000000002, 578, 1.0077303332746894, 1.0405664428042127, 157.2948875751384, 0.9830878337649375, 1.0079477034233615]
80042834,93129,390846,463,7;[17374.68, 532, 1.021893660030804, 1.0980907068951884, 139.68203250044542, 0.9821116412377144, 0.9910546755683554]
80042834,93130,390849,544,4;[29414, 756, 1.0013015314473463, 1.0561284885342253, 62.651456650698165, 0.9919346629801904, 0.9804993499783327]
80042834,93130,390849,544,5;[45009.369999999995, 842, 0.9970088570202845, 1.0841098710786818, 112.23229925754724, 0.9810811808067788, 1.004434884214999]
80042834,93130,390849,544,6;[20608.91, 580, 1.032887577213654, 1.1563512161982996, 148.58014250650692, 0.984594121470015, 1.0111241808099478]
80042834,93130,390849,544,7;[39380.67, 692, 1.0185963117606083, 1.0851773628073285, 158.77641838317882, 0.9786597405383456, 1.0069834314665207]
80042834,93131,390856,591,4;[20245, 682, 1.011997241585446, 1.0670162896990967, 104.67076850241982, 0.9899280081996159, 0.9978559282352072]
80042834,93131,390856,591,5;[48385.4, 882, 0.9848046806405075, 1.0686322022734125, 88.99151111873229, 0.9779159464293871, 1.0058878828360793]
80042834,93131,390856,591,6;[36136.490000000005, 704, 1.0001327205775363, 1.0667705671968655, 112.79294062887078, 0.9845946416269693, 1.0027752433090025]
80042834,93131,390856,591,7;[38242.35, 678, 1.0125386874661666, 1.0787373737299921, 136.03141284931462, 0.9810832520509745, 1.0069087759582653]
80042834,93131,390857,592,4;[46655, 948, 0.9912972955485372, 1.0722487390618487, 56.17278987872757, 0.9895128241255335, 1.0054415171596358]
80042834,93131,390857,592,5;[48154.54, 882, 0.9880446448260471, 1.0614345599245736, 73.95024452250317, 0.9833487163682958, 1.0048297182871262]
80042834,93131,390857,592,6;[30827.74, 654, 1.001163378207824, 1.0582060868780279, 101.25185364835838, 0.987291650110244, 0.99186741013378]
80042834,93131,390857,592,7;[17692.920000000002, 532, 1.026185036463536, 1.1217922599523376, 142.46807517231943, 0.9842555542339251, 0.9916816739559214]
80042834,93133,390874,728,4;[20558, 678, 1.0169850852381133, 1.104762246688277, 94.63926863981375, 0.9912302350669973, 1.0071526553008034]
80042834,93133,390874,728,6;[19874.59, 576, 1.0027959515644969, 1.030039781158305, 151.47496880402554, 0.9843010409650125, 1.0092177119204147]
80042834,93134,390882,767,4;[39031, 862, 0.9977114291190492, 1.062841840422884, 63.05199951432912, 0.9909835062601737, 0.9996286383834244]
80042834,93134,390882,767,5;[20126.469999999998, 626, 1.0018150781227513, 1.055913095221399, 112.96517994600342, 0.9885138629360503, 1.0046033678833417]
80042834,93134,390882,767,6;[19832.120000000003, 578, 1.0021221887067282, 1.0444156543762466, 168.2136277878914, 0.982823416699782, 1.0039879321704754]
80042834,93134,390882,767,7;[41663.43, 716, 1.013138038320323, 1.0597422024390415, 106.07825237800604, 0.9840320043913503, 1.005650343452249]
80042834,93138,390908,1141,4;[47205, 950, 1.001966678872286, 1.0752191638839004, 93.2669467043113, 0.9811266946946186, 1.0036143297544382]
80042834,93138,390908,1141,5;[46642.049999999996, 864, 0.9878354990116069, 1.0615875829076327, 66.08511117710366, 0.9861426813226358, 1.0026861089792787]
80042834,93138,390908,1141,6;[20134.890000000003, 582, 1.0108103064128557, 1.0468236661195396, 152.60909141302017, 0.9820927989325572, 1.0113890513711592]
80042834,93138,390908,1141,7;[36187.56, 660, 1.0166978099421162, 1.076732689616223, 141.50712911929483, 0.9813137445684024, 1.0066394279877426]
80042834,93138,390911,1140,4;[22808, 726, 1.0080628385668198, 1.072134914847093, 86.92377903426524, 0.991354910321433, 0.9063741853441424]
80042834,93138,390911,1140,6;[20118.45, 600, 1.0163743433545034, 1.0796314374723046, 106.36765644522735, 0.9892402572862274, 0.9326770403302636]
80042834,93139,390923,47,7;[20368.89, 522, 1.0240538812712858, 1.0504495595724122, 82.86806286726852, 0.9922777801877339, 1.0057414822089596]
80042834,93165,391041,263,4;[30639, 766, 1.0020513999688976, 1.0672878849373721, 74.80826259537562, 0.9899509337451171, 0.9880361173814899]
80042834,93165,391041,263,5;[47986.75, 882, 0.9869947181633308, 1.06333818779955, 74.56457268774359, 0.9803546656836234, 1.0050971448511359]
80042834,93165,391041,263,6;[20581.510000000002, 582, 1.0228802414974827, 1.1434971047294087, 160.58488342641778, 0.9826219772656454, 1.0100853896322195]
80042834,93165,391041,263,7;[17783.19, 534, 1.0321462799879393, 1.1846700462261566, 162.4830934368231, 0.9836693219370635, 0.9915120494775005]
80042834,93166,391046,354,4;[34908, 812, 1.0042737334990686, 1.0671101536510297, 65.86574064180856, 0.9905778306190093, 0.9991413360810579]
80042834,93166,391046,354,5;[33776.96, 730, 1.0002753917783846, 1.064071140081315, 74.23456573682503, 0.9896710181805353, 1.004814500141603]
80042834,93166,391046,354,6;[19649.91, 578, 1.0053103473082425, 1.045008058728313, 155.83975648651415, 0.9826586376634842, 1.0084724907716647]
80042834,93166,391046,354,7;[30341.43, 604, 1.009758833968268, 1.0716304974465496, 118.50132354697732, 0.9854258816753406, 1.006981999136771]
80042834,93166,391051,355,4;[34102, 804, 1.0071266478671823, 1.080717389654978, 106.64669935375528, 0.9875986654980555, 1.0011008527939644]
80042834,93166,391051,355,5;[47554.78, 874, 0.9966882076050266, 1.0871274814682483, 94.39556439789507, 0.978555987939356, 1.002923793151046]
80042834,93166,391051,355,6;[47278.700000000004, 818, 1.0005318735431208, 1.083307542472618, 122.93228512786885, 0.972541007129556, 1.0037666700600631]
80042834,93166,391051,355,7;[18806.760000000002, 506, 1.02029949585263, 1.0729275610803268, 98.12660051809887, 0.991075829557878, 1.0058096718762786]
80042834,93174,391095,910,4;[20786, 682, 1.031290659499152, 1.1400593841062963, 96.31643630812013, 0.9908260258496705, 1.0033063834922167]
80042834,93174,391095,910,5;[48035.54, 882, 0.994756038614416, 1.0780057857439533, 103.10153103241954, 0.9766371909239638, 1.0038297025763454]
80042834,93174,391095,910,6;[19832.120000000003, 576, 1.0270684752088857, 1.1477139082275787, 143.51331654276515, 0.9829689476246399, 1.0081833060556464]
80042834,93174,391095,910,7;[42843.06, 722, 1.0133365725321883, 1.0996554232220241, 149.6147281191759, 0.9740012678880124, 1.007501754007232]
80042834,93174,391100,909,4;[20026, 676, 1.007176980356379, 1.0536667504184405, 102.60194611139688, 0.9896911127760664, 0.9982553212701261]
80042834,93174,391100,909,5;[20917.82, 608, 1.0089467810109436, 1.0554326416238495, 71.76334886076258, 0.9931036429681122, 1.0041702370751213]
80042834,93174,391100,909,6;[19774.58, 562, 1.0118304963390794, 1.0546527922375488, 90.80163295963864, 0.9914356812230352, 1.0009708737864078]
80042834,93174,391100,909,7;[37244.79, 670, 1.0110253329189507, 1.0678747795295576, 136.64849116209882, 0.9816585159491166, 1.0053897780072276]
80042834,93175,391103,959,4;[46141, 940, 0.998045306497203, 1.0523734486057577, 60.90899717343388, 0.9884217876532458, 1.004112987465181]
80042834,93175,391103,959,5;[47708.29, 872, 0.9956854551288036, 1.089065418038845, 105.92733690483718, 0.9768079183049709, 1.0045855467575424]
80042834,93175,391103,959,6;[20266.41, 576, 1.0201739515513508, 1.1487970883362464, 140.87174628409656, 0.9848847371076797, 1.0100023896494044]
80042834,93175,391103,959,7;[36384.93, 662, 1.012187962943332, 1.0610260372771119, 142.6801468198187, 0.9799734621403844, 1.0070081090809002]
80042834,93175,391108,960,4;[45054, 928, 1.0012468957616627, 1.0573272165336696, 57.16078334808241, 0.9895780590491826, 1.004514899167252]
80042834,93175,391108,960,5;[47691.63, 878, 0.9919649835349462, 1.0643244680321498, 68.25429676803797, 0.9837532346465225, 1.0027271817453962]
80042834,93175,391108,960,6;[47588.32000000001, 816, 0.9968069674793121, 1.0830154662267912, 111.62909944467737, 0.9729870160948378, 1.0067092698053877]
80042834,93204,391209,371,4;[23230, 724, 1.0078875995494694, 1.0497977567264842, 74.81738402012589, 0.9929590345423175, 0.9155942691602783]
80042834,93204,391209,371,5;[46087.509999999995, 858, 0.9836570446467447, 1.0723316558414322, 75.59237972455846, 0.9860672235473193, 1.0044739538080478]
80042834,93204,391209,372,6;[36094.020000000004, 702, 1.0024904519796844, 1.069983502766806, 108.63363401019691, 0.985399669194839, 1.0041544383885352]
80042834,93204,391209,373,7;[39307.23, 690, 1.0020761256709456, 1.0833769579997874, 158.07079015318917, 0.9786705931459548, 1.007075517923992]
80042834,93224,391279,460,6;[37137.96000000001, 712, 1.0032489002336282, 1.0565786507373103, 100.55449742712325, 0.9847249305827691, 1.00552691123558]
80042834,93224,391280,461,4;[20357, 680, 1.0103029786328481, 1.0679693855067922, 94.6830721914424, 0.9901844940932419, 1.0055570648818197]
80042834,93225,391286,497,6;[19499.210000000003, 578, 1.0117249489311957, 1.0336781222997382, 139.60738064228488, 0.9831663831145782, 1.006648277813141]
80042834,93225,391287,498,4;[47110, 958, 0.9982678958848981, 1.052747871338222, 60.677318973098934, 0.9873677401496015, 1.0036857915929864]
80042834,93226,391292,531,4;[46101, 938, 1.0075618724456759, 1.0802757167537387, 83.9573868709084, 0.984540113742542, 1.0063742932611495]
80042834,93226,391292,531,5;[48306.86, 884, 0.985184383459019, 1.069984037906282, 75.25685169241092, 0.9821706785297063, 1.0080582078247806]
80042834,93226,391292,531,6;[38383.29, 724, 0.9939622730014055, 1.055646017288402, 101.51036950615759, 0.9852332789397256, 1.0057075166917941]
80042834,93226,391292,531,7;[20916.63, 522, 1.0195925164674489, 1.060232370156203, 92.84172281681211, 0.9907451801210507, 1.0051836329546708]
80042834,93227,391295,544,4;[47426, 958, 1.0001546697965982, 1.066038455434178, 70.66898475644159, 0.9845842290130229, 1.004522107492719]
80042834,93227,391295,544,5;[21489.02, 626, 1.0042492124499274, 1.0485831876398488, 68.93353844370858, 0.9924184320220942, 0.961734082496738]
80042834,93227,391295,544,6;[47815.740000000005, 818, 0.9928044822962346, 1.0679744161490237, 89.30140159408144, 0.9786142630459536, 1.0057633565788715]
80042834,93227,391295,544,7;[17061.03, 532, 1.023240142587338, 1.0831493370489669, 129.81081956877728, 0.9813148593760932, 0.9820343461030383]
80042834,93232,391321,796,4;[46901, 952, 0.9944476287408311, 1.0619353230596655, 68.30250400218537, 0.9870447809869322, 1.004809700813043]
80042834,93232,391321,796,5;[19943.21, 624, 1.0042425414620342, 1.0621750563275545, 109.60106287626921, 0.9881497903573702, 1.0042846441947566]
80042834,93232,391321,796,6;[31445.610000000004, 656, 1.001413645767397, 1.0584378905569165, 101.40894232726212, 0.9873099150956637, 1.0048814657531249]
80042834,93232,391321,796,7;[31611.33, 616, 1.0145725138634336, 1.0557275317536592, 111.7605710244978, 0.9863798504991993, 1.0072640405616224]
80042834,93233,391328,852,4;[45917, 934, 0.9982453992428572, 1.0831796735986126, 85.86065274088284, 0.9837268217751033, 1.0054964306048264]
80042834,93233,391328,852,5;[40123.229999999996, 794, 0.9891240008701379, 1.0537932742035505, 68.52068191422326, 0.9896489333875144, 1.004902764324566]
80042834,93233,391328,852,6;[31423.690000000002, 656, 0.997224663753388, 1.058986972064834, 103.30309230462227, 0.9869553702950857, 1.0062073654888026]
80042834,93233,391328,852,7;[25171.56, 556, 1.0147845266152213, 1.0500181823003145, 99.73824284468918, 0.989153121773404, 1.008582638548308]
80042834,93249,391437,100,4;[41722, 886, 1.0065723294749807, 1.0804106165642502, 84.4175705766458, 0.9871164159904334, 1.0028121619997596]
80042834,93249,391437,100,5;[48344.939999999995, 884, 0.9848207154598525, 1.0624127563126402, 75.6407662160629, 0.9828939503824752, 1.0051337877457105]
80042834,93249,391437,100,6;[24005.140000000003, 622, 1.0121481764417082, 1.0474007672014234, 102.60462600720952, 0.988876380726312, 0.9511711858426295]
80042834,93249,391437,100,7;[18721.08, 506, 1.027894532125156, 1.0562392439088302, 91.94767669781619, 0.9918296297779832, 1.0072439907803754]
80042834,93262,391481,293,5;[46260.06, 858, 0.991310218207921, 1.0609263544854244, 66.60567600551666, 0.9863177435961599, 1.0054054054054054]
80042834,93263,391489,452,5;[20008.66, 626, 0.996622841579511, 1.0528702181227567, 108.22473680503548, 0.9885661312293741, 1.001787416587226]
80042834,93263,391489,452,7;[40823.46, 702, 1.0158447898687488, 1.049853165310409, 97.14811831909903, 0.9847584031085856, 1.007609372934801]
80042834,93265,391500,634,4;[29935, 756, 1.011498457696743, 1.0555719107362025, 60.14890438272107, 0.9925179824380165, 0.9867813818565401]
80042834,93265,391500,634,5;[48097.42, 878, 0.9951272492910781, 1.081483874067823, 90.50890508262638, 0.9792060911661691, 1.0038746212309373]
80042834,93265,391500,634,6;[45807.32000000001, 794, 0.9897513982245701, 1.0956532751728805, 144.1085378508771, 0.9749426131141118, 1.0048686662258821]
80042834,93265,391500,634,7;[31629.690000000002, 618, 1.0147667113743437, 1.0486676045828753, 98.7255368512336, 0.987794987905022, 1.00520276183993]
80042834,93272,391515,723,4;[46658, 950, 0.99777448002537, 1.056122019873611, 59.36490940697384, 0.9876544456540474, 1.0042293081368445]
80042834,93272,391515,723,6;[20154.070000000003, 582, 1.0231820797351152, 1.0852634763286155, 140.03892668062255, 0.9831548398529925, 1.007361249015647]
80042834,93328,391870,47,4;[19192, 664, 1.0153963316965926, 1.0880354713488032, 93.59799558637984, 0.9887349906896723, 1.005106182408547]
80042834,93328,391870,47,5;[47215.63, 874, 0.9955599503468285, 1.0628040366239322, 65.17905753388229, 0.9819645993786547, 1.0041124144301459]
80042834,93328,391870,47,6;[19286.86, 582, 1.0144210937951297, 1.0576213404306487, 139.49160736932507, 0.9828629597109152, 1.007802992340182]
80042834,93328,391870,47,7;[16565.31, 530, 1.0112272122722985, 1.0828550698826391, 139.98909085983598, 0.9827297430640279, 0.9888574299022742]
80042834,93329,391878,132,4;[32690, 784, 1.0136941640806392, 1.0628143108939487, 62.40412967319818, 0.9915191559274797, 1.003776829305739]
80042834,93329,391878,132,5;[19178.04, 618, 1.0044465528413495, 1.0883310226168854, 102.37452081705156, 0.9880727791472231, 1.0012114434815023]
80042834,93329,391878,132,6;[37579.100000000006, 714, 1.004477408165535, 1.051819799188997, 106.12182089167656, 0.9851488803921912, 1.0063100741066844]
80042834,93329,391878,132,7;[40919.85, 706, 1.022976215849954, 1.0610364271798758, 101.75046410436423, 0.9848697146706754, 1.006150894419051]
80042834,93329,391881,131,4;[20488, 658, 1.0177331239312366, 1.0593430579083607, 61.881477530666956, 0.9940743648017343, 0.9956263971231413]
80042834,93329,391881,131,5;[32264.469999999998, 708, 0.994350098891071, 1.0573928394337415, 91.39977688923062, 0.9882608964818898, 1.005376742806289]
80042834,93329,391881,131,6;[44627.75, 782, 1.000482420308578, 1.0854828455441576, 128.811407213147, 0.9766010793764971, 1.0062553092902926]
80042834,93329,391881,131,7;[37358.01, 672, 1.014725268154252, 1.0856951753657698, 154.58677468725244, 0.9794394307302293, 1.0055803801247865]
80042834,93331,391889,264,4;[22950, 684, 1.012619556783697, 1.0579605655664717, 71.97674319735732, 0.9925231886845213, 0.9998257384333885]
80042834,93331,391889,264,5;[39081.979999999996, 780, 0.9986792123502536, 1.051018124747029, 74.53563863207434, 0.9880171745697466, 1.0045575505459885]
80042834,93331,391889,264,6;[20089.68, 556, 1.0182250729417102, 1.0563914164993613, 88.37719948861783, 0.9904711959068949, 1.0055888907937596]
80042834,93331,391889,264,7;[25861.59, 562, 1.020568541530523, 1.0525275877354299, 105.81784293077453, 0.9877377914777418, 1.0068201447419365]
80042834,93331,391892,263,4;[18982, 662, 1.0182108422305252, 1.0772988732369455, 93.39833388733223, 0.9898596636872193, 1.0023233710001056]
80042834,93331,391892,263,5;[41585.74, 808, 0.9959281083678727, 1.0528792171462573, 71.40296155363905, 0.988924408001307, 1.0054377535460484]
80042834,93331,391892,263,6;[43612.58, 772, 1.003885644521764, 1.0607532536076898, 99.4502390782667, 0.9828652208198865, 1.005877148634985]
80042834,93331,391892,263,7;[36957.15, 668, 1.0216972710178074, 1.0790717759703987, 137.63824403234293, 0.9822562896652995, 1.0069828035435122]
80042834,93332,391899,315,4;[38050, 846, 0.9994720055074215, 1.0452388668461747, 64.25035492597118, 0.9904521455584667, 1.0046204620462047]
80042834,93332,391899,315,5;[43782.479999999996, 832, 0.995004211450614, 1.0568114779117588, 63.60996536370162, 0.9885639400410299, 1.005355776587605]
80042834,93332,391899,315,6;[44937.37, 784, 1.0018932278706192, 1.089585770369336, 117.11722774888243, 0.9793257987269828, 1.005101962646892]
80042834,93332,391899,315,7;[18551.25, 500, 1.0274613150972602, 1.0592044336857664, 104.85002682439459, 0.9900302943668249, 1.0056398772497304]
80042834,93332,391900,314,4;[35182, 814, 1.0026504938096061, 1.0500676397647362, 61.07546977553774, 0.9909028186663581, 1.0049559392718912]
80042834,93332,391900,314,5;[34828.92, 738, 0.9981565219248258, 1.0549760694464057, 72.43898419907153, 0.9893127123883152, 1.0043236565781346]
80042834,93332,391900,314,6;[19836.230000000003, 558, 1.016198600294634, 1.064492081653261, 81.34785671721654, 0.9916604579130308, 1.0043353102348005]
80042834,93332,391900,314,7;[25267.95, 554, 1.0155417481262967, 1.0578201073551488, 125.33010995570349, 0.98572733328097, 1.009937318452836]
80042834,93340,391952,22,4;[38866, 854, 1.002943625583437, 1.0557024443338254, 59.97875669058992, 0.9913214083495304, 1.0044581131197747]
80042834,93340,391952,22,5;[20320.44, 596, 1.0119957032247906, 1.0558982490647393, 68.00054586773055, 0.993249336280181, 1.0024656569214512]
80042834,93340,391952,22,6;[37265.37, 710, 1.00681619342288, 1.0581591456565893, 110.48225500579338, 0.9851177195927255, 1.0050063734274262]
80042834,93340,391952,22,7;[31745.97, 614, 1.010335522302145, 1.0510615497954832, 89.07405451120687, 0.988449815459443, 1.007722195240408]
80042834,93340,391955,21,4;[18893, 660, 1.0124516739756646, 1.0865456745530573, 92.52498891780925, 0.990122459909515, 1.0050537291201191]
80042834,93340,391955,21,5;[44021.67, 832, 0.9942978967043382, 1.0627232167720762, 69.17379044097105, 0.9885012942589341, 1.0043711989574282]
80042834,93340,391955,21,6;[37128.37, 710, 1.0010885379059866, 1.0632519963320206, 102.77761597713113, 0.9858135355087861, 1.0063311115649543]
80042834,93340,391955,21,7;[38995.11, 686, 1.0090453134969244, 1.065997162512659, 107.61871032406872, 0.9845647415096318, 1.0065160729800173]
80042834,93341,391966,102,4;[22834, 682, 1.0163488669642808, 1.053768565110562, 71.74814584653953, 0.9927752424458436, 1.0006134969325153]
80042834,93341,391966,102,5;[38257.31, 772, 0.9954118156110935, 1.0631739424603113, 92.43341434231947, 0.9861742918742247, 1.0039973767215264]
80042834,93341,391966,102,6;[29233.06, 632, 1.0137880037622513, 1.0577363871347845, 105.80576181674721, 0.9859661257705153, 1.0057740802714996]
80042834,93341,391966,102,7;[23266.71, 538, 1.0159091698935057, 1.05328215845627, 99.81947283479882, 0.9891748952264001, 1.0074530458113882]
80042834,93342,391968,184,4;[39150, 860, 0.9982699238593098, 1.0491984281816078, 60.292715523986836, 0.9911623487762361, 1.0055478502080444]
80042834,93342,391968,184,5;[44154.95, 836, 0.9897532685561317, 1.057008068398336, 59.659732722074345, 0.9888452493321387, 1.0047522982981085]
80042834,93342,391968,184,6;[37099.600000000006, 710, 1.0008790925325763, 1.052059156477636, 98.00591720911582, 0.9857159640939285, 1.0046000890339812]
80042834,93342,391968,184,7;[15971.67, 536, 1.0074604224814276, 1.1203928034615735, 122.62710965250368, 0.9833055703426423, 0.9273752942744192]
80042834,93343,391976,268,4;[46403, 946, 1.0053379606933746, 1.0741467587150306, 73.47042394297651, 0.983876868401156, 1.0034925337629619]
80042834,93343,391976,268,5;[36942.36, 764, 0.9978928233768065, 1.0563655447709093, 68.11874260737733, 0.9896807678362287, 1.002648407725599]
80042834,93343,391976,268,6;[30161.920000000002, 642, 1.0067143399265652, 1.0586070561476577, 111.66686384092654, 0.9852684197143721, 1.0078740157480315]
80042834,93343,391976,268,7;[16550.010000000002, 540, 1.019648978643594, 1.0837613434513953, 135.53223901097834, 0.9787201495944567, 0.9382833846554192]
80042834,93343,391978,267,4;[36918, 834, 1.0035051679105202, 1.0591638916258828, 68.86714280569012, 0.9905151707260986, 1.0033837498471196]
80042834,93343,391978,267,5;[30023.699999999997, 688, 0.9976265398336749, 1.0648369695798998, 85.55876099381868, 0.9903119386740412, 1.0038594676321968]
80042834,93343,391978,267,6;[26682.120000000003, 610, 1.0065674390153079, 1.0569297010774494, 102.78001046370375, 0.9881270821249422, 1.0046943513025535]
80042834,93343,391978,267,7;[18845.010000000002, 502, 1.0211394672734404, 1.0654917240353479, 88.11885739366024, 0.9918482762190604, 1.0067843714239006]
80042834,93384,392076,294,4;[20833, 686, 1.0190185083177992, 1.0936948280641678, 98.67410836767438, 0.990582948948017, 1.0050171257658354]
80042834,93384,392076,294,5;[22199.45, 674, 1.006486318828941, 1.0507615570609907, 69.30007567065896, 0.9927322315158779, 0.8961641005932793]
80042834,93384,392076,294,6;[46475.880000000005, 804, 0.99935424787723, 1.0817846054454692, 118.70164624218627, 0.9781766487689284, 1.0054683679366914]
80042834,93384,392076,294,7;[38063.340000000004, 678, 1.012589884080054, 1.070259785273005, 127.894497912543, 0.981787298477627, 1.0066155495761597]
80042834,93385,392082,368,4;[46557, 948, 0.9942341706658074, 1.0626974083426632, 60.523284414250575, 0.9894147511292141, 1.0018182796277368]
80042834,93385,392082,368,5;[48353.27, 884, 0.9982729694929728, 1.0544692920487382, 56.51907822637974, 0.986679764012949, 1.0020345001911197]
80042834,93385,392082,368,6;[20444.510000000002, 584, 1.0119346763733283, 1.0515703872901407, 172.6018473370196, 0.9821763103903358, 1.0013084174858256]
80042834,93385,392082,368,7;[36983.16, 666, 1.0124387477288537, 1.0718194012081943, 135.2750316176647, 0.9814591983377938, 1.0057627894397403]
80042834,93385,392084,367,4;[47647, 966, 0.9974658779069465, 1.0695966471245006, 61.623156617456814, 0.9857467808738781, 1.0014712991571557]
80042834,93385,392084,367,5;[48467.509999999995, 886, 0.9883398461759291, 1.0588998037347148, 72.02544537301523, 0.9837226245792817, 1.0040428941205473]
80042834,93385,392084,367,6;[37074.94, 714, 1.0059788549514326, 1.0696375322173053, 113.01021753323593, 0.9852802948719971, 0.9987452022438736]
80042834,93385,392084,367,7;[35099.73, 650, 1.0129874265391277, 1.0800986756371207, 133.91687399404287, 0.9828671137422244, 1.0080189819188434]
80042834,93386,392095,417,4;[21262, 742, 1.0206424236471605, 1.0505452366893553, 67.41830309724955, 0.9933917009712782, 0.8712327644491794]
80042834,93386,392095,417,5;[47713.049999999996, 872, 1.0015201256161785, 1.0797130065520875, 102.85630694317683, 0.9790442890569403, 1.0044466712594726]
80042834,93386,392095,417,6;[20699.33, 588, 1.0171484212573774, 1.0448406706521587, 165.07772211301227, 0.9817559138289813, 1.0076697345604908]
80042834,93386,392095,417,7;[36749.07, 666, 1.017355247207668, 1.0702351336539793, 135.68058831723704, 0.9810687912588313, 1.0057997110613262]
80042834,93387,392101,479,4;[46313, 942, 0.995416477140121, 1.0598791676706338, 61.9266587332637, 0.9880511573234517, 1.0033145580589256]
80042834,93387,392101,479,5;[30195.059999999998, 694, 0.9983413388660564, 1.0628130751951927, 88.51676681348182, 0.9889334866504528, 0.9800884528476795]
80042834,93387,392101,479,6;[20419.850000000002, 584, 1.0111892475822797, 1.0643088073649176, 166.2629486930039, 0.9808377876223824, 1.0081845238095237]
80042834,93387,392101,479,7;[18009.63, 532, 1.0350345606888203, 1.1032909988179957, 138.42615074961378, 0.9834594874201503, 1.0074460801095515]
80042834,93387,392104,480,4;[21520, 742, 1.0096240972172368, 1.05679962954248, 66.51721458405785, 0.9937737001897662, 0.8740506072052313]
80042834,93387,392104,480,5;[31784.899999999998, 708, 0.9949413579699343, 1.054100076858153, 93.3668440278438, 0.988720590987955, 0.9854270429809998]
80042834,93387,392104,480,6;[20667.820000000003, 590, 1.0147601424497574, 1.0514705419309818, 165.62560243348074, 0.9826799648688328, 1.0052977043281244]
80042834,93387,392104,480,7;[44841.24, 750, 1.006828166915837, 1.0762059380719946, 141.3020908259027, 0.9709552759802282, 1.0066115986330306]
80042834,93392,392132,728,4;[41989, 898, 0.998143956357757, 1.0625430776246167, 70.42270968760565, 0.989514992043073, 0.9973989572075015]
80042834,93392,392132,728,5;[36097.46, 756, 0.99238889519101, 1.0659465629019396, 77.36615694797841, 0.9889723204400812, 0.995847080645426]
80042834,93392,392132,728,6;[20696.59, 620, 1.0095010454414044, 1.0470178938797068, 104.4305262856756, 0.9894396141845687, 0.8808746355685131]
80042834,93392,392132,728,7;[37185.12, 672, 1.0096611907411874, 1.0749378834658447, 133.6983954546988, 0.9811166553199592, 1.0045465817971397]
00023892,93026,390259,210,4;[92611, 1418, 1.0160441936584983, 0.9304499353148526, 74.45688925008452, 0.9880816605513132, 0.9949399454244644]
00023892,93026,390259,210,5;[94888.22, 1378, 1.0014205542741594, 0.9214935775142608, 74.6538927008212, 0.9898794256868059, 0.9885570473958915]
00023892,93026,390259,211,6;[95338.3, 1286, 0.9940124245760389, 0.9461625478712523, 64.84368830459766, 0.9871449405213691, 9999]
00023892,93026,390259,211,7;[92165.67, 1228, 1.025457311970587, 0.9129974662194441, 96.16186030449495, 0.9897792446865475, 0.9926669303275987]
00023892,93026,390259,212,5;[96077.03, 1324, 1.024863976416576, 0.9152186552580622, 123.85239814624725, 0.9837529135848878, 80737.0]
00023892,93026,390259,212,7;[92529.81, 1152, 1.0332821118120454, 0.9098564960488107, 124.19430960027086, 0.9869055025334524, 0.994548459508128]
00023892,93026,390259,213,4;[90619, 1400, 0.9987099010700802, 0.934555185539091, 60.12113214553628, 0.9906597384443807, 0.9921878849259573]
00023892,93026,390259,213,6;[95193.08, 1278, 0.989239541281801, 0.9351501072580485, 55.0984043912589, 0.989414745965852, 0.9943616016485876]
00023892,93026,390259,214,4;[100641, 1570, 1.0094269700037355, 0.8690844925864935, 86.1464904029383, 0.9922469789182753, 0.9511887378255384]
00023892,93026,390259,214,7;[89982.36, 1158, 1.008920090794288, 0.9329343800151616, 58.02976786039906, 0.9899631349538053, 0.9979637548360822]
00023892,93026,390259,215,5;[95573.65999999999, 1358, 1.0317974933529983, 0.933398931652862, 94.94247928936427, 0.9849689627285628, 0.9944035856672362]
00023892,93026,390259,217,6;[94154.62000000001, 1266, 0.9992145882702959, 0.9332819723681481, 71.57122887508336, 0.9858247548618859, 9999]
00023892,93049,390350,751,4;[94062, 1416, 1.0042568194395987, 0.9269790547528483, 71.87525478755839, 0.9890887467282874, 0.9971271983293227]
00023892,93049,390350,751,6;[95987.68000000001, 1284, 1.0095928404100811, 0.9253451933941378, 98.42784833501379, 0.9835381050528386, 0.994344509490864]
00023892,93049,390350,751,7;[89679.42, 1162, 1.0041294275073303, 0.9535479364809879, 46.058774457944274, 0.9917592787674725, 0.9962267999184173]
00023892,93049,390350,752,5;[96983.81, 1404, 1.0146149076499849, 0.9020451217885349, 91.74932642453085, 0.9889152050712641, 9999]
00023892,93049,390350,754,7;[90897.3, 1178, 1.0301547328590062, 0.9025702558377184, 106.2823224278836, 0.987943185325579, 0.9895317171481632]
00023892,93049,390350,755,4;[94211, 1432, 1.006878641709757, 0.9021774065487673, 67.40252514981128, 0.9898337940644919, 0.9970525825620836]
00023892,93049,390350,756,5;[96698.20999999999, 1396, 1.018777525987453, 0.9174234812121812, 92.5480158782108, 0.9880598833555087, 0.9951076740327094]
00023892,93049,390350,756,6;[95656.14000000001, 1324, 1.015869651702508, 0.9346324469381384, 72.73117350095313, 0.9913127711952096, 0.9911210475886298]
00023892,93049,390350,759,5;[96461.4, 1336, 0.9983372822599396, 0.9318084676447657, 72.49302335243128, 0.9886949927878868, 9999]
00023892,93049,390350,759,6;[95868.49, 1302, 1.014836196554872, 0.9488075913305484, 90.71000575414179, 0.9850786410477492, 0.9903199784888411]
00023892,93049,390350,760,4;[93045, 1480, 1.006407325199679, 0.9047898848903233, 81.23724104642969, 0.9897547141549994, 9999]
00023892,93049,390350,760,7;[89624.34, 1120, 0.9943237821856326, 0.9496279440033996, 43.224490146306906, 0.9927302380798315, 0.9985255137263592]
00023892,93049,390350,762,4;[93819, 1410, 1.0108942299757921, 0.929920250343206, 75.34480076131943, 0.988044022170128, 0.9959448413498795]
00023892,93049,390350,762,5;[95332.09, 1408, 0.9973485956391293, 0.9204010381176894, 58.16578114818714, 0.993176482685951, 0.9936309682540667]
00023892,93049,390350,764,6;[96163.04000000001, 1240, 1.0204081692490419, 0.9240917712752229, 120.17536190160143, 0.9837515655368135, 0.9950877889379559]
00023892,93049,390350,765,7;[90767.25, 1130, 1.0421586617828782, 0.9063415631994299, 118.69597953445579, 0.9871334237014758, 1.0017053897068755]
00023892,93049,390350,768,4;[91215, 1390, 0.9976108402478597, 0.9366020212282651, 56.67169378485127, 0.9905504434179085, 0.9933298848384199]
00023892,93049,390350,769,5;[93813.65, 1352, 0.988616800064661, 0.9505031169705055, 43.70675916526144, 0.9920036319898549, 0.9901033620938674]
00023892,93049,390350,769,6;[95650.66, 1292, 1.0269486114441029, 0.9221812211990361, 122.71199409600104, 0.9803018617699638, 0.9938080936045436]
00023892,93049,390350,769,7;[90528.57, 1160, 1.035041309645009, 0.9280734162924721, 101.90240378751751, 0.9898436454282711, 0.9946208542755803]
00023892,93049,390350,771,4;[91901, 1452, 1.007159125444201, 0.9205988503231611, 65.16109412411225, 0.9904268585308402, 0.9947879739128082]
00023892,93049,390350,772,5;[96073.45999999999, 1412, 1.015219393434655, 0.9214154617550364, 92.3423385228769, 0.9875485882731128, 0.9886239790357935]
00023892,93049,390350,772,6;[95035.53000000001, 1328, 1.0242700862042984, 0.9232330309140899, 78.05145689182541, 0.9902240643257104, 0.9895085194245733]
00023892,93049,390350,772,7;[88788.96, 1104, 1.002193144536555, 0.95969770641344, 38.50327567234768, 0.993428979803523, 1.0019077544607788]
00023892,93099,390646,1221,5;[95635.54, 1418, 1.0372388954291334, 0.935841814106927, 102.41278517603428, 0.9855194395582108, 0.9922402138416806]
00023892,93099,390646,1221,6;[95230.07, 1274, 1.001310780568388, 0.9198100533614311, 78.59980425153626, 0.9854962731299645, 0.9925888904755105]
00023892,93099,390646,1222,4;[92322, 1452, 1.0113961915944594, 0.9421933268817028, 52.99737420294115, 0.9914403680781673, 0.9929605868149478]
00023892,93099,390646,1223,7;[89509.59, 1138, 1.0006021162367051, 0.9296266317835783, 61.928812509567464, 0.9899567467918391, 0.9939516471567644]
00023892,93103,390673,1488,5;[95532.01, 1306, 1.0060955150168478, 0.9385535335721296, 66.80304338640703, 0.9885006793800635, 0.993957928361831]
00023892,93103,390673,1489,4;[91819, 1466, 1.0018152164294294, 0.9341657548321475, 59.9862703233153, 0.9889055273284264, 0.9856583114164564]
00023892,93103,390673,1489,6;[95828.76000000001, 1226, 1.0084831232773173, 0.9253014906927638, 67.09499560769929, 0.9873162877627496, 1.00068669527897]
00023892,93103,390673,1489,7;[88876.17, 1156, 1.0087983776590537, 0.9597142492090539, 47.9361102788234, 0.9931076681282629, 0.9982814621320181]
00023892,93103,390673,1490,4;[91274, 1462, 1.0099605603744155, 0.937923466539687, 53.41856985370234, 0.9905429427294747, 0.9928695358943538]
00023892,93103,390673,1490,5;[93906.47, 1362, 1.0004038151476906, 0.9427182079644918, 57.953135530105115, 0.989556670975227, 0.9886864789014734]
00023892,93103,390673,1492,7;[92464.02, 1178, 1.035647198939995, 0.9351479860427844, 117.39706896763154, 0.9849955983351689, 1.0001737734490719]
00023892,93103,390673,1493,6;[93338.1, 1322, 1.0022901991384694, 0.9249347221997005, 66.91939063892441, 0.9907752064175155, 9999]
00023892,93103,390673,1494,4;[91320, 1462, 1.0217962247786585, 0.9272983370317596, 61.40222008598016, 0.9892803315640634, 0.9935914872319359]
00023892,93103,390673,1494,7;[89778.87, 1182, 1.0102114628778205, 0.9511744008209252, 46.24757529179707, 0.9906650473507022, 0.998604516601147]
00023892,93103,390673,1496,5;[93285.29, 1362, 0.996304254460408, 0.9385897092657679, 59.795412907966465, 0.9883746670518907, 0.9870808517068134]
00023892,93103,390673,1496,6;[94283.40000000001, 1262, 1.00217509573467, 0.9351515004450848, 62.31275769802199, 0.9883873661257767, 0.9949256191178384]
00023892,93103,390673,1499,4;[94112, 1442, 1.0193794238569454, 0.9036019728833273, 92.12450540670405, 0.9876490056084498, 1.0002922904410396]
00023892,93103,390673,1499,5;[93898.14, 1370, 0.9979011461486544, 0.9379102657752916, 60.872233255583666, 0.9882958289075674, 0.9883820701835696]
00023892,93103,390673,1499,6;[95647.92000000001, 1230, 1.0362822863071601, 0.9209082126294333, 115.44782661389189, 0.984836169841508, 0.9997923543437324]
00023892,93103,390673,1499,7;[90392.40000000001, 1134, 1.0056394446099965, 0.9483205961695961, 56.939292746957456, 0.9908745803188536, 0.9978044249282216]
00023892,93122,390798,1587,7;[91982.07, 1154, 1.0379962988063904, 0.8916649083881645, 128.40748904993342, 0.9851392062934953, 0.9963043982632329]
00023892,93122,390798,1588,4;[93263, 1522, 1.0343964971033042, 0.8955177928323427, 127.94601037636897, 0.9835429404401321, 0.988856373391013]
00023892,93122,390798,1588,6;[95538.32, 1272, 1.0201171341477493, 0.9223674107111368, 100.79638914329955, 0.985300069309392, 0.9949919385906089]
00023892,93122,390798,1589,5;[95398.73, 1308, 0.9885708159313844, 0.9248256724876545, 55.141382330355995, 0.9892162139147407, 0.9962965264400672]
00023892,93122,390798,1590,7;[90756.54000000001, 1204, 1.018194813626583, 0.9238754637144159, 90.56640042849686, 0.9892491374704253, 0.9929443667924908]
00023892,93122,390798,1591,4;[93569, 1528, 1.0176960207921453, 0.8915479811843451, 96.01364109273158, 0.988751462634787, 9849.368421052632]
00023892,93122,390798,1591,5;[97058.78, 1316, 1.0160888672198856, 0.9215252797697663, 102.39654337509684, 0.9856148344480832, 0.9967249175119149]
00023892,93122,390798,1591,6;[95989.05, 1294, 1.0159165572837912, 0.9608101894501084, 85.3547151298866, 0.9832085055716978, 0.9944998403179447]
00023892,93139,390920,17,4;[94506, 1500, 1.027088527191362, 0.8794523808120088, 114.86559109061153, 0.9863131026907964, 0.9932369586808129]
00023892,93139,390920,17,5;[97151.59999999999, 1388, 1.0106539310008886, 0.8995172322902854, 88.3860307557242, 0.9889091210211214, 0.9973063931932984]
00023892,93139,390920,18,6;[93028.48000000001, 1260, 0.9926002311185911, 0.9162809410379069, 61.16660810306882, 0.9898389576729316, 0.9968876622232662]
00023892,93139,390920,18,7;[91411.38, 1134, 1.0992383902203307, 0.9192570864558904, 118.61364803335186, 0.9865231889030311, 0.9962980256136607]
00023892,93139,390920,19,4;[91516, 1450, 1.0078401798707501, 0.9274654317894875, 52.99583780040853, 0.9916924179574511, 0.9933193316075393]
00023892,93139,390920,19,5;[92553.44, 1288, 0.9941966294147649, 0.9399912651471408, 48.34401312728484, 0.9927536248094876, 0.9988890672660138]
00023892,93139,390920,19,6;[93509.35, 1212, 1.0023493463701187, 0.9393343284079632, 79.65025329383224, 0.9861169022764733, 0.9954061542948811]
00023892,93139,390920,19,7;[93131.1, 1150, 1.0367814326425413, 0.9034313358402737, 119.52672608978803, 0.9866625731434625, 0.9981633924764685]
00023892,93166,391047,301,4;[102526, 1548, 1.0169194178602992, 0.8777736446207596, 90.59786947818188, 0.9920086285155629, 0.9509393361807903]
00023892,93166,391047,302,5;[98361.83, 1412, 1.0000255947938408, 0.9186079384304046, 83.7879406486509, 0.989548586960397, 0.9902896336897595]
00023892,93166,391047,302,6;[96856.26000000001, 1332, 1.025932231875349, 0.9372100927300585, 96.82421065866093, 0.9893235990225459, 0.9920159400564076]
00023892,93166,391047,302,7;[89636.58, 1116, 1.0002456059630038, 0.9334403432675832, 53.866882251709995, 0.9917594057692131, 0.9887765607331522]
00023892,93166,391047,304,4;[93210, 1474, 1.0072942934122837, 0.8949077592480458, 64.91588183997156, 0.9915019402402596, 0.9885774284896115]
00023892,93166,391047,304,5;[98044.09999999999, 1414, 1.0097857147329659, 0.9330331600770386, 79.8704445912493, 0.9902966082833385, 9999]
00023892,93166,391047,304,6;[96146.6, 1338, 1.0135963825545302, 0.9279488245460283, 70.15376689179699, 0.9915276780806666, 9999]
00023892,93166,391047,306,7;[91706.67, 1198, 1.0265517488271827, 0.9105202322739891, 108.71568258820389, 0.988825646452968, 0.9910630874924561]
00023892,93166,391047,307,4;[94598, 1538, 1.0579995180405166, 0.9287852761001495, 133.8856277141715, 0.9843835297765637, 0.9955326370070247]
00023892,93166,391047,307,5;[98700.98, 1422, 1.0012072743528282, 0.9337293742777901, 76.05651287313088, 0.9908686337529213, 9999]
00023892,93166,391047,307,7;[92809.8, 1208, 1.0218386772767731, 0.9280973687932741, 101.16117528722921, 0.9889602373807543, 0.9956013655462185]
00023892,93166,391047,308,6;[95457.49, 1314, 1.0110277868295992, 0.9237065064668254, 86.05835334072907, 0.9894916578043099, 9999]
00023892,93166,391047,309,5;[98240.45, 1320, 1.0110499269454292, 0.9342055335468392, 83.12772060305193, 0.9881753350248276, 1.0001272041141445]
00023892,93166,391047,309,6;[95802.73000000001, 1258, 0.9954649007721109, 0.95088598087129, 51.35024929924335, 0.9913813996686319, 9999]
00023892,93166,391047,310,7;[92852.64, 1174, 1.0364615348407051, 0.9218120312042933, 113.10243558424547, 0.9879807126376885, 0.9966252555691494]
00023892,93166,391047,311,4;[94312, 1548, 1.0183315127580725, 0.8784015566832107, 87.01246476361891, 0.9910134523103105, 0.9924810447611981]
00023892,93166,391047,312,5;[97339.62, 1418, 1.0078214353836703, 0.9133770726019503, 80.56817309501915, 0.9900963734879676, 0.9897872752353525]
00023892,93166,391047,312,7;[90403.11, 1176, 1.0103433459216362, 0.9384740993298968, 65.00694614521767, 0.9876306688220488, 0.9922750096562379]
00023892,93166,391047,314,4;[94416, 1518, 1.0347146739199957, 0.8917116248877807, 112.8082196363341, 0.9873504709501475, 0.9903135636331216]
00023892,93166,391047,314,6;[93869.66, 1220, 0.9905679278510596, 0.9477478851446883, 37.3871021726515, 0.9935111789189628, 9999]
00023892,93166,391047,315,7;[90819.27, 1176, 1.004813273122673, 0.938296692969693, 58.33190132242037, 0.9882988391895713, 0.9961903802906723]
00023892,93166,391047,316,4;[91221, 1450, 0.9943388596203271, 0.9389536448875085, 42.51792120787346, 0.9927696618710962, 0.989279846436647]
00023892,93166,391047,316,5;[95551.05, 1380, 0.9950794567764044, 0.9521981225145483, 50.39466035948726, 0.9909775413690899, 9999]
00023892,93166,391047,316,6;[95547.91, 1242, 1.021758306850226, 0.9386996652158704, 103.50965344886869, 0.9872397165584255, 9999]
00023892,93265,391506,609,4;[91999, 1462, 1.028048929718139, 0.8979910050086684, 60.49414841799921, 0.9919458494124359, 0.9949387349000184]
00023892,93265,391506,609,5;[96956.44, 1412, 1.0077934810706421, 0.9235989152688951, 77.05094333947079, 0.9894107889801897, 0.9929135057733907]
00023892,93265,391506,609,6;[95946.58, 1270, 1.0044063503258838, 0.9366693963450596, 74.60965059876266, 0.9852408421841474, 0.9908602150537634]
00023892,93265,391506,609,7;[91344.06, 1172, 1.0147838907858038, 0.9450277097540786, 62.320860603145725, 0.9908167582567575, 0.9970024130992042]
00023892,93265,391506,612,4;[95513, 1428, 1.0275237814770013, 0.9016657179967023, 102.92813879812388, 0.986274785337804, 9999]
00023892,93265,391506,612,5;[95004.84, 1362, 0.9989822874056014, 0.9367027109244497, 61.232871275401926, 0.9905141888729317, 9999]
00023892,93265,391506,613,6;[96428.82, 1306, 1.0088462943925212, 0.9416517332407627, 80.98045716336975, 0.9850472693518587, 0.9933528091790508]
00023892,93265,391506,613,7;[92444.13, 1200, 1.0100144932988766, 0.949000364063337, 52.88544641718459, 0.9901442151916354, 0.99741653254096]
00023892,93329,391882,100,4;[89571, 1422, 1.0045582111703892, 0.9290272908080096, 60.71404661951753, 0.9907467227995309, 9999]
00023892,93329,391882,100,5;[95760.48999999999, 1314, 1.0014968410566154, 0.936113277778983, 56.5333923728097, 0.9907405139511056, 0.9980465964268218]
00023892,93329,391882,100,6;[94291.62000000001, 1210, 1.024545287603457, 0.9415175936224898, 59.86855743290816, 0.9896300416328353, 0.9955304838359731]
00023892,93329,391882,87,4;[93975, 1432, 1.0542621991475085, 0.937250671089021, 127.8290403740921, 0.9808000576079602, 0.9951605388004067]
00023892,93329,391882,87,7;[90520.92, 1216, 1.0177249937146682, 0.9035621449918402, 88.75576615342364, 0.9899445168075792, 0.9937266428721394]
00023892,93329,391882,88,5;[96428.08, 1404, 1.0335262988751228, 0.8978843140250746, 91.74747174569461, 0.9892755137217717, 0.9929601195983163]
00023892,93329,391882,88,6;[94128.59000000001, 1316, 1.0139176929802318, 0.9300961545383143, 74.13954408942635, 0.9913920528363622, 0.9894298757218358]
00023892,93329,391882,89,4;[90340, 1462, 0.9992471247785927, 0.923929209970205, 53.4210124926135, 0.9932997432187544, 9999]
00023892,93329,391882,89,6;[93747.73000000001, 1214, 0.9869406422525822, 0.950546662362923, 44.11838568046918, 0.9918175876924784, 9999]
00023892,93329,391882,89,7;[90146.07, 1198, 1.0126167312801755, 0.9488160400742294, 60.89317278153263, 0.988622837051628, 0.9931396015237839]
00023892,93329,391882,91,5;[95733.12, 1388, 1.0316382401039235, 0.9219545454312119, 111.19090413657985, 0.9847225156643902, 0.9941056533827618]
00023892,93329,391882,92,7;[89391.78, 1170, 1.0083598952507489, 0.9342592665815368, 51.915145162539226, 0.9904787665742328, 1.0000941450347052]
00023892,93329,391882,93,4;[91331, 1476, 1.0014136410916312, 0.9405193308432228, 46.83841102765158, 0.991499951610125, 0.9871753992487907]
00023892,93329,391882,93,5;[97333.67, 1416, 1.014740878442954, 0.9100369538380206, 74.98227703411273, 0.9912652801637288, 0.991766902706373]
00023892,93329,391882,93,6;[93605.25000000001, 1284, 0.9952295652710265, 0.9508319718051121, 50.92459886212178, 0.9906761857161073, 0.9918273139008246]
00023892,93329,391882,94,4;[92049, 1408, 1.0020414953763794, 0.9373424113668644, 53.1206588318205, 0.9917052245476408, 0.9953556772655265]
00023892,93329,391882,94,6;[91184.46, 1278, 0.9905011186332193, 0.9574260426265674, 40.4477583640621, 0.9938509010756, 9999]
00023892,93329,391882,94,7;[88614.54000000001, 1120, 1.0080886344489455, 0.9458098021265873, 56.90489988855238, 0.9897498296482681, 0.9920523449008256]
00023892,93329,391882,95,5;[96097.26, 1410, 1.0255900156079332, 0.9229424239876988, 78.84552100567834, 0.9883951510666669, 0.9949975357318877]
00023892,93329,391882,96,4;[90482, 1484, 1.0380860129272493, 0.925552849118763, 91.52271673997085, 0.9880054327532354, 0.9865131543082677]
00023892,93329,391882,96,7;[89244.90000000001, 1126, 0.9999886117592707, 0.947523726902524, 42.23684611748487, 0.9922659463300263, 0.9999142881631954]
00023892,93329,391882,97,6;[95323.23000000001, 1308, 1.0232360116328916, 0.9262526559365262, 114.31092452407493, 0.985070710337425, 0.9939573155052713]
00023892,93329,391882,98,5;[91312.26999999999, 1274, 0.9910956433572836, 0.9499125007788416, 40.481912020727336, 0.9931181500295134, 1.0025805018586147]
00023892,93329,391882,99,7;[91140.57, 1116, 1.040458220622072, 0.9168459149710392, 128.2515023403644, 0.9853835087709369, 0.9977889817590995]
00023892,93377,392048,10,6;[93998.44, 1270, 0.9919158486756011, 0.9298485050003288, 44.31097966349902, 0.9937217962071911, 3049.4222222222224]
00023892,93377,392048,3,5;[95604.59999999999, 1380, 0.9987641833365667, 0.9393509332390785, 64.83692702540026, 0.9879231311757988, 0.9854283191050928]
00023892,93377,392048,4,4;[94389, 1520, 1.0481839465197085, 0.8982303279844803, 146.38223343478478, 0.982646624664452, 0.9880923094638661]
00023892,93377,392048,4,6;[97017.92000000001, 1286, 1.0372960980095842, 0.9264170716955258, 123.47793040094903, 0.9807739478566936, 9999]
00023892,93377,392048,4,7;[92407.41, 1130, 1.0595645127019166, 0.9293841207882982, 170.5528109892539, 0.9818613008641736, 1.0012350283890754]
00023892,93377,392048,5,4;[93685, 1540, 1.0178861300818915, 0.9003955185041129, 93.95097312123575, 0.9899993008943256, 0.9824761944712446]
00023892,93377,392048,5,5;[95059.58, 1386, 0.9975705251686652, 0.9409213671685013, 54.60727821811455, 0.9905677231515972, 0.9902072590241967]
00023892,93377,392048,6,7;[93124.98, 1220, 1.0286517745050106, 0.8914510733339396, 118.29712978430149, 0.9879625097852601, 0.9942744194784086]
00023892,93377,392048,7,6;[96321.96, 1342, 1.0423455405613293, 0.9067963071804969, 124.40247179752821, 0.9854195786207434, 0.9907977621510408]
00023892,93377,392048,8,7;[92243.7, 1196, 1.022623329814651, 0.9085152390334844, 110.36142061975514, 0.988371274204613, 0.9908458921557349]
00023892,93377,392048,9,4;[90811, 1438, 1.0060688654956351, 0.9294232637887027, 47.099345259638056, 0.9922297516712043, 0.9900300352682733]
00023892,93377,392048,9,5;[96201.98, 1422, 1.0014563841948065, 0.9143044300938822, 83.43824513862316, 0.9901791203282161, 0.9884999847155566]
00236683,93026,390254,285,4;[52577, 1096, 0.8862211757298222, 1.142811977438725, 502.11518930978275, 0.942520480681904, 0.9907850601138205]
00236683,93026,390254,285,5;[53276.299999999996, 972, 0.8758447924779791, 1.1029847720315937, 508.07812785055285, 0.8969617439025638, 0.999207686556338]
00236683,93026,390254,285,6;[52834.05, 942, 0.8818427940834459, 1.1208881054748694, 568.5444708665053, 0.8783664189758349, 0.9953799297955812]
00236683,93026,390254,286,7;[48655.53, 922, 0.8835625619097367, 1.197994268897786, 707.3842538095182, 0.9246766263894225, 0.9956169186938417]
00236683,93027,390265,359,4;[55714, 1184, 0.8878782770248758, 1.2555487732632349, 391.8006134098783, 0.9635562642822302, 0.9459725618038577]
00236683,93027,390265,359,6;[52086.030000000006, 886, 0.8898584135666646, 1.1637660922020512, 669.6965407973415, 0.9075302850188324, 0.9999079492405812]
00236683,93027,390265,359,7;[48546.9, 888, 0.8814322133652133, 1.1784699135072954, 726.0298356369328, 0.9082421067596348, 0.9937985467301428]
00236683,93027,390265,360,5;[53558.329999999994, 984, 0.878247657197186, 1.078590357210907, 553.0768949716395, 0.8980300575316448, 0.9967665492879765]
00236683,93032,390303,79,4;[54816, 1196, 0.888904372575185, 1.2934701273616958, 378.65287972537624, 0.9660342743522854, 0.9493591963976447]
00236683,93032,390303,79,5;[53930.799999999996, 980, 0.8790632088107615, 1.0730474168056072, 587.4673493224348, 0.8953819539550469, 0.9981609347297015]
00236683,93032,390303,79,6;[52579.23, 934, 0.8732997317832936, 1.1516979154524813, 303.94904111450586, 0.8983970937919634, 0.9946353599751205]
00236683,93032,390303,80,7;[48606.57, 822, 0.8850859545199323, 1.05918387500515, 252.38180572968213, 0.9042999480579031, 1.0034745254114155]
00236683,93032,390303,81,4;[51138, 1030, 0.8701509551381353, 1.137200506893773, 247.55772691967408, 0.9127945715772987, 0.9981165035278963]
00236683,93032,390303,81,5;[53663.049999999996, 962, 0.8796153248595829, 1.0877844540512152, 593.6795663368949, 0.9066572911256823, 1.000077619950545]
00236683,93032,390303,81,6;[50802.340000000004, 898, 0.8817236210154215, 1.1335969358320634, 238.41582018685398, 0.9332738088203516, 0.9994474765851358]
00236683,93032,390303,81,7;[48525.48, 818, 0.8748864162762124, 1.0935561647465442, 298.15014867311663, 0.8918905826198557, 0.9987561209869157]
00236683,93032,390303,83,4;[50093, 1042, 0.8801598385112197, 1.2498116921691478, 238.8048669046948, 0.9253919183258541, 0.9939974799337242]
00236683,93032,390303,83,5;[53466.7, 1108, 0.8728988238067416, 1.2012863459406646, 515.0614612160756, 0.9197047972512877, 0.9913726528540853]
00236683,93032,390303,83,6;[51553.100000000006, 892, 0.8825073947021309, 1.184670106535934, 271.0661832487113, 0.9048220048958809, 0.9999468537414966]
00236683,93032,390303,83,7;[49385.340000000004, 864, 0.8908494900443562, 1.1542252328658154, 586.0665547587771, 0.8833588502031021, 0.9960962212038451]
00236683,93051,390358,937,4;[50056, 1130, 0.8845052986867727, 1.209182328456789, 291.4767786976812, 0.9349687600459935, 0.9887214332273293]
00236683,93051,390358,937,5;[53338.18, 980, 0.877365576109739, 1.090902446982913, 569.5160161206493, 0.8910486959705923, 0.9981405395775573]
00236683,93051,390358,937,6;[51747.64000000001, 928, 0.8772542639973726, 1.128240764091211, 279.23960958320947, 0.8994901646477651, 0.9964912280701754]
00236683,93051,390358,938,7;[48975.3, 872, 0.88618399388147, 1.1003372898417185, 465.39693323686254, 0.8911497583700823, 0.9932048775947129]
00236683,93078,390512,47,4;[56976, 1204, 0.884308089239834, 1.2299526282331041, 465.7959497996675, 0.9253646400655449, 0.9472082990449116]
00236683,93078,390512,47,5;[55313.579999999994, 1074, 0.866247929479097, 1.1573783919242993, 375.48428351214955, 0.895071386675741, 0.9883058343255656]
00236683,93078,390512,47,7;[50615.46, 866, 0.8892711702807803, 1.1246224726107188, 603.4403469673778, 0.9204933833263348, 0.9954113947855391]
00236683,93078,390512,48,6;[51732.57000000001, 924, 0.8870835487190667, 1.1727691486512413, 207.9023365769131, 0.9365714163255069, 0.9957281860612294]
00236683,93078,390512,49,4;[50734, 1034, 0.8993787141650365, 1.1114887902287192, 188.05861423977905, 0.9482086203982276, 1.0003549175802509]
00236683,93078,390512,49,5;[54125.96, 1068, 0.8797393213394995, 1.1547653142086882, 284.42710920835486, 0.9210444531642717, 0.9858358168518017]
00236683,93078,390512,49,6;[54731.50000000001, 984, 0.879834558009322, 1.147475499846527, 542.6954198804708, 0.8734858286737891, 0.9901603588866582]
00236683,93078,390512,49,7;[49322.61, 874, 0.8835265764892972, 1.1000756810605234, 233.6336359394449, 0.8995735315166424, 0.9950766286481565]
00236683,93078,390512,50,4;[50450, 1040, 0.8784162888965641, 1.146206915669922, 202.0031608183698, 0.92748962082882, 0.9897882108278317]
00236683,93078,390512,50,5;[55676.53, 1044, 0.8750726478175135, 1.1394294531009443, 533.1589217149117, 0.9052388275863833, 0.9957858891135469]
00236683,93078,390512,50,6;[52554.57000000001, 994, 0.8801390033814295, 1.1564541614522326, 308.8361007008464, 0.9228982914316806, 0.9938082901554404]
00236683,93078,390512,50,7;[50921.46, 834, 0.8956110727614838, 1.1510473556750707, 696.3709769331037, 0.8818265213361519, 1.0010075642510188]
00236683,93098,390636,1213,4;[56467, 1184, 0.8852904133911917, 1.233907998978291, 429.33486125877033, 0.9459542835807855, 0.9478304657994125]
00236683,93098,390636,1213,5;[54052.18, 1054, 0.8782312078943617, 1.1774382681583697, 499.08294242446783, 0.9146874510944828, 0.990125340599455]
00236683,93098,390636,1213,6;[52939.54, 902, 0.8868023540985288, 1.1936916707036078, 666.3344565402167, 0.8922121904448836, 0.9990175801447777]
00236683,93098,390636,1213,7;[49158.9, 818, 0.8968602090227412, 1.2224894291344504, 726.3206879082402, 0.8966149411102033, 1.00040477005947]
00236683,93098,390636,1214,4;[52395, 1074, 0.8830476926383564, 1.1013977748177695, 277.00856568610664, 0.9288022433383062, 0.9967090245015979]
00236683,93098,390636,1214,5;[54338.97, 1064, 0.8753592465124572, 1.1658948570413648, 438.73622697411906, 0.8941746706114226, 0.9925983892529916]
00236683,93098,390636,1214,6;[53567.00000000001, 970, 0.8909173181607123, 1.153854978194333, 572.9119745518187, 0.8869485279349782, 0.9975253208153685]
00236683,93098,390636,1214,7;[50122.8, 902, 0.880710020895345, 1.12581092799517, 474.29731353812963, 0.88444926329212, 0.9958203510905084]
00236683,93099,390639,1320,4;[53510, 1074, 0.886949393764135, 1.103472708990238, 582.2486327101362, 0.8872176621195892, 0.9980788241657806]
00236683,93099,390639,1320,5;[54300.89, 1066, 0.8737359876815745, 1.157886001599414, 427.27118793432754, 0.8941188344947442, 0.9946486763375585]
00236683,93099,390639,1320,6;[51259.920000000006, 894, 0.8772615400370747, 1.1286796939509243, 240.38157947816705, 0.9216837692799165, 1.0028679407113565]
00236683,93099,390639,1320,7;[50229.9, 888, 0.894896588653257, 1.1079024181044324, 567.15055877201, 0.8651763810749842, 0.9962976450594805]
00236683,93099,390639,1322,4;[51235, 1148, 0.880596753207647, 1.2177697161480874, 333.3501286508133, 0.9257533333002379, 0.9916099751299148]
00236683,93099,390639,1322,5;[53547.619999999995, 1046, 0.8639364224395616, 1.1457026144553932, 404.8452220454673, 0.8801401523846557, 0.9947387036873286]
00236683,93099,390639,1322,6;[50679.04, 898, 0.8824513559502067, 1.171441696285514, 246.70458777863863, 0.8988593894373392, 0.9948900005378947]
00236683,93099,390639,1322,7;[50350.770000000004, 894, 0.889129546709839, 1.131800783928898, 588.4938364327204, 0.8637839685404683, 0.9970460363867722]
00236683,93103,390670,1523,4;[53540, 1098, 0.8814483786883229, 1.091326195463164, 583.2890612595404, 0.8925003108166547, 0.9898683626682443]
00236683,93103,390670,1523,6;[52760.07000000001, 898, 0.8886685237149125, 1.1384671222739895, 664.3475694644986, 0.8956374636031632, 0.9992734632450245]
00236683,93103,390670,1523,7;[49559.76, 898, 0.8849739090194637, 1.1465584554131907, 429.77388085238783, 0.878833915701265, 0.9926148377409371]
00236683,93103,390670,1524,5;[53287.009999999995, 1084, 0.8749514601505815, 1.1927939090981903, 352.29274302067216, 0.9197836155426133, 0.9902367289171946]
00236683,93103,390670,1525,6;[52808.020000000004, 926, 0.8834557602430098, 1.1105067825564525, 596.9331309564569, 0.8789418949217416, 0.9970512157268494]
00236683,93103,390670,1525,7;[47474.37, 832, 0.8960694763767397, 1.120854058037875, 233.84109214020037, 0.9269261131544956, 0.995795892169448]
00236683,93103,390670,1526,4;[49607, 1040, 0.888368387064635, 1.1423263534690966, 221.29537854494612, 0.9377289374706437, 0.9927455748006284]
00236683,93103,390670,1526,5;[54116.439999999995, 1010, 0.877561512468865, 1.1633428413765627, 566.2569391555063, 0.8698488988721917, 0.9940543848911427]
00236683,93129,390840,509,4;[50220, 1082, 0.8782155057915386, 1.13930170671189, 217.12438090721648, 0.9377749195334129, 0.9839052535681749]
00236683,93129,390840,509,6;[52253.170000000006, 952, 0.8794503133701228, 1.1775017028719883, 243.20270184900593, 0.9218680025519781, 0.9937080700840226]
00236683,93129,390840,510,5;[53252.5, 1086, 0.8718151001278966, 1.1867040761069838, 366.10935331541, 0.9304138369024261, 0.9919645331116653]
00236683,93129,390840,510,7;[48311.28, 876, 0.886752157504339, 1.1438911860882877, 258.06722990743253, 0.9406191713010823, 0.9960411967887954]
00236683,93139,390919,100,4;[50648, 1062, 0.8724162912063601, 1.0918755754154672, 213.35479637612792, 0.9236650681294645, 0.9819500184183485]
00236683,93139,390919,100,5;[53560.71, 1082, 0.8718223140379071, 1.2719149037767723, 394.1707716759126, 0.9223600826856005, 0.9920432003526559]
00236683,93139,390919,100,6;[52605.26, 896, 0.883918021004128, 1.1755189257199565, 650.8226219659143, 0.8972444130713766, 0.9979208898591403]
00236683,93139,390919,101,7;[50340.06, 902, 0.8807445170450002, 1.0675197317102934, 451.4993284754688, 0.8837738406193314, 0.9952358626113522]
00236683,93140,390930,162,4;[50537, 1078, 0.890617338460394, 1.159368768130827, 198.41330463279277, 0.9438535009988425, 0.9901546841172033]
00236683,93140,390930,162,5;[52330.25, 1018, 0.8837771286957714, 1.1302814673936055, 224.9227576164802, 0.9350619067758252, 0.9904056214950113]
00236683,93140,390930,162,6;[52717.600000000006, 980, 0.8723198945956582, 1.1916407124998802, 345.97069054315045, 0.8945825872136896, 0.9916759013478339]
00236683,93140,390930,162,7;[49183.38, 904, 0.8856045382741418, 1.2412293187071277, 327.5082865258509, 0.9286376268543715, 0.9930646730819728]
00236683,93140,390930,163,4;[60891, 1166, 0.8798437417506862, 1.1471152895215986, 440.92075090667265, 0.9438720072640782, 0.9669766001540404]
00236683,93140,390930,163,5;[51817.36, 952, 0.868296999859913, 1.1346919043867796, 202.7265238161475, 0.9181484449599598, 0.9992541851686115]
00236683,93140,390930,163,6;[53092.98, 914, 0.8765991027312365, 1.0885326783148097, 536.8700950042356, 0.8890194124901043, 0.9953128812296945]
00236683,93140,390930,163,7;[47942.55, 806, 0.8861400469798484, 1.09588982736007, 188.73954945092174, 0.9364442849941348, 1.0022068700825177]
00236683,93140,390930,164,4;[52782, 1174, 0.892569068449326, 1.3012097101274098, 336.0366267791391, 0.9346678774173823, 0.9901606745894028]
00236683,93140,390930,164,6;[52673.76, 934, 0.876283072972613, 1.1540990492081529, 251.72477329648885, 0.9042599078863474, 0.9870736685365133]
00236683,93140,390930,165,5;[53959.36, 1094, 0.8733255020501959, 1.246403178783136, 391.401288011376, 0.9244857121186066, 0.9912556838055264]
00236683,93140,390930,165,7;[50047.83, 892, 0.8884578349786199, 1.0925579881202565, 420.37057123942856, 0.8952924978704627, 0.9934098639455783]
00236683,93174,391097,943,4;[52929, 1108, 0.8828460986870269, 1.0983063107026998, 510.43772215516213, 0.8934977417358362, 0.9919041996964075]
00236683,93174,391097,943,5;[53889.149999999994, 1092, 0.8773231810321965, 1.278693284797037, 449.2352388033804, 0.9147373443316961, 0.9932227924726937]
00236683,93174,391097,943,6;[51677.770000000004, 990, 0.8829695698739835, 1.2062878213296189, 312.05483063552145, 0.9324343993301389, 0.9933506260945133]
00236683,93174,391097,943,7;[48109.32, 854, 0.8797653401569392, 1.085043124738904, 265.4928540501923, 0.9219678792647472, 0.9915645743657664]
00236683,93203,391206,348,4;[54256, 1088, 0.8853528477109496, 1.074540508695602, 543.0232175486182, 0.8943895225076689, 0.996940603610639]
00236683,93203,391206,348,5;[55439.719999999994, 986, 0.8787954545685046, 1.0904494841415546, 435.6866649196918, 0.8895019258773622, 0.9990135952309473]
00236683,93203,391206,348,6;[53029.96000000001, 1004, 0.8752041450925833, 1.1549806897710804, 523.3755346154549, 0.9085616810026557, 0.9948724538970636]
00236683,93203,391206,348,7;[50116.68, 902, 0.8882899385754764, 1.1653995297789257, 503.6928382302954, 0.8873180628328166, 0.9956382315840666]
00236683,93203,391206,350,4;[51891, 1126, 0.8847759100080066, 1.1284918754883855, 239.26920912499105, 0.9310482161206578, 0.9874031929670999]
00236683,93203,391206,350,5;[53427.43, 1068, 0.8761904327473313, 1.2752535444268787, 415.81628433893343, 0.9106632034558059, 0.9898473240368186]
00236683,93203,391206,350,6;[53723.18000000001, 968, 0.8851972905436899, 1.1926498731572275, 540.618621432369, 0.8791854576013558, 0.9861931946784699]
00236683,93203,391206,350,7;[49749.48, 890, 0.8839521547037728, 1.1228375248515745, 296.5379727362551, 0.8912789826519816, 0.9939323541548855]
00236683,93203,391206,351,4;[53017, 1106, 0.8911445126943249, 1.23133518941443, 296.4491511493588, 0.9301325926923519, 0.9924095652580841]
00236683,93203,391206,351,5;[54875.659999999996, 1080, 0.8769006163309137, 1.179881152654122, 482.2721789455403, 0.9130123344963348, 0.9918375686923978]
00236683,93203,391206,351,6;[53831.41, 950, 0.8780273349075945, 1.125443336214476, 599.320406964407, 0.8756456183821748, 0.9946461795491652]
00236683,93203,391206,352,7;[47965.5, 828, 0.8819754633892878, 1.1073849397262625, 202.21514009657832, 0.9045959445803953, 0.995838759886916]
00236683,93220,391265,336,4;[53215, 1098, 0.8763063496047365, 1.1391994134856436, 349.144132807547, 0.9268970654083277, 0.9936328329225483]
00236683,93220,391265,336,5;[52300.5, 1040, 0.8883793453226698, 1.1588999681159402, 278.8441680444886, 0.9295274100544008, 0.9908579544814059]
00236683,93220,391265,336,6;[51311.98, 956, 0.8872275809985876, 1.1977528449938752, 226.56803874338215, 0.9286752514515635, 0.9864103239399526]
00236683,93220,391265,336,7;[49184.91, 880, 0.8823606478630748, 1.1066869112422093, 246.01899892276666, 0.9065194010286566, 0.9970380708691944]
00236683,93220,391265,337,4;[51284, 1112, 0.8792958679535733, 1.135395028513278, 208.51180884773677, 0.9312518226116953, 0.9783195505575109]
00236683,93220,391265,337,5;[51751.909999999996, 1018, 0.8795412029027372, 1.2159118679407275, 236.16293279109476, 0.9295342545904172, 0.9933871649325582]
00236683,93220,391265,337,6;[53231.350000000006, 912, 0.8896849003351999, 1.1858284079749826, 614.1763646798645, 0.8767342939139359, 0.9984581780804317]
00236683,93220,391265,337,7;[48049.65, 844, 0.8889535155850133, 1.0918587906435444, 209.1498399003557, 0.9311254380891433, 1.0008764241893076]
00236683,93222,391274,426,4;[57338, 1170, 0.886854668230566, 1.1854768770449802, 450.37473106748973, 0.9411922447477721, 0.9481508429312012]
00236683,93222,391274,426,5;[51654.329999999994, 968, 0.8822020112693015, 1.1571810862662657, 208.92261698253648, 0.9437407397240375, 0.9975410212805075]
00236683,93222,391274,426,6;[53103.94, 1016, 0.8748037616346733, 1.1684908908828457, 450.9741968531228, 0.9188361563374632, 0.9931462099181388]
00236683,93222,391274,426,7;[48758.04, 888, 0.8859395500693478, 1.2070252924367457, 319.6890925046437, 0.9233336288527946, 0.9914444824689668]
00236683,93222,391274,428,4;[58149, 1174, 0.8848685865961714, 1.2053997740224873, 420.89703266550043, 0.9410564679058678, 0.9572245771430923]
00236683,93222,391274,428,5;[52686.06, 1010, 0.8883825211121258, 1.203523552557576, 252.61544863457726, 0.9319205768143303, 0.9965449327556131]
00236683,93222,391274,428,6;[51548.990000000005, 936, 0.8764851434119169, 1.1642280535472393, 227.7871519363942, 0.919940861886701, 0.991279835607777]
00236683,93222,391274,428,7;[50306.4, 828, 0.8845258922856971, 1.0654625847062194, 433.07337225036747, 0.8832715233592696, 1.0014162364658048]
00236683,93260,391459,217,4;[53665, 1108, 0.8830165008314165, 1.1568747573753988, 560.9006706415589, 0.9049777943778147, 0.9922803124855545]
00236683,93260,391459,217,5;[51668.61, 1004, 0.8843871647426503, 1.2014108854212842, 232.24784617026646, 0.9403222821256002, 0.9937744615595889]
00236683,93260,391459,217,6;[50876.32000000001, 934, 0.8853029941465531, 1.1258004582934167, 227.35034790445613, 0.9344684887768305, 0.9943103471357618]
00236683,93260,391459,217,7;[50001.93, 856, 0.8983182431979138, 1.146780627596113, 658.4222844330483, 0.890841991832416, 0.9972688851253414]
00236683,93260,391459,218,4;[53342, 1128, 0.8819792317494807, 1.102433082344417, 478.9532602383751, 0.8868150826591494, 0.9829546501557116]
00236683,93260,391459,218,5;[53589.27, 1062, 0.8631423234894012, 1.1858923395628806, 387.827696471499, 0.8814800273743318, 0.9933165696135522]
00236683,93260,391459,218,6;[53253.270000000004, 906, 0.8834904157608308, 1.0996469823892665, 609.3968971852356, 0.8791265089134787, 1.001636281646589]
00236683,93260,391459,218,7;[47910.42, 854, 0.8853658361856086, 1.1426721731563114, 264.8643470650496, 0.9210327595876833, 0.9945214615787719]
00236683,93314,391804,1,4;[52647, 1060, 0.8948910356227433, 1.1324701972275442, 554.3223901414366, 0.8984986258899959, 0.9994969007185777]
00236683,93314,391804,1,5;[51775.71, 1044, 0.8764316272593112, 1.2391106086898693, 296.50920326848143, 0.9324303506693311, 0.9932654552095699]
00236683,93314,391804,1,6;[51740.79, 978, 0.8757387411673722, 1.1638873992941536, 570.2390600899009, 0.9173671892795292, 0.9911037631868997]
00236683,93314,391804,1,7;[48164.4, 840, 0.8895853416071748, 1.1947312662262433, 768.4728542441595, 0.8954328647149865, 0.9965178854067743]
00236683,93314,391804,2,4;[51977, 1184, 0.8866878884399527, 1.2572918075100872, 409.7512100340109, 0.9266140798727707, 0.9903116098732031]
00236683,93314,391804,2,6;[51187.310000000005, 904, 0.8757376093351815, 1.108246409180102, 281.47941665348213, 0.9007051103275707, 0.9996789297658862]
00236683,93314,391804,2,7;[48895.74, 918, 0.8806668559652951, 1.134164452544483, 495.0704192484552, 0.9198112615202162, 0.9985626796650419]
00236683,93314,391804,3,5;[53256.07, 1040, 0.876357870939685, 1.204689762393494, 540.2553489116442, 0.8998972922869244, 0.99148158404874]
00236683,93331,391886,297,4;[51876, 1178, 0.8844671025734807, 1.3046130879712536, 426.76966347584744, 0.9403120147329657, 0.9911348872755064]
00236683,93331,391886,297,5;[52404.03, 1020, 0.869901393624247, 1.1218932353030335, 426.13995333547257, 0.8825101242879042, 0.9975987132727726]
00236683,93331,391886,297,6;[51433.91, 956, 0.8834011774981179, 1.1505403638827827, 320.0936060864985, 0.9075473787259105, 0.99317478373588]
00236683,93331,391886,297,7;[48834.54, 916, 0.8759147574521244, 1.1330110090332117, 544.0025446573025, 0.920845549706956, 0.9945935839708334]
00236683,93341,391961,155,4;[52219, 1130, 0.8830840029174529, 1.0944282669068668, 305.9317127110463, 0.9104757759499544, 0.9901964502427184]
00236683,93341,391961,155,5;[53058.53, 986, 0.8776422228310168, 1.1126786903844337, 572.5503558877115, 0.8887730118947625, 0.9951122617506584]
00236683,93341,391961,155,6;[52317.560000000005, 944, 0.8880754911048747, 1.1325530189364938, 571.7169604046203, 0.8862491572080464, 0.9941296679552761]
00236683,93341,391961,155,7;[47579.94, 856, 0.8877516593283715, 1.1352454188535255, 247.54762138590198, 0.925214105531204, 0.9946903787103377]
00441627,93067,390432,65,6;[21472.010000000002, 544, 1.2071747550462895, 0.7669454718363042, 296.42536616290715, 0.7847001280608507, 1.0052594445513436]
00441627,93067,390432,65,7;[16773.39, 448, 1.253618130917735, 0.6973485200506362, 523.0019403456191, 0.7855477682179377, 1.0095308255444542]
00441627,93067,390432,66,4;[10210, 490, 1.205591451736173, 0.6863116563155766, 613.2121337405814, 0.8722998402899627, 0.9194470710072493]
00441627,93067,390432,67,5;[16268.49, 512, 1.220647196279767, 0.7046617065922521, 462.8704074907715, 0.8445627125533454, 0.9832775919732442]
00441627,93067,390432,68,4;[11907, 494, 1.2003262112026345, 0.7715832962863078, 531.6485128296621, 0.8717618975734283, 0.9621429437194456]
00441627,93067,390432,68,7;[8421.12, 332, 1.2311721329364465, 0.7263238471111474, 701.494559475333, 0.8791896922543819, 1.0088901108972597]
00441627,93264,391493,588,5;[20519.17, 566, 1.20625089539276, 0.7685909233089576, 315.5605880943431, 0.8317790326969933, 1.0058332847226272]
00441627,93264,391493,588,6;[18714.2, 500, 1.2130593104670668, 0.7637348278576689, 363.8229627501239, 0.8491944895920966, 1.0074860788435298]
00441627,93264,391493,589,4;[21379, 642, 1.222860004437008, 0.7367409312527542, 305.88289777479906, 0.8018732641457108, 1.0009363734257222]
00441627,93264,391493,590,5;[16612.399999999998, 508, 1.1964813574751163, 0.7937685632171995, 375.2812841427674, 0.8581445608296557, 1.005256714913228]
00441627,93264,391493,590,6;[9288.6, 376, 1.2316310760066829, 0.7078850170173268, 667.4897806596281, 0.8670318738668767, 1.0028102351723118]
00441627,93264,391493,590,7;[12282.84, 382, 1.1826867670833479, 0.7999119505441685, 387.72390592826093, 0.8875514854945041, 1.009938357026041]
00441627,93264,391493,591,4;[11012, 470, 1.193098058381541, 0.7475751573775226, 527.8687510951271, 0.8825552290357994, 0.9964258245487038]
00441627,93264,391493,592,4;[21566, 638, 1.2334162978246925, 0.7378921132659273, 367.5501605580817, 0.7903441127274271, 1.0021375464684015]
00441627,93264,391493,592,5;[20156.219999999998, 562, 1.203713359679201, 0.7846317304791915, 313.73463012416363, 0.8368775280740046, 1.0055806221800048]
00441627,93264,391493,592,6;[21159.65, 542, 1.2236697404115686, 0.7517249901352401, 314.38375842433857, 0.7571266939806515, 1.007304506619709]
00441627,93264,391493,594,7;[8350.74, 328, 1.223572353799153, 0.7204655936361108, 657.8691777124549, 0.8679768549362092, 1.0058048465861973]
00441627,93264,391493,595,6;[12464.26, 412, 1.2003801191039778, 0.7494402772998116, 518.779684832739, 0.8685443501401033, 1.0085356390644054]
00441627,93264,391493,595,7;[17913.24, 476, 1.234135554242224, 0.7230504643351645, 478.3657405746895, 0.6958753383818995, 1.0044612216884008]
00441627,93264,391493,596,4;[11219, 508, 1.2305094763677218, 0.6714866924176794, 605.7120413973133, 0.8650759920385281, 0.9012692802056556]
00441627,93264,391493,597,4;[16763, 554, 1.2381928499368817, 0.7049775672859457, 464.3131905671902, 0.8376756323112875, 0.9956049177406902]
00441627,93264,391493,597,6;[16138.6, 466, 1.2405600873349107, 0.7125649233782062, 511.9105039766774, 0.8332037135799918, 1.0062785631913893]
00441627,93264,391493,597,7;[16254.720000000001, 444, 1.2077508556362362, 0.7474599477139451, 388.7097550299453, 0.8432176119123432, 1.010125980508676]
00441627,93264,391493,598,6;[20904.83, 538, 1.228930547722823, 0.7107618040554585, 404.3079847094639, 0.7639951155568417, 1.0037825214616978]
00441627,93264,391493,599,4;[21075, 628, 1.2339627963739415, 0.6957756061847777, 428.3759556261045, 0.7821500322703572, 1.0026881080952494]
00441627,93264,391493,599,6;[18278.54, 496, 1.2417901616914273, 0.7014603540815798, 492.52759945321515, 0.8148213773926527, 1.0078942398489141]
00441627,93264,391493,601,6;[17897.68, 488, 1.2262171756865832, 0.7353354373699604, 428.58509720415935, 0.8294448048949816, 1.0083359061438715]
00441627,93264,391493,601,7;[16462.8, 446, 1.239242479305792, 0.7171955844473522, 490.42480472355714, 0.778000400107347, 1.0082458770614693]
00441627,93264,391493,602,6;[9285.86, 374, 1.2377602435906125, 0.6997581433261124, 713.459030433227, 0.8548786717681439, 1.0055633855055264]
00441627,93384,392076,320,4;[12344, 490, 1.1995487910336806, 0.7591096098133624, 513.2954542998216, 0.8662362257216014, 1.0004863024801427]
00441627,93384,392076,320,5;[20861.89, 574, 1.2111621840400428, 0.7582921315696813, 363.1884696510415, 0.8293217739685587, 1.0060832137733142]
00441627,93384,392076,320,7;[14005.62, 410, 1.2263482310292348, 0.7426608622195343, 522.0529734673636, 0.8269586639430007, 1.0075394859941664]
00441627,93384,392076,321,6;[9516.02, 402, 1.2459258908049446, 0.6729735331185407, 996.7609703993207, 0.8711938871840158, 1.0025981524249423]
00441627,93384,392076,322,4;[15087, 530, 1.227825643299695, 0.670241727937023, 463.9224341976033, 0.8457291965189534, 0.9826743958835407]
00441627,93384,392076,322,5;[14786.939999999999, 478, 1.2168679137909466, 0.6908034952506068, 421.88523733231057, 0.8408142823537349, 1.0021371829509254]
00441627,93384,392076,322,6;[9057.070000000002, 424, 1.4980199071231, 0.7611337057784305, 1635.2590209349778, 0.8533617294763073, 0.9801334321719792]
00441627,93384,392076,322,7;[15986.970000000001, 440, 1.2458601080494724, 0.7311456583295168, 551.6198462274316, 0.8090290400380505, 1.0078125]
00023698,93080,390528,134,4;[50730, 1068, 1.0195976013283141, 0.9416815472712002, 106.73840478038007, 0.9824062191657561, 0.9948424293530485]
00023698,93080,390528,134,5;[32137.14, 722, 1.0078854189891433, 1.013414209980644, 116.63098906489452, 0.9895434332199322, 0.9812513625463266]
00023698,93080,390528,134,6;[38668.25, 748, 1.0119806230852137, 0.8016064169445177, 114.47467328846068, 0.9890644631038052, 9999]
00023698,93080,390528,135,7;[38513.16, 688, 1.0083897586046573, 1.0117389089138091, 162.42444615493253, 0.9858130161766707, 9999]
00023698,93244,391403,53,4;[51195, 1022, 1.0156213303600359, 0.8120712758459384, 144.89464082346188, 0.9865749572742271, 0.9854762798486992]
00023698,93244,391403,53,5;[39153.38, 806, 1.0102162086185273, 0.8219264752022125, 107.96273207170495, 0.9890131537606472, 0.9936278802887084]
00023698,93244,391403,54,7;[40517.46, 702, 1.0207061917706963, 1.0193027392126506, 179.45160421442154, 0.9815379085237981, 1.0024605367755612]
00023698,93244,391403,55,6;[32312.820000000003, 714, 1.0456990845119167, 0.9394046339370987, 200.55027481560595, 0.9796784384215971, 0.999639746551103]
