02230684,93070,390457,249,4;[23865, 748, 0.7328344776945864, 1.397932557359261, 711.2939864679815, 0.9389937983639073, 1.0028996469994957]
02230684,93070,390457,249,5;[51380.63, 908, 0.6798185131805852, 1.0656713370861477, 899.9145187513604, 0.8502647935458468, 1.0046887179904829]
02230684,93070,390457,249,6;[51309.240000000005, 846, 0.6780941464893092, 1.0566356765913647, 909.8984335396605, 0.850608479821502, 1.0072344888793265]
02230684,93070,390457,249,7;[42619.68, 726, 0.6674027675762523, 1.0791079417137148, 1063.576933614101, 0.8496843183826647, 1.0048518298071893]
02230684,93070,390457,250,4;[37305, 848, 0.7156256807709069, 1.0733937861501617, 550.9918587553522, 0.9202628349677832, 0.9849765010297301]
02230684,93070,390457,250,5;[33480.65, 742, 0.6771152243136954, 1.0363379371468395, 846.0611965409789, 0.8824903614984405, 0.982813427882768]
02230684,93070,390457,250,6;[22468.0, 632, 0.7047691250817694, 1.201387844240786, 697.2957650809736, 0.9469930419925618, 1.005425619961377]
02230684,93070,390457,250,7;[19336.14, 568, 0.6694753478522409, 0.9633736100644466, 711.0964096243732, 0.9486039780296559, 1.0101510670609863]
02230684,93070,390457,251,4;[24347, 774, 0.7411978462093858, 1.0929284156422752, 527.9938416490229, 0.9430533086560052, 0.887232840770366]
02230684,93070,390457,251,5;[22042.37, 678, 0.6778605177343676, 1.1601419218945574, 660.5114159872833, 0.9525413001458661, 1.003929432806699]
02230684,93070,390457,251,6;[22674.870000000003, 650, 0.7136540821073502, 1.0528377871163117, 616.9274271473125, 0.9344776911426951, 0.9039322774440197]
02230684,93070,390457,251,7;[48800.88, 776, 0.6893396357037406, 1.0078817423883177, 799.078420637013, 0.8776211359997143, 1.0068340725074576]
02230684,93071,390465,303,4;[33146, 814, 0.6768428211367563, 1.0147092725474893, 871.9885768899937, 0.8910072908498357, 0.9726509771700217]
02230684,93071,390465,303,6;[22092.620000000003, 628, 0.6911067640280406, 1.028418042673184, 658.594416181424, 0.9522608787393957, 1.0055810183019986]
02230684,93071,390465,303,7;[44151.21, 736, 0.665305230152115, 1.0356799710241618, 1049.2880909761718, 0.8465725626244378, 1.0057682588920063]
02230684,93071,390465,304,5;[23491.789999999997, 702, 0.7204930354992429, 1.0685903266015981, 582.2934938680891, 0.9346355864742404, 0.8996900920608878]
02230684,93071,390465,305,4;[43701, 916, 0.713231522466384, 1.0654515297440554, 593.2885217211181, 0.9139367355476277, 0.9959093446975308]
02230684,93071,390465,305,5;[25206.579999999998, 734, 0.7714979971290081, 1.500371707978093, 517.541212242658, 0.9330190600873439, 0.995090785239471]
02230684,93071,390465,305,6;[27967.180000000004, 698, 0.9460903397479332, 1.0175626289060002, 425.426050414528, 0.9682669862610551, 1.0043047253585222]
02230684,93071,390465,305,7;[20252.61, 604, 0.7045291899993834, 1.41676523596903, 742.2229564271321, 0.9498365948699787, 1.0067690903559476]
02230684,93074,390488,468,4;[44422, 920, 0.6800242078254135, 1.0687756839264295, 891.839045362253, 0.8661707675329015, 0.9983032754649137]
02230684,93074,390488,468,5;[22876.559999999998, 680, 0.7280662252392015, 1.1768045461434187, 719.1681345527767, 0.9284377192781604, 1.004257542118323]
02230684,93074,390488,468,6;[21585.72, 628, 0.7022531581976016, 1.0305936173978134, 671.6630803307758, 0.947315503943386, 1.006194520722907]
02230684,93074,390488,468,7;[40951.98, 710, 0.6665121855506165, 1.0774324027830695, 1058.1709424624187, 0.8423259680412017, 1.0067136812411848]
02230684,93074,390488,469,4;[53634, 1024, 0.7068604201172766, 1.0939591021255413, 598.00314310192, 0.8888673629582665, 1.0038180797304885]
02230684,93074,390488,469,5;[22029.28, 676, 0.7138711430199256, 1.0670479843751477, 664.0349632191501, 0.9457162226174307, 1.0048036475154016]
02230684,93074,390488,469,6;[21852.870000000003, 628, 0.5332409974506434, 0.9562888103405361, 646.8290503569716, 0.9544509593329112, 1.009461127108186]
02230684,93074,390488,469,7;[20780.46, 554, 0.710648806294987, 1.028639745961224, 652.1805081747888, 0.932541897065589, 1.0051433857539316]
02230684,93074,390488,471,4;[54154, 1020, 0.6740502140665308, 1.0264834358399693, 942.066246499843, 0.838829678485162, 1.0032048313295419]
02230684,93074,390488,471,6;[55389.100000000006, 888, 0.6931272969802633, 1.0924122643900394, 828.6798473052681, 0.8233109669701725, 1.004759123724791]
02230684,93074,390488,471,7;[19668.15, 570, 0.6068966317807509, 1.095505079073675, 583.0656095649917, 0.9630022683480373, 1.0085912675061786]
02230684,93074,390488,472,5;[38226.369999999995, 786, 0.7307016708287343, 1.1107939765562513, 545.9279637559554, 0.9162921498785104, 0.9971596641264027]
02230684,93180,391143,26,4;[37469, 850, 0.7297105696102553, 1.0839007547693174, 500.3265263277168, 0.9249946686244943, 0.9925168536349549]
02230684,93180,391143,26,5;[24102.26, 686, 0.7230522175032058, 1.0837305938578492, 550.8295970171059, 0.9357903964135728, 0.9451677633114004]
02230684,93180,391143,26,6;[21628.190000000002, 628, 0.6763510197934465, 1.3668068857081994, 634.4953169328767, 0.955511793459276, 1.0046135734512711]
02230684,93180,391143,26,7;[51458.49, 800, 0.6928771008399736, 1.0174759122102925, 753.1342770673741, 0.8632963258777729, 1.007473752003235]
02230684,93180,391143,27,5;[48704.32, 882, 0.702846050804793, 1.0603770933982621, 700.8958725916816, 0.8984173387158331, 1.004589970791095]
02230684,93180,391143,27,6;[24320.24, 684, 0.75418068293145, 1.0380753350418959, 664.7809685941767, 0.9532378778328602, 0.9982006297795771]
02230684,93180,391143,27,7;[37726.74, 682, 0.6744964231814577, 1.0259536074890017, 921.0500510739262, 0.8640007533257171, 1.00819789430645]
02230684,93180,391143,28,4;[21969, 734, 0.6127404328331604, 1.084053369641646, 552.3030447184592, 0.96374682617216, 1.0004326145859423]
02230684,93188,391175,188,5;[35519.119999999995, 760, 0.733263634667268, 1.0661764705968022, 572.3853510706775, 0.912965577841751, 0.997360243258596]
02230684,93188,391175,188,6;[50409.15, 838, 0.6876600107166435, 1.0979714747406142, 879.788229124885, 0.8318872216964268, 1.007171598281006]
02230684,93188,391175,188,7;[20613.69, 576, 0.7691156055558069, 1.6624078824617086, 680.464515397711, 0.9181378207027456, 0.9990360373720896]
02230684,93188,391175,189,4;[37678, 848, 0.7209702107525807, 1.0681997525935325, 574.9779214914138, 0.9132831344081201, 0.9936705522443167]
02230684,93188,391175,190,5;[21543.76, 676, 0.5625078429764409, 1.0291138656446859, 588.5042763701473, 0.9593600231717523, 1.0041599645016364]
02230684,93188,391175,190,6;[50679.04, 842, 0.6797724919666841, 1.0654248334154186, 867.6844417077401, 0.8492913977742543, 1.006996052810671]
02230684,93188,391175,190,7;[27660.87, 620, 0.8121287301352906, 1.094059293261398, 306.58644537923425, 0.920868161224408, 1.0010520487264674]
02230684,93188,391175,191,4;[50962, 988, 0.6799051719983367, 1.0771059564616103, 922.9341771568004, 0.8496481760553259, 1.0022518314568072]
02230684,93188,391175,192,4;[22586, 762, 0.7073008514477246, 1.0355933069915344, 700.1258145803768, 0.9234554460699633, 0.871659301854389]
02230684,93188,391175,192,5;[46730.11, 864, 0.7159974970898122, 1.0680193500707407, 641.8648808957619, 0.9021861788191801, 1.0041553194481736]
02230684,93188,391175,192,6;[22085.77, 612, 0.6987976224570205, 1.0337032439788376, 744.1140329784365, 0.9152892687851146, 1.003017576606004]
02230684,93188,391175,193,7;[32042.79, 634, 0.6661057564561804, 1.047789774311084, 1022.9239139331215, 0.8672121941388711, 1.0051353426761374]
02230684,93262,391475,398,4;[35132, 826, 0.7370635620098638, 1.1080282418036917, 494.80484720586, 0.9282477109330661, 0.9963133117803868]
02230684,93262,391475,398,5;[30029.649999999998, 714, 0.7263425124533394, 1.081684448077336, 562.5167629620765, 0.9228602037564901, 0.9919223285705863]
02230684,93262,391475,398,6;[21646.0, 628, 0.8995559267481408, 1.143131133180174, 567.069038869572, 0.9640303288552817, 1.0048014245286019]
02230684,93262,391475,398,7;[23335.56, 570, 0.6886546175928828, 1.0180622956464056, 839.6318877738978, 0.9043339669474884, 1.0063009269950187]
02230684,93262,391475,399,4;[50559, 988, 0.7142836136840786, 1.0411550145233999, 577.843976416593, 0.9004698735281458, 1.0025679413835156]
02230684,93262,391475,399,5;[20979.7, 666, 0.7017686393271823, 1.1121910373111508, 646.4855311396998, 0.9534507519194674, 1.003986332574032]
02230684,93262,391475,399,6;[22051.52, 632, 0.6557144117241568, 1.2375416360231912, 585.037745381748, 0.9632374833701068, 1.0069440100093838]
02230684,93262,391475,399,7;[43265.340000000004, 728, 0.6987531180889618, 0.999921213333593, 701.2657914930217, 0.896516707196541, 1.006639018920314]
02230684,93262,391475,400,4;[21592, 726, 0.7004259279422116, 1.0492550831059104, 629.4830034449843, 0.953588007756283, 1.0049568313513766]
02230684,93262,391475,400,5;[21756.77, 682, 0.5967735883867401, 1.04537389273773, 551.1770106399862, 0.9660627908840026, 0.9991802382774073]
02230684,93262,391475,400,6;[21832.320000000003, 634, 0.9027622762625716, 1.101075248651396, 559.4219795413569, 0.9662253167891074, 1.0073324905183312]
02230684,93262,391475,400,7;[23035.68, 566, 0.7240165677068591, 1.048434088521381, 521.2238869394489, 0.9435056047962214, 1.0059464154473174]
02230684,93387,392101,512,4;[23628, 754, 0.9097057319659595, 1.1556452979487226, 553.6728852933268, 0.9639709269048843, 0.9960164400885235]
02230684,93387,392101,512,5;[33980.45, 754, 0.7315972337295005, 1.099525604347166, 571.2018260654457, 0.9138065442362859, 0.9761892552518674]
02230684,93387,392101,512,6;[25099.77, 688, 0.9300994767048864, 1.0526416582182108, 525.0094557046606, 0.9645613188463977, 1.0028737991624928]
02230684,93387,392101,512,7;[25085.88, 584, 0.6853230151212936, 1.0670614253704132, 853.6745054817852, 0.8978565772329318, 1.0049955561004016]
02230684,93387,392101,513,4;[27486, 782, 0.6819596118689266, 1.0478115724193366, 859.2956054829937, 0.896686177476467, 0.9235111297774045]
02230684,93387,392101,513,5;[40611.13, 810, 0.7208726587433248, 1.1217938724957768, 642.3564058784899, 0.902416864312178, 0.9956965090665072]
02230684,93387,392101,513,6;[51035.240000000005, 846, 0.6867095048653272, 1.0859256649364974, 861.1686197421774, 0.8368203219220137, 1.0035560344827585]
02230684,93387,392101,513,7;[46291.68, 754, 0.6600851666614973, 1.0838094164967695, 1121.5322693965452, 0.8341661497480808, 1.0054332474869154]
02230684,93387,392101,514,4;[25467, 762, 0.7772867627650379, 1.7057762384758182, 668.9014533210125, 0.9332487083978555, 1.0021643318117426]
02230684,93387,392101,514,5;[54494.86, 936, 0.6767643513500198, 1.0409473168687708, 970.687780513148, 0.8299199259174552, 1.0034072110170142]
02230684,93387,392101,514,6;[22087.140000000003, 632, 0.5809276762017732, 1.1355970523230954, 729.1926812865379, 0.9499579147465579, 1.0030485908044546]
02230684,93387,392101,514,7;[39112.92, 694, 0.6745643707589587, 1.0768582965760258, 957.289283801587, 0.863041396257516, 1.0045385779122542]
02230684,93388,392109,558,4;[51694, 1000, 0.7112264078707589, 1.0617177697065734, 605.1203471294514, 0.9007864993037492, 1.0016178878329023]
02230684,93388,392109,558,5;[30481.85, 728, 0.6781565723340007, 1.0171277238381953, 838.0992817658946, 0.8918855256491685, 0.9540925598286619]
02230684,93388,392109,558,6;[39643.69, 748, 0.6722957440518984, 1.0333592792668262, 904.8112089572267, 0.8710260321017115, 0.9954419580660142]
02230684,93388,392109,558,7;[45093.69, 746, 0.7152882157316068, 1.0153282569907929, 691.492276687864, 0.8936303304596668, 1.0061791615458147]
02230684,93388,392109,559,6;[51321.57000000001, 850, 0.6818524859305746, 1.0379059458270419, 852.4032914919392, 0.8539051761600969, 1.0026363332218133]
02230684,93388,392109,560,4;[24292, 786, 0.7382448576016511, 1.1130920875105457, 507.5177275376904, 0.9448719359450781, 0.8820784691080085]
02230684,93388,392109,560,5;[47456.009999999995, 870, 0.674090989107274, 1.0619515022104684, 887.6941039259659, 0.8649121292444433, 1.0016829096754747]
02230684,93388,392109,560,6;[40257.450000000004, 752, 0.7160994991120001, 1.0797618146561785, 646.0190177317489, 0.9062795776912367, 0.9942816539216349]
02230684,93388,392109,560,7;[41320.71, 712, 0.6698240357079206, 1.0598598234883256, 998.8985109097392, 0.8632455581003415, 1.0050612184139034]
02230684,93391,392131,705,4;[36228, 838, 0.7352812921607224, 1.0604676481425508, 545.9515411022398, 0.9162236604298705, 0.9780645509644849]
02230684,93391,392131,705,5;[49116.06, 888, 0.7134149531373378, 1.0660452362554087, 584.7869833248676, 0.9032859902033743, 1.004209143329846]
02230684,93391,392131,705,6;[49898.14000000001, 836, 0.6732979927846556, 1.0627459318838055, 909.2984577157848, 0.8477620570304862, 1.00348528054442]
02230684,93391,392131,705,7;[39060.9, 696, 0.6759544977193097, 1.0812832061802276, 972.3807119108294, 0.8541141829707777, 1.0046039428638887]
02230684,93391,392131,706,4;[26282, 776, 0.6915179035745652, 1.0215728169409497, 805.1961755274734, 0.9000356778508625, 0.9139657810543886]
02230684,93391,392131,706,5;[23952.32, 704, 0.7282910316405007, 1.0831892851781948, 552.0347926419053, 0.935647354011289, 0.8982706683030235]
02230684,93391,392131,706,6;[52312.08, 856, 0.6769637153709799, 1.069664416605839, 905.0062283438436, 0.8407422959104147, 1.0056757575358521]
02230684,93391,392131,706,7;[29499.93, 616, 0.729747432177104, 1.0533074875861594, 564.7852850569157, 0.9253688742257771, 1.0059477226483018]
02230684,93391,392131,708,4;[31750, 802, 0.7307165610173548, 1.075168756936779, 483.3778282434999, 0.9334947511420537, 0.959707402593477]
02230684,93391,392131,708,5;[27494.949999999997, 712, 0.6837564827826226, 1.0242252009576167, 833.1802896186109, 0.892750593246396, 0.9390367811420443]
02230684,93391,392131,708,6;[54130.07000000001, 874, 0.6975220863365008, 1.0920029085192742, 756.4799050774202, 0.8720130020505855, 1.0064060927928271]
02230684,93391,392131,708,7;[23539.05, 616, 0.9149908607666738, 0.9950907993137199, 624.1251560429602, 0.9497410377674301, 1.0038824181919024]
00023892,93026,390259,210,4;[92611, 1418, 1.0160441936584983, 0.9304499353148526, 74.45688925008452, 0.9880816605513132, 0.9949399454244644]
00023892,93026,390259,210,5;[94888.22, 1378, 1.0014205542741594, 0.9214935775142608, 74.6538927008212, 0.9898794256868059, 0.9885570473958915]
00023892,93026,390259,211,6;[95338.3, 1286, 0.9940124245760389, 0.9461625478712523, 64.84368830459766, 0.9871449405213691, 9999]
00023892,93026,390259,211,7;[92165.67, 1228, 1.025457311970587, 0.9129974662194441, 96.16186030449495, 0.9897792446865475, 0.9926669303275987]
00023892,93026,390259,212,5;[96077.03, 1324, 1.024863976416576, 0.9152186552580622, 123.85239814624725, 0.9837529135848878, 80737.0]
00023892,93026,390259,212,7;[92529.81, 1152, 1.0332821118120454, 0.9098564960488107, 124.19430960027086, 0.9869055025334524, 0.994548459508128]
00023892,93026,390259,213,4;[90619, 1400, 0.9987099010700802, 0.934555185539091, 60.12113214553628, 0.9906597384443807, 0.9921878849259573]
00023892,93026,390259,213,6;[95193.08, 1278, 0.989239541281801, 0.9351501072580485, 55.0984043912589, 0.989414745965852, 0.9943616016485876]
00023892,93026,390259,214,4;[100641, 1570, 1.0094269700037355, 0.8690844925864935, 86.1464904029383, 0.9922469789182753, 0.9511887378255384]
00023892,93026,390259,214,7;[89982.36, 1158, 1.008920090794288, 0.9329343800151616, 58.02976786039906, 0.9899631349538053, 0.9979637548360822]
00023892,93026,390259,215,5;[95573.65999999999, 1358, 1.0317974933529983, 0.933398931652862, 94.94247928936427, 0.9849689627285628, 0.9944035856672362]
00023892,93026,390259,217,6;[94154.62000000001, 1266, 0.9992145882702959, 0.9332819723681481, 71.57122887508336, 0.9858247548618859, 9999]
00023892,93049,390350,751,4;[94062, 1416, 1.0042568194395987, 0.9269790547528483, 71.87525478755839, 0.9890887467282874, 0.9971271983293227]
00023892,93049,390350,751,6;[95987.68000000001, 1284, 1.0095928404100811, 0.9253451933941378, 98.42784833501379, 0.9835381050528386, 0.994344509490864]
00023892,93049,390350,751,7;[89679.42, 1162, 1.0041294275073303, 0.9535479364809879, 46.058774457944274, 0.9917592787674725, 0.9962267999184173]
00023892,93049,390350,752,5;[96983.81, 1404, 1.0146149076499849, 0.9020451217885349, 91.74932642453085, 0.9889152050712641, 9999]
00023892,93049,390350,754,7;[90897.3, 1178, 1.0301547328590062, 0.9025702558377184, 106.2823224278836, 0.987943185325579, 0.9895317171481632]
00023892,93049,390350,755,4;[94211, 1432, 1.006878641709757, 0.9021774065487673, 67.40252514981128, 0.9898337940644919, 0.9970525825620836]
00023892,93049,390350,756,5;[96698.20999999999, 1396, 1.018777525987453, 0.9174234812121812, 92.5480158782108, 0.9880598833555087, 0.9951076740327094]
00023892,93049,390350,756,6;[95656.14000000001, 1324, 1.015869651702508, 0.9346324469381384, 72.73117350095313, 0.9913127711952096, 0.9911210475886298]
00023892,93049,390350,759,5;[96461.4, 1336, 0.9983372822599396, 0.9318084676447657, 72.49302335243128, 0.9886949927878868, 9999]
00023892,93049,390350,759,6;[95868.49, 1302, 1.014836196554872, 0.9488075913305484, 90.71000575414179, 0.9850786410477492, 0.9903199784888411]
00023892,93049,390350,760,4;[93045, 1480, 1.006407325199679, 0.9047898848903233, 81.23724104642969, 0.9897547141549994, 9999]
00023892,93049,390350,760,7;[89624.34, 1120, 0.9943237821856326, 0.9496279440033996, 43.224490146306906, 0.9927302380798315, 0.9985255137263592]
00023892,93049,390350,762,4;[93819, 1410, 1.0108942299757921, 0.929920250343206, 75.34480076131943, 0.988044022170128, 0.9959448413498795]
00023892,93049,390350,762,5;[95332.09, 1408, 0.9973485956391293, 0.9204010381176894, 58.16578114818714, 0.993176482685951, 0.9936309682540667]
00023892,93049,390350,764,6;[96163.04000000001, 1240, 1.0204081692490419, 0.9240917712752229, 120.17536190160143, 0.9837515655368135, 0.9950877889379559]
00023892,93049,390350,765,7;[90767.25, 1130, 1.0421586617828782, 0.9063415631994299, 118.69597953445579, 0.9871334237014758, 1.0017053897068755]
00023892,93049,390350,768,4;[91215, 1390, 0.9976108402478597, 0.9366020212282651, 56.67169378485127, 0.9905504434179085, 0.9933298848384199]
00023892,93049,390350,769,5;[93813.65, 1352, 0.988616800064661, 0.9505031169705055, 43.70675916526144, 0.9920036319898549, 0.9901033620938674]
00023892,93049,390350,769,6;[95650.66, 1292, 1.0269486114441029, 0.9221812211990361, 122.71199409600104, 0.9803018617699638, 0.9938080936045436]
00023892,93049,390350,769,7;[90528.57, 1160, 1.035041309645009, 0.9280734162924721, 101.90240378751751, 0.9898436454282711, 0.9946208542755803]
00023892,93049,390350,771,4;[91901, 1452, 1.007159125444201, 0.9205988503231611, 65.16109412411225, 0.9904268585308402, 0.9947879739128082]
00023892,93049,390350,772,5;[96073.45999999999, 1412, 1.015219393434655, 0.9214154617550364, 92.3423385228769, 0.9875485882731128, 0.9886239790357935]
00023892,93049,390350,772,6;[95035.53000000001, 1328, 1.0242700862042984, 0.9232330309140899, 78.05145689182541, 0.9902240643257104, 0.9895085194245733]
00023892,93049,390350,772,7;[88788.96, 1104, 1.002193144536555, 0.95969770641344, 38.50327567234768, 0.993428979803523, 1.0019077544607788]
00023892,93099,390646,1221,5;[95635.54, 1418, 1.0372388954291334, 0.935841814106927, 102.41278517603428, 0.9855194395582108, 0.9922402138416806]
00023892,93099,390646,1221,6;[95230.07, 1274, 1.001310780568388, 0.9198100533614311, 78.59980425153626, 0.9854962731299645, 0.9925888904755105]
00023892,93099,390646,1222,4;[92322, 1452, 1.0113961915944594, 0.9421933268817028, 52.99737420294115, 0.9914403680781673, 0.9929605868149478]
00023892,93099,390646,1223,7;[89509.59, 1138, 1.0006021162367051, 0.9296266317835783, 61.928812509567464, 0.9899567467918391, 0.9939516471567644]
00023892,93103,390673,1488,5;[95532.01, 1306, 1.0060955150168478, 0.9385535335721296, 66.80304338640703, 0.9885006793800635, 0.993957928361831]
00023892,93103,390673,1489,4;[91819, 1466, 1.0018152164294294, 0.9341657548321475, 59.9862703233153, 0.9889055273284264, 0.9856583114164564]
00023892,93103,390673,1489,6;[95828.76000000001, 1226, 1.0084831232773173, 0.9253014906927638, 67.09499560769929, 0.9873162877627496, 1.00068669527897]
00023892,93103,390673,1489,7;[88876.17, 1156, 1.0087983776590537, 0.9597142492090539, 47.9361102788234, 0.9931076681282629, 0.9982814621320181]
00023892,93103,390673,1490,4;[91274, 1462, 1.0099605603744155, 0.937923466539687, 53.41856985370234, 0.9905429427294747, 0.9928695358943538]
00023892,93103,390673,1490,5;[93906.47, 1362, 1.0004038151476906, 0.9427182079644918, 57.953135530105115, 0.989556670975227, 0.9886864789014734]
00023892,93103,390673,1492,7;[92464.02, 1178, 1.035647198939995, 0.9351479860427844, 117.39706896763154, 0.9849955983351689, 1.0001737734490719]
00023892,93103,390673,1493,6;[93338.1, 1322, 1.0022901991384694, 0.9249347221997005, 66.91939063892441, 0.9907752064175155, 9999]
00023892,93103,390673,1494,4;[91320, 1462, 1.0217962247786585, 0.9272983370317596, 61.40222008598016, 0.9892803315640634, 0.9935914872319359]
00023892,93103,390673,1494,7;[89778.87, 1182, 1.0102114628778205, 0.9511744008209252, 46.24757529179707, 0.9906650473507022, 0.998604516601147]
00023892,93103,390673,1496,5;[93285.29, 1362, 0.996304254460408, 0.9385897092657679, 59.795412907966465, 0.9883746670518907, 0.9870808517068134]
00023892,93103,390673,1496,6;[94283.40000000001, 1262, 1.00217509573467, 0.9351515004450848, 62.31275769802199, 0.9883873661257767, 0.9949256191178384]
00023892,93103,390673,1499,4;[94112, 1442, 1.0193794238569454, 0.9036019728833273, 92.12450540670405, 0.9876490056084498, 1.0002922904410396]
00023892,93103,390673,1499,5;[93898.14, 1370, 0.9979011461486544, 0.9379102657752916, 60.872233255583666, 0.9882958289075674, 0.9883820701835696]
00023892,93103,390673,1499,6;[95647.92000000001, 1230, 1.0362822863071601, 0.9209082126294333, 115.44782661389189, 0.984836169841508, 0.9997923543437324]
00023892,93103,390673,1499,7;[90392.40000000001, 1134, 1.0056394446099965, 0.9483205961695961, 56.939292746957456, 0.9908745803188536, 0.9978044249282216]
00023892,93122,390798,1587,7;[91982.07, 1154, 1.0379962988063904, 0.8916649083881645, 128.40748904993342, 0.9851392062934953, 0.9963043982632329]
00023892,93122,390798,1588,4;[93263, 1522, 1.0343964971033042, 0.8955177928323427, 127.94601037636897, 0.9835429404401321, 0.988856373391013]
00023892,93122,390798,1588,6;[95538.32, 1272, 1.0201171341477493, 0.9223674107111368, 100.79638914329955, 0.985300069309392, 0.9949919385906089]
00023892,93122,390798,1589,5;[95398.73, 1308, 0.9885708159313844, 0.9248256724876545, 55.141382330355995, 0.9892162139147407, 0.9962965264400672]
00023892,93122,390798,1590,7;[90756.54000000001, 1204, 1.018194813626583, 0.9238754637144159, 90.56640042849686, 0.9892491374704253, 0.9929443667924908]
00023892,93122,390798,1591,4;[93569, 1528, 1.0176960207921453, 0.8915479811843451, 96.01364109273158, 0.988751462634787, 9849.368421052632]
00023892,93122,390798,1591,5;[97058.78, 1316, 1.0160888672198856, 0.9215252797697663, 102.39654337509684, 0.9856148344480832, 0.9967249175119149]
00023892,93122,390798,1591,6;[95989.05, 1294, 1.0159165572837912, 0.9608101894501084, 85.3547151298866, 0.9832085055716978, 0.9944998403179447]
00023892,93139,390920,17,4;[94506, 1500, 1.027088527191362, 0.8794523808120088, 114.86559109061153, 0.9863131026907964, 0.9932369586808129]
00023892,93139,390920,17,5;[97151.59999999999, 1388, 1.0106539310008886, 0.8995172322902854, 88.3860307557242, 0.9889091210211214, 0.9973063931932984]
00023892,93139,390920,18,6;[93028.48000000001, 1260, 0.9926002311185911, 0.9162809410379069, 61.16660810306882, 0.9898389576729316, 0.9968876622232662]
00023892,93139,390920,18,7;[91411.38, 1134, 1.0992383902203307, 0.9192570864558904, 118.61364803335186, 0.9865231889030311, 0.9962980256136607]
00023892,93139,390920,19,4;[91516, 1450, 1.0078401798707501, 0.9274654317894875, 52.99583780040853, 0.9916924179574511, 0.9933193316075393]
00023892,93139,390920,19,5;[92553.44, 1288, 0.9941966294147649, 0.9399912651471408, 48.34401312728484, 0.9927536248094876, 0.9988890672660138]
00023892,93139,390920,19,6;[93509.35, 1212, 1.0023493463701187, 0.9393343284079632, 79.65025329383224, 0.9861169022764733, 0.9954061542948811]
00023892,93139,390920,19,7;[93131.1, 1150, 1.0367814326425413, 0.9034313358402737, 119.52672608978803, 0.9866625731434625, 0.9981633924764685]
00023892,93166,391047,301,4;[102526, 1548, 1.0169194178602992, 0.8777736446207596, 90.59786947818188, 0.9920086285155629, 0.9509393361807903]
00023892,93166,391047,302,5;[98361.83, 1412, 1.0000255947938408, 0.9186079384304046, 83.7879406486509, 0.989548586960397, 0.9902896336897595]
00023892,93166,391047,302,6;[96856.26000000001, 1332, 1.025932231875349, 0.9372100927300585, 96.82421065866093, 0.9893235990225459, 0.9920159400564076]
00023892,93166,391047,302,7;[89636.58, 1116, 1.0002456059630038, 0.9334403432675832, 53.866882251709995, 0.9917594057692131, 0.9887765607331522]
00023892,93166,391047,304,4;[93210, 1474, 1.0072942934122837, 0.8949077592480458, 64.91588183997156, 0.9915019402402596, 0.9885774284896115]
00023892,93166,391047,304,5;[98044.09999999999, 1414, 1.0097857147329659, 0.9330331600770386, 79.8704445912493, 0.9902966082833385, 9999]
00023892,93166,391047,304,6;[96146.6, 1338, 1.0135963825545302, 0.9279488245460283, 70.15376689179699, 0.9915276780806666, 9999]
00023892,93166,391047,306,7;[91706.67, 1198, 1.0265517488271827, 0.9105202322739891, 108.71568258820389, 0.988825646452968, 0.9910630874924561]
00023892,93166,391047,307,4;[94598, 1538, 1.0579995180405166, 0.9287852761001495, 133.8856277141715, 0.9843835297765637, 0.9955326370070247]
00023892,93166,391047,307,5;[98700.98, 1422, 1.0012072743528282, 0.9337293742777901, 76.05651287313088, 0.9908686337529213, 9999]
00023892,93166,391047,307,7;[92809.8, 1208, 1.0218386772767731, 0.9280973687932741, 101.16117528722921, 0.9889602373807543, 0.9956013655462185]
00023892,93166,391047,308,6;[95457.49, 1314, 1.0110277868295992, 0.9237065064668254, 86.05835334072907, 0.9894916578043099, 9999]
00023892,93166,391047,309,5;[98240.45, 1320, 1.0110499269454292, 0.9342055335468392, 83.12772060305193, 0.9881753350248276, 1.0001272041141445]
00023892,93166,391047,309,6;[95802.73000000001, 1258, 0.9954649007721109, 0.95088598087129, 51.35024929924335, 0.9913813996686319, 9999]
00023892,93166,391047,310,7;[92852.64, 1174, 1.0364615348407051, 0.9218120312042933, 113.10243558424547, 0.9879807126376885, 0.9966252555691494]
00023892,93166,391047,311,4;[94312, 1548, 1.0183315127580725, 0.8784015566832107, 87.01246476361891, 0.9910134523103105, 0.9924810447611981]
00023892,93166,391047,312,5;[97339.62, 1418, 1.0078214353836703, 0.9133770726019503, 80.56817309501915, 0.9900963734879676, 0.9897872752353525]
00023892,93166,391047,312,7;[90403.11, 1176, 1.0103433459216362, 0.9384740993298968, 65.00694614521767, 0.9876306688220488, 0.9922750096562379]
00023892,93166,391047,314,4;[94416, 1518, 1.0347146739199957, 0.8917116248877807, 112.8082196363341, 0.9873504709501475, 0.9903135636331216]
00023892,93166,391047,314,6;[93869.66, 1220, 0.9905679278510596, 0.9477478851446883, 37.3871021726515, 0.9935111789189628, 9999]
00023892,93166,391047,315,7;[90819.27, 1176, 1.004813273122673, 0.938296692969693, 58.33190132242037, 0.9882988391895713, 0.9961903802906723]
00023892,93166,391047,316,4;[91221, 1450, 0.9943388596203271, 0.9389536448875085, 42.51792120787346, 0.9927696618710962, 0.989279846436647]
00023892,93166,391047,316,5;[95551.05, 1380, 0.9950794567764044, 0.9521981225145483, 50.39466035948726, 0.9909775413690899, 9999]
00023892,93166,391047,316,6;[95547.91, 1242, 1.021758306850226, 0.9386996652158704, 103.50965344886869, 0.9872397165584255, 9999]
00023892,93265,391506,609,4;[91999, 1462, 1.028048929718139, 0.8979910050086684, 60.49414841799921, 0.9919458494124359, 0.9949387349000184]
00023892,93265,391506,609,5;[96956.44, 1412, 1.0077934810706421, 0.9235989152688951, 77.05094333947079, 0.9894107889801897, 0.9929135057733907]
00023892,93265,391506,609,6;[95946.58, 1270, 1.0044063503258838, 0.9366693963450596, 74.60965059876266, 0.9852408421841474, 0.9908602150537634]
00023892,93265,391506,609,7;[91344.06, 1172, 1.0147838907858038, 0.9450277097540786, 62.320860603145725, 0.9908167582567575, 0.9970024130992042]
00023892,93265,391506,612,4;[95513, 1428, 1.0275237814770013, 0.9016657179967023, 102.92813879812388, 0.986274785337804, 9999]
00023892,93265,391506,612,5;[95004.84, 1362, 0.9989822874056014, 0.9367027109244497, 61.232871275401926, 0.9905141888729317, 9999]
00023892,93265,391506,613,6;[96428.82, 1306, 1.0088462943925212, 0.9416517332407627, 80.98045716336975, 0.9850472693518587, 0.9933528091790508]
00023892,93265,391506,613,7;[92444.13, 1200, 1.0100144932988766, 0.949000364063337, 52.88544641718459, 0.9901442151916354, 0.99741653254096]
00023892,93329,391882,100,4;[89571, 1422, 1.0045582111703892, 0.9290272908080096, 60.71404661951753, 0.9907467227995309, 9999]
00023892,93329,391882,100,5;[95760.48999999999, 1314, 1.0014968410566154, 0.936113277778983, 56.5333923728097, 0.9907405139511056, 0.9980465964268218]
00023892,93329,391882,100,6;[94291.62000000001, 1210, 1.024545287603457, 0.9415175936224898, 59.86855743290816, 0.9896300416328353, 0.9955304838359731]
00023892,93329,391882,87,4;[93975, 1432, 1.0542621991475085, 0.937250671089021, 127.8290403740921, 0.9808000576079602, 0.9951605388004067]
00023892,93329,391882,87,7;[90520.92, 1216, 1.0177249937146682, 0.9035621449918402, 88.75576615342364, 0.9899445168075792, 0.9937266428721394]
00023892,93329,391882,88,5;[96428.08, 1404, 1.0335262988751228, 0.8978843140250746, 91.74747174569461, 0.9892755137217717, 0.9929601195983163]
00023892,93329,391882,88,6;[94128.59000000001, 1316, 1.0139176929802318, 0.9300961545383143, 74.13954408942635, 0.9913920528363622, 0.9894298757218358]
00023892,93329,391882,89,4;[90340, 1462, 0.9992471247785927, 0.923929209970205, 53.4210124926135, 0.9932997432187544, 9999]
00023892,93329,391882,89,6;[93747.73000000001, 1214, 0.9869406422525822, 0.950546662362923, 44.11838568046918, 0.9918175876924784, 9999]
00023892,93329,391882,89,7;[90146.07, 1198, 1.0126167312801755, 0.9488160400742294, 60.89317278153263, 0.988622837051628, 0.9931396015237839]
00023892,93329,391882,91,5;[95733.12, 1388, 1.0316382401039235, 0.9219545454312119, 111.19090413657985, 0.9847225156643902, 0.9941056533827618]
00023892,93329,391882,92,7;[89391.78, 1170, 1.0083598952507489, 0.9342592665815368, 51.915145162539226, 0.9904787665742328, 1.0000941450347052]
00023892,93329,391882,93,4;[91331, 1476, 1.0014136410916312, 0.9405193308432228, 46.83841102765158, 0.991499951610125, 0.9871753992487907]
00023892,93329,391882,93,5;[97333.67, 1416, 1.014740878442954, 0.9100369538380206, 74.98227703411273, 0.9912652801637288, 0.991766902706373]
00023892,93329,391882,93,6;[93605.25000000001, 1284, 0.9952295652710265, 0.9508319718051121, 50.92459886212178, 0.9906761857161073, 0.9918273139008246]
00023892,93329,391882,94,4;[92049, 1408, 1.0020414953763794, 0.9373424113668644, 53.1206588318205, 0.9917052245476408, 0.9953556772655265]
00023892,93329,391882,94,6;[91184.46, 1278, 0.9905011186332193, 0.9574260426265674, 40.4477583640621, 0.9938509010756, 9999]
00023892,93329,391882,94,7;[88614.54000000001, 1120, 1.0080886344489455, 0.9458098021265873, 56.90489988855238, 0.9897498296482681, 0.9920523449008256]
00023892,93329,391882,95,5;[96097.26, 1410, 1.0255900156079332, 0.9229424239876988, 78.84552100567834, 0.9883951510666669, 0.9949975357318877]
00023892,93329,391882,96,4;[90482, 1484, 1.0380860129272493, 0.925552849118763, 91.52271673997085, 0.9880054327532354, 0.9865131543082677]
00023892,93329,391882,96,7;[89244.90000000001, 1126, 0.9999886117592707, 0.947523726902524, 42.23684611748487, 0.9922659463300263, 0.9999142881631954]
00023892,93329,391882,97,6;[95323.23000000001, 1308, 1.0232360116328916, 0.9262526559365262, 114.31092452407493, 0.985070710337425, 0.9939573155052713]
00023892,93329,391882,98,5;[91312.26999999999, 1274, 0.9910956433572836, 0.9499125007788416, 40.481912020727336, 0.9931181500295134, 1.0025805018586147]
00023892,93329,391882,99,7;[91140.57, 1116, 1.040458220622072, 0.9168459149710392, 128.2515023403644, 0.9853835087709369, 0.9977889817590995]
00023892,93377,392048,10,6;[93998.44, 1270, 0.9919158486756011, 0.9298485050003288, 44.31097966349902, 0.9937217962071911, 3049.4222222222224]
00023892,93377,392048,3,5;[95604.59999999999, 1380, 0.9987641833365667, 0.9393509332390785, 64.83692702540026, 0.9879231311757988, 0.9854283191050928]
00023892,93377,392048,4,4;[94389, 1520, 1.0481839465197085, 0.8982303279844803, 146.38223343478478, 0.982646624664452, 0.9880923094638661]
00023892,93377,392048,4,6;[97017.92000000001, 1286, 1.0372960980095842, 0.9264170716955258, 123.47793040094903, 0.9807739478566936, 9999]
00023892,93377,392048,4,7;[92407.41, 1130, 1.0595645127019166, 0.9293841207882982, 170.5528109892539, 0.9818613008641736, 1.0012350283890754]
00023892,93377,392048,5,4;[93685, 1540, 1.0178861300818915, 0.9003955185041129, 93.95097312123575, 0.9899993008943256, 0.9824761944712446]
00023892,93377,392048,5,5;[95059.58, 1386, 0.9975705251686652, 0.9409213671685013, 54.60727821811455, 0.9905677231515972, 0.9902072590241967]
00023892,93377,392048,6,7;[93124.98, 1220, 1.0286517745050106, 0.8914510733339396, 118.29712978430149, 0.9879625097852601, 0.9942744194784086]
00023892,93377,392048,7,6;[96321.96, 1342, 1.0423455405613293, 0.9067963071804969, 124.40247179752821, 0.9854195786207434, 0.9907977621510408]
00023892,93377,392048,8,7;[92243.7, 1196, 1.022623329814651, 0.9085152390334844, 110.36142061975514, 0.988371274204613, 0.9908458921557349]
00023892,93377,392048,9,4;[90811, 1438, 1.0060688654956351, 0.9294232637887027, 47.099345259638056, 0.9922297516712043, 0.9900300352682733]
00023892,93377,392048,9,5;[96201.98, 1422, 1.0014563841948065, 0.9143044300938822, 83.43824513862316, 0.9901791203282161, 0.9884999847155566]
00441627,93067,390432,65,6;[21472.010000000002, 544, 1.2071747550462895, 0.7669454718363042, 296.42536616290715, 0.7847001280608507, 1.0052594445513436]
00441627,93067,390432,65,7;[16773.39, 448, 1.253618130917735, 0.6973485200506362, 523.0019403456191, 0.7855477682179377, 1.0095308255444542]
00441627,93067,390432,66,4;[10210, 490, 1.205591451736173, 0.6863116563155766, 613.2121337405814, 0.8722998402899627, 0.9194470710072493]
00441627,93067,390432,67,5;[16268.49, 512, 1.220647196279767, 0.7046617065922521, 462.8704074907715, 0.8445627125533454, 0.9832775919732442]
00441627,93067,390432,68,4;[11907, 494, 1.2003262112026345, 0.7715832962863078, 531.6485128296621, 0.8717618975734283, 0.9621429437194456]
00441627,93067,390432,68,7;[8421.12, 332, 1.2311721329364465, 0.7263238471111474, 701.494559475333, 0.8791896922543819, 1.0088901108972597]
00441627,93264,391493,588,5;[20519.17, 566, 1.20625089539276, 0.7685909233089576, 315.5605880943431, 0.8317790326969933, 1.0058332847226272]
00441627,93264,391493,588,6;[18714.2, 500, 1.2130593104670668, 0.7637348278576689, 363.8229627501239, 0.8491944895920966, 1.0074860788435298]
00441627,93264,391493,589,4;[21379, 642, 1.222860004437008, 0.7367409312527542, 305.88289777479906, 0.8018732641457108, 1.0009363734257222]
00441627,93264,391493,590,5;[16612.399999999998, 508, 1.1964813574751163, 0.7937685632171995, 375.2812841427674, 0.8581445608296557, 1.005256714913228]
00441627,93264,391493,590,6;[9288.6, 376, 1.2316310760066829, 0.7078850170173268, 667.4897806596281, 0.8670318738668767, 1.0028102351723118]
00441627,93264,391493,590,7;[12282.84, 382, 1.1826867670833479, 0.7999119505441685, 387.72390592826093, 0.8875514854945041, 1.009938357026041]
00441627,93264,391493,591,4;[11012, 470, 1.193098058381541, 0.7475751573775226, 527.8687510951271, 0.8825552290357994, 0.9964258245487038]
00441627,93264,391493,592,4;[21566, 638, 1.2334162978246925, 0.7378921132659273, 367.5501605580817, 0.7903441127274271, 1.0021375464684015]
00441627,93264,391493,592,5;[20156.219999999998, 562, 1.203713359679201, 0.7846317304791915, 313.73463012416363, 0.8368775280740046, 1.0055806221800048]
00441627,93264,391493,592,6;[21159.65, 542, 1.2236697404115686, 0.7517249901352401, 314.38375842433857, 0.7571266939806515, 1.007304506619709]
00441627,93264,391493,594,7;[8350.74, 328, 1.223572353799153, 0.7204655936361108, 657.8691777124549, 0.8679768549362092, 1.0058048465861973]
00441627,93264,391493,595,6;[12464.26, 412, 1.2003801191039778, 0.7494402772998116, 518.779684832739, 0.8685443501401033, 1.0085356390644054]
00441627,93264,391493,595,7;[17913.24, 476, 1.234135554242224, 0.7230504643351645, 478.3657405746895, 0.6958753383818995, 1.0044612216884008]
00441627,93264,391493,596,4;[11219, 508, 1.2305094763677218, 0.6714866924176794, 605.7120413973133, 0.8650759920385281, 0.9012692802056556]
00441627,93264,391493,597,4;[16763, 554, 1.2381928499368817, 0.7049775672859457, 464.3131905671902, 0.8376756323112875, 0.9956049177406902]
00441627,93264,391493,597,6;[16138.6, 466, 1.2405600873349107, 0.7125649233782062, 511.9105039766774, 0.8332037135799918, 1.0062785631913893]
00441627,93264,391493,597,7;[16254.720000000001, 444, 1.2077508556362362, 0.7474599477139451, 388.7097550299453, 0.8432176119123432, 1.010125980508676]
00441627,93264,391493,598,6;[20904.83, 538, 1.228930547722823, 0.7107618040554585, 404.3079847094639, 0.7639951155568417, 1.0037825214616978]
00441627,93264,391493,599,4;[21075, 628, 1.2339627963739415, 0.6957756061847777, 428.3759556261045, 0.7821500322703572, 1.0026881080952494]
00441627,93264,391493,599,6;[18278.54, 496, 1.2417901616914273, 0.7014603540815798, 492.52759945321515, 0.8148213773926527, 1.0078942398489141]
00441627,93264,391493,601,6;[17897.68, 488, 1.2262171756865832, 0.7353354373699604, 428.58509720415935, 0.8294448048949816, 1.0083359061438715]
00441627,93264,391493,601,7;[16462.8, 446, 1.239242479305792, 0.7171955844473522, 490.42480472355714, 0.778000400107347, 1.0082458770614693]
00441627,93264,391493,602,6;[9285.86, 374, 1.2377602435906125, 0.6997581433261124, 713.459030433227, 0.8548786717681439, 1.0055633855055264]
00441627,93384,392076,320,4;[12344, 490, 1.1995487910336806, 0.7591096098133624, 513.2954542998216, 0.8662362257216014, 1.0004863024801427]
00441627,93384,392076,320,5;[20861.89, 574, 1.2111621840400428, 0.7582921315696813, 363.1884696510415, 0.8293217739685587, 1.0060832137733142]
00441627,93384,392076,320,7;[14005.62, 410, 1.2263482310292348, 0.7426608622195343, 522.0529734673636, 0.8269586639430007, 1.0075394859941664]
00441627,93384,392076,321,6;[9516.02, 402, 1.2459258908049446, 0.6729735331185407, 996.7609703993207, 0.8711938871840158, 1.0025981524249423]
00441627,93384,392076,322,4;[15087, 530, 1.227825643299695, 0.670241727937023, 463.9224341976033, 0.8457291965189534, 0.9826743958835407]
00441627,93384,392076,322,5;[14786.939999999999, 478, 1.2168679137909466, 0.6908034952506068, 421.88523733231057, 0.8408142823537349, 1.0021371829509254]
00441627,93384,392076,322,6;[9057.070000000002, 424, 1.4980199071231, 0.7611337057784305, 1635.2590209349778, 0.8533617294763073, 0.9801334321719792]
00441627,93384,392076,322,7;[15986.970000000001, 440, 1.2458601080494724, 0.7311456583295168, 551.6198462274316, 0.8090290400380505, 1.0078125]
00023698,93080,390528,134,4;[50730, 1068, 1.0195976013283141, 0.9416815472712002, 106.73840478038007, 0.9824062191657561, 0.9948424293530485]
00023698,93080,390528,134,5;[32137.14, 722, 1.0078854189891433, 1.013414209980644, 116.63098906489452, 0.9895434332199322, 0.9812513625463266]
00023698,93080,390528,134,6;[38668.25, 748, 1.0119806230852137, 0.8016064169445177, 114.47467328846068, 0.9890644631038052, 9999]
00023698,93080,390528,135,7;[38513.16, 688, 1.0083897586046573, 1.0117389089138091, 162.42444615493253, 0.9858130161766707, 9999]
00023698,93244,391403,53,4;[51195, 1022, 1.0156213303600359, 0.8120712758459384, 144.89464082346188, 0.9865749572742271, 0.9854762798486992]
00023698,93244,391403,53,5;[39153.38, 806, 1.0102162086185273, 0.8219264752022125, 107.96273207170495, 0.9890131537606472, 0.9936278802887084]
00023698,93244,391403,54,7;[40517.46, 702, 1.0207061917706963, 1.0193027392126506, 179.45160421442154, 0.9815379085237981, 1.0024605367755612]
00023698,93244,391403,55,6;[32312.820000000003, 714, 1.0456990845119167, 0.9394046339370987, 200.55027481560595, 0.9796784384215971, 0.999639746551103]
00782718,93082,390544,376,4;[35778, 818, 1.0516998875855983, 0.8064388745152689, 215.96662507907152, 0.9759198630731674, 0.999162198391421]
00782718,93082,390544,376,5;[37907.45, 762, 1.0372705911660638, 0.8592952733798469, 173.74034022365726, 0.9743681226750495, 1.0049054401488982]
00782718,93082,390544,376,6;[25594.340000000004, 602, 1.1533400350859981, 0.902528348971792, 232.01757293130098, 0.9727553028913505, 0.9763516161906504]
00782718,93082,390544,376,7;[21315.96, 506, 1.0522561810132107, 0.9283673792790378, 179.12453292242736, 0.98142310604727, 1.0068656500686566]
00782718,93082,390544,378,5;[28912.239999999998, 668, 1.037143024568521, 0.9137527689896295, 142.29481101948136, 0.9828739167891244, 1.004776576166746]
00782718,93082,390544,378,6;[35532.32, 690, 1.049154067643754, 0.8621433141365402, 209.2595807189447, 0.9716450859461545, 1.0044926413632842]
00782718,93082,390544,378,7;[37402.38, 684, 1.05860817541059, 0.8351845117743766, 294.5569546390367, 0.9321476061588948, 1.004354971240756]
00782718,93082,390544,379,4;[25496, 702, 1.150223143289709, 0.8505322958539219, 170.31308819114972, 0.9835277199634365, 0.96746162748781]
00782718,93082,390544,380,4;[30352, 754, 1.0594912387425546, 0.8894523416338401, 174.37213091682145, 0.9779256264274969, 0.9904227374329021]
00782718,93082,390544,380,5;[26661.949999999997, 644, 1.043469317224663, 0.9239335803218404, 153.62428112315226, 0.9831485377832383, 0.9975289953473876]
00782718,93082,390544,380,7;[36189.090000000004, 662, 1.0650074165437047, 0.8184813455775005, 272.5996472567295, 0.967127862623484, 1.005718902140868]
00782718,93082,390544,381,6;[34029.43, 676, 1.0475344219511273, 0.8847803541959819, 205.75616184316675, 0.9727723747829932, 1.0049765334196472]
00782718,93082,390544,382,4;[40686, 886, 1.0444517602482646, 0.8940942007776633, 188.07253599462817, 0.9562933538157323, 1.0007132843052857]
00782718,93082,390544,382,5;[34977.67, 734, 1.0457203470222873, 0.8376698039528636, 192.81853567710317, 0.9760749078931614, 1.0021479713603818]
00782718,93082,390544,382,6;[19795.13, 566, 1.0098454369238326, 0.7758637663087292, 216.8810822421002, 0.9784245959111874, 0.9092568120319677]
00782718,93082,390544,382,7;[34097.58, 640, 1.0622164254075253, 0.853682780361886, 255.24697619143325, 0.9686561555605822, 1.0060037015302667]
