02311380,93065,390425,2,4;[57832, 1130, 0.8819286913366489, 0.979812421234995, 131.9177223592366, 0.9765805380977799, 0.9895707673485451]
02311380,93065,390425,2,5;[64878.799999999996, 1118, 0.8656915150723671, 0.9999310893242632, 174.9991658551312, 0.9660766711579044, 0.9961811836503499]
02311380,93065,390425,2,6;[51818.880000000005, 1030, 0.8723903449343521, 0.9891714259380276, 183.30912114992273, 0.9775232081307167, 0.9812182214382069]
02311380,93065,390425,3,7;[65168.82, 972, 0.8696784849586664, 0.9727855146238723, 229.165590023216, 0.9687298233175815, 1.0061891713124822]
02311380,93065,390425,5,5;[55849.079999999994, 1052, 0.8743160293376766, 0.9653736524904397, 162.4928595684397, 0.9779430116087943, 0.9839096845878887]
02311380,93065,390425,5,6;[72259.28, 1046, 0.8518929251272709, 1.0180947478514468, 189.4063291711712, 0.9468956199420536, 1.0030046019853194]
02311380,93065,390425,5,7;[55991.88, 884, 0.878777782626385, 0.9825870278557591, 195.28714226570037, 0.9782761353757228, 1.0087517400113015]
02311380,93065,390425,6,4;[59492, 1218, 0.8625056406230529, 0.9689705278247215, 155.82506929781798, 0.9724092646946936, 0.9798163626631531]
02311380,93070,390457,237,4;[73112, 1232, 0.8637285376990252, 0.9949679666125607, 177.8916551362609, 0.9646577669642948, 1.0039892064843488]
02311380,93070,390457,237,6;[72537.39, 1040, 0.8778330202782645, 1.0122415702650485, 157.9914754623352, 0.9658486780595954, 1.0046392486124947]
02311380,93070,390457,237,7;[70018.92, 994, 0.8622146914904785, 1.0056180800557042, 164.41457592203227, 0.9541119410334636, 1.004532733358942]
02311380,93070,390457,239,5;[74903.36, 1134, 0.8555572758855226, 1.0101245513722845, 182.46451097443486, 0.9528116898969294, 1.0032755006893694]
02311380,93070,390457,240,5;[62408.36, 1070, 0.8631239897859246, 0.9703079536281103, 185.5438371463508, 0.9750744411133925, 1.0025233216088087]
02311380,93070,390457,240,7;[53898.840000000004, 892, 0.8786599421269978, 0.9845016547653345, 202.994311928239, 0.9720387096443902, 1.0079542203147354]
02311380,93070,390457,241,4;[72258, 1226, 0.8646278786686975, 0.9743659012005028, 117.202534538597, 0.9677532388800226, 1.0009350260768384]
02311380,93070,390457,241,6;[67988.99, 1022, 0.8836625317808667, 1.0119894610599995, 186.9875551210403, 0.9677655449680386, 1.0030013035965115]
02311380,93086,390573,632,4;[73239, 1236, 0.8714249997947945, 0.9789437556345694, 208.75594656436124, 0.9650244605279611, 1.0046295343717206]
02311380,93086,390573,632,7;[68577.66, 966, 0.869043881571658, 0.9889821564456206, 286.18592941712546, 0.9562658951900601, 1.008686650463588]
02311380,93086,390573,634,5;[62110.86, 1094, 0.8606953526937806, 0.9859293324012119, 213.78162300646034, 0.9719394193956893, 1.003074912557174]
02311380,93086,390573,635,6;[71089.3, 1074, 0.8648561832200102, 0.9758231784156312, 193.97506260130118, 0.960048222104824, 9999]
02311380,93103,390675,1519,4;[66316, 1204, 0.8744778046663126, 0.9820600661218878, 119.10999252379983, 0.9788974821156321, 1.0040424533301033]
02311380,93103,390675,1519,6;[72651.1, 1042, 0.8564330350538757, 1.0045507819695934, 220.66492056600066, 0.9565046746305322, 1.0050317922087768]
02311380,93103,390675,1520,5;[57932.77, 1032, 0.8699427818114572, 0.9704284978639324, 155.03718476560832, 0.9703355025959911, 1.0051306403493379]
02311380,93103,390675,1521,6;[72555.20000000001, 1054, 0.8738042385012915, 0.990771546477661, 221.39494085321024, 0.9679051026170638, 1.0040095926898396]
02311380,93103,390675,1521,7;[67655.07, 992, 0.8668764669142799, 0.9917067627671392, 204.756678055841, 0.9626626259992755, 1.0039391084219726]
02311380,93103,390675,1522,4;[52512, 1106, 0.8838856726603013, 0.9807612906539507, 129.65378658433363, 0.9864665175425184, 0.993200495541076]
02311380,93103,390675,1522,5;[71019.2, 1112, 0.8563301099997342, 0.9869781141378368, 193.4391521082189, 0.9516952210228234, 1.006951474657488]
02311380,93128,390833,429,5;[65179.869999999995, 1112, 0.8673713516369432, 0.9957279752309172, 173.73007251981045, 0.9769590497891921, 1.0002465325651257]
02311380,93128,390833,429,6;[50013.22, 956, 0.8685151462095437, 0.9938098366892322, 195.39609299321594, 0.9757974581521415, 0.9813572763074773]
02311380,93128,390833,429,7;[46914.39, 834, 0.8725951851618531, 0.9676670341249468, 179.5945006351522, 0.980396216392323, 1.0079384645727527]
02311380,93128,390833,431,4;[32333, 862, 0.8611109940605419, 0.9086906957828262, 174.2963433122312, 0.9801553400183611, 1.0004486594365456]
02311380,93137,390907,1104,4;[72538, 1256, 0.8604903683840553, 1.006348068394851, 219.97350789783013, 0.9547914043144977, 1.000738088832785]
02311380,93137,390907,1104,7;[69937.83, 960, 0.8816150038595945, 0.985463905816866, 193.892947737301, 0.963248265724795, 1.006462266747399]
02311380,93137,390907,1105,5;[74363.09999999999, 1140, 0.8614272676267293, 1.0029904039157216, 141.53203532445107, 0.956679238234906, 1.0043878682675154]
02311380,93137,390907,1105,6;[62947.39000000001, 1048, 0.8766562246159455, 0.9821299663944656, 144.094532655518, 0.9760595036044558, 0.9998803111909037]
02311380,93173,391088,846,4;[61753, 1160, 0.866405422803428, 0.9930111607010431, 161.41068032329883, 0.9704687278469145, 1.0025000405850744]
02311380,93173,391088,846,5;[70755.02, 1134, 0.8531759496295355, 1.009992906211526, 192.75610878988888, 0.9432493889737924, 1.0038409265496662]
02311380,93173,391088,846,6;[51451.72, 982, 0.8634243282384851, 0.9872164292741002, 184.07747111667217, 0.974683628534152, 1.0010528700705024]
02311380,93173,391088,848,7;[59800.05, 906, 0.8695705321705364, 0.9867406365067576, 221.5459338814245, 0.9664317935210901, 1.0082808791662368]
02311380,93173,391088,850,6;[62548.72000000001, 980, 0.8679558778637683, 0.9754830679524215, 200.42715553750415, 0.9688087312883552, 9999]
02311380,93173,391088,851,4;[74282, 1282, 0.8589256124620349, 0.9824822644567607, 216.78956585796607, 0.9638623246033, 0.9891407836479243]
02311380,93173,391088,851,5;[74454.73, 1150, 0.8576153259826064, 1.0037254886077887, 183.93001136407696, 0.9557545760281717, 1.0044388791228196]
02311380,93173,391088,851,7;[45203.85, 848, 0.8843237306296157, 0.9616432808359776, 160.6929925853876, 0.9826615544118552, 0.9970976342344167]
02311380,93216,391233,58,4;[60828, 1154, 0.875403529066555, 0.9825854523353876, 186.13968975419508, 0.9784448625148022, 1.0000904270623536]
02311380,93216,391233,58,7;[68674.05, 994, 0.8571249598860488, 0.9954948492185267, 269.07218221155847, 0.9478327299759233, 1.0026918652056875]
02311380,93216,391233,59,5;[59365.53, 1056, 0.8653110500957871, 0.990155349904084, 153.55423382001092, 0.9745793486519664, 1.0055126124945832]
02311380,93216,391233,61,6;[52450.450000000004, 966, 0.8768863038226173, 1.0017103842676616, 160.6703715707344, 0.9720292891080854, 0.9900951691320989]
02311380,93216,391233,62,4;[53460, 1128, 0.8784293205771752, 0.9917566800624891, 158.88501740659257, 0.9828771640020013, 0.9827657521025782]
02311380,93216,391233,62,5;[50586.899999999994, 994, 0.8699690416202347, 0.9874834188233379, 136.6779399603489, 0.9739096028893888, 0.9869864524442484]
02311380,93216,391233,63,6;[53514.94, 966, 0.8771931273217395, 0.982857887068311, 126.56475715881857, 0.9752250140827139, 0.9924792926469841]
02311380,93216,391233,64,7;[46441.62, 860, 0.8829733682018799, 0.9604318702005471, 149.68967609224958, 0.9841404515662308, 1.002990400978076]
02311380,93216,391233,65,7;[46105.020000000004, 842, 0.8832754620544121, 0.996720899150343, 117.05868930855854, 0.9775680797000095, 1.0051702858667735]
02311380,93216,391233,66,5;[50477.42, 988, 0.8762166034316252, 0.9947559879521348, 167.00357937420918, 0.9792202690917583, 0.9873951046916282]
02311380,93216,391233,66,6;[63135.08, 1014, 0.8754423607394424, 1.0072226074751192, 164.2399739659354, 0.9684887578928015, 0.9974244096703677]
02311380,93216,391233,68,4;[72693, 1224, 0.8681835205421223, 0.9857712818767302, 151.87654523539618, 0.9656956490509935, 1.004067763834886]
02311380,93216,391233,69,4;[72701, 1260, 0.8737726105101776, 0.9853153935191179, 137.96678229091543, 0.9817237086693501, 0.9864918958159479]
02311380,93216,391233,69,5;[74534.45999999999, 1166, 0.8643166441362758, 0.9722432906431704, 160.45460898941113, 0.964321480877152, 1.0036695777581925]
02311380,93216,391233,69,6;[67214.94, 1036, 0.8748974557551426, 0.988392053229195, 127.62008118793648, 0.9736439193646197, 1.0043500957021054]
02311380,93216,391233,69,7;[58294.53, 922, 0.8863289943865007, 0.9951460933183912, 148.1084652628838, 0.9705096170428431, 1.0053299559355129]
02311380,93217,391240,121,7;[69547.68000000001, 964, 0.878342890742301, 0.966218999026534, 208.94096263784076, 0.9663311755273978, 1.0048300635534677]
02311380,93217,391240,122,5;[71301.23, 1114, 0.8640916335112312, 0.9778477750905761, 126.05499096792822, 0.9571856029355376, 1.005327225899546]
02311380,93217,391240,122,6;[54193.090000000004, 968, 0.8779283421282346, 0.9795601496912223, 174.46139098479628, 0.9799360361149471, 0.9892465051141621]
02311380,93217,391240,123,4;[73868, 1220, 0.8704565730198532, 0.9902834916945278, 175.7755087421341, 0.9637225487892782, 1.0053829664160059]
02311380,93217,391240,125,4;[50575, 1096, 0.879136629506291, 0.9892714802465757, 117.28634570945074, 0.9790567662705615, 0.9806963283272413]
02311380,93217,391240,126,6;[67720.47, 1040, 0.8689226856169966, 1.0029715857634347, 151.70468366433266, 0.9670273127568217, 9999]
02311380,93217,391240,126,7;[54839.79, 916, 0.876045668439809, 0.9798292681845493, 217.96583273145825, 0.9738478913887795, 1.0029661135517811]
02311380,93217,391240,128,5;[72202.06, 1144, 0.8739538450521808, 0.9938230544302444, 120.90119632550712, 0.9717001446973466, 1.0053520239929745]
02311380,93217,391240,129,5;[64405.18, 1070, 0.8659890549415132, 0.9839233081734631, 188.1597256481508, 0.9695820172542029, 9999]
02311380,93217,391240,129,6;[54356.12, 964, 0.8830862251268494, 0.9787379231368456, 169.38683874434432, 0.9793658166951431, 0.9950967483039264]
02311380,93217,391240,130,4;[70346, 1206, 0.861478425715547, 0.9965262995356403, 180.8471143742237, 0.9613402068319428, 1.0035880133248685]
02311380,93217,391240,130,7;[47471.31, 852, 0.8934757847401379, 0.981655412679462, 105.34814879115973, 0.9809213291956742, 1.002779483533176]
02311380,93217,391240,132,4;[74089, 1228, 0.8695643419665259, 0.9750350525273572, 209.3094314211019, 0.9618296743118654, 1.0026117787160334]
02311380,93217,391240,133,6;[73008.67000000001, 1082, 0.8626252907357655, 1.0100507883833798, 150.28816538517827, 0.96195846876292, 1.0016258023287503]
02311380,93217,391240,133,7;[68127.84, 966, 0.8679046649746952, 0.972214426599653, 257.7937394916128, 0.9676372433945216, 1.0036853790756122]
02311380,93217,391240,134,5;[66637.62, 1084, 0.8686310525748434, 0.9920506796044887, 151.3524678933419, 0.969629829628343, 1.006190086876836]
02311380,93228,391300,648,4;[64011, 1162, 0.8689079512711151, 0.9802481313506672, 181.24689838502613, 0.9730911759545892, 1.00271783826121]
02311380,93228,391300,648,7;[61245.9, 918, 0.8881268383503649, 0.9839436501321858, 161.91630214050343, 0.980405365139618, 1.0058799879384863]
02311380,93228,391300,649,5;[51647.189999999995, 1006, 0.8712030657120698, 0.9917274331153891, 135.61567251514685, 0.9725080828970065, 0.9995048649893489]
02311380,93228,391300,649,6;[63050.14000000001, 1034, 0.8622605528366198, 0.9860054985143103, 170.85934294792025, 0.970690866406198, 9999]
02311380,93228,391300,650,6;[67860.21, 1012, 0.8824861577136572, 0.9985569505805708, 131.08481691460898, 0.9661721741638806, 1.0052767235605706]
02311380,93228,391300,651,4;[69704, 1206, 0.8712314320295951, 0.9886243229935633, 117.44573867038645, 0.9561247128136596, 1.003426136527222]
02311380,93228,391300,651,5;[63165.2, 1090, 0.862740424458096, 0.9840304053356577, 171.9145076207604, 0.9679660615758402, 1.004009987137777]
02311380,93228,391300,652,7;[49585.770000000004, 848, 0.8841703349589983, 0.980702099314711, 173.22845316640144, 0.9780386585696673, 1.0078678940166688]
02311380,93228,391303,633,7;[68358.87, 954, 0.8682047320532822, 0.9828864897857869, 254.0187161295154, 0.9559628379520565, 1.006499138329147]
02311380,93228,391303,635,4;[71777, 1288, 0.8687445951692345, 0.9706250471752894, 157.64719869948357, 0.974625181326537, 0.9863881540522899]
02311380,93228,391303,635,5;[73801.42, 1170, 0.8634148698334612, 0.9803819477878388, 180.1514692427543, 0.9579484199621582, 1.0020034252108443]
02311380,93228,391303,635,6;[66821.75, 1072, 0.8698845154078128, 0.9930899348845209, 193.58550308729068, 0.9694096612478945, 1.0008823770828204]
02311380,93228,391303,637,4;[50373, 1086, 0.8815225725755119, 0.9884302100343951, 111.31955160356493, 0.978427809245301, 0.9878220967172608]
02311380,93228,391303,637,6;[52910.770000000004, 956, 0.8704467183680604, 0.9895017652318375, 135.32731371400504, 0.9694588457802382, 9999]
02311380,93228,391303,637,7;[67812.66, 972, 0.8725841785255127, 1.0131227813575039, 146.73844556240127, 0.9615554810456273, 1.0068833912628639]
02311380,93228,391303,638,5;[73480.12, 1128, 0.8581247269789191, 0.9825882250183187, 174.1304137766626, 0.9464164006227439, 1.0028991627347956]
02311380,93228,391303,639,4;[72851, 1214, 0.8743642929767997, 0.9932157824323016, 203.25896927299647, 0.9640407680100732, 1.0043634408453908]
02311380,93228,391303,639,6;[47211.57000000001, 908, 0.8765413123846038, 1.0172462885255686, 130.57933065958503, 0.9705024477446814, 9999]
02311380,93228,391303,639,7;[69006.06, 958, 0.8652580486017311, 0.9874237140984519, 276.09660082156284, 0.953030967315395, 1.008237674226251]
02311380,93228,391303,641,5;[72272.26999999999, 1148, 0.857153191412647, 0.9796297096034338, 150.3503908101388, 0.9598758837962541, 0.9981100447015514]
02311380,93228,391303,643,5;[65533.299999999996, 1070, 0.8702998409817866, 0.9679459389406903, 177.70181942170333, 0.969774158367078, 1.0086265316214582]
02311380,93228,391303,644,4;[51546, 1146, 0.8687215086323857, 1.0104641510140275, 145.23007410723702, 0.9755908039911044, 0.9887024072120456]
02311380,93228,391303,645,6;[56250.83, 944, 0.8706157979590504, 1.0008536061483329, 85.94686255445575, 0.9771804555087372, 9999]
02311380,93228,391303,646,7;[49806.090000000004, 862, 0.8952487946658938, 0.9772864739396129, 141.98361119488192, 0.9851903821834628, 1.0092858139426728]
02311380,93229,391305,754,4;[56013, 1152, 0.8715186508117119, 1.0010999359634447, 180.7621252156708, 0.9758136504698592, 1.0001071294659596]
02311380,93229,391305,754,5;[49481.39, 1004, 0.8729171591032366, 0.9995257645300826, 141.90117202344265, 0.9694905429966403, 0.9979120668138619]
02311380,93229,391305,754,7;[68565.42, 948, 0.8723503582542907, 0.9894113659656963, 125.47169609856655, 0.9667840961104104, 1.0064229249011858]
02311380,93229,391305,755,6;[72023.64, 1052, 0.8606896145732161, 1.012728808159839, 180.60587372734017, 0.9366904282291079, 1.005421842278895]
02311380,93229,391305,756,4;[73305, 1224, 0.8710875504901759, 0.9745353315121447, 147.24101967962636, 0.9678931916115695, 1.0042881411661553]
02311380,93229,391305,756,5;[59016.86, 1104, 0.8634976325360614, 0.9720296028437624, 130.01894722402298, 0.9671081210250475, 1.0012921461740358]
02311380,93229,391305,756,7;[66905.37, 946, 0.8650199022981698, 0.9981286127614463, 270.40946675539055, 0.9456866597589302, 1.001465704797893]
02311380,93229,391305,757,6;[69880.96, 1084, 0.863373134898876, 0.9795129092041743, 186.19051825741013, 0.956815485143963, 9999]
02311380,93229,391305,760,4;[74477, 1278, 0.865690416723264, 0.9825638137177013, 163.95780505723056, 0.9671569191151034, 0.9855496301393428]
02311380,93229,391305,760,5;[56359.59, 1024, 0.870172499587974, 1.0088832751861472, 147.882554690862, 0.9693243517189697, 1.0090118880224979]
02311380,93229,391305,760,7;[65610.99, 938, 0.8801827831178156, 1.0061392591902119, 125.7465589199485, 0.9680372031631609, 1.0067613569667802]
02311380,93229,391305,761,6;[60323.840000000004, 980, 0.866823268629712, 0.9700876791773737, 195.55646729481393, 0.9708364769244504, 1.0051705836025158]
02311380,93229,391305,764,4;[73218, 1298, 0.8682317350911644, 0.9823948781558495, 156.26313883295882, 0.9748547203570976, 0.9867522001051199]
02311380,93229,391305,764,5;[69578.11, 1120, 0.8606881249697804, 0.9997158179357758, 160.42367655399497, 0.9625281765180264, 1.0029762160029505]
02311380,93229,391305,764,7;[63788.76, 920, 0.872226131575488, 0.9959603131894698, 165.452583873366, 0.964476551339771, 1.0067370149469974]
02311380,93229,391305,765,6;[73012.78, 1072, 0.8704080652947122, 1.0148797413428474, 168.01800836375125, 0.9601268695396619, 1.0048362008013199]
02311380,93230,391309,743,4;[48972, 1122, 0.8830992209004092, 0.9966444329564894, 135.99546413108862, 0.9791935476437913, 0.9589754636066344]
02311380,93230,391309,743,6;[50283.11, 1014, 0.876893611664122, 0.9783710339809509, 152.82002265446494, 0.9815631088275875, 9999]
02311380,93230,391309,743,7;[69570.63, 956, 0.8660205339737449, 1.012559003472947, 263.77505533297733, 0.9521665037693292, 1.00863990772268]
02311380,93230,391309,744,5;[54874.47, 1008, 0.8665909331879295, 0.9891637657455059, 125.12445147069039, 0.972093761742424, 1.005637396547776]
02311380,93230,391309,746,7;[65260.62, 946, 0.8806898468790703, 0.9831719060260571, 164.09095162141847, 0.9759247577329113, 1.005326671066277]
02311380,93230,391309,747,4;[54034, 1124, 0.8897942964824883, 0.9859288268820187, 123.93953440979725, 0.9846450222323958, 0.9954404355074934]
02311380,93230,391309,747,6;[63957.08, 992, 0.8663706520721809, 0.991709953866368, 194.09540612723004, 0.9651768396938908, 1.0033312557759677]
02311380,93230,391309,748,5;[70089.81, 1174, 0.865283247164096, 0.9962664991511628, 153.04364904137216, 0.9664318216420872, 1.0014111806311208]
02311380,93230,391312,732,4;[55958, 1116, 0.8811814782972521, 0.9954024277720186, 118.79508434775514, 0.9749046750705721, 0.9934401491278683]
02311380,93230,391312,732,5;[54885.18, 1118, 0.8754324321894219, 1.0001871632648713, 143.68106434886752, 0.9793773573637066, 1.0014221662523206]
02311380,93230,391312,732,6;[51650.37, 926, 0.8743933313261688, 1.0090728341888888, 135.50647905578788, 0.9692771075126101, 1.00489105084294]
02311380,93230,391312,732,7;[52284.69, 866, 0.886917978232901, 0.9765329250464699, 149.4940878302586, 0.979865225203198, 1.003082071151814]
02311380,93230,391312,734,7;[49858.11, 852, 0.8768138652900771, 0.9920927489300357, 134.42387836782342, 0.9724036522616054, 1.0055078143079748]
02311380,93230,391312,735,6;[72429.16, 1064, 0.8710452939933053, 1.0050265449613676, 164.92414698470014, 0.9584526700323273, 1.002940451122114]
02311380,93230,391312,737,5;[74317.87999999999, 1122, 0.8596987867629947, 0.9981757336215337, 198.36382614806195, 0.9564742025601544, 1.007404061748907]
02311380,93230,391312,738,4;[52181, 1098, 0.8831735088690914, 0.9928818529879315, 151.94791219100136, 0.9788480122713684, 0.9846307705371211]
02311380,93230,391312,739,7;[67959.54000000001, 958, 0.869560439517758, 1.0095625664238994, 215.34039461315254, 0.9602817149764254, 1.0068798240941188]
02311380,93230,391312,740,4;[55819, 1138, 0.8788805642818152, 1.0138795173465405, 139.76567447674708, 0.9776067147113626, 0.9977210370621934]
02311380,93230,391312,740,5;[70797.86, 1112, 0.8600754903319007, 1.008544532193823, 136.80006986802024, 0.9471667385483143, 1.0036353821368624]
02311380,93230,391312,740,6;[62736.41, 986, 0.8637257515829413, 1.010895195451373, 144.68198979893648, 0.9642544186255768, 9999]
02311380,93230,391312,741,4;[74177, 1272, 0.8584721118257099, 0.9834748974619768, 159.70040002279964, 0.9648670460085221, 0.9906976433584647]
02311380,93230,391312,741,6;[56364.54, 1000, 0.8686169041314697, 0.9825266319497712, 201.36725984821493, 0.9722273893091238, 0.9989801864801865]
02311380,93230,391312,742,5;[68371.45, 1084, 0.8656783506348644, 0.9828208961200451, 212.95863965790235, 0.9674816951478461, 1.0060497815599856]
02311380,93230,391312,742,7;[70092.36, 970, 0.8680195974783501, 1.0101121656717984, 215.23642190257672, 0.9474567365863262, 1.008686079154511]
02311380,93231,391314,769,4;[52707, 1168, 0.8706098253292468, 0.9895019993645155, 147.88360229793574, 0.9720662807038623, 0.9715934227989972]
02311380,93231,391314,769,5;[69651.89, 1090, 0.851216652477744, 0.9748825266649288, 238.58372552991244, 0.9596551446653958, 1.006456826955318]
02311380,93231,391314,769,6;[56593.33, 968, 0.8659312888447013, 0.9961981760897654, 174.9323203845233, 0.9683109464617474, 1.0052563696980021]
02311380,93231,391314,769,7;[66744.72, 938, 0.8671589199630285, 1.0080438146213992, 184.99065060075904, 0.9587645614644724, 1.007168665658513]
02311380,93231,391314,771,5;[71157.23999999999, 1112, 0.8570392137106774, 0.9887653052377162, 241.79361496230072, 0.9508316950800663, 1.0055155713997443]
02311380,93231,391314,771,6;[48104.810000000005, 940, 0.8749718510822735, 0.974218082192927, 178.61867010252445, 0.978201100180866, 0.994773000920745]
02311380,93231,391314,771,7;[65748.69, 966, 0.8706433474106416, 0.9889260226043994, 180.14373552504745, 0.9624062345961559, 1.0067353082428458]
02311380,93231,391314,772,4;[69717, 1192, 0.862615173124491, 0.9918407920116277, 185.25121899618176, 0.9636862308511653, 1.0023290920854]
02311380,93231,391314,774,4;[51859, 1110, 0.8799297469215828, 0.9737598963332919, 135.57966440830225, 0.9842119503775983, 0.9906965193137967]
02311380,93231,391314,774,5;[56715.399999999994, 1034, 0.8713549394527056, 1.0035887332172566, 148.988443503005, 0.9693606960305297, 1.0038439260702439]
02311380,93231,391314,774,6;[72968.94, 1066, 0.8646270112471762, 1.021967426174826, 174.17729804925264, 0.9535480078899513, 1.005806871937229]
02311380,93231,391314,774,7;[47185.200000000004, 840, 0.8807717307024499, 0.9752550210161305, 174.63199490881374, 0.980300771483591, 1.0101870352779325]
02311380,93231,391314,776,5;[73659.81, 1148, 0.8521858713391421, 1.008898661088224, 157.3632930934558, 0.949653731874901, 1.0053761694386694]
02311380,93231,391314,776,6;[71556.47, 1056, 0.8596102322889935, 1.0239732659049434, 235.03369081696746, 0.9402601796554746, 1.004741798035953]
02311380,93231,391314,777,4;[64834, 1190, 0.8667451577323718, 0.9860068515403234, 169.89995486022494, 0.9673781806683872, 1.001622147723586]
02311380,93231,391314,777,7;[63739.8, 920, 0.8771504978260909, 0.9686315619644448, 215.83940947578503, 0.9665535690677411, 1.0097680393630173]
02311380,93249,391442,139,4;[52131, 1162, 0.8814692428768097, 0.9850553083533645, 124.80910777692826, 0.9868730066824969, 0.9849325032827305]
02311380,93249,391442,139,7;[68371.11, 960, 0.8758693213208403, 1.0114329392139008, 221.85687267716463, 0.9752682771749515, 1.0048909927028638]
02311380,93249,391442,140,6;[67627.31000000001, 1056, 0.8691722791597734, 0.9787518763684843, 217.84041361849978, 0.9689436454372626, 9999]
02311380,93249,391442,141,5;[67251.66, 1118, 0.8579137819519462, 0.9900960844136347, 200.47455810232609, 0.9672045823854033, 1.0050774962874698]
02311380,93261,391470,252,4;[67707, 1206, 0.8661906069231579, 1.002617246092225, 145.16327778280566, 0.9626500785032042, 1.0027844014277463]
02311380,93261,391470,252,5;[53878.439999999995, 1040, 0.8582389825074992, 0.9875662251319206, 197.49765898165884, 0.9653958178921227, 0.9914922970797885]
02311380,93261,391470,252,7;[67355.19, 948, 0.8713542492245876, 1.0069071724013865, 176.39181477022868, 0.9458316462648949, 1.0056997955383966]
02311380,93261,391470,253,6;[73070.32, 1108, 0.8620212196857779, 0.9807393919571574, 209.5600441228002, 0.9544285624858883, 1.0044160711091024]
02311380,93261,391470,254,4;[71139, 1258, 0.8608405706732966, 1.0031928143593147, 198.393775731707, 0.9746374355955049, 0.975148042548525]
02311380,93261,391470,254,5;[50929.619999999995, 998, 0.8701870315662139, 0.994837740807245, 180.0346217468809, 0.9767244490293353, 1.003423051674013]
02311380,93261,391470,254,6;[69916.58, 1036, 0.8537012825092479, 1.0154908075185685, 167.49315935082447, 0.9394973762168609, 1.0042504624345705]
02311380,93261,391470,255,7;[50047.83, 870, 0.8725832962827073, 0.9935922298727793, 110.94521268348724, 0.973292223934851, 1.0058733087330873]
02311380,93262,391481,386,4;[52885, 1114, 0.8748841772974739, 0.9919577662429329, 169.33074508830293, 0.9756106053883079, 0.9957822591274549]
02311380,93262,391481,386,5;[49901.46, 984, 0.8660765052058625, 1.003987628461096, 160.12652355075437, 0.9650053460184259, 0.9933200682205798]
02311380,93262,391481,386,7;[68505.75, 996, 0.878561469688489, 0.9830275868993376, 173.93214900053755, 0.9745296630373228, 1.0031140783224304]
02311380,93262,391481,387,6;[70861.88, 1064, 0.8672122405452386, 1.0023924268695963, 237.88617068208, 0.9602220976537009, 9999]
02311380,93262,391481,388,4;[82874, 1274, 0.8616870323191329, 0.9908347618686342, 213.92377753700592, 0.9794238718894418, 1.003335411660018]
02311380,93262,391481,388,5;[65563.05, 1072, 0.8574634962711049, 1.0233649266515052, 109.51207488582837, 0.9604131187733235, 1.003177319944283]
02311380,93262,391481,388,6;[54409.55, 1026, 0.8632456623064552, 0.9976524180492585, 215.93780502231445, 0.9700308867855646, 9999]
02311380,93262,391481,390,7;[59624.1, 938, 0.8661114242182815, 0.9755205529367015, 222.97418685717483, 0.9679324989542775, 1.0020957352430666]
02311380,93262,391481,391,5;[71900.98999999999, 1150, 0.8557453351458592, 0.9847220935167423, 215.58362583202594, 0.9483301853297477, 1.0047309038603842]
02311380,93262,391481,391,6;[52620.33, 974, 0.8663987278855296, 1.0073874639582443, 185.07066287922058, 0.9655480724258378, 1.001682118687165]
02311380,93262,391481,392,7;[27761.850000000002, 630, 0.8818240605064042, 1.2171200686074017, 173.37952228312432, 0.9830989011173088, 1.0094014241210503]
02311380,93262,391481,393,4;[73108, 1258, 0.860253663349746, 1.008151555964681, 209.95705883194452, 0.9575215414725305, 1.0019255147839792]
02311380,93262,391481,394,5;[72604.28, 1126, 0.8502992672001651, 0.9916226447207854, 274.9224557014024, 0.9537374670490522, 1.004304491321059]
02311380,93262,391481,394,6;[64840.73, 994, 0.8716928702683151, 0.9831234030150493, 226.175458121252, 0.9679221437464923, 1.0054383616935398]
02311380,93262,391481,395,4;[58140, 1134, 0.8648700915814865, 0.9888537991629984, 206.06409592887286, 0.9721902532138391, 1.0039370078740157]
02311380,93262,391481,396,7;[62414.82, 926, 0.8710432731385842, 0.9707575611266259, 218.8067643911595, 0.968595722474055, 1.0056948450558392]
02311380,93340,391956,69,4;[49821, 1138, 0.8794656813322022, 0.9823393141782141, 137.2923732678044, 0.9830403903570242, 0.993479301268246]
02311380,93340,391956,69,5;[51411.57, 996, 0.8676342582638138, 1.001974455810742, 153.81305019311347, 0.970327111002653, 1.0044990060335508]
02311380,93340,391956,69,6;[61488.340000000004, 996, 0.8596598865548646, 0.9842536332338507, 183.8229307332271, 0.9689351017799868, 9999]
02311380,93340,391956,69,7;[67552.56, 974, 0.8652335883742698, 0.9892771832453802, 256.75485833754107, 0.9550659346396432, 1.0041277674804698]
02311380,93379,392062,255,4;[67989, 1190, 0.862259693250244, 0.9975011643638045, 155.69347135346044, 0.9604410212619126, 1.0031575064551825]
02311380,93379,392062,255,5;[72743.51, 1120, 0.849656122296065, 0.9943249881494071, 257.6734217199346, 0.9536646336114003, 1.0054856033752497]
02311380,93379,392062,255,6;[63587.18000000001, 1054, 0.8674514040692038, 0.992755918564156, 187.40447709197105, 0.9744634225226984, 0.9994508984808191]
02311380,93379,392062,255,7;[54298.17, 880, 0.8761622443002275, 0.9956460788436927, 201.76464713044712, 0.9688934897539417, 1.0078952600039761]
02311380,93379,392062,258,4;[61812, 1166, 0.8727417098909689, 0.9960321634675612, 148.0779037583106, 0.9694574016811315, 0.989498623295127]
02311380,93379,392062,258,6;[74247.15000000001, 1098, 0.855384922942095, 0.9838639137691664, 280.62466372937564, 0.9531650568429255, 0.9981122519453014]
02311380,93379,392062,259,5;[68282.2, 1112, 0.8517351692912539, 0.9975868037479512, 158.92966723360013, 0.9564243057390934, 0.999164170787769]
02311380,93379,392062,260,7;[64227.87, 960, 0.874910257895249, 0.9864380951756438, 205.83212184440347, 0.9697619830039017, 1.0023399632291492]
02311380,93387,392101,501,4;[71612, 1232, 0.8503700316909787, 1.018869073082847, 196.19648382938541, 0.9569381162696935, 0.999267419712689]
02311380,93387,392101,501,6;[73821.08, 1082, 0.8436361788653602, 1.0201027782155485, 295.8655015961898, 0.9339162292743315, 1.001952434965321]
02311380,93387,392101,502,5;[74263.14, 1208, 0.8604187580386732, 1.0062217553621837, 175.04619892765203, 0.9632457869206836, 1.0011229466119096]
02311380,93387,392101,503,7;[64659.33, 930, 0.8611907393388019, 0.9774032510865828, 254.45796332124823, 0.9602142318863217, 1.0079421866056095]
02311380,93387,392101,504,5;[74912.87999999999, 1180, 0.8503524365323926, 0.987985620383595, 298.6196071426033, 0.956401963679113, 1.0011211564609623]
02311380,93387,392101,504,6;[56459.07000000001, 976, 0.8580565354639315, 0.9884765133406884, 220.86322344869663, 0.9710845103022125, 0.994557938049787]
02311380,93387,392101,504,7;[24141.87, 560, 0.9683978984225258, 0.9668118016217043, 2.9688064947654635, 0.9574658059274453, 0.9160788411855206]
02311380,93387,392101,505,4;[69781, 1246, 0.8716085443198074, 0.9951062236755064, 135.96680301277627, 0.9866523807295516, 0.9653459867747558]
02311380,93387,392101,505,7;[49585.770000000004, 860, 0.8708077238224662, 0.9956572375530417, 189.13030207040586, 0.9736041254781144, 1.011075060834841]
00312754,93131,390855,633,4;[7665, 430, 1.3142833750400447, 0.94829077206701, 303.36020674003754, 0.8923868983152452, 1.0057735205353628]
00312754,93131,390855,633,5;[7450.589999999999, 394, 1.4051460799600692, 0.5496008135437037, 595.8068212341303, 0.9077880872342566, 1.0115518216334114]
00312754,93131,390855,633,6;[16081.060000000001, 472, 1.350413452104658, 0.8112909003349195, 221.17124903845203, 0.85846787483078, 1.0077266483516483]
00312754,93131,390855,633,7;[7786.17, 344, 1.3431327687775625, 0.8090231138220029, 434.5498610862532, 0.9115078836699558, 1.0147557328015953]
00312754,93131,390855,634,4;[15552, 542, 1.3582285457845866, 0.8713292557829582, 486.62223705533324, 0.8499496244877499, 1.0028049134345682]
00312754,93131,390855,634,5;[7820.679999999999, 394, 1.4257740372767558, 1.1410235762589762, 852.9710915081796, 0.901860788831589, 1.0109991539112375]
00312754,93131,390855,634,6;[7867.910000000001, 368, 1.341731834928087, 0.8500984468556424, 309.7513555168803, 0.8564416570128717, 1.007190459487899]
00312754,93131,390855,634,7;[8500.68, 360, 1.3601795435892094, 0.9582697587798338, 576.7413173885409, 0.9407858579866648, 1.011009007369666]
00312754,93131,390855,635,4;[14082, 506, 1.3984564194235387, 0.8766990878146698, 623.3915249060695, 0.85172994302263, 1.003956796064592]
00312754,93131,390855,635,5;[10387.51, 404, 1.4476075613074606, 0.8053994333948153, 864.0120803723148, 0.8256825419059255, 1.0040257648953301]
00312754,93131,390855,635,6;[7485.68, 366, 1.3276123619164244, 0.8731995901774796, 205.469284255233, 0.8890696588722123, 1.0156133828996283]
00312754,93131,390855,635,7;[16040.52, 440, 1.409472562451998, 0.8560696944690023, 606.953776190849, 0.8509218346523482, 1.0098246965902524]
00312754,93137,390901,1121,4;[7634, 420, 1.3816222758624779, 0.7224776129673643, 244.71508503791438, 0.8688691514116557, 1.008787578460522]
00312754,93137,390901,1121,5;[7173.32, 384, 1.3806729560659896, 0.7834364764802952, 501.63443300670406, 0.8753733973540169, 1.0140465976953486]
00312754,93137,390901,1121,6;[12588.93, 408, 1.3481121426187912, 0.8284073211281822, 308.77362570756475, 0.8709696278381838, 1.0084503950834065]
00312754,93137,390901,1121,7;[7790.76, 344, 1.39120062385022, 0.6590716954294592, 226.31211749923207, 0.8675256360715621, 1.0153539381854437]
00312754,93137,390901,1122,4;[15309, 546, 1.3832701292153882, 0.8903650691372285, 528.5210508789461, 0.8370628365525807, 1.0035069319261904]
00312754,93137,390901,1122,5;[7201.88, 382, 1.4061442288479893, 0.6886487711939203, 595.828724958011, 0.8562960721934305, 1.0089188963907643]
00312754,93137,390901,1122,6;[7667.89, 364, 1.390277606705516, 0.7564704299639656, 260.78386818980096, 0.8949123949597289, 1.0179139765390561]
00312754,93137,390901,1122,7;[8367.57, 358, 1.4209851616793405, 1.0098019487159522, 714.5383022125685, 0.9389056741096723, 1.0082964601769913]
00312754,93137,390901,1123,4;[7709, 430, 1.3459024768436962, 1.0474981373084684, 558.3019588308205, 0.9437360242816198, 1.005019229515677]
00312754,93137,390901,1123,5;[15788.92, 506, 1.4599669999924292, 0.7741565969968321, 988.9662106194694, 0.8294761232484933, 1.0051515151515151]
00312754,93137,390901,1123,6;[7676.110000000001, 368, 1.3657439449417528, 0.7621519014608887, 265.6845985821482, 0.8955838327944565, 1.0162328829237326]
00312754,93137,390901,1123,7;[9222.84, 342, 1.3537311079759187, 0.8919823414762629, 608.8050399296114, 0.8737162880038402, 1.0019114102883737]
00312754,93139,390917,11,4;[14661, 524, 1.389848051999787, 1.0048034165664672, 478.98386436421737, 0.8556394837258091, 1.0059350234999485]
00312754,93139,390917,11,5;[9254.63, 382, 1.416893767019775, 0.7904555472241107, 865.1061136959263, 0.8289035539659372, 1.004002065582236]
00312754,93139,390917,11,6;[7251.410000000001, 360, 1.3065149206804854, 0.8137143094048718, 237.03646323007968, 0.8726338169913722, 1.0117557105992545]
00312754,93139,390917,11,7;[8206.92, 362, 1.379004407180248, 0.9223859564968547, 651.8942975432773, 0.9160682367125298, 1.011693700490381]
00312754,93139,390917,12,4;[8201, 442, 1.3028264196998423, 1.041047559175213, 530.6972975607355, 0.945965080249445, 1.0058874034097878]
00312754,93139,390917,12,5;[7695.73, 396, 1.3950717231259646, 1.1485714775473994, 685.0630669648218, 0.9261054525894173, 1.0124461839530332]
00312754,93139,390917,12,6;[7462.39, 360, 1.3000212120504036, 0.7178354026361332, 272.5627996730522, 0.8790793772371135, 1.0109502598366742]
00312754,93139,390917,12,7;[7910.1, 352, 1.370675794537101, 0.8263904661606459, 410.07499695920274, 0.8625107189419917, 1.008780487804878]
00312754,93139,390917,13,4;[15719, 546, 1.3772303401125905, 0.9062394390642466, 597.864628680613, 0.8466078259717863, 1.0036714235545765]
00312754,93139,390917,13,5;[6954.36, 386, 1.4155468442396442, 0.8644781718762344, 476.7546434069501, 0.8340133424854929, 1.0074993535040082]
00312754,93139,390917,13,6;[7124.000000000001, 356, 1.3341549427269381, 0.7813460447287018, 266.3299292333482, 0.8605132017716747, 1.0138428543575746]
00312754,93139,390917,13,7;[14452.380000000001, 418, 1.3818134814403533, 0.9425448301563473, 594.9296882457108, 0.8353994110157767, 1.0089185580774367]
00312754,93343,391982,313,4;[9821, 458, 1.9380744164500217, 0.661686039508021, 773.549038890407, 0.949340233646133, 1.00229626983722]
00312754,93343,391982,313,5;[15602.09, 490, 1.4025035538437722, 0.8169620811986734, 657.115440455826, 0.854643487685603, 1.0067959301209446]
00312754,93343,391982,313,6;[9398.2, 390, 1.3648302049962033, 1.0588170268349153, 575.438911135714, 0.8458602427950658, 1.0055702140134857]
00312754,93343,391982,313,7;[10433.07, 368, 1.4264399188354002, 0.8588139519807053, 760.8864445329565, 0.9008974416424679, 0.9999266808417039]
00312754,93343,391982,314,4;[9470, 456, 1.9190521815300585, 0.6489065859458447, 866.6487673404101, 0.940057258704641, 1.0025938277486635]
00312754,93343,391982,314,5;[16868.25, 520, 1.472298939770133, 0.7538722593439003, 967.6821068453932, 0.823042527200042, 1.0045354687832189]
00312754,93343,391982,314,6;[9237.91, 382, 1.3791498569384835, 0.6962365225539203, 402.9397968675135, 0.8880707578378387, 1.0149006622516556]
00312754,93343,391982,314,7;[9645.12, 362, 1.444514421868797, 1.0869053891127907, 668.4589196485175, 0.9466167887864425, 1.0101754667093983]
00312754,93343,391982,315,4;[11908, 466, 1.4656930925440215, 0.8721487763520891, 890.7741029674617, 0.8599833532226486, 1.005233834205639]
00312754,93343,391982,315,5;[8816.71, 408, 1.4336702808439061, 0.8852513728087584, 742.1972931557349, 0.8658620277500622, 1.0078900829819073]
00312754,93343,391982,315,6;[9417.380000000001, 384, 1.3847146335115355, 0.9543454432951425, 631.4394409212172, 0.8659025679237224, 1.0103623135151025]
00312754,93343,391982,315,7;[9424.8, 364, 1.4084233891498237, 0.7859785745249368, 589.7620717043222, 0.9297801334287231, 1.0116603711611103]
00023892,93026,390259,210,4;[92611, 1418, 1.0160441936584983, 0.9304499353148526, 74.45688925008452, 0.9880816605513132, 0.9949399454244644]
00023892,93026,390259,210,5;[94888.22, 1378, 1.0014205542741594, 0.9214935775142608, 74.6538927008212, 0.9898794256868059, 0.9885570473958915]
00023892,93026,390259,211,6;[95338.3, 1286, 0.9940124245760389, 0.9461625478712523, 64.84368830459766, 0.9871449405213691, 9999]
00023892,93026,390259,211,7;[92165.67, 1228, 1.025457311970587, 0.9129974662194441, 96.16186030449495, 0.9897792446865475, 0.9926669303275987]
00023892,93026,390259,212,5;[96077.03, 1324, 1.024863976416576, 0.9152186552580622, 123.85239814624725, 0.9837529135848878, 80737.0]
00023892,93026,390259,212,7;[92529.81, 1152, 1.0332821118120454, 0.9098564960488107, 124.19430960027086, 0.9869055025334524, 0.994548459508128]
00023892,93026,390259,213,4;[90619, 1400, 0.9987099010700802, 0.934555185539091, 60.12113214553628, 0.9906597384443807, 0.9921878849259573]
00023892,93026,390259,213,6;[95193.08, 1278, 0.989239541281801, 0.9351501072580485, 55.0984043912589, 0.989414745965852, 0.9943616016485876]
00023892,93026,390259,214,4;[100641, 1570, 1.0094269700037355, 0.8690844925864935, 86.1464904029383, 0.9922469789182753, 0.9511887378255384]
00023892,93026,390259,214,7;[89982.36, 1158, 1.008920090794288, 0.9329343800151616, 58.02976786039906, 0.9899631349538053, 0.9979637548360822]
00023892,93026,390259,215,5;[95573.65999999999, 1358, 1.0317974933529983, 0.933398931652862, 94.94247928936427, 0.9849689627285628, 0.9944035856672362]
00023892,93026,390259,217,6;[94154.62000000001, 1266, 0.9992145882702959, 0.9332819723681481, 71.57122887508336, 0.9858247548618859, 9999]
00023892,93049,390350,751,4;[94062, 1416, 1.0042568194395987, 0.9269790547528483, 71.87525478755839, 0.9890887467282874, 0.9971271983293227]
00023892,93049,390350,751,6;[95987.68000000001, 1284, 1.0095928404100811, 0.9253451933941378, 98.42784833501379, 0.9835381050528386, 0.994344509490864]
00023892,93049,390350,751,7;[89679.42, 1162, 1.0041294275073303, 0.9535479364809879, 46.058774457944274, 0.9917592787674725, 0.9962267999184173]
00023892,93049,390350,752,5;[96983.81, 1404, 1.0146149076499849, 0.9020451217885349, 91.74932642453085, 0.9889152050712641, 9999]
00023892,93049,390350,754,7;[90897.3, 1178, 1.0301547328590062, 0.9025702558377184, 106.2823224278836, 0.987943185325579, 0.9895317171481632]
00023892,93049,390350,755,4;[94211, 1432, 1.006878641709757, 0.9021774065487673, 67.40252514981128, 0.9898337940644919, 0.9970525825620836]
00023892,93049,390350,756,5;[96698.20999999999, 1396, 1.018777525987453, 0.9174234812121812, 92.5480158782108, 0.9880598833555087, 0.9951076740327094]
00023892,93049,390350,756,6;[95656.14000000001, 1324, 1.015869651702508, 0.9346324469381384, 72.73117350095313, 0.9913127711952096, 0.9911210475886298]
00023892,93049,390350,759,5;[96461.4, 1336, 0.9983372822599396, 0.9318084676447657, 72.49302335243128, 0.9886949927878868, 9999]
00023892,93049,390350,759,6;[95868.49, 1302, 1.014836196554872, 0.9488075913305484, 90.71000575414179, 0.9850786410477492, 0.9903199784888411]
00023892,93049,390350,760,4;[93045, 1480, 1.006407325199679, 0.9047898848903233, 81.23724104642969, 0.9897547141549994, 9999]
00023892,93049,390350,760,7;[89624.34, 1120, 0.9943237821856326, 0.9496279440033996, 43.224490146306906, 0.9927302380798315, 0.9985255137263592]
00023892,93049,390350,762,4;[93819, 1410, 1.0108942299757921, 0.929920250343206, 75.34480076131943, 0.988044022170128, 0.9959448413498795]
00023892,93049,390350,762,5;[95332.09, 1408, 0.9973485956391293, 0.9204010381176894, 58.16578114818714, 0.993176482685951, 0.9936309682540667]
00023892,93049,390350,764,6;[96163.04000000001, 1240, 1.0204081692490419, 0.9240917712752229, 120.17536190160143, 0.9837515655368135, 0.9950877889379559]
00023892,93049,390350,765,7;[90767.25, 1130, 1.0421586617828782, 0.9063415631994299, 118.69597953445579, 0.9871334237014758, 1.0017053897068755]
00023892,93049,390350,768,4;[91215, 1390, 0.9976108402478597, 0.9366020212282651, 56.67169378485127, 0.9905504434179085, 0.9933298848384199]
00023892,93049,390350,769,5;[93813.65, 1352, 0.988616800064661, 0.9505031169705055, 43.70675916526144, 0.9920036319898549, 0.9901033620938674]
00023892,93049,390350,769,6;[95650.66, 1292, 1.0269486114441029, 0.9221812211990361, 122.71199409600104, 0.9803018617699638, 0.9938080936045436]
00023892,93049,390350,769,7;[90528.57, 1160, 1.035041309645009, 0.9280734162924721, 101.90240378751751, 0.9898436454282711, 0.9946208542755803]
00023892,93049,390350,771,4;[91901, 1452, 1.007159125444201, 0.9205988503231611, 65.16109412411225, 0.9904268585308402, 0.9947879739128082]
00023892,93049,390350,772,5;[96073.45999999999, 1412, 1.015219393434655, 0.9214154617550364, 92.3423385228769, 0.9875485882731128, 0.9886239790357935]
00023892,93049,390350,772,6;[95035.53000000001, 1328, 1.0242700862042984, 0.9232330309140899, 78.05145689182541, 0.9902240643257104, 0.9895085194245733]
00023892,93049,390350,772,7;[88788.96, 1104, 1.002193144536555, 0.95969770641344, 38.50327567234768, 0.993428979803523, 1.0019077544607788]
00023892,93099,390646,1221,5;[95635.54, 1418, 1.0372388954291334, 0.935841814106927, 102.41278517603428, 0.9855194395582108, 0.9922402138416806]
00023892,93099,390646,1221,6;[95230.07, 1274, 1.001310780568388, 0.9198100533614311, 78.59980425153626, 0.9854962731299645, 0.9925888904755105]
00023892,93099,390646,1222,4;[92322, 1452, 1.0113961915944594, 0.9421933268817028, 52.99737420294115, 0.9914403680781673, 0.9929605868149478]
00023892,93099,390646,1223,7;[89509.59, 1138, 1.0006021162367051, 0.9296266317835783, 61.928812509567464, 0.9899567467918391, 0.9939516471567644]
00023892,93103,390673,1488,5;[95532.01, 1306, 1.0060955150168478, 0.9385535335721296, 66.80304338640703, 0.9885006793800635, 0.993957928361831]
00023892,93103,390673,1489,4;[91819, 1466, 1.0018152164294294, 0.9341657548321475, 59.9862703233153, 0.9889055273284264, 0.9856583114164564]
00023892,93103,390673,1489,6;[95828.76000000001, 1226, 1.0084831232773173, 0.9253014906927638, 67.09499560769929, 0.9873162877627496, 1.00068669527897]
00023892,93103,390673,1489,7;[88876.17, 1156, 1.0087983776590537, 0.9597142492090539, 47.9361102788234, 0.9931076681282629, 0.9982814621320181]
00023892,93103,390673,1490,4;[91274, 1462, 1.0099605603744155, 0.937923466539687, 53.41856985370234, 0.9905429427294747, 0.9928695358943538]
00023892,93103,390673,1490,5;[93906.47, 1362, 1.0004038151476906, 0.9427182079644918, 57.953135530105115, 0.989556670975227, 0.9886864789014734]
00023892,93103,390673,1492,7;[92464.02, 1178, 1.035647198939995, 0.9351479860427844, 117.39706896763154, 0.9849955983351689, 1.0001737734490719]
00023892,93103,390673,1493,6;[93338.1, 1322, 1.0022901991384694, 0.9249347221997005, 66.91939063892441, 0.9907752064175155, 9999]
00023892,93103,390673,1494,4;[91320, 1462, 1.0217962247786585, 0.9272983370317596, 61.40222008598016, 0.9892803315640634, 0.9935914872319359]
00023892,93103,390673,1494,7;[89778.87, 1182, 1.0102114628778205, 0.9511744008209252, 46.24757529179707, 0.9906650473507022, 0.998604516601147]
00023892,93103,390673,1496,5;[93285.29, 1362, 0.996304254460408, 0.9385897092657679, 59.795412907966465, 0.9883746670518907, 0.9870808517068134]
00023892,93103,390673,1496,6;[94283.40000000001, 1262, 1.00217509573467, 0.9351515004450848, 62.31275769802199, 0.9883873661257767, 0.9949256191178384]
00023892,93103,390673,1499,4;[94112, 1442, 1.0193794238569454, 0.9036019728833273, 92.12450540670405, 0.9876490056084498, 1.0002922904410396]
00023892,93103,390673,1499,5;[93898.14, 1370, 0.9979011461486544, 0.9379102657752916, 60.872233255583666, 0.9882958289075674, 0.9883820701835696]
00023892,93103,390673,1499,6;[95647.92000000001, 1230, 1.0362822863071601, 0.9209082126294333, 115.44782661389189, 0.984836169841508, 0.9997923543437324]
00023892,93103,390673,1499,7;[90392.40000000001, 1134, 1.0056394446099965, 0.9483205961695961, 56.939292746957456, 0.9908745803188536, 0.9978044249282216]
00023892,93122,390798,1587,7;[91982.07, 1154, 1.0379962988063904, 0.8916649083881645, 128.40748904993342, 0.9851392062934953, 0.9963043982632329]
00023892,93122,390798,1588,4;[93263, 1522, 1.0343964971033042, 0.8955177928323427, 127.94601037636897, 0.9835429404401321, 0.988856373391013]
00023892,93122,390798,1588,6;[95538.32, 1272, 1.0201171341477493, 0.9223674107111368, 100.79638914329955, 0.985300069309392, 0.9949919385906089]
00023892,93122,390798,1589,5;[95398.73, 1308, 0.9885708159313844, 0.9248256724876545, 55.141382330355995, 0.9892162139147407, 0.9962965264400672]
00023892,93122,390798,1590,7;[90756.54000000001, 1204, 1.018194813626583, 0.9238754637144159, 90.56640042849686, 0.9892491374704253, 0.9929443667924908]
00023892,93122,390798,1591,4;[93569, 1528, 1.0176960207921453, 0.8915479811843451, 96.01364109273158, 0.988751462634787, 9849.368421052632]
00023892,93122,390798,1591,5;[97058.78, 1316, 1.0160888672198856, 0.9215252797697663, 102.39654337509684, 0.9856148344480832, 0.9967249175119149]
00023892,93122,390798,1591,6;[95989.05, 1294, 1.0159165572837912, 0.9608101894501084, 85.3547151298866, 0.9832085055716978, 0.9944998403179447]
00023892,93139,390920,17,4;[94506, 1500, 1.027088527191362, 0.8794523808120088, 114.86559109061153, 0.9863131026907964, 0.9932369586808129]
00023892,93139,390920,17,5;[97151.59999999999, 1388, 1.0106539310008886, 0.8995172322902854, 88.3860307557242, 0.9889091210211214, 0.9973063931932984]
00023892,93139,390920,18,6;[93028.48000000001, 1260, 0.9926002311185911, 0.9162809410379069, 61.16660810306882, 0.9898389576729316, 0.9968876622232662]
00023892,93139,390920,18,7;[91411.38, 1134, 1.0992383902203307, 0.9192570864558904, 118.61364803335186, 0.9865231889030311, 0.9962980256136607]
00023892,93139,390920,19,4;[91516, 1450, 1.0078401798707501, 0.9274654317894875, 52.99583780040853, 0.9916924179574511, 0.9933193316075393]
00023892,93139,390920,19,5;[92553.44, 1288, 0.9941966294147649, 0.9399912651471408, 48.34401312728484, 0.9927536248094876, 0.9988890672660138]
00023892,93139,390920,19,6;[93509.35, 1212, 1.0023493463701187, 0.9393343284079632, 79.65025329383224, 0.9861169022764733, 0.9954061542948811]
00023892,93139,390920,19,7;[93131.1, 1150, 1.0367814326425413, 0.9034313358402737, 119.52672608978803, 0.9866625731434625, 0.9981633924764685]
00023892,93166,391047,301,4;[102526, 1548, 1.0169194178602992, 0.8777736446207596, 90.59786947818188, 0.9920086285155629, 0.9509393361807903]
00023892,93166,391047,302,5;[98361.83, 1412, 1.0000255947938408, 0.9186079384304046, 83.7879406486509, 0.989548586960397, 0.9902896336897595]
00023892,93166,391047,302,6;[96856.26000000001, 1332, 1.025932231875349, 0.9372100927300585, 96.82421065866093, 0.9893235990225459, 0.9920159400564076]
00023892,93166,391047,302,7;[89636.58, 1116, 1.0002456059630038, 0.9334403432675832, 53.866882251709995, 0.9917594057692131, 0.9887765607331522]
00023892,93166,391047,304,4;[93210, 1474, 1.0072942934122837, 0.8949077592480458, 64.91588183997156, 0.9915019402402596, 0.9885774284896115]
00023892,93166,391047,304,5;[98044.09999999999, 1414, 1.0097857147329659, 0.9330331600770386, 79.8704445912493, 0.9902966082833385, 9999]
00023892,93166,391047,304,6;[96146.6, 1338, 1.0135963825545302, 0.9279488245460283, 70.15376689179699, 0.9915276780806666, 9999]
00023892,93166,391047,306,7;[91706.67, 1198, 1.0265517488271827, 0.9105202322739891, 108.71568258820389, 0.988825646452968, 0.9910630874924561]
00023892,93166,391047,307,4;[94598, 1538, 1.0579995180405166, 0.9287852761001495, 133.8856277141715, 0.9843835297765637, 0.9955326370070247]
00023892,93166,391047,307,5;[98700.98, 1422, 1.0012072743528282, 0.9337293742777901, 76.05651287313088, 0.9908686337529213, 9999]
00023892,93166,391047,307,7;[92809.8, 1208, 1.0218386772767731, 0.9280973687932741, 101.16117528722921, 0.9889602373807543, 0.9956013655462185]
00023892,93166,391047,308,6;[95457.49, 1314, 1.0110277868295992, 0.9237065064668254, 86.05835334072907, 0.9894916578043099, 9999]
00023892,93166,391047,309,5;[98240.45, 1320, 1.0110499269454292, 0.9342055335468392, 83.12772060305193, 0.9881753350248276, 1.0001272041141445]
00023892,93166,391047,309,6;[95802.73000000001, 1258, 0.9954649007721109, 0.95088598087129, 51.35024929924335, 0.9913813996686319, 9999]
00023892,93166,391047,310,7;[92852.64, 1174, 1.0364615348407051, 0.9218120312042933, 113.10243558424547, 0.9879807126376885, 0.9966252555691494]
00023892,93166,391047,311,4;[94312, 1548, 1.0183315127580725, 0.8784015566832107, 87.01246476361891, 0.9910134523103105, 0.9924810447611981]
00023892,93166,391047,312,5;[97339.62, 1418, 1.0078214353836703, 0.9133770726019503, 80.56817309501915, 0.9900963734879676, 0.9897872752353525]
00023892,93166,391047,312,7;[90403.11, 1176, 1.0103433459216362, 0.9384740993298968, 65.00694614521767, 0.9876306688220488, 0.9922750096562379]
00023892,93166,391047,314,4;[94416, 1518, 1.0347146739199957, 0.8917116248877807, 112.8082196363341, 0.9873504709501475, 0.9903135636331216]
00023892,93166,391047,314,6;[93869.66, 1220, 0.9905679278510596, 0.9477478851446883, 37.3871021726515, 0.9935111789189628, 9999]
00023892,93166,391047,315,7;[90819.27, 1176, 1.004813273122673, 0.938296692969693, 58.33190132242037, 0.9882988391895713, 0.9961903802906723]
00023892,93166,391047,316,4;[91221, 1450, 0.9943388596203271, 0.9389536448875085, 42.51792120787346, 0.9927696618710962, 0.989279846436647]
00023892,93166,391047,316,5;[95551.05, 1380, 0.9950794567764044, 0.9521981225145483, 50.39466035948726, 0.9909775413690899, 9999]
00023892,93166,391047,316,6;[95547.91, 1242, 1.021758306850226, 0.9386996652158704, 103.50965344886869, 0.9872397165584255, 9999]
00023892,93265,391506,609,4;[91999, 1462, 1.028048929718139, 0.8979910050086684, 60.49414841799921, 0.9919458494124359, 0.9949387349000184]
00023892,93265,391506,609,5;[96956.44, 1412, 1.0077934810706421, 0.9235989152688951, 77.05094333947079, 0.9894107889801897, 0.9929135057733907]
00023892,93265,391506,609,6;[95946.58, 1270, 1.0044063503258838, 0.9366693963450596, 74.60965059876266, 0.9852408421841474, 0.9908602150537634]
00023892,93265,391506,609,7;[91344.06, 1172, 1.0147838907858038, 0.9450277097540786, 62.320860603145725, 0.9908167582567575, 0.9970024130992042]
00023892,93265,391506,612,4;[95513, 1428, 1.0275237814770013, 0.9016657179967023, 102.92813879812388, 0.986274785337804, 9999]
00023892,93265,391506,612,5;[95004.84, 1362, 0.9989822874056014, 0.9367027109244497, 61.232871275401926, 0.9905141888729317, 9999]
00023892,93265,391506,613,6;[96428.82, 1306, 1.0088462943925212, 0.9416517332407627, 80.98045716336975, 0.9850472693518587, 0.9933528091790508]
00023892,93265,391506,613,7;[92444.13, 1200, 1.0100144932988766, 0.949000364063337, 52.88544641718459, 0.9901442151916354, 0.99741653254096]
00023892,93329,391882,100,4;[89571, 1422, 1.0045582111703892, 0.9290272908080096, 60.71404661951753, 0.9907467227995309, 9999]
00023892,93329,391882,100,5;[95760.48999999999, 1314, 1.0014968410566154, 0.936113277778983, 56.5333923728097, 0.9907405139511056, 0.9980465964268218]
00023892,93329,391882,100,6;[94291.62000000001, 1210, 1.024545287603457, 0.9415175936224898, 59.86855743290816, 0.9896300416328353, 0.9955304838359731]
00023892,93329,391882,87,4;[93975, 1432, 1.0542621991475085, 0.937250671089021, 127.8290403740921, 0.9808000576079602, 0.9951605388004067]
00023892,93329,391882,87,7;[90520.92, 1216, 1.0177249937146682, 0.9035621449918402, 88.75576615342364, 0.9899445168075792, 0.9937266428721394]
00023892,93329,391882,88,5;[96428.08, 1404, 1.0335262988751228, 0.8978843140250746, 91.74747174569461, 0.9892755137217717, 0.9929601195983163]
00023892,93329,391882,88,6;[94128.59000000001, 1316, 1.0139176929802318, 0.9300961545383143, 74.13954408942635, 0.9913920528363622, 0.9894298757218358]
00023892,93329,391882,89,4;[90340, 1462, 0.9992471247785927, 0.923929209970205, 53.4210124926135, 0.9932997432187544, 9999]
00023892,93329,391882,89,6;[93747.73000000001, 1214, 0.9869406422525822, 0.950546662362923, 44.11838568046918, 0.9918175876924784, 9999]
00023892,93329,391882,89,7;[90146.07, 1198, 1.0126167312801755, 0.9488160400742294, 60.89317278153263, 0.988622837051628, 0.9931396015237839]
00023892,93329,391882,91,5;[95733.12, 1388, 1.0316382401039235, 0.9219545454312119, 111.19090413657985, 0.9847225156643902, 0.9941056533827618]
00023892,93329,391882,92,7;[89391.78, 1170, 1.0083598952507489, 0.9342592665815368, 51.915145162539226, 0.9904787665742328, 1.0000941450347052]
00023892,93329,391882,93,4;[91331, 1476, 1.0014136410916312, 0.9405193308432228, 46.83841102765158, 0.991499951610125, 0.9871753992487907]
00023892,93329,391882,93,5;[97333.67, 1416, 1.014740878442954, 0.9100369538380206, 74.98227703411273, 0.9912652801637288, 0.991766902706373]
00023892,93329,391882,93,6;[93605.25000000001, 1284, 0.9952295652710265, 0.9508319718051121, 50.92459886212178, 0.9906761857161073, 0.9918273139008246]
00023892,93329,391882,94,4;[92049, 1408, 1.0020414953763794, 0.9373424113668644, 53.1206588318205, 0.9917052245476408, 0.9953556772655265]
00023892,93329,391882,94,6;[91184.46, 1278, 0.9905011186332193, 0.9574260426265674, 40.4477583640621, 0.9938509010756, 9999]
00023892,93329,391882,94,7;[88614.54000000001, 1120, 1.0080886344489455, 0.9458098021265873, 56.90489988855238, 0.9897498296482681, 0.9920523449008256]
00023892,93329,391882,95,5;[96097.26, 1410, 1.0255900156079332, 0.9229424239876988, 78.84552100567834, 0.9883951510666669, 0.9949975357318877]
00023892,93329,391882,96,4;[90482, 1484, 1.0380860129272493, 0.925552849118763, 91.52271673997085, 0.9880054327532354, 0.9865131543082677]
00023892,93329,391882,96,7;[89244.90000000001, 1126, 0.9999886117592707, 0.947523726902524, 42.23684611748487, 0.9922659463300263, 0.9999142881631954]
00023892,93329,391882,97,6;[95323.23000000001, 1308, 1.0232360116328916, 0.9262526559365262, 114.31092452407493, 0.985070710337425, 0.9939573155052713]
00023892,93329,391882,98,5;[91312.26999999999, 1274, 0.9910956433572836, 0.9499125007788416, 40.481912020727336, 0.9931181500295134, 1.0025805018586147]
00023892,93329,391882,99,7;[91140.57, 1116, 1.040458220622072, 0.9168459149710392, 128.2515023403644, 0.9853835087709369, 0.9977889817590995]
00023892,93377,392048,10,6;[93998.44, 1270, 0.9919158486756011, 0.9298485050003288, 44.31097966349902, 0.9937217962071911, 3049.4222222222224]
00023892,93377,392048,3,5;[95604.59999999999, 1380, 0.9987641833365667, 0.9393509332390785, 64.83692702540026, 0.9879231311757988, 0.9854283191050928]
00023892,93377,392048,4,4;[94389, 1520, 1.0481839465197085, 0.8982303279844803, 146.38223343478478, 0.982646624664452, 0.9880923094638661]
00023892,93377,392048,4,6;[97017.92000000001, 1286, 1.0372960980095842, 0.9264170716955258, 123.47793040094903, 0.9807739478566936, 9999]
00023892,93377,392048,4,7;[92407.41, 1130, 1.0595645127019166, 0.9293841207882982, 170.5528109892539, 0.9818613008641736, 1.0012350283890754]
00023892,93377,392048,5,4;[93685, 1540, 1.0178861300818915, 0.9003955185041129, 93.95097312123575, 0.9899993008943256, 0.9824761944712446]
00023892,93377,392048,5,5;[95059.58, 1386, 0.9975705251686652, 0.9409213671685013, 54.60727821811455, 0.9905677231515972, 0.9902072590241967]
00023892,93377,392048,6,7;[93124.98, 1220, 1.0286517745050106, 0.8914510733339396, 118.29712978430149, 0.9879625097852601, 0.9942744194784086]
00023892,93377,392048,7,6;[96321.96, 1342, 1.0423455405613293, 0.9067963071804969, 124.40247179752821, 0.9854195786207434, 0.9907977621510408]
00023892,93377,392048,8,7;[92243.7, 1196, 1.022623329814651, 0.9085152390334844, 110.36142061975514, 0.988371274204613, 0.9908458921557349]
00023892,93377,392048,9,4;[90811, 1438, 1.0060688654956351, 0.9294232637887027, 47.099345259638056, 0.9922297516712043, 0.9900300352682733]
00023892,93377,392048,9,5;[96201.98, 1422, 1.0014563841948065, 0.9143044300938822, 83.43824513862316, 0.9901791203282161, 0.9884999847155566]
00023698,93080,390528,134,4;[50730, 1068, 1.0195976013283141, 0.9416815472712002, 106.73840478038007, 0.9824062191657561, 0.9948424293530485]
00023698,93080,390528,134,5;[32137.14, 722, 1.0078854189891433, 1.013414209980644, 116.63098906489452, 0.9895434332199322, 0.9812513625463266]
00023698,93080,390528,134,6;[38668.25, 748, 1.0119806230852137, 0.8016064169445177, 114.47467328846068, 0.9890644631038052, 9999]
00023698,93080,390528,135,7;[38513.16, 688, 1.0083897586046573, 1.0117389089138091, 162.42444615493253, 0.9858130161766707, 9999]
00023698,93244,391403,53,4;[51195, 1022, 1.0156213303600359, 0.8120712758459384, 144.89464082346188, 0.9865749572742271, 0.9854762798486992]
00023698,93244,391403,53,5;[39153.38, 806, 1.0102162086185273, 0.8219264752022125, 107.96273207170495, 0.9890131537606472, 0.9936278802887084]
00023698,93244,391403,54,7;[40517.46, 702, 1.0207061917706963, 1.0193027392126506, 179.45160421442154, 0.9815379085237981, 1.0024605367755612]
00023698,93244,391403,55,6;[32312.820000000003, 714, 1.0456990845119167, 0.9394046339370987, 200.55027481560595, 0.9796784384215971, 0.999639746551103]
00441627,93067,390432,65,6;[21472.010000000002, 544, 1.2071747550462895, 0.7669454718363042, 296.42536616290715, 0.7847001280608507, 1.0052594445513436]
00441627,93067,390432,65,7;[16773.39, 448, 1.253618130917735, 0.6973485200506362, 523.0019403456191, 0.7855477682179377, 1.0095308255444542]
00441627,93067,390432,66,4;[10210, 490, 1.205591451736173, 0.6863116563155766, 613.2121337405814, 0.8722998402899627, 0.9194470710072493]
00441627,93067,390432,67,5;[16268.49, 512, 1.220647196279767, 0.7046617065922521, 462.8704074907715, 0.8445627125533454, 0.9832775919732442]
00441627,93067,390432,68,4;[11907, 494, 1.2003262112026345, 0.7715832962863078, 531.6485128296621, 0.8717618975734283, 0.9621429437194456]
00441627,93067,390432,68,7;[8421.12, 332, 1.2311721329364465, 0.7263238471111474, 701.494559475333, 0.8791896922543819, 1.0088901108972597]
00441627,93264,391493,588,5;[20519.17, 566, 1.20625089539276, 0.7685909233089576, 315.5605880943431, 0.8317790326969933, 1.0058332847226272]
00441627,93264,391493,588,6;[18714.2, 500, 1.2130593104670668, 0.7637348278576689, 363.8229627501239, 0.8491944895920966, 1.0074860788435298]
00441627,93264,391493,589,4;[21379, 642, 1.222860004437008, 0.7367409312527542, 305.88289777479906, 0.8018732641457108, 1.0009363734257222]
00441627,93264,391493,590,5;[16612.399999999998, 508, 1.1964813574751163, 0.7937685632171995, 375.2812841427674, 0.8581445608296557, 1.005256714913228]
00441627,93264,391493,590,6;[9288.6, 376, 1.2316310760066829, 0.7078850170173268, 667.4897806596281, 0.8670318738668767, 1.0028102351723118]
00441627,93264,391493,590,7;[12282.84, 382, 1.1826867670833479, 0.7999119505441685, 387.72390592826093, 0.8875514854945041, 1.009938357026041]
00441627,93264,391493,591,4;[11012, 470, 1.193098058381541, 0.7475751573775226, 527.8687510951271, 0.8825552290357994, 0.9964258245487038]
00441627,93264,391493,592,4;[21566, 638, 1.2334162978246925, 0.7378921132659273, 367.5501605580817, 0.7903441127274271, 1.0021375464684015]
00441627,93264,391493,592,5;[20156.219999999998, 562, 1.203713359679201, 0.7846317304791915, 313.73463012416363, 0.8368775280740046, 1.0055806221800048]
00441627,93264,391493,592,6;[21159.65, 542, 1.2236697404115686, 0.7517249901352401, 314.38375842433857, 0.7571266939806515, 1.007304506619709]
00441627,93264,391493,594,7;[8350.74, 328, 1.223572353799153, 0.7204655936361108, 657.8691777124549, 0.8679768549362092, 1.0058048465861973]
00441627,93264,391493,595,6;[12464.26, 412, 1.2003801191039778, 0.7494402772998116, 518.779684832739, 0.8685443501401033, 1.0085356390644054]
00441627,93264,391493,595,7;[17913.24, 476, 1.234135554242224, 0.7230504643351645, 478.3657405746895, 0.6958753383818995, 1.0044612216884008]
00441627,93264,391493,596,4;[11219, 508, 1.2305094763677218, 0.6714866924176794, 605.7120413973133, 0.8650759920385281, 0.9012692802056556]
00441627,93264,391493,597,4;[16763, 554, 1.2381928499368817, 0.7049775672859457, 464.3131905671902, 0.8376756323112875, 0.9956049177406902]
00441627,93264,391493,597,6;[16138.6, 466, 1.2405600873349107, 0.7125649233782062, 511.9105039766774, 0.8332037135799918, 1.0062785631913893]
00441627,93264,391493,597,7;[16254.720000000001, 444, 1.2077508556362362, 0.7474599477139451, 388.7097550299453, 0.8432176119123432, 1.010125980508676]
00441627,93264,391493,598,6;[20904.83, 538, 1.228930547722823, 0.7107618040554585, 404.3079847094639, 0.7639951155568417, 1.0037825214616978]
00441627,93264,391493,599,4;[21075, 628, 1.2339627963739415, 0.6957756061847777, 428.3759556261045, 0.7821500322703572, 1.0026881080952494]
00441627,93264,391493,599,6;[18278.54, 496, 1.2417901616914273, 0.7014603540815798, 492.52759945321515, 0.8148213773926527, 1.0078942398489141]
00441627,93264,391493,601,6;[17897.68, 488, 1.2262171756865832, 0.7353354373699604, 428.58509720415935, 0.8294448048949816, 1.0083359061438715]
00441627,93264,391493,601,7;[16462.8, 446, 1.239242479305792, 0.7171955844473522, 490.42480472355714, 0.778000400107347, 1.0082458770614693]
00441627,93264,391493,602,6;[9285.86, 374, 1.2377602435906125, 0.6997581433261124, 713.459030433227, 0.8548786717681439, 1.0055633855055264]
00441627,93384,392076,320,4;[12344, 490, 1.1995487910336806, 0.7591096098133624, 513.2954542998216, 0.8662362257216014, 1.0004863024801427]
00441627,93384,392076,320,5;[20861.89, 574, 1.2111621840400428, 0.7582921315696813, 363.1884696510415, 0.8293217739685587, 1.0060832137733142]
00441627,93384,392076,320,7;[14005.62, 410, 1.2263482310292348, 0.7426608622195343, 522.0529734673636, 0.8269586639430007, 1.0075394859941664]
00441627,93384,392076,321,6;[9516.02, 402, 1.2459258908049446, 0.6729735331185407, 996.7609703993207, 0.8711938871840158, 1.0025981524249423]
00441627,93384,392076,322,4;[15087, 530, 1.227825643299695, 0.670241727937023, 463.9224341976033, 0.8457291965189534, 0.9826743958835407]
00441627,93384,392076,322,5;[14786.939999999999, 478, 1.2168679137909466, 0.6908034952506068, 421.88523733231057, 0.8408142823537349, 1.0021371829509254]
00441627,93384,392076,322,6;[9057.070000000002, 424, 1.4980199071231, 0.7611337057784305, 1635.2590209349778, 0.8533617294763073, 0.9801334321719792]
00441627,93384,392076,322,7;[15986.970000000001, 440, 1.2458601080494724, 0.7311456583295168, 551.6198462274316, 0.8090290400380505, 1.0078125]
