02311496,93025,390246,145,1;[30672, 758, 0.9784075081724705, 0.783257178444299, 56.57449682614628, 0.9954660757143833, 889.0434782608696]
02311496,93025,390246,145,2;[21486.64, 602, 0.9846727249774544, 1.0027129094627611, 135.11942306356235, 0.9889948517893005, 1.0091379069442503]
02311496,93025,390246,145,3;[21847.390000000003, 562, 0.90651693488915, 0.9693422321202465, 111.09916741153371, 0.9847540192572649, 9999]
02311496,93025,390248,146,1;[37226, 856, 0.986243566494787, 1.0234350679727273, 49.79272856347454, 0.9955867652919168, 9999]
02311496,93025,390248,146,2;[31222.03, 704, 0.9897129144077522, 0.9988268949154078, 153.49465686354375, 0.984508480282251, 1.0066375076734193]
02311496,93027,390262,279,1;[20913, 652, 0.9770008093282713, 0.7716004307474454, 54.752704419927454, 0.9956637245989447, 1.0007656601426043]
02311496,93027,390262,279,2;[37243.43, 788, 0.9694273040082076, 0.9969078221275274, 84.37002302345299, 0.9905285147653753, 9999]
02311496,93027,390262,279,3;[37139.33, 724, 0.9073460935329846, 0.9897735941158943, 103.1231257423662, 0.9499813526854155, 1.005564004599577]
02311496,93027,390267,278,1;[22307, 658, 0.9744827376067562, 0.9578098165744071, 41.69155382860686, 0.9968156688265789, 1.004978262338657]
02311496,93027,390267,278,2;[21109.41, 596, 0.9726639428247216, 0.9912625665424781, 137.44497807388234, 0.9876654827811139, 1.0087861468907275]
02311496,93027,390267,278,3;[37496.9, 730, 0.8963673748232205, 0.9655084217429585, 119.80710894110105, 0.9664239801384065, 9999]
02311496,93027,390268,280,1;[21770, 678, 0.9716180645095791, 1.0868797551003235, 101.1650922669585, 0.9912528940277705, 1.001172710340546]
02311496,93027,390268,280,2;[37587.34, 792, 0.9700445141028667, 0.9915387080575965, 103.77469622197889, 0.9886997423770456, 1.006356235961321]
02311496,93027,390268,280,3;[34108.89, 688, 0.8990127692190681, 0.9705698393225575, 125.40873495357454, 0.9772817757593777, 2620.7368421052633]
02311496,93048,390342,504,1;[37949, 858, 0.98343648700953, 0.7992334947131953, 51.742312052481594, 0.9953361969444743, 1.0030661063093067]
02311496,93048,390342,504,2;[20713.14, 600, 0.9759886842137607, 0.9934471901209219, 114.7365532601606, 0.9886178063398581, 1.0054007220216608]
02311496,93048,390345,505,1;[20336, 674, 0.9611501256167181, 0.9643051923375326, 76.08681075001849, 0.9929070826025478, 9999]
02311496,93048,390345,505,2;[20489.42, 622, 0.96235773472549, 0.9876733162249828, 156.40954818467708, 0.9804346197197746, 1.0065768320130952]
02311496,93048,390345,505,3;[23262.600000000002, 578, 0.9044579155447647, 0.9797660865882323, 99.84952198988637, 0.9853257533846017, 943.3333333333334]
02311496,93049,390354,571,1;[20853, 658, 0.9421826334628182, 0.9976375942458945, 103.69470375779744, 0.9897769323269384, 1.0035854368698414]
02311496,93049,390354,571,2;[23739.309999999998, 632, 0.9279728699304929, 0.9809881847324228, 105.56454624335551, 0.9890416083026271, 0.9955335978241885]
02311496,93049,390354,571,3;[20312.99, 542, 0.9151748005040677, 0.9721539697722106, 124.80466688531598, 0.9828946933856965, 9999]
02311496,93051,390364,655,1;[20416, 668, 0.9616751592146099, 0.909494831902467, 82.23945188076293, 0.9926642145361738, 9999]
02311496,93051,390364,655,2;[37068.5, 780, 0.9531483320255653, 0.9892665690709432, 87.87605877219654, 0.989862562675273, 9999]
02311496,93051,390364,655,3;[36596.810000000005, 722, 0.9030288764658663, 0.9857512852452319, 123.26873147786048, 0.9356239870135644, 1.005741608779955]
02311496,93052,390372,711,1;[33339, 790, 0.9834061450048948, 0.8076269694253538, 56.169163180550065, 0.9948488498411598, 9999]
02311496,93052,390372,711,2;[31104.219999999998, 716, 0.9320358313153462, 0.9841385031411679, 98.68046315534045, 0.9877660072950406, 9999]
02311496,93052,390372,711,3;[24198.31, 576, 0.9252877510273834, 0.9961982283116156, 137.1655228880904, 0.9807000542080444, 1.005464791939432]
02311496,93064,390414,914,1;[22872, 664, 0.9828713361861854, 0.7619621340748776, 51.17020676148739, 0.9961156574946617, 9999]
02311496,93064,390414,914,2;[23259.739999999998, 624, 0.9861681129794885, 1.015919566052556, 172.59696295407045, 0.9839651137195096, 9999]
02311496,93064,390414,914,3;[21377.480000000003, 558, 0.9068479308593292, 0.967501580241309, 116.36771384494347, 0.9845858446539961, 1.0001281886937572]
02311496,93064,390417,913,1;[23689, 674, 0.9861227998907918, 0.7897145319448206, 53.29489667151862, 0.996001398769389, 9999]
02311496,93064,390417,913,2;[37329.11, 794, 0.9750813884613517, 0.9910669752715319, 83.75978362133216, 0.9909446297102191, 0.9897613075236247]
02311496,93064,390417,913,3;[27212.31, 614, 0.9043069078928272, 0.9797999012446554, 102.42597571608266, 0.9841345728138897, 9999]
02311496,93067,390430,81,1;[22041, 674, 1.2752974133657167, 0.9886683306777693, 77.19333684613457, 0.9941296958585233, 383.32173913043476]
02311496,93067,390430,81,2;[21424.76, 630, 0.9627847961250495, 0.9966411198174732, 162.6281735254555, 0.9804346331571132, 1.0032319179761506]
02311496,93067,390430,81,3;[34265.07, 690, 0.9030376306529488, 0.9705406968512358, 130.13284474440312, 0.9752489679291141, 9999]
02311496,93067,390434,82,1;[38662, 874, 0.9672673816749666, 0.9727931974378962, 75.1215776767268, 0.9930648110928435, 1.0053959874657061]
02311496,93067,390434,82,2;[37204.159999999996, 792, 0.9875385034906452, 1.000636171174152, 82.12024312160763, 0.9895026839629438, 9999]
02311496,93067,390434,82,3;[36943.420000000006, 734, 0.9092303413137033, 0.9833614386900417, 140.60482989603352, 0.9306812515532447, 0.9995181437414286]
02311496,93068,390439,174,1;[21484, 708, 0.9616293429698144, 0.8056331488443189, 134.33107209192877, 0.9897158635725857, 1.0008618480818057]
02311496,93068,390439,174,2;[37327.92, 792, 0.9699599806531959, 0.9847615157239483, 77.25335601231195, 0.9916742857724796, 9999]
02311496,93068,390439,174,3;[22462.52, 610, 0.9142481860223555, 1.0025001126483326, 154.72678627465717, 0.9797981023321894, 9999]
02311496,93069,390446,241,1;[23336, 684, 0.9894362955100606, 1.0107435833915015, 78.61365045298693, 0.9936104909170622, 1.0055803330963307]
02311496,93069,390446,241,2;[23683.379999999997, 624, 0.9317769855674407, 0.9658413158840873, 170.07435107483357, 0.980993309258094, 1.0080024311183144]
02311496,93069,390446,241,3;[37083.16, 736, 0.9127794811699225, 0.998250665871091, 129.80532982253095, 0.9336489251749054, 1.0011095495228937]
02311496,93069,390450,240,1;[24155, 694, 0.9795680584483865, 0.9656808495155728, 77.69847091524395, 0.9939411230295394, 1.0039275991770744]
02311496,93069,390450,240,2;[23353.75, 622, 0.9585762187809048, 1.0697251774700987, 197.08689651893425, 0.986184584843196, 1.0055851608936257]
02311496,93069,390450,240,3;[36640.65, 724, 0.9261741284033613, 0.9846987540862576, 72.04309499590293, 0.9868469406132886, 9999]
02311496,93070,390455,335,1;[23814, 682, 0.9870451715067192, 0.9716464384095269, 80.64094755432332, 0.9935037332110118, 1.0045346213063928]
02311496,93070,390455,335,2;[23218.09, 624, 0.9880766676092009, 1.0040742825121218, 137.67134734890226, 0.9875630287299862, 1.00285266377117]
02311496,93070,390455,335,3;[20682.890000000003, 564, 0.9170681050555531, 0.9775069458761445, 136.02596925517366, 0.9813901092659063, 0.9962057474677488]
02311496,93071,390462,408,1;[21344, 674, 0.9511562081361108, 0.9368093008100526, 131.7518305753323, 0.9856562890606498, 1.0040455357982878]
02311496,93071,390462,408,2;[38254.93, 804, 0.9660423023372519, 1.0057170620946485, 118.9428813692752, 0.9864081768041119, 1.0029013539651837]
02311496,93071,390462,408,3;[35739.19, 710, 0.9106024528342069, 0.9651991741474736, 137.77198355491572, 0.9689083387653915, 9999]
02311496,93071,390464,409,1;[28826, 738, 0.9819038366041081, 0.7971777504267765, 78.9320280190644, 0.9935655752919857, 1.002957447548798]
02311496,93071,390464,409,2;[35873.74, 772, 0.9859486764230425, 0.9979187325112617, 90.58075059772399, 0.9895691723455755, 9999]
02311496,93071,390464,410,3;[38239.44, 742, 0.905857795356523, 0.9832572371774434, 150.25662722604582, 0.9515391037283797, 9999]
02311496,93071,390467,411,1;[33589, 798, 1.1943116360701387, 0.9734385869181517, 77.45008578224937, 0.993187340924594, 1.0027315471303828]
02311496,93071,390467,411,2;[37296.979999999996, 790, 0.9850695516701012, 0.9973597866172775, 128.25263508483707, 0.9845184031907205, 1.003104496719475]
02311496,93071,390467,411,3;[38466.86, 744, 0.9063961852886661, 0.9713955051113394, 166.43718092533257, 0.9539349622682874, 1.0039510145704835]
02311496,93072,390470,503,1;[38761, 874, 0.9618861308219946, 0.9795951178276608, 75.21742484850093, 0.9930114186254039, 1.005017177675504]
02311496,93072,390470,503,2;[20957.09, 600, 0.9804095237554903, 1.0007671370031994, 138.54560955849732, 0.9873009907817245, 1.0076383922185668]
02311496,93072,390470,503,3;[37396.89, 730, 0.9176189045471748, 0.9821112166546788, 78.21471424982398, 0.9830476922324004, 9999]
02311496,93072,390471,502,1;[38060, 868, 0.9572788465272913, 0.9749041447495767, 70.84664775869955, 0.9933810267044828, 1.0051498745543377]
02311496,93072,390471,502,2;[25552.87, 656, 0.9323468198500083, 0.9749700053336198, 114.90279926593043, 0.9875959204532516, 9999]
02311496,93072,390471,502,3;[24257.22, 592, 0.904358398042057, 0.9770522662720641, 118.44818276241709, 0.9817636488826953, 9999]
02311496,93072,390473,500,1;[32430, 786, 0.9790242627854231, 0.9739335930278824, 74.48632798016936, 0.9932432947276587, 1.0036363636363637]
02311496,93072,390473,500,3;[37505.12, 738, 0.9117334634959399, 0.9973454522301508, 108.815731335066, 0.9470521363916985, 1.0023983449588987]
02311496,93072,390473,501,2;[35877.31, 770, 0.9862178526903387, 1.0021245358226687, 100.14393464257607, 0.9882154845294056, 9999]
02311496,93072,390475,499,1;[25518, 698, 0.9813907468795768, 0.9864104692815465, 81.04304984839746, 0.9933831263497663, 1.001805904522613]
02311496,93072,390475,499,2;[22016.19, 638, 0.9763212851974397, 1.0090018856337941, 175.99891852239503, 0.9778384420671157, 9999]
02311496,93072,390475,499,3;[20889.760000000002, 560, 0.9149155470856927, 0.9694992786497195, 126.2486480819098, 0.9830443875918007, 0.9940998141930436]
02311496,93074,390481,645,1;[28063, 744, 0.9886904500404986, 1.0296697957888203, 87.5733393795632, 0.9931018941758096, 0.9983990323039704]
02311496,93074,390481,645,2;[38018.119999999995, 798, 0.9892350285287298, 0.9989365087243456, 95.73281352466928, 0.9876523964359409, 9999]
02311496,93074,390481,645,3;[37873.65, 736, 0.9155950533121096, 0.9788863442414127, 82.0520148124817, 0.976213510116842, 1.0004342633807404]
02311496,93075,390496,702,1;[31894, 780, 0.9823024904119922, 0.7924879925010433, 78.45136436380949, 0.9935387897417237, 0.9989194606699344]
02311496,93075,390496,702,2;[36887.619999999995, 790, 0.9777312451924136, 0.98982886076203, 88.24565418829117, 0.9901576699629276, 9999]
02311496,93075,390496,702,3;[34733.61, 704, 0.9268852618656385, 1.00512071897858, 92.56575589490852, 0.9857038025313554, 9999]
02311496,93078,390511,31,1;[22441, 660, 0.9853876640915001, 0.9647833380024908, 54.413406991099365, 0.9958359265627503, 9999]
02311496,93078,390511,31,2;[20882.12, 616, 0.9569074038395349, 0.9659390940548204, 205.21565080516774, 0.9804965259206948, 1.0008269883366128]
02311496,93078,390511,31,3;[37787.340000000004, 734, 0.9115635341611315, 0.9801170482215806, 88.0906042792132, 0.9757507339607552, 9999]
02311496,93079,390518,136,1;[20791, 686, 0.9649570972594351, 0.9627705005584607, 62.19326658441912, 0.9944060270300583, 9999]
02311496,93079,390518,136,2;[20958.28, 612, 0.9828206915676194, 1.0073355508340125, 121.79068736032193, 0.9892647854585734, 9999]
02311496,93079,390518,136,3;[37603.76, 740, 0.9069150988787953, 0.9942880227554513, 96.00480672092424, 0.9489858440294191, 54896.0]
02311496,93079,390520,137,1;[21329, 656, 0.9748977228138479, 0.9632555778869862, 46.52532446751007, 0.9964561199763258, 9999]
02311496,93079,390520,137,2;[21153.44, 610, 0.982219886974002, 1.0028294207139703, 149.90557627261674, 0.9874975236667327, 1.0056004978220285]
02311496,93079,390520,137,3;[33825.3, 692, 0.9005125940433616, 0.9750861282581356, 150.00382282262962, 0.9736528296051374, 9999]
02311496,93079,390522,138,1;[20832, 710, 1.2085247863393787, 0.9547596823888612, 77.38996525436919, 0.9937470248268128, 9999]
02311496,93079,390522,138,2;[21168.91, 610, 0.96042312085984, 1.0045770061737236, 189.65712727992488, 0.9799202725216849, 9999]
02311496,93079,390522,138,3;[21525.440000000002, 604, 0.9107554788983235, 0.9916592638208258, 169.5430390149403, 0.9749627726880282, 9999]
02311496,93081,390531,266,1;[32255, 776, 0.9833592579285139, 0.9826718537504263, 51.56151265167845, 0.9954493763605107, 9999]
02311496,93081,390531,266,2;[21400.96, 614, 0.9796296279805738, 1.0011637192962168, 132.63393052729458, 0.9878188966804156, 1.0048892241499734]
02311496,93081,390531,266,3;[21151.43, 552, 0.9206201983499605, 0.9747994237172968, 146.98477480756932, 0.9796277491373142, 1.005667014069828]
02311496,93081,390534,265,1;[20605, 668, 0.9592469499652678, 0.9261737926597847, 81.73374847668507, 0.9927167893527806, 9999]
02311496,93081,390534,265,2;[32272.8, 724, 0.9856339228965885, 0.9980105808830914, 126.92627389872162, 0.9881448019869784, 1.0012182965998448]
02311496,93081,390534,265,3;[37980.51, 738, 0.9023303350434756, 0.9710087094802006, 162.0245350572795, 0.9572512163833011, 1.0042745879369679]
02311496,93082,390539,319,2;[20597.71, 604, 0.9744933731709221, 0.991034320394613, 122.0843003791442, 0.9881904280926581, 34618.0]
02311496,93082,390542,318,1;[21930, 662, 0.985382236169082, 0.7731350476368785, 56.48336439693447, 0.9957985644491768, 1.0019417475728156]
02311496,93082,390542,318,2;[21022.54, 610, 0.9786621599940147, 0.9991312227655353, 140.06035180886448, 0.9878939365049847, 1.0034079291150744]
02311496,93082,390542,318,3;[21151.43, 574, 0.9084220667511047, 0.9561108193957908, 129.72309118500684, 0.9825018110881055, 9999]
02311496,93082,390546,320,1;[37928, 854, 0.9840931978304684, 0.9771706717806085, 43.37763988578237, 0.9963571447886725, 1.0035588130234034]
02311496,93082,390546,320,2;[23002.7, 620, 0.7714968185651817, 0.8094635039534066, 147.02323330091068, 0.986090583729, 1.0055139409071994]
02311496,93082,390546,320,3;[24021.58, 594, 0.9078949053353037, 0.9847475957923477, 116.0292658581597, 0.9844231551094306, 9999]
02311496,93083,390548,383,1;[21480, 658, 0.9809848737485384, 0.7627420897626531, 59.54989446828862, 0.9956061833126851, 1.0021928801381048]
02311496,93083,390548,383,2;[21404.53, 616, 0.9813667458013767, 1.0008367381392715, 133.86677727703184, 0.9885823920078217, 1.0057874577124164]
02311496,93083,390548,383,3;[36724.22, 726, 0.9006607968868939, 0.9893602290653908, 110.58978385096172, 0.9444745732128662, 9999]
02311496,93083,390553,382,1;[37577, 856, 0.9848010589292119, 0.9769663580618985, 44.805435130698726, 0.9961413995582414, 1.004061456245825]
02311496,93083,390553,382,2;[21162.96, 606, 0.9791829245075916, 0.9997830549054082, 154.79601748770529, 0.987155007239617, 1.00628076727211]
02311496,93083,390553,382,3;[35158.310000000005, 704, 0.9237003791665985, 0.9983512520068805, 77.09861908864545, 0.987594305242371, 9999]
02311496,93083,390554,380,1;[23838, 686, 0.9847763844897136, 1.0131682575461356, 44.42297281769834, 0.9965927381041205, 9999]
02311496,93083,390554,380,2;[36912.61, 788, 0.9881641241395115, 0.9978188262074589, 99.22118451191243, 0.9873472867889687, 1.0019218656632052]
02311496,93083,390554,380,3;[20792.49, 578, 0.9057841907187646, 0.9480302409018102, 130.17505849290814, 0.9818577480174159, 9999]
02311496,93085,390563,542,1;[35523, 824, 0.9869110715992335, 0.8087602648473632, 49.6300645094543, 0.9958530598282818, 9999]
02311496,93085,390563,542,2;[25695.67, 644, 0.9329993053703132, 0.9665591194714603, 147.99335733505188, 0.9852818933059612, 1.0023674682016526]
02311496,93085,390563,542,3;[38047.64, 732, 0.8998923598720735, 0.9606923175049293, 169.28088370392118, 0.9558852474749671, 1.0046121289949177]
02311496,93085,390564,538,1;[36555, 834, 0.988777599368955, 0.996885747585, 40.50583218034612, 0.9961840644332202, 1.0036929751101715]
02311496,93085,390564,538,2;[37809.869999999995, 796, 0.9616816691012817, 0.9851608747399637, 83.38420561599807, 0.9904293994515903, 9999]
02311496,93085,390564,538,3;[32537.500000000004, 672, 0.9013989700006229, 0.9793894037730502, 135.38069940409844, 0.9749046455841827, 11875.0]
02311496,93085,390566,541,1;[36749, 840, 0.9853853087129484, 0.8182882314174909, 54.54123364718508, 0.9952762371287764, 9999]
02311496,93085,390566,541,2;[33800.76, 748, 0.9836626981655008, 0.9972628818393768, 127.30755011343761, 0.9867139769399969, 1.0018870919384137]
02311496,93085,390567,540,1;[37389, 862, 0.9846301899780548, 0.9948653184392104, 51.691845041731206, 0.9957578436223016, 0.9995455274554884]
02311496,93085,390567,540,2;[33027.26, 726, 0.9866378549749174, 0.9959982451409546, 145.57966797963326, 0.9852907786750449, 1.0049789075371607]
02311496,93085,390570,539,1;[22286, 682, 0.9776475707323602, 1.127610546936045, 86.10011450190862, 0.9943133837253731, 1.003105729846514]
02311496,93085,390570,539,2;[20727.42, 604, 0.9771770914084418, 0.995260935360665, 144.05359952052916, 0.9872649921655461, 1.005338951256818]
02311496,93086,390572,611,1;[24742, 682, 0.9817005110259213, 0.7694257964140371, 52.67729231816756, 0.9959793685914387, 9999]
02311496,93086,390572,611,2;[37851.52, 794, 0.9901399889601483, 0.9996092421294979, 145.2717636616613, 0.9802814174170553, 1.001479802273228]
02311496,93086,390572,611,3;[32634.770000000004, 670, 0.9040799539913839, 0.9688880071394237, 125.01393367975697, 0.9797656232750168, 9999]
02311496,93086,390573,610,1;[20950, 656, 0.9829076631544168, 1.029470624992415, 48.446607437849636, 0.996162915358257, 9999]
02311496,93086,390573,610,2;[38215.659999999996, 798, 0.9892854596614498, 1.0002371456937735, 150.7786981055974, 0.9777744956715502, 0.9999688619025378]
02311496,93086,390573,610,3;[29442.670000000002, 634, 0.9000732760226627, 0.9790313917578621, 126.51021294634285, 0.9790983857719604, 1.0023319807844784]
02311496,93098,390632,1184,1;[37519, 852, 0.9832102995142531, 0.7967291961355457, 47.49634916381695, 0.9959911476368308, 9999]
02311496,93098,390632,1184,2;[22792.07, 616, 0.9876266615458463, 1.001370912755305, 148.3457915924256, 0.9876192048406971, 1.0058028095050544]
02311496,93099,390639,1271,1;[31440, 766, 0.9793330164315901, 0.9805098696958945, 39.21596862617192, 0.9963949711602511, 9999]
02311496,93099,390639,1271,2;[25045.93, 650, 0.9869618247390385, 1.0099128449531105, 143.99137531778118, 0.9866861969144455, 1.0037915822105639]
02311496,93099,390639,1271,3;[35550.130000000005, 704, 0.9063836921919372, 0.9706097624568734, 142.4705513148832, 0.9697269323178948, 9999]
02311496,93101,390661,1458,1;[20782, 676, 0.9493647013662316, 1.0424353130744113, 105.79098787899964, 0.9902746696529781, 1.0015421686746988]
02311496,93101,390661,1458,2;[28821.8, 688, 0.9893056670072912, 1.001223550874359, 150.19056657738773, 0.986951962172357, 1.0009918994875187]
02311496,93101,390661,1458,3;[37120.15, 732, 0.9091105209665189, 0.9927725446649671, 150.85701360076447, 0.9403032454461587, 1.0047279132288867]
02311496,93102,390663,1532,1;[36914, 852, 0.9650125928257085, 0.9780919828050217, 47.82585950542914, 0.9956472306970603, 1.001886305961541]
02311496,93102,390663,1532,2;[21341.46, 606, 0.9821858655033641, 1.0044310827657814, 147.01706155215464, 0.9876708095793464, 1.005100039231071]
02311496,93102,390663,1532,3;[37650.340000000004, 732, 0.9141623196063459, 0.9915522024924757, 85.33375331662607, 0.9746893625467818, 9999]
02311496,93102,390668,1533,1;[37906, 862, 0.9648981787898494, 0.9677052925777688, 47.402265366268765, 0.995456571714046, 9999]
02311496,93102,390668,1533,2;[35243.04, 758, 0.9432526974675561, 0.9908146120412599, 113.23609214527573, 0.9867034130786206, 9999]
02311496,93102,390668,1533,3;[37621.57, 732, 0.9185488515344098, 0.989409747517451, 76.39875054740168, 0.9791476210566886, 9999]
02311496,93117,390757,131,1;[33919, 798, 1.2072436148032026, 0.9905816624011275, 47.854787833132754, 0.9959706172206358, 1.0053648704724643]
02311496,93117,390757,131,2;[21700.84, 610, 0.9847115202988058, 1.0043028446513047, 144.79428623988701, 0.9880347812180965, 1.008015035100326]
02311496,93117,390759,130,1;[37630, 864, 0.9893207326910406, 1.0281812294308976, 73.79299845873659, 0.9937357541468788, 0.9955158137012394]
02311496,93117,390759,130,2;[21397.39, 630, 0.8932789909123563, 0.9113878194383805, 180.26451740714944, 0.982996803246363, 9999]
02311496,93117,390759,130,3;[25038.120000000003, 592, 0.928327634220573, 1.004157989644768, 137.55430103803405, 0.9826574698279352, 1923.7894736842106]
02311496,93117,390764,132,1;[37836, 866, 0.9913176052662993, 1.0180312099522715, 74.50406282442674, 0.9933749910636466, 0.9986670713842661]
02311496,93117,390764,132,2;[29598.87, 694, 0.9284967040163589, 0.9739546058282696, 138.86551402707724, 0.9838483573556369, 0.9977536202815998]
02311496,93118,390770,209,1;[20678, 654, 0.9561389749687775, 0.9667398020708694, 64.45910428719559, 0.9922488646281612, 9999]
02311496,93118,390770,209,2;[37145.85, 792, 0.9530768284911836, 0.9922736241575274, 92.04654805417967, 0.9896333968106841, 9999]
02311496,93118,390770,209,3;[36850.26, 716, 0.9046543968502396, 0.963811223319583, 172.73908431445216, 0.9607307483106506, 1.005532710280374]
02311496,93121,390784,1652,1;[21342, 674, 0.9666525895992928, 1.0516149049086538, 91.47686627742861, 0.9916185456120071, 0.9987598567985586]
02311496,93121,390784,1652,2;[37531.409999999996, 792, 0.9511542414894006, 0.9972465185187704, 125.44648600124293, 0.9852280558563878, 1.0017787377314742]
02311496,93121,390784,1652,3;[31666.180000000004, 658, 0.9048627704293891, 0.9776954056592071, 125.75573923650008, 0.9784306059813969, 9245.6]
02311496,93123,390804,1765,1;[28239, 730, 0.9737802968618878, 0.8081925107990154, 38.454528684502954, 0.9968502121934988, 9999]
02311496,93123,390804,1765,2;[21801.989999999998, 632, 0.9675857284500806, 1.051703607955158, 180.26309606458713, 0.9865629510448368, 1.0037804076265615]
02311496,93123,390804,1765,3;[24172.280000000002, 602, 0.9651670924418225, 1.0080601930278086, 124.88832400818487, 0.985607112848665, 9999]
02311496,93125,390815,1836,1;[20485, 650, 0.981075702099524, 1.0241513231041937, 50.37522070216556, 0.9960771361141455, 9999]
02311496,93125,390815,1836,2;[37920.54, 802, 0.8798024235887065, 0.8958261999553527, 81.21441270596749, 0.9909690314302295, 9999]
02311496,93125,390815,1836,3;[24154.47, 586, 0.9126968929180641, 0.991076029555461, 105.9589125104057, 0.9851135832545092, 0.9998582244024159]
02311496,93126,390823,1887,1;[31541, 766, 0.9878302917524596, 1.0070083602680555, 41.012897818132494, 0.9963176910144542, 1.0047144267830408]
02311496,93126,390823,1887,2;[38000.27, 798, 0.9879412852590975, 0.9995375371959787, 107.30864655015351, 0.9868602095886588, 9999]
02311496,93126,390823,1887,3;[38727.16, 746, 0.9105960158831083, 0.977415127837844, 152.48900928442748, 0.9557069100929106, 1.0042453416700712]
02311496,93128,390834,398,1;[23848, 680, 1.2319139441552276, 0.9698476851343248, 51.09825960794634, 0.9954485452674705, 1.0026698059660704]
02311496,93128,390834,398,2;[21365.26, 606, 0.9690512032970697, 0.9939865565169298, 162.02299669974457, 0.9826345322667809, 1.0033250440079353]
02311496,93128,390834,398,3;[26712.260000000002, 612, 0.9034009049637114, 0.983476957474964, 117.92856829444501, 0.9801580231537348, 9999]
02311496,93128,390838,399,1;[20900, 680, 0.9655665712171183, 0.9458871577039754, 67.72756941093067, 0.994185205567741, 9999]
02311496,93128,390838,399,2;[38024.07, 802, 0.9879460435889924, 0.9987134337003173, 85.52850745918781, 0.990137746358897, 9999]
02311496,93128,390838,399,3;[21650.11, 566, 0.9085158763980381, 0.9628188114349895, 137.57476096791538, 0.9819254035595046, 9999]
02311496,93129,390841,481,1;[32155, 774, 0.9937472118610466, 0.995280288363594, 40.31547234522279, 0.9966531726058102, 9999]
02311496,93129,390841,481,2;[21149.87, 648, 0.9663773653213482, 0.9695775763351727, 171.04657923952848, 0.982237413883012, 1.0034723202439093]
02311496,93129,390841,481,3;[31986.760000000002, 664, 0.9009608179035937, 0.9767622621066991, 124.85961748177834, 0.9805150766149896, 9999]
02311496,93129,390843,482,1;[20649, 700, 0.9689736154711935, 0.7793207084564665, 82.65850744966896, 0.9931532394613796, 9999]
02311496,93129,390843,482,2;[21396.2, 640, 0.9616101111865893, 0.9953849820945491, 162.77779485469745, 0.9776380276767456, 0.9942765504465396]
02311496,93129,390843,482,3;[21776.15, 584, 0.9047626694154804, 1.0063040558154697, 188.490080408707, 0.9744361314732255, 1.0037573805689748]
02311496,93130,390847,560,1;[36158, 830, 0.9774710097571043, 0.8030633770283124, 50.942039905615665, 0.995620989209984, 1063.4705882352941]
02311496,93130,390847,560,2;[21285.53, 606, 0.9822177069995885, 1.0005979339568913, 159.3259593027921, 0.9865809820370822, 1.0029999719628788]
02311496,93130,390847,560,3;[27816.480000000003, 620, 0.8971850713847989, 0.9859276249238937, 113.14308512848766, 0.9832003017345715, 9999]
02311496,93130,390849,559,1;[22310, 692, 0.969773119918374, 1.0527926859275272, 106.0538335086554, 0.99054128188186, 0.9989701338825953]
02311496,93130,390849,559,2;[37425.5, 796, 0.9864348952540434, 0.9989855733950949, 79.04432258302685, 0.9905725370746817, 9999]
02311496,93130,390849,559,3;[37658.560000000005, 738, 0.9131429053019536, 1.0027174026894725, 127.09019295033235, 0.9415963225929016, 1.0029737471037892]
02311496,93130,390854,561,1;[34662, 814, 0.9794893931657123, 0.9597663197976763, 50.57696212200816, 0.9956043866057974, 9999]
02311496,93130,390854,561,2;[29807.12, 696, 0.9283043813724142, 0.9693830709844301, 141.6061776389, 0.9853613144880359, 1.0005592394343692]
02311496,93130,390854,561,3;[25214.850000000002, 594, 0.9025343707790525, 0.9890695817625338, 109.66685342085324, 0.9853021862878385, 9999]
02311496,93131,390857,684,1;[21845, 656, 0.980002787993242, 0.7628186021304718, 43.016447989001605, 0.9967310290858938, 9999]
02311496,93131,390857,684,2;[21067.76, 654, 0.9679851652813908, 0.9796703958419899, 186.71331592866852, 0.9801610907246135, 9999]
02311496,93131,390857,684,3;[29957.79, 656, 0.9029084939682037, 0.9863763668224234, 120.65623144418632, 0.9824626106435801, 9999]
02311496,93131,390860,683,1;[21446, 676, 0.7403830697035476, 1.0343204819793916, 95.27263433361097, 0.9908361362736038, 9999]
02311496,93131,390860,683,2;[37604.0, 794, 0.9592549710104642, 0.990185801460684, 83.01787933698247, 0.9900070206766771, 9999]
02311496,93131,390860,683,3;[23191.36, 608, 0.9162023151772702, 1.0052246700063683, 160.7080807367211, 0.9779902298971506, 1.0033488427229351]
02311496,93132,390863,755,1;[23328, 678, 0.9597127099104762, 1.0301450251832887, 55.80882664356664, 0.9951779312024919, 9999]
02311496,93132,390863,755,2;[21186.76, 612, 0.9617929971961021, 1.0114267137991644, 192.4329068004564, 0.9770320914630867, 1.0023363828289937]
02311496,93132,390863,755,3;[35444.64, 708, 0.9220558966623924, 1.0126083862174962, 96.81494674834218, 0.9822872915224731, 9999]
02311496,93132,390867,756,1;[22669, 676, 0.958975601709791, 0.9635213676706202, 42.76747354781052, 0.9965949995748983, 9999]
02311496,93132,390867,756,2;[20920.2, 602, 0.9783800484901424, 0.997767409011168, 153.65123956322347, 0.9866579554883246, 1.0047149592798972]
02311496,93132,390867,756,3;[21993.980000000003, 568, 0.9022476339937253, 0.9674199522083389, 127.99189425259388, 0.9821332608668716, 9999]
02311496,93132,390868,754,1;[25832, 706, 0.9751993519915368, 0.9755747539327217, 48.99762143399205, 0.9960845515942888, 9999]
02311496,93132,390868,754,2;[25348.19, 642, 0.9291966523479914, 0.9718040224482384, 142.4566267592037, 0.9856998995020967, 1.0033915869800745]
02311496,93132,390868,754,3;[38106.55, 738, 0.9150584818560301, 0.9872738853917401, 84.28132380455924, 0.9730057931121144, 9999]
02311496,93133,390872,814,1;[20505, 674, 0.9586309227171543, 0.953583409025741, 88.07062037788108, 0.9913188862395349, 9999]
02311496,93133,390872,814,2;[36286.67, 772, 0.9466031020082445, 0.9901393197877421, 102.05510019279942, 0.9868290507872376, 9999]
02311496,93133,390872,814,3;[21243.22, 574, 0.9094900580854629, 0.9622543860810145, 164.6466436660992, 0.9746006520001382, 1.001711941600181]
02311496,93133,390874,815,1;[21488, 656, 0.9810079105963395, 0.7696643577292911, 55.6315220081389, 0.9959637047354148, 429.76]
02311496,93133,390874,815,2;[36491.35, 778, 0.9856251149255144, 0.9998961353231324, 121.77075969991076, 0.9866602869404976, 9999]
02311496,93133,390874,815,3;[19781.43, 576, 0.9144844764150948, 0.9876186723000397, 163.88326115064564, 0.9731878756413536, 0.995381221563491]
02311496,93134,390879,867,1;[20784, 680, 0.9590015371264462, 0.9403664280490281, 80.69341298317384, 0.9926433561521544, 9999]
02311496,93134,390879,867,2;[22110.2, 612, 0.987001380875421, 1.0052564456118287, 152.8002079466664, 0.9871683929459448, 1.006718682271348]
02311496,93134,390879,867,3;[22069.33, 570, 0.9195494006024839, 0.9785009399837205, 165.68364919623966, 0.9791557893545113, 9999]
02311496,93137,390906,1133,1;[34922, 824, 0.984658352521002, 0.8247426353386839, 53.26702816820965, 0.9953378427043404, 9999]
02311496,93137,390906,1133,2;[20891.64, 644, 0.963303291476021, 0.9755646337417136, 184.39927053176095, 0.9777106662645879, 0.9999430426610468]
02311496,93137,390906,1133,3;[21318.570000000003, 558, 0.9095292656332324, 0.965536055437471, 142.0075464968176, 0.9782355241709193, 9999]
02311496,93138,390908,1196,1;[20500, 698, 0.971489231767161, 0.7874895790126718, 80.54734479277062, 0.9930051938332013, 9999]
02311496,93138,390908,1196,2;[21988.82, 624, 0.9876833022620677, 1.0065812607199818, 156.9048796335473, 0.985924778101942, 0.9998917748917749]
02311496,93138,390908,1196,3;[31766.190000000002, 668, 0.9029292739922015, 0.9847683664894994, 142.9410503362258, 0.9766916789839819, 9999]
02311496,93139,390921,37,1;[36946, 840, 1.19161181899786, 0.9711208764401739, 53.42244070028822, 0.9952174676597461, 1102.865671641791]
02311496,93139,390921,37,2;[21066.57, 648, 0.9784241502958102, 1.0463438512849181, 200.30510175059834, 0.9844973809905727, 1.001470837811846]
02311496,93140,390927,116,1;[29020, 734, 1.2067454368875015, 0.9911954644527232, 48.99484885370338, 0.9958434912539076, 1.0016221999792911]
02311496,93140,390927,116,2;[21489.02, 630, 0.9863400717430857, 1.0202137881354074, 206.31294384676832, 0.9822536595933774, 1.0010532734630522]
02311496,93140,390927,116,3;[38251.770000000004, 744, 0.9179523788184241, 1.0052027610885936, 109.78137230991726, 0.9527625001789513, 1.0014346687708475]
02311496,93141,390937,186,1;[22839, 680, 0.9762470646731222, 1.058718643486582, 98.77005557730587, 0.9923168992858723, 1.000920326058375]
02311496,93141,390937,186,2;[21424.76, 614, 0.977714421271034, 1.007606264910571, 201.11183677139732, 0.9790765176871842, 1.0016133518776078]
02311496,93141,390937,186,3;[21171.980000000003, 570, 0.908062636816937, 0.9536512958516886, 140.16043857024218, 0.9826278683464204, 9999]
02311496,93147,390950,311,1;[37723, 850, 0.9774893802728594, 0.9790841867849857, 40.5800225135282, 0.996465578335289, 1.0037250884708513]
02311496,93147,390950,311,2;[22972.95, 618, 0.985701265970686, 1.0005549473491238, 151.95205631892046, 0.9871792334659728, 1.003065572066923]
02311496,93147,390950,311,3;[22247.43, 602, 0.9079545451462426, 0.9847124406628602, 145.75414135829178, 0.9811886882525942, 1.0017890191239975]
02311496,93148,390957,378,1;[37673, 852, 0.9768438943628045, 0.9851851709833529, 43.33592725194853, 0.996360216875674, 1.0044927941980295]
02311496,93148,390957,378,2;[32633.37, 740, 0.9315633473558647, 0.9794040329267218, 125.36635835300686, 0.985593424597467, 9999]
02311496,93148,390957,378,3;[30194.800000000003, 648, 0.8986373207838362, 0.9794420687525115, 127.53700473468007, 0.981032113837829, 9999]
02311496,93165,391037,172,1;[21144, 648, 1.2517286549567757, 0.9690655158887699, 47.31767612862233, 0.9962493880516472, 1.0006625650733554]
02311496,93165,391037,172,2;[38233.509999999995, 798, 0.9886503236324934, 0.9967844030300574, 124.10005587524371, 0.9839373770008222, 1.0027464810711275]
02311496,93165,391037,172,3;[37561.29, 728, 0.9168705004479027, 0.9802957283474795, 76.68000673398666, 0.9801080980559818, 9999]
02311496,93165,391041,171,1;[22741, 666, 0.9815475607922132, 1.0178162329709113, 46.760045017178705, 0.9962458936536133, 9999]
02311496,93165,391041,171,2;[37026.85, 792, 0.9700121257691421, 0.9968522084119783, 82.53625628151642, 0.9906758269266962, 9999]
02311496,93165,391041,171,3;[35584.380000000005, 712, 0.9172867636878925, 0.9839366346638244, 88.4695303619536, 0.9843602454132208, 0.994981804252059]
02311496,93166,391045,241,1;[20476, 652, 0.9325421527495208, 0.9791859655333088, 96.87412009352421, 0.9905224170007536, 0.9998046875]
02311496,93166,391045,241,2;[36547.28, 790, 0.8901378530877115, 0.9970080930594927, 82.84788968195176, 0.9899019977560162, 9999]
02311496,93166,391045,241,3;[34800.740000000005, 694, 0.9238514716064531, 1.0052450685360017, 78.65922436403875, 0.9867449898070532, 9999]
02311496,93172,391081,468,1;[21001, 674, 0.9808850369516322, 0.9694218814086533, 63.858275816688426, 0.9947081777800879, 9999]
02311496,93172,391081,468,2;[37625.42, 800, 0.9598291974490631, 0.9866134783960666, 76.6631414105989, 0.9918037753642087, 9999]
02311496,93172,391081,468,3;[37659.93, 732, 0.9189983616080983, 1.0073539502527793, 105.90850748191514, 0.9519366571263722, 1.0062596090489786]
02311496,93172,391084,469,1;[26343, 702, 0.9820049834908559, 0.9678621342818385, 48.900470632662476, 0.9961138475101659, 9999]
02311496,93172,391084,469,2;[31864.629999999997, 714, 0.98166333632193, 0.9971053804645924, 135.471319310566, 0.9867157315154826, 1.0037297347952394]
02311496,93172,391084,469,3;[36740.66, 726, 0.9047876028766544, 0.986467293839535, 124.54343217825135, 0.9368296590140649, 1.004871103117506]
02311496,93174,391100,667,1;[37373, 858, 0.9508726159607283, 0.9660911954709673, 44.046932470276616, 0.9956480834256032, 9999]
02311496,93174,391100,667,2;[37918.159999999996, 792, 0.9893481199787104, 0.9999030559029093, 137.45892257975166, 0.9810657754024665, 0.9993570543681098]
02311496,93174,391100,667,3;[21878.9, 562, 0.9096420921103919, 1.0798669785323967, 137.54158133969733, 0.9832406034949711, 9999]
02311496,93175,391103,721,1;[24679, 682, 0.9759288272551888, 0.9865868253734309, 46.558296150666216, 0.99602008297156, 9999]
02311496,93175,391103,721,2;[21220.079999999998, 626, 0.9662582088362476, 0.9852612288349311, 178.57963142215524, 0.9785402426659744, 9999]
02311496,93175,391103,721,3;[30434.550000000003, 644, 0.9129871995956482, 0.9777362203158659, 148.89236933482223, 0.9747685739710709, 1.0063876053275347]
02311496,93180,391141,33,1;[37641, 860, 0.9520916717088147, 0.9708005306076746, 48.40467374296608, 0.9951449297213409, 1.0036261831755766]
02311496,93180,391141,33,2;[21210.559999999998, 604, 0.9735396278592966, 0.9943475580573626, 134.66595266748342, 0.9870828180117672, 1.004536872657593]
02311496,93180,391141,33,3;[29491.99, 646, 0.914188393315723, 0.98180779209832, 134.12519471930813, 0.9793564523591279, 0.9961822346653092]
02311496,93180,391142,31,1;[20540, 654, 0.958111001773967, 0.9640424269793895, 80.7651656684734, 0.990453306476335, 8216.0]
02311496,93180,391142,31,2;[37981.229999999996, 798, 0.9827933146568676, 0.9973875467365413, 103.10645521873383, 0.9876258072946449, 9999]
02311496,93180,391142,31,3;[21273.36, 570, 0.914488630717983, 0.9665079632141457, 160.18823738989664, 0.9788707739358239, 0.9998390264318598]
02311496,93180,391148,32,1;[26631, 710, 1.2254094457818006, 0.9736981117657615, 55.28669658423985, 0.9956748397980046, 9999]
02311496,93180,391148,32,2;[37586.15, 788, 0.9586765656948155, 0.9951355436179018, 113.05089692866598, 0.9879840647128293, 9999]
02311496,93180,391148,32,3;[21111.7, 562, 0.9128496044533593, 0.9652130383286548, 154.37457702678833, 0.9792776466187602, 1.0032225513492399]
02311496,93181,391151,106,1;[21451, 676, 0.9593269016088884, 1.069955459787811, 106.16152511569751, 0.9902016631874659, 1.0006063998507324]
02311496,93181,391151,106,2;[25275.6, 652, 0.9329393433951617, 0.9848500188009027, 148.37246823830284, 0.9836907271921516, 0.9957105688770128]
02311496,93181,391151,106,3;[31433.280000000002, 668, 0.9248531406916791, 0.9899537856381729, 113.60464223481401, 0.9825526876281905, 9999]
02311496,93181,391152,108,1;[20535, 648, 0.9592458708954843, 0.9788628618878382, 67.97248267457658, 0.9915328523830154, 9999]
02311496,93181,391152,108,2;[24544.94, 644, 0.9869637114061793, 1.0015871073282632, 149.49094269353756, 0.9868373773204522, 9999]
02311496,93181,391152,108,3;[28432.980000000003, 636, 0.9282581425433345, 0.9869065528469172, 134.04150037415903, 0.9811731402275456, 0.9960167010606134]
02311496,93181,391153,109,1;[22279, 700, 0.9650674531756497, 1.0176611989816797, 77.62377595282675, 0.9944953562216026, 2784.875]
02311496,93181,391153,109,2;[38204.95, 802, 0.9849744314270225, 0.9981651789479941, 99.70895261489201, 0.9880787974582632, 9999]
02311496,93181,391153,109,3;[20515.75, 572, 0.9102605653195839, 0.9506462616811886, 147.62606539126253, 0.9805886521782508, 0.9995994926907416]
02311496,93181,391155,107,1;[26619, 710, 0.966393017851909, 0.9856953047065209, 36.527681774572095, 0.9969395680753395, 1.0029577438254742]
02311496,93181,391155,107,2;[21098.7, 614, 0.962020508292113, 0.966334465350489, 188.90388190996967, 0.9826036830573948, 9999]
02311496,93181,391155,107,3;[36985.89, 736, 0.9194446420671968, 0.973013675856587, 82.47300116887799, 0.984351919784796, 9999]
02311496,93182,391157,180,1;[21196, 682, 0.9686859014577194, 0.9969238819910576, 82.84268793565865, 0.9930657386019087, 10598.0]
02311496,93182,391157,180,2;[26531.05, 658, 0.9100721259089377, 1.2316409069673815, 173.8935842511898, 0.9858547163342681, 0.9947573898494144]
02311496,93182,391157,180,3;[21104.850000000002, 562, 0.9212132131871067, 0.9855568679321574, 167.67364536102798, 0.9779919295079588, 1.0008771074943963]
02311496,93188,391168,276,1;[21319, 706, 0.9719745496557246, 0.7664371832689346, 70.55999247048918, 0.9946321447883931, 9999]
02311496,93188,391168,276,2;[25807.53, 654, 0.9845710245276484, 1.003181151182135, 142.69116864370082, 0.9874683208024353, 1.0030989824236818]
02311496,93188,391168,276,3;[23568.11, 578, 0.9122467559010917, 1.1504232113346364, 159.84721018177697, 0.9806935120374412, 1.0082048877688565]
02311496,93189,391183,351,1;[21263, 672, 0.9625512978459491, 1.0812729152204243, 103.80181688529032, 0.9907797417797144, 1.001507229993877]
02311496,93189,391183,351,2;[27790.07, 676, 0.9327693368985385, 0.9859406844088268, 134.9515443305399, 0.9855396151147844, 9999]
02311496,93189,391183,351,3;[36761.21000000001, 726, 0.9072511692671017, 0.9888308019268852, 141.81209311393732, 0.9380480650549318, 0.9990319818310436]
02311496,93203,391207,440,1;[21987, 668, 1.2501367962000314, 0.9657450200679859, 47.95486594144966, 0.996159119830093, 9999]
02311496,93203,391207,440,2;[37107.77, 788, 0.9612044681153412, 0.9827290573577819, 90.53665090847288, 0.990436672824306, 9999]
02311496,93203,391207,440,3;[38147.65, 740, 0.9121841640446293, 0.9919591961540818, 156.6767976691914, 0.9552514241713462, 1.003839428952539]
02311496,93204,391209,531,1;[30135, 756, 0.9825478650174211, 0.8211954705660409, 45.867389795474054, 0.9961194020428512, 1.0018284574468086]
02311496,93204,391209,531,2;[34312.46, 756, 0.9541178751082582, 0.9861750050367892, 86.42863661676357, 0.9905116919322322, 9999]
02311496,93204,391209,531,3;[21804.920000000002, 606, 0.9244914013277489, 1.0137766675741822, 161.80292981190667, 0.9776279710956767, 9999]
02311496,93204,391211,530,1;[36948, 848, 0.9875526417509114, 1.0153514340524006, 72.93381057129824, 0.9933802240131434, 1.0]
02311496,93204,391211,530,2;[37787.259999999995, 806, 0.9856472878946517, 0.9956204360943981, 83.51703690708112, 0.9903918796653173, 9999]
02311496,93204,391213,532,1;[21825, 668, 1.280975606727707, 0.9977704703116134, 59.39677344705926, 0.9952688572526416, 9999]
02311496,93204,391213,532,2;[21268.87, 618, 0.980863569650577, 1.000857839076859, 136.35634214729657, 0.9872442843785622, 1.006617667764918]
02311496,93204,391213,532,3;[38483.3, 740, 0.9135930881683763, 0.9795004724388918, 157.53432341345575, 0.9611933720710729, 1.006719827972404]
02311496,93220,391264,257,1;[20667, 702, 0.9738968734775626, 1.0328257610946547, 109.68778328629267, 0.9913448218743663, 0.9996855878298304]
02311496,93220,391264,257,2;[35478.659999999996, 766, 0.9844755817964415, 0.9981860575612334, 132.01359157790506, 0.9857964995140567, 1.0024039673867362]
02311496,93220,391264,257,3;[36414.600000000006, 712, 0.9113484171263503, 0.9699351817381539, 172.7470946125142, 0.9670109130178666, 1.0018280157548574]
02311496,93222,391273,323,1;[20689, 704, 0.9712375975917922, 1.0415331093892797, 113.2042278302823, 0.9913061727725481, 1.0018643616377327]
02311496,93222,391273,323,2;[21162.96, 610, 0.9605399669748257, 1.000541641687389, 177.04166972487332, 0.9810076374484635, 9999]
02311496,93222,391273,323,3;[32655.320000000003, 678, 0.9338285266774183, 1.0128595603207133, 102.30576336023131, 0.9852568941651595, 0.9949700498820779]
02311496,93228,391298,539,1;[30576, 754, 1.2155063980160965, 0.9646580439090757, 54.00372233461952, 0.9955491734393396, 9999]
02311496,93228,391298,539,2;[37742.04, 796, 0.9656451234063896, 0.9942071514356781, 74.68212473313042, 0.9918043996201455, 9999]
02311496,93228,391298,539,3;[23927.050000000003, 600, 0.8170911569629008, 1.0068099368917631, 148.9412880250801, 0.982699152833193, 1.002468143726323]
02311496,93230,391307,629,1;[37001, 846, 0.9618729374719307, 0.9823676377184616, 40.17585268110426, 0.996210387099436, 1.003076923076923]
02311496,93230,391307,629,2;[21893.62, 652, 0.9753420452981972, 1.0210906797756099, 190.00612135674814, 0.9774181399090092, 0.9979929481963656]
02311496,93230,391307,629,3;[38196.97, 736, 0.9091324291348248, 0.9864026501960407, 159.64027391861498, 0.9499061996500537, 1.0065342960288808]
02311496,93244,391397,99,1;[21048, 682, 0.9835027214024828, 0.9843003608604043, 65.51141925590593, 0.9942030553243755, 9999]
02311496,93244,391397,99,3;[23187.25, 576, 0.911213812382769, 0.9786999033387425, 138.9912010973976, 0.97723357567778, 9999]
02311496,93244,391398,101,1;[30945, 760, 0.9766133561781151, 0.9778951949059622, 53.233859151048506, 0.9952930314372807, 9999]
02311496,93244,391398,101,2;[21608.02, 616, 0.9643128625211848, 1.0049826803802624, 196.1874356895539, 0.9797913929952504, 1.0047865423456823]
02311496,93244,391398,101,3;[37698.29, 736, 0.9149871258351353, 1.0112130554101857, 121.86693762452332, 0.9512456826744978, 1.0036473720684247]
02311496,93244,391399,100,1;[20956, 670, 0.9413232215580669, 0.9957391944904863, 105.17512297633627, 0.9899905117689811, 1.0000954471699914]
02311496,93244,391399,100,2;[37103.009999999995, 792, 0.8653859713833599, 0.8909602848140533, 75.33081168671515, 0.9918106478284427, 9999]
02311496,93244,391399,100,3;[20884.280000000002, 592, 0.9079423277254371, 0.9295685497102922, 151.79236061683852, 0.9798607867326932, 9999]
02311496,93245,391408,156,1;[21814, 656, 0.9777648484367293, 1.0012933908180495, 48.938825914250515, 0.9960535350840006, 1.0027581134504]
02311496,93245,391408,156,3;[21006.210000000003, 566, 0.9166530258266026, 0.9917701296456267, 173.36252912523832, 0.977040922868273, 30666.0]
02311496,93245,391411,155,1;[32319, 786, 0.9623290289370898, 0.9657181344189549, 48.785588032195726, 0.9954828416307417, 9999]
02311496,93245,391411,155,2;[33253.36, 732, 0.9868903759320314, 0.995715855593302, 116.4876180791953, 0.9871817980726666, 1.000913372853126]
02311496,93245,391411,155,3;[30497.570000000003, 656, 0.9305601917813914, 0.991555475421622, 136.24976349862771, 0.9810600612686176, 9999]
02311496,93246,391414,217,1;[20851, 658, 0.9661389970899638, 0.9627032732241025, 58.20166297929536, 0.9935033331030605, 9999]
02311496,93246,391414,217,2;[37837.24, 788, 0.9890868473051428, 0.9973067809295183, 145.56027179733127, 0.9804322822425177, 1.0015592270014018]
02311496,93246,391414,217,3;[22925.58, 598, 0.9608744120179383, 1.004554187151077, 149.60830122967533, 0.9807096866790462, 1.0024561193314563]
02311496,93246,391415,216,1;[20873, 666, 0.9430622666342031, 1.0204390883995695, 97.97689034432231, 0.9906393336498212, 0.9985409142009711]
02311496,93246,391415,216,2;[37886.03, 796, 0.9840442522118318, 0.9971864031569634, 104.74215234646128, 0.9876787218829068, 9999]
02311496,93246,391415,216,3;[34824.030000000006, 700, 0.9267274989353359, 1.0061714208031454, 102.30353005899244, 0.98472138001276, 9999]
02311496,93246,391419,218,1;[21043, 676, 0.9764792192136906, 0.9653774188070234, 65.47318506114748, 0.99470721815137, 9999]
02311496,93246,391419,218,2;[22558.829999999998, 622, 0.9860420514499915, 1.0065657415558567, 151.34242514164185, 0.9871883757278871, 1.0071992136652232]
02311496,93246,391419,218,3;[37629.79, 738, 0.9027959690263013, 0.9973111095566128, 145.44830080829522, 0.9532667707965309, 9999]
02311496,93248,391431,39,1;[35324, 822, 0.963575777524504, 0.9669559030671226, 49.91792522105307, 0.9954055837694071, 9999]
02311496,93248,391431,39,2;[32841.619999999995, 734, 0.9818992347884633, 0.9988113531765808, 128.32304322449943, 0.9869274643820908, 9999]
02311496,93248,391431,39,3;[22473.480000000003, 568, 0.9053351856417988, 0.9702478466724223, 131.0606345238916, 0.981153005355472, 0.9969612252339857]
02311496,93248,391435,37,1;[20846, 668, 0.9365048226729137, 1.3392036616751815, 110.04596182085409, 0.989789490633341, 1.0014411990776326]
02311496,93248,391435,37,2;[20897.59, 614, 0.9646162861943162, 1.0072575830223685, 206.0855874007925, 0.9798703672129006, 1.0037438198393873]
02311496,93248,391435,37,3;[22429.640000000003, 586, 0.913198223445599, 0.981894958685941, 163.74770744044847, 0.9798578715725341, 1.001621241320241]
02311496,93248,391436,38,1;[29154, 740, 0.9800491469404244, 0.8111176300335781, 59.32953431768703, 0.994961757792524, 9999]
02311496,93248,391436,38,2;[37657.549999999996, 794, 0.9876814480857228, 0.9986744182146213, 136.86420823524563, 0.9804858990428917, 1.0020741303693852]
02311496,93248,391436,38,3;[24660.000000000004, 606, 0.9646974666392737, 1.0030822803370563, 152.71059800634896, 0.9820044064218157, 1.0033165184916808]
02311496,93249,391437,126,1;[36876, 840, 0.9791718511511106, 0.8121198806263069, 52.71873676478613, 0.9954258749192101, 9999]
02311496,93249,391437,126,2;[37830.1, 796, 0.9861021273620497, 0.997864310214686, 117.58742722587463, 0.9854229616330308, 9999]
02311496,93249,391440,124,1;[20965, 646, 0.9829523854562928, 0.7724158414694394, 58.76145901224486, 0.9955622863670924, 9999]
02311496,93249,391440,124,2;[35421.54, 766, 0.984529012419493, 1.0016918780372508, 120.04279508328283, 0.9867419953802566, 9999]
02311496,93249,391440,124,3;[20985.66, 568, 0.9082108569510394, 0.9502939046361468, 154.84967070231895, 0.9792792597708245, 9999]
02311496,93249,391441,123,1;[37484, 858, 0.9861051644122129, 1.0281627233988027, 65.99089968009915, 0.9941063322385749, 1.0019780807270784]
02311496,93249,391441,123,2;[24499.719999999998, 640, 0.9840920291071901, 1.0047447591603687, 141.13072147576992, 0.9860011556336074, 1.0051507384352496]
02311496,93249,391442,125,1;[20510, 642, 0.9771089841708601, 0.7760458049233961, 53.23675174999622, 0.9958431827637517, 9999]
02311496,93249,391442,125,2;[35250.18, 758, 0.986366639761079, 0.9995749718868971, 130.5285587316704, 0.9851722358372184, 0.9998649834604739]
02311496,93249,391442,125,3;[23616.06, 614, 0.818133717858874, 1.0174041466856383, 166.7689015335154, 0.978888009709025, 1.002617344268016]
02311496,93260,391460,220,1;[37246, 854, 0.9620258750174645, 1.0033507700239843, 44.9904325009779, 0.995602317832665, 9999]
02311496,93260,391460,220,2;[21730.59, 624, 0.9828196750772515, 1.0579276053267204, 191.0916819580546, 0.9850989391987721, 1.0021402700032926]
02311496,93260,391460,220,3;[24228.45, 606, 0.8130378699996228, 1.0038291696371657, 160.342693003009, 0.9799208543489654, 1.0025510204081634]
02311496,93260,391463,222,1;[22081, 668, 0.9845958539119972, 1.0129772881049666, 58.957918740185164, 0.9955323331986402, 1.001088089948769]
02311496,93260,391463,222,2;[37783.689999999995, 798, 0.9717362984335232, 0.9905115047563903, 83.77130474679005, 0.9907362468344453, 9999]
02311496,93260,391463,222,3;[29548.160000000003, 640, 0.9051897694303378, 0.9780406249528042, 105.25966461634017, 0.9824725311034955, 9999]
02311496,93260,391466,221,1;[20734, 660, 0.9472326393873816, 0.9830426448085415, 91.81708882954632, 0.990720829388866, 1.0010863529922989]
02311496,93260,391466,221,2;[21373.59, 632, 0.9631343400044226, 1.0011570098805804, 199.0327211161572, 0.9768459797748125, 1.0033237438203502]
02311496,93260,391466,221,3;[32733.410000000003, 672, 0.9086214303424345, 0.9757467844133386, 135.2646130689021, 0.9778511023965334, 9999]
02311496,93261,391467,311,1;[20966, 658, 0.9367568921760139, 0.9825232051450672, 84.9346234360599, 0.9911161667261461, 9999]
02311496,93261,391467,311,2;[35494.13, 766, 0.9845128599223811, 0.9991795762861749, 122.61011536294016, 0.9865764640076299, 9999]
02311496,93261,391467,311,3;[36502.280000000006, 724, 0.8996330728290276, 0.9606400936476638, 182.11506648711094, 0.9621715735091947, 0.9957023805074928]
02311496,93261,391470,310,1;[21197, 656, 0.9725875522258877, 0.7756923415531044, 55.51034890739261, 0.9955459775362094, 9999]
02311496,93261,391470,310,2;[31327.94, 712, 0.9848923174606476, 0.9997782550031835, 132.06261162739114, 0.9859178789480433, 1.0036790636497075]
02311496,93261,391470,310,3;[24251.74, 600, 0.9623926808733904, 1.0017989239318148, 156.20537637622778, 0.9803756305306806, 1.0039131174502354]
02311496,93261,391473,312,1;[21030, 666, 0.9392116467437367, 1.0131871240829793, 104.0117525193781, 0.9902189786830417, 1.001523954662349]
02311496,93261,391473,312,2;[32106.199999999997, 720, 0.9885963318822362, 0.9976627950964193, 150.63349903055925, 0.9856199371025719, 1.0031977392727003]
02311496,93261,391473,312,3;[38113.4, 738, 0.9048250059309103, 0.9845329768591873, 165.07336812088127, 0.9419723186719973, 1.0055663991903419]
02311496,93262,391475,409,1;[37731, 858, 0.9758231573185359, 0.7975643760784588, 68.75514980346854, 0.9940981495748498, 1.0039780211008076]
02311496,93262,391475,409,2;[31400.53, 718, 0.9893987555115734, 0.9973412434194054, 146.55832965049234, 0.9859918534577858, 1.00064467197573]
02311496,93262,391476,406,1;[36229, 836, 0.9844021940001471, 0.8283104281102065, 52.86219736823518, 0.995162902486025, 1.0008149283829888]
02311496,93262,391476,406,2;[25538.59, 644, 0.9884676557448043, 1.0013945074862074, 140.7057545189726, 0.9865642216934595, 1.0028973316510117]
02311496,93262,391476,406,3;[38240.810000000005, 740, 0.9182023928768789, 0.9726907123297791, 94.38430406995147, 0.9695446002587137, 0.9992661141639967]
02311496,93262,391478,408,1;[22118, 656, 0.9743120583744672, 0.7773881174648546, 56.50731576878574, 0.99545982277322, 9999]
02311496,93262,391478,408,2;[37389.799999999996, 792, 0.972113905961474, 1.0006382652098962, 105.82928118808795, 0.9877955270790202, 9999]
02311496,93262,391478,408,3;[38413.43, 740, 0.9034436988003556, 0.9824975075624063, 173.2700950436598, 0.9415254706877908, 1.0036151478273319]
02311496,93262,391480,410,1;[37229, 850, 0.9619578892299262, 0.9647726600951334, 49.57671935121684, 0.9954625557745224, 9999]
02311496,93262,391480,410,2;[37310.07, 784, 0.9513240722233962, 1.0021150013272642, 109.54941179676968, 0.988215934951836, 1.0000478446007368]
02311496,93262,391480,410,3;[30996.250000000004, 656, 0.8999716300781277, 0.9844555956611432, 141.7851532661459, 0.9779324780746753, 0.9951397594070946]
02311496,93262,391482,407,1;[30196, 754, 0.982399939944162, 0.9636705584560434, 55.08199081109761, 0.9954845863537906, 9999]
02311496,93262,391482,407,2;[29867.809999999998, 700, 0.9894268226177583, 0.9987266383132763, 126.86583870963094, 0.9884712077581106, 0.999641548510435]
02311496,93262,391482,407,3;[21099.370000000003, 558, 0.9137332343770624, 0.9836419564780688, 133.5080220569605, 0.9832590274028752, 9999]
02311496,93263,391485,490,1;[29630, 754, 0.9862976844440677, 1.027496974071346, 60.718834122251856, 0.9948245123988831, 9999]
02311496,93263,391485,490,2;[32144.28, 724, 0.9843777904166487, 0.9989149050635421, 135.7710643581752, 0.9859624631694346, 1.0033616254666344]
02311496,93263,391485,490,3;[37772.270000000004, 732, 0.9026353889962099, 0.9697947747257046, 178.4454812113049, 0.9539287731797921, 1.0012528825377227]
02311496,93263,391490,488,1;[37433, 852, 0.9823765364670025, 0.9655407120957779, 49.02446413520802, 0.9957732666637311, 9999]
02311496,93263,391490,488,2;[37900.31, 796, 0.9619579457757278, 0.9980162743787845, 109.20682652615811, 0.988773086006683, 0.9989649331911423]
02311496,93263,391490,488,3;[36194.030000000006, 712, 0.9056518937772658, 0.9678028960368852, 161.31657072260353, 0.9695380970699357, 0.9996783653391353]
02311496,93264,391491,590,1;[21267, 666, 0.950841741383951, 0.9554060950921103, 77.07614125190513, 0.9912924060855757, 9999]
02311496,93264,391491,590,2;[35165.689999999995, 756, 0.942977760865185, 0.9900849224962455, 70.58406672449078, 0.9917112793387919, 0.9991040486856563]
02311496,93264,391491,590,3;[36505.020000000004, 714, 0.9041088560226903, 0.9667945014454503, 157.69188072897552, 0.9679557535083535, 1.0013528748590754]
02311496,93264,391496,589,1;[37098, 850, 0.988322660335354, 0.8164537516011571, 51.01221007283754, 0.9954629074256314, 9999]
02311496,93264,391496,589,2;[31474.309999999998, 712, 0.9322034200107023, 0.9823866726420636, 116.57618529187631, 0.9851644019038687, 9999]
02311496,93264,391496,589,3;[35796.73, 712, 0.9248754607031943, 0.9998291223962699, 75.8662946667443, 0.9849775370881753, 9999]
02311496,93264,391497,591,1;[30890, 766, 0.973999790963086, 0.9636320047630265, 46.69651787362485, 0.9960335760792288, 9999]
02311496,93264,391497,591,2;[37894.36, 802, 0.973538849154715, 0.9905643679857465, 106.56746757422387, 0.9886979302196485, 9999]
02311496,93264,391497,591,3;[35124.060000000005, 698, 0.9001057067155662, 0.9658513867907813, 170.5259661047436, 0.9680100724611129, 1.0034835022897177]
02311496,93265,391500,652,1;[21303, 690, 0.9853941397970017, 1.0800096209141319, 111.38322801490189, 0.9909714404467932, 0.9977985948477752]
02311496,93265,391500,652,2;[37286.27, 786, 0.9843408324000288, 1.0001313759339232, 118.85277904744484, 0.9866501095577566, 9999]
02311496,93265,391500,652,3;[30379.750000000004, 650, 0.9233607856312447, 1.004148174952309, 102.95241662143653, 0.9868182393414983, 9999]
02311496,93328,391870,45,1;[20902, 682, 0.9670734046788445, 1.0646827691459664, 93.83980175449081, 0.9917185185445369, 9999]
02311496,93328,391870,45,2;[21721.07, 608, 0.9676423352486626, 0.9914228870581228, 112.08765646207755, 0.9881583388391116, 1.0051488201767669]
02311496,93328,391870,45,3;[22404.980000000003, 560, 0.9068425783871582, 0.9804535006109054, 138.77651472047467, 0.9771233744609868, 1.003312883435583]
02311496,93328,391872,46,1;[18161, 644, 0.9245380935102576, 0.9581466367677481, 69.29110297271885, 0.9907679470580576, 9999]
02311496,93328,391872,46,2;[37319.59, 780, 0.9865675946225395, 0.9970584173463545, 123.52147870710913, 0.9830607769586839, 1.0054825264507856]
02311496,93328,391872,46,3;[31838.800000000003, 654, 0.9060567299310949, 0.9738763208696433, 117.20370097174465, 0.9790061924997111, 9999]
02311496,93329,391879,118,1;[20105, 652, 0.9300946713444217, 1.0484388085171952, 81.85672460691873, 0.9923128739883889, 1.0028681880533732]
02311496,93329,391879,118,2;[24686.55, 628, 0.9870784604789569, 1.001888683808076, 124.98320902055863, 0.9887708413701789, 9999]
02311496,93329,391879,118,3;[36491.32, 708, 0.9000117949600269, 0.965252391964673, 156.83950766476565, 0.963410160331793, 1.0064613640657472]
02311496,93331,391892,196,1;[18346, 652, 0.9314517934997647, 0.9440263789707474, 68.75403328085991, 0.9904804635729735, 9999]
02311496,93331,391892,196,2;[30930.48, 704, 0.9896089277918344, 0.9975200602444103, 129.8021508668846, 0.987606902010551, 7426.285714285715]
02311496,93331,391892,196,3;[36755.73, 712, 0.9002518798799891, 0.962905753615021, 158.217665296518, 0.9628948365540689, 1.0063390847711928]
02311496,93332,391900,252,1;[22799, 664, 0.9815344455781495, 0.7947202064348339, 56.68809314548295, 0.9953925843840333, 9999]
02311496,93332,391900,252,2;[22124.48, 606, 0.8032916594520508, 0.9965112082818615, 115.42912366463423, 0.9874236953874002, 1.0040232212771703]
02311496,93332,391900,252,3;[22283.050000000003, 568, 0.921128215888982, 0.9800204899436065, 141.35190295576683, 0.9792844590510291, 0.9995390997080965]
02311496,93340,391954,51,1;[23222, 672, 0.9813463571580902, 1.0152367273646612, 47.658197153270024, 0.9962880169809932, 9999]
02311496,93340,391954,51,2;[36768.619999999995, 780, 0.9778085920765355, 0.9930188126122649, 68.49404602428558, 0.9921191137253701, 9999]
02311496,93340,391954,51,3;[33052.62, 672, 0.9243502035406497, 0.9965064074524097, 89.49400554499147, 0.9860385759034144, 9999]
02311496,93340,391957,50,1;[36544, 836, 0.9576777323942787, 0.9861041482402774, 40.69647260011005, 0.9958511281283742, 9999]
02311496,93340,391957,50,2;[28969.359999999997, 676, 0.985139822394677, 0.9977453936102049, 120.24645069748284, 0.9874372975903399, 9999]
02311496,93340,391957,50,3;[29513.910000000003, 630, 0.9028959033823145, 0.9800893143673075, 122.16014299004203, 0.9774175019026384, 1.0041718134570117]
02311496,93341,391962,144,1;[32139, 778, 0.9630874196441385, 0.9704856123587452, 38.53078591986833, 0.9964564705412926, 9999]
02311496,93341,391962,144,2;[22963.43, 650, 0.9799396338988937, 1.0261801265957284, 173.41958683217948, 0.9826918335952706, 1.0033015311825721]
02311496,93341,391962,144,3;[37665.41, 732, 0.9073372220461431, 0.9818943671430661, 147.61026092535647, 0.9516233020934549, 1.0045306733896013]
02311496,93341,391965,143,1;[33984, 796, 0.974657816988343, 0.9569103214667749, 45.7896381871651, 0.9960249744035305, 9999]
02311496,93341,391965,143,2;[26047.91, 642, 0.9234738808900881, 0.9690519225562039, 120.69358361370203, 0.9876433820463754, 1.0065759220086452]
02311496,93341,391965,143,3;[32286.79, 664, 0.9234878908750312, 1.0031420031022156, 86.54761520682749, 0.9881090581273065, 1.0053966425630854]
02311496,93342,391968,230,1;[36890, 844, 0.9766303149483783, 0.7926953810147356, 44.46069702885503, 0.9961901747774419, 9999]
02311496,93342,391968,230,2;[21499.73, 606, 0.9840380691920902, 1.0006601262712342, 130.94196167888964, 0.9885617141491151, 1.0042801556420233]
02311496,93342,391968,230,3;[20425.33, 550, 0.9087422227501104, 0.9516483632054644, 116.34033543736359, 0.98494359615972, 1.000637605288768]
02311496,93342,391970,232,1;[23283, 660, 1.228287086455829, 0.970498587895926, 52.25339103252206, 0.995828461617012, 9999]
02311496,93342,391970,232,2;[30492.559999999998, 690, 0.9873262303502638, 0.9990643923305157, 92.98982032755247, 0.9905635987011204, 1.0045475929120276]
02311496,93342,391970,232,3;[22252.910000000003, 586, 0.9567453396426531, 0.9834308573724252, 147.03745993859906, 0.984350211618571, 1.0031806812216286]
02311496,93342,391972,231,1;[36111, 828, 0.9762784588075731, 0.9666998834485495, 38.80266148483326, 0.9965578208809477, 9999]
02311496,93342,391972,231,2;[30028.46, 686, 0.9867725979410757, 0.9975541278730731, 115.6363034229686, 0.9891034199578927, 1.0044982285737032]
02311496,93342,391972,231,3;[36987.26, 724, 0.9126866889269355, 0.9943662597356973, 107.76443126081676, 0.9570898282902074, 1.0054559335605087]
02311496,93343,391976,339,2;[29149.05, 676, 0.9848548714484493, 1.0002021084704174, 118.06178933929277, 0.9880277070563328, 1.0053561534199347]
02311496,93343,391976,339,3;[26875.29, 600, 0.9032977175433371, 0.9854438853643951, 116.7542882231314, 0.9808501954084906, 9999]
02311496,93343,391976,340,1;[19904, 636, 0.9661148948818721, 0.7784198704909572, 49.913854916442965, 0.9960108064989791, 9999]
02311496,93343,391979,338,1;[36048, 826, 1.1945130939302984, 0.9727541796023704, 41.83165391998921, 0.9963890635314573, 9999]
02311496,93343,391979,338,2;[37360.049999999996, 780, 0.9870983820661654, 0.9976682971550784, 123.94533139595366, 0.9841136468748058, 9999]
02311496,93343,391979,338,3;[20618.5, 560, 0.9095878731574536, 0.9666139560528358, 125.46593574745363, 0.9839468261046682, 9999]
02311496,93377,392051,51,1;[20908, 670, 0.9474841118040163, 0.9526453382969786, 109.43383635318607, 0.9893265026114862, 1.0030463671472092]
02311496,93377,392051,51,2;[22474.34, 614, 0.9841909473749298, 1.0028677112197828, 132.72482680356, 0.9885959391272355, 1.0049219144917125]
02311496,93377,392051,51,3;[22115.910000000003, 574, 0.9117976469530968, 0.980749089530285, 123.16983193403743, 0.9829985241382175, 0.9972201630837657]
02311496,93378,392056,15,1;[21232, 690, 0.9595599905266583, 0.9575728169859161, 95.6932758130136, 0.9922897317623853, 0.997838142682583]
02311496,93378,392056,15,2;[36586.549999999996, 776, 0.9830150906221076, 1.0002366656863255, 130.04908482470861, 0.9861100181588205, 1.003394145099703]
02311496,93378,392056,15,3;[37418.810000000005, 730, 0.904850096615627, 0.9604283359357609, 166.55431774995503, 0.9630333438672423, 0.9990124359912217]
02311496,93378,392057,14,1;[38195, 866, 0.9577279773695792, 0.967542191385685, 66.40131080394832, 0.9935422855418083, 1.0051977103756826]
02311496,93378,392057,14,2;[32144.28, 734, 0.9353915936967041, 0.9912994326452083, 79.3337302397631, 0.9903633514333319, 9999]
02311496,93378,392057,14,3;[34714.43, 704, 0.9041014591232702, 0.973305637478093, 147.96491694077704, 0.9717603518198424, 0.9948176357426093]
02311496,93384,392074,254,1;[20842, 702, 0.9712924555752056, 1.0413267134918287, 97.159008827492, 0.9921115330221297, 0.9966764698849915]
02311496,93384,392074,254,2;[27192.69, 668, 0.9873994773465408, 0.9996250256050059, 137.1121594616974, 0.9876700160071449, 1.0002407476308244]
02311496,93384,392074,254,3;[29060.440000000002, 638, 0.9263741209933257, 0.9871942287661245, 115.97256798951892, 0.9851589528174022, 0.9927690543607984]
02311496,93384,392078,255,1;[32351, 778, 0.9862265171861606, 0.9877497700480821, 72.84709160847623, 0.9936258687491615, 1.0062832436467697]
02311496,93384,392078,255,2;[37229.15, 790, 0.9849546667172855, 1.001359232731385, 111.04490619722324, 0.986875421307018, 9999]
02311496,93385,392082,354,1;[37213, 848, 0.9848906100162936, 0.8199081234681189, 76.05033440732782, 0.9934104987435239, 1.0008337367543434]
02311496,93385,392082,354,2;[32090.73, 736, 0.9367588924694196, 0.9815629567338956, 120.35108748779693, 0.9858181513895874, 9999]
02311496,93385,392083,353,1;[37704, 864, 0.981814616705864, 0.9802040830768085, 71.54016466465454, 0.993650464624057, 0.9994698335277277]
02311496,93385,392083,353,2;[21372.399999999998, 608, 0.9670953015875262, 1.0108927737707079, 187.28864595607664, 0.9804008472093783, 9999]
02311496,93386,392091,424,1;[21373, 660, 0.9267009745948115, 0.9963055159351003, 74.61338915403854, 0.9928051723308127, 9999]
02311496,93386,392091,424,2;[38110.939999999995, 802, 0.8777598654366643, 0.9967756127870824, 111.05185630252649, 0.9876531051160262, 1.0009845442185377]
02311496,93386,392091,424,3;[21784.370000000003, 566, 0.908938891754534, 0.9693390706665213, 129.0027053626052, 0.9825785998944336, 0.9886222332753046]
02311496,93386,392094,423,1;[37437, 862, 0.9836465918035886, 0.8006328606424905, 75.51092914584693, 0.99372918447905, 0.9994660544090557]
02311496,93386,392094,423,2;[34618.29, 756, 0.9345349267485487, 0.9781373965979788, 117.1988345780495, 0.9865069796424547, 9999]
02311496,93387,392098,526,1;[22646, 676, 0.9820649536007976, 1.0277231857282974, 78.5091863606595, 0.994145376384979, 1.0030562076449483]
02311496,93387,392098,526,2;[38013.36, 796, 0.9886693309899813, 0.9972534908041845, 133.44426992908245, 0.9814640459548164, 1.0029670795459897]
02311496,93387,392098,526,3;[37096.86, 736, 0.9116750745431379, 0.9764770658075932, 74.63355208278111, 0.9840563717279806, 9999]
02311496,93387,392099,527,1;[21868, 668, 0.9610719140744352, 1.02614677181615, 121.74926649839435, 0.9882454208806647, 1.0038330005278984]
02311496,93387,392099,527,2;[37469.53, 790, 0.9878775348592078, 0.9999951454861747, 111.02007443570766, 0.9849069226575173, 0.9988896643613984]
02311496,93387,392099,527,3;[34732.240000000005, 704, 0.9195457577178644, 0.9946343368217249, 94.85446732439755, 0.9845806984278556, 9999]
02311496,93388,392106,602,1;[38171, 864, 0.9818238358322225, 0.8065995107135886, 74.37860639386432, 0.9931026405250136, 1.0016400540561816]
02311496,93388,392106,602,2;[31001.879999999997, 706, 0.9881467696497828, 0.9959301527434632, 124.78876423565673, 0.986657654073396, 9999]
02311496,93388,392108,604,1;[31172, 774, 0.9858665262009018, 1.0229805610357088, 79.9786454863903, 0.9934838854221953, 1.0002085639569396]
02311496,93388,392108,604,2;[22496.95, 616, 0.9837021286185658, 1.0052755149216515, 132.28514403058236, 0.9885777632284914, 1.008239780272526]
02311496,93388,392108,604,3;[37239.340000000004, 726, 0.9044966426560569, 0.9653389422950559, 162.3511457370647, 0.962336073700881, 1.0006994809115342]
02311496,93388,392111,605,1;[36202, 838, 1.1843393948000047, 0.9750729171996307, 74.96150350389672, 0.9937403923289043, 0.9982214991796837]
02311496,93388,392111,605,2;[21271.25, 606, 0.9719857420576848, 0.9950259110180141, 155.37331143251419, 0.9861714180689258, 1.004608553925701]
02311496,93388,392111,605,3;[38327.12, 748, 0.9126984722587469, 0.9861436188639291, 86.25402198905431, 0.9678052568464601, 1.0018083830191045]
02311496,93389,392114,712,1;[35927, 838, 0.9597470804553642, 0.9641724373324579, 54.921917070480845, 0.9949533867907262, 9999]
02311496,93389,392114,712,2;[28945.559999999998, 684, 0.9175715445779209, 0.9789307832524172, 151.36880141771698, 0.9833986646743977, 1.0009876543209877]
02311496,93389,392114,712,3;[37868.170000000006, 744, 0.9064278121544057, 0.9873115753777869, 130.19704416237988, 0.9557165929153293, 9999]
02311496,93389,392115,711,1;[23256, 680, 0.9825118798361149, 0.9878034706715344, 68.84785366070305, 0.9943796244223475, 1.0048826859093463]
02311496,93389,392115,711,2;[36578.22, 788, 0.9748756593640192, 0.989568085632251, 84.26456197004593, 0.990368768137047, 1.00029288294445]
02311496,93389,392115,711,3;[37098.23, 736, 0.9092042716557404, 0.993173004241225, 144.67952227108856, 0.9268978732436417, 1.0002955191902774]
02311496,93389,392118,710,1;[22174, 670, 0.9812978270026999, 0.9717530204766252, 70.09109826098666, 0.9947610986885318, 1.0041662892853909]
02311496,93389,392118,710,2;[37398.13, 794, 0.9570020357553779, 0.9858097608566452, 86.19302625957766, 0.9904323317693243, 9999]
02311496,93389,392118,710,3;[38151.76, 738, 0.9019437427280919, 0.9669530754026711, 166.0221420494959, 0.9566489826763852, 0.9987089370248171]
02311496,93389,392120,709,1;[20921, 682, 0.9611024405787837, 0.9607593777257782, 114.60977651782599, 0.9889401666015378, 1.001915617068148]
02311496,93389,392120,709,2;[37195.83, 790, 0.9761422894749334, 0.9890972392874985, 89.65245043373783, 0.9888689856018137, 9999]
02311496,93389,392120,709,3;[37436.62, 738, 0.9021770154425902, 0.9696486110453302, 175.46839688541328, 0.947484789863186, 0.9911138515106452]
02311496,93391,392124,847,1;[32004, 782, 0.9721212269422599, 0.969942638137447, 65.77104166061011, 0.9941052668110323, 1.0043779127241914]
02311496,93391,392124,847,2;[24314.079999999998, 638, 0.9826356650355152, 1.005569269689317, 133.07040936590067, 0.9882646584510348, 1.0026745184639922]
02311496,93391,392124,847,3;[37817.48, 742, 0.9006180480407994, 0.969608255250455, 174.48151889659945, 0.951645629270006, 0.9929496402877698]
02311496,93392,392132,928,1;[24728, 700, 0.980370687937599, 1.0129022774849157, 49.1461897909725, 0.9959573744528265, 9999]
02311496,93392,392132,928,2;[21236.739999999998, 614, 0.9650468098108571, 1.0081894578749948, 181.02814520574094, 0.9808872713591966, 1.0003643599876677]
02311496,93392,392132,928,3;[38529.880000000005, 742, 0.8984876524124956, 0.9768893880831002, 163.77582137096476, 0.9369043611253284, 1.0031388215151948]
02311496,93392,392139,929,1;[31628, 782, 0.98709625302937, 0.8276743515819799, 77.39744451422297, 0.9934617363942841, 0.997571360984072]
02311496,93392,392139,929,2;[20830.95, 602, 0.876554001203388, 0.9267802238121337, 184.5308798329619, 0.9823780635181799, 9999]
02311496,93392,392139,929,3;[21219.93, 568, 0.9106116035247674, 0.9528309416802001, 143.7054977067664, 0.9815805137356824, 0.9981955274859832]
00023892,93026,390259,210,1;[115384, 1676, 0.9705763288702812, 0.9705763288702812, 27.44450635858385, 0.9967809945790217, 0.9971869206936336]
00023892,93026,390259,211,2;[117053.15999999999, 1570, 1.0149650236071255, 0.9746772383627069, 32.01824097753799, 0.9959190027831599, 0.996711876257112]
00023892,93026,390259,211,3;[116700.71, 1438, 1.0186254340279237, 0.9437976061425024, 56.93241554978748, 0.9908537816795847, 9999]
00023892,93026,390259,212,1;[115337, 1664, 0.9804131521278897, 0.9889032468085639, 29.32303153461915, 0.9964262448288627, 0.9924920079683675]
00023892,93026,390259,212,2;[117691.0, 1554, 1.014747909288223, 0.9808503008994244, 33.38817836122004, 0.9959185983378324, 9999]
00023892,93026,390259,212,3;[114356.64000000001, 1394, 1.0039062202291396, 0.9507977939312924, 37.10296143051946, 0.9936297065684685, 9999]
00023892,93026,390259,214,1;[120043, 1634, 1.0032661182443197, 0.9887838124952426, 22.927187669422857, 0.9969424029558446, 0.9982495311986761]
00023892,93026,390259,215,3;[114305.95000000001, 1398, 1.010278510246198, 0.9543713578041263, 39.13504025500448, 0.9933049493998183, 9999]
00023892,93026,390259,216,2;[116758.04, 1568, 1.0123332269148082, 0.98091887278259, 29.98789604125521, 0.996023856518871, 0.9963240520725442]
00023892,93049,390350,751,2;[112488.31999999999, 1480, 0.9848740726439702, 0.9929826624223882, 26.49613653842162, 0.9961483784872827, 9999]
00023892,93049,390350,752,3;[118309.09000000001, 1532, 1.0130833231157215, 0.9721992345752148, 59.29260583943325, 0.9911236827270111, 9999]
00023892,93049,390350,753,1;[115862, 1658, 0.9829469492684024, 0.9978529551266063, 24.60371064380052, 0.9960469422803894, 0.9909383646292598]
00023892,93049,390350,756,2;[116076.17, 1538, 1.0085478725212538, 0.9927081192712227, 43.37188848757056, 0.9943862237694245, 9999]
00023892,93049,390350,756,3;[117833.70000000001, 1382, 1.047327962051423, 0.9430491915437306, 103.28006889242694, 0.9876476852572468, 0.9989779088945155]
00023892,93049,390350,757,1;[119330, 1636, 1.0075125795868425, 0.9942916148693116, 29.0029681718026, 0.9953227996444487, 9999]
00023892,93049,390350,758,3;[117121.3, 1400, 1.030931342867741, 0.9719735434960686, 74.73251000866165, 0.9910807744684849, 9999]
00023892,93049,390350,760,1;[119412, 1684, 1.0004737661313214, 0.9880028410604836, 28.934950571560975, 0.9954903479060804, 0.999870214146658]
00023892,93049,390350,760,2;[117228.09, 1564, 1.0405712513178689, 0.9825036010815462, 94.58212834702178, 0.9879751501300211, 0.9954779023530066]
00023892,93049,390350,761,1;[115473, 1576, 0.991677529821298, 0.9926776955103828, 36.86362273631874, 0.9942467519164607, 1.0014917476864902]
00023892,93049,390350,763,2;[118247.92, 1546, 1.0345050869305332, 0.994516715150005, 59.95186314319832, 0.9908730469999921, 9999]
00023892,93049,390350,763,3;[118310.46, 1494, 1.0361395917367435, 0.9712337522244107, 108.28824339469637, 0.9843328979744623, 0.9939059128182995]
00023892,93049,390350,766,1;[116227, 1652, 0.9751026370807013, 0.9892795240401203, 27.456611617824382, 0.9965442441576506, 0.9924685549359998]
00023892,93049,390350,767,3;[117711.77, 1466, 1.0214023858039325, 0.9691685127209577, 43.76655418360943, 0.9929606828812833, 10740.125]
00023892,93049,390350,769,2;[117706.47, 1490, 1.0202549609913965, 0.9997484379105231, 29.963769686372082, 0.995278891855519, 9999]
00023892,93049,390350,770,1;[117114, 1588, 1.0024585818836231, 0.9928265580916606, 32.869004539460455, 0.9955113006843905, 9999]
00023892,93049,390350,770,3;[118395.40000000001, 1410, 1.0424963099943128, 0.9275135170288007, 78.28360049762023, 0.9922517167138535, 9999]
00023892,93049,390350,773,2;[114238.81, 1522, 1.0044227657496143, 0.986742260703326, 36.17136856988099, 0.9948063335800724, 9999]
00023892,93099,390646,1221,2;[114072.20999999999, 1486, 1.0090858747803573, 0.9867088647928606, 38.53013999163804, 0.9934468550222741, 9999]
00023892,93099,390646,1222,1;[115757, 1704, 0.9986716907804245, 0.9931340390066832, 35.39650912607604, 0.9961712619634862, 0.989105543782897]
00023892,93099,390646,1222,3;[117585.73000000001, 1392, 1.1323117391248805, 0.9651113997953958, 50.31573890807299, 0.9940088735414381, 9999]
00023892,93103,390673,1487,1;[118131, 1640, 0.9941992381714719, 0.9832364950716539, 24.18140079113889, 0.9967673469878491, 0.9975637458357788]
00023892,93103,390673,1488,3;[117951.52, 1364, 1.034720293021279, 0.9614925636421753, 96.22023479779668, 0.98528403584093, 0.9961010262284081]
00023892,93103,390673,1489,2;[116541.45999999999, 1546, 1.014966414714585, 0.992022459678374, 40.09946663942671, 0.9947342202306876, 0.9929282227280332]
00023892,93103,390673,1491,2;[120403.01, 1514, 1.0503891899546012, 0.9843946252209498, 113.66690920960296, 0.984839104179109, 9999]
00023892,93103,390673,1492,1;[114627, 1678, 0.9987680845865211, 0.9924709850319351, 45.564953524898826, 0.9946129103177113, 0.9927122981592382]
00023892,93103,390673,1492,3;[112581.12000000001, 1362, 1.004285977747245, 0.9649001229124898, 31.23126453415144, 0.9956981357234577, 9999]
00023892,93103,390673,1495,2;[114817.15, 1510, 0.9930315460441014, 0.9870770259924616, 31.546042712339776, 0.9947702350629656, 9999]
00023892,93103,390673,1497,3;[113548.34000000001, 1404, 1.0054351093309934, 0.960491452600365, 28.91913419738997, 0.9948299282430487, 9999]
00023892,93103,390673,1498,1;[116314, 1654, 0.989772517025471, 0.9913499174139772, 25.89202116124958, 0.9956881817830718, 0.9948765321221763]
00023892,93103,390673,1499,1;[115761, 1706, 0.9962542217613665, 0.9812057965453727, 38.26655464467754, 0.9959036968410945, 0.9896936302274583]
00023892,93103,390673,1499,3;[117251.45000000001, 1500, 1.0242496834682837, 0.9748615169204323, 53.78139989410666, 0.9908513476631625, 34234.0]
00023892,93103,390673,1500,2;[113904.42, 1520, 1.0033341804562999, 0.9866325509813356, 31.931454020851525, 0.9944117262205622, 0.9918501209788144]
00023892,93122,390798,1587,3;[117843.29000000001, 1442, 1.0406381091708652, 0.97290517790024, 111.87571133625764, 0.982512094931687, 0.9956477955389904]
00023892,93122,390798,1589,1;[115972, 1698, 0.9778822539189395, 0.9908134710763481, 20.37117655163161, 0.9968449509462828, 0.9941706957446079]
00023892,93122,390798,1589,2;[117505.36, 1504, 1.0292453359150497, 0.9978651105229204, 41.27597117489877, 0.9945531923571351, 9999]
00023892,93122,390798,1590,1;[114476, 1708, 0.9714008354292216, 0.9792266459744134, 31.895664856885332, 0.9963746613606888, 0.9873600048300221]
00023892,93122,390798,1590,2;[115546.62, 1446, 1.0044099548766843, 0.9937778684089924, 34.96544073137213, 0.9941037791054449, 9999]
00023892,93122,390798,1592,3;[117977.55, 1424, 1.0384956777881869, 0.9582881772027657, 51.69301507743181, 0.993571167624946, 172230.0]
00023892,93139,390920,17,2;[116130.90999999999, 1510, 0.9981631323817355, 0.9808162066148503, 32.268889709424414, 0.993887002655094, 0.9946034641785189]
00023892,93139,390920,17,3;[117082.94, 1368, 1.01704474354301, 0.9629625559037094, 53.25214145749839, 0.9925764721536028, 9999]
00023892,93139,390920,18,1;[114291, 1656, 0.9814575364939319, 0.9959018721886728, 30.733984173391054, 0.9957475714305857, 0.9944271152817112]
00023892,93139,390920,19,1;[117141, 1708, 1.0011284673044343, 0.9784178992053928, 59.47460187917027, 0.9921109682880714, 0.9933264364697103]
00023892,93139,390920,20,3;[118051.53000000001, 1470, 1.0213625513322462, 0.9716452290970454, 85.44257796364806, 0.9849400431888099, 9999]
00023892,93139,390920,21,2;[115941.7, 1478, 1.0067750976010585, 0.9966286729292532, 25.270836994108723, 0.9955051948918705, 1.001742742428838]
00023892,93166,391047,301,1;[119197, 1602, 0.9934559797032223, 0.9948353663934025, 20.712104405988043, 0.9968702647084702, 0.9987055043296481]
00023892,93166,391047,301,2;[116151.14, 1540, 1.0002683910551358, 0.9928704150270152, 33.4848806094114, 0.9948215854848882, 9999]
00023892,93166,391047,303,3;[118637.89000000001, 1398, 1.0223579081250327, 0.9703534494557088, 42.23273852076505, 0.9934911546531924, 9999]
00023892,93166,391047,304,1;[117753, 1622, 0.9772164352433422, 0.9958620833402838, 25.766315361363983, 0.9967860458868003, 0.9972686967237064]
00023892,93166,391047,305,2;[117093.62, 1536, 1.002178459818774, 0.997850638667676, 24.4138911119299, 0.9964615269265222, 1.000127051242307]
00023892,93166,391047,305,3;[119032.45000000001, 1370, 1.0183846266174685, 0.9748323649170428, 37.875699129217296, 0.9947455224370897, 2199.6202531645567]
00023892,93166,391047,307,2;[115370.5, 1528, 1.0058060097422366, 0.9895282762600829, 39.93207841576104, 0.9944151817445519, 9999]
00023892,93166,391047,308,1;[115460, 1682, 0.9960968642594321, 0.9954651582763876, 40.582903883813906, 0.9951983391381567, 0.9932470213772635]
00023892,93166,391047,308,3;[118877.64000000001, 1454, 1.017150500848034, 0.9733966928934351, 36.44529966828555, 0.9937569319287601, 1324.7633587786258]
00023892,93166,391047,309,1;[119716, 1620, 1.0322619672169577, 0.9876387315526259, 46.38197855060344, 0.9944067144527013, 0.999419796219075]
00023892,93166,391047,309,2;[115416.90999999999, 1496, 1.0140101989435855, 0.9782871975660953, 49.76970517264166, 0.9923215994050387, 9999]
00023892,93166,391047,310,3;[117396.67000000001, 1446, 1.0322636927019022, 0.9549682020607355, 42.6314536599798, 0.9954496600959517, 9999]
00023892,93166,391047,312,2;[119097.58, 1476, 1.0286965797742729, 0.9766518066581236, 64.13464440773701, 0.9901136968339167, 100082.0]
00023892,93166,391047,313,1;[120302, 1688, 1.021004314514589, 0.9866737636844082, 42.55555215394716, 0.9931729686905908, 0.9957002685780263]
00023892,93166,391047,313,3;[119017.38, 1408, 1.0256435421473993, 0.9687818342517958, 44.27779058241403, 0.9929874755115312, 24821.14285714286]
00023892,93166,391047,315,1;[117580, 1706, 0.9911475015587408, 0.9998940038735258, 31.46718806602632, 0.9964770636421072, 0.9924037812288994]
00023892,93166,391047,315,2;[119473.62, 1562, 1.0290292751963206, 0.976969826578464, 59.39391504055549, 0.9910613417632356, 9999]
00023892,93166,391047,315,3;[120414.78000000001, 1524, 1.0420803432332637, 0.9716719340706381, 114.80932319891738, 0.9838297153742086, 0.9968696835658387]
00023892,93265,391506,609,1;[120450, 1668, 1.0130823848066772, 0.9934285035407959, 28.081715577593773, 0.9950777124707098, 9999]
00023892,93265,391506,609,3;[119976.38, 1438, 1.0627480642574758, 0.9590433977019611, 126.38952663022229, 0.9846962103710577, 0.99012968218255]
00023892,93265,391506,610,2;[119833.0, 1508, 1.0279624297293433, 0.9939602657133225, 34.05485042585448, 0.9943307197997148, 0.9989534301203803]
00023892,93265,391506,611,3;[119896.92000000001, 1368, 1.0267371543472592, 0.9680652141772095, 60.138477372720004, 0.9910185054986551, 175032.0]
00023892,93265,391506,612,2;[116885.37, 1548, 1.0145783774572443, 0.9803564738122116, 29.62078944142632, 0.9948200399301197, 9999]
00023892,93265,391506,613,1;[114481, 1610, 0.9955593575803238, 0.9902087238335712, 36.759064237107594, 0.9944111491071127, 0.9902515396858349]
00023892,93329,391882,87,1;[118271, 1616, 1.0194271800477344, 0.9951980347867928, 37.73351695185407, 0.9949972892828642, 0.9989948475377988]
00023892,93329,391882,87,2;[111247.15, 1430, 0.9892958805203751, 0.987969527216751, 25.62743346510477, 0.9960790202361292, 9999]
00023892,93329,391882,87,3;[115923.92000000001, 1414, 1.0215942370198658, 0.9563196493174627, 47.010858776237484, 0.9953242287886229, 9999]
00023892,93329,391882,89,1;[114628, 1672, 0.9914825066265023, 0.992449732020601, 46.0862142629913, 0.9941192467786226, 0.9939475920434248]
00023892,93329,391882,89,3;[114667.63, 1414, 1.0167941706478845, 0.9529070402788227, 69.36194070195396, 0.9896615259912896, 0.9922821576763485]
00023892,93329,391882,90,2;[116098.78, 1540, 1.024478526931865, 0.9929498654533664, 58.7047229351499, 0.9922725834272821, 9999]
00023892,93329,391882,92,2;[114627.93999999999, 1522, 1.0073552101636527, 0.9847883422105579, 36.85985021329225, 0.9940911230252352, 0.9904477918873066]
00023892,93329,391882,92,3;[114493.64000000001, 1356, 1.0098884038015559, 0.9575393429604518, 53.70771228318953, 0.9928164272628103, 9999]
00023892,93329,391882,93,1;[115389, 1646, 0.9791536811644996, 0.9912072497007227, 30.555962129969355, 0.9961549890584726, 0.995354855405318]
00023892,93329,391882,94,1;[116973, 1592, 0.994606233216065, 0.9965614043713638, 34.71012332712566, 0.9946580766084038, 0.9999615310636661]
00023892,93329,391882,94,2;[112866.73999999999, 1496, 1.003006582190011, 0.9923183925625743, 26.138494257660792, 0.99570058885804, 9999]
00023892,93329,391882,94,3;[114433.36000000002, 1410, 1.0214616209838423, 0.9517095185099957, 73.57692311392724, 0.9894936176987641, 0.990536726513768]
00023892,93329,391882,96,1;[115407, 1632, 0.9872182726007631, 0.9927104473525977, 23.989429741072772, 0.9960868400620199, 0.996795591563164]
00023892,93329,391882,96,2;[113005.97, 1516, 0.9882006017804126, 0.9825266807640969, 27.477798069064683, 0.9957344812378607, 0.9942780561096016]
00023892,93329,391882,96,3;[117169.25000000001, 1434, 1.0569068397282255, 0.9348208440309685, 110.45560734956277, 0.9883416942725053, 9999]
00023892,93329,391882,99,1;[118266, 1608, 1.0340711010663866, 0.9901960891665134, 40.350390802242764, 0.9941750124012475, 0.995743928467688]
00023892,93329,391882,99,2;[114010.33, 1524, 1.0088953795511193, 0.9873587254334197, 27.375748128469997, 0.9954495918170748, 9999]
00023892,93329,391882,99,3;[113752.47000000002, 1336, 1.0058340005280906, 0.9771892906538502, 25.640739364499375, 0.99607581804577, 9999]
00023892,93377,392048,3,3;[118466.64000000001, 1406, 1.047556527781869, 0.9626297559970822, 107.28162349534367, 0.988306503325163, 9999]
00023892,93377,392048,4,1;[118492, 1724, 0.9863208326474601, 0.9986424630954116, 19.764201178268063, 0.9967779664001932, 0.982353745839223]
00023892,93377,392048,4,2;[116322.5, 1540, 1.0024661578187861, 0.9812524545754474, 28.71243987076844, 0.9953319054134065, 9999]
00023892,93377,392048,5,1;[112681, 1604, 0.9750116024793062, 0.9728192778387952, 30.87669786078407, 0.9962903174522396, 0.9869450782375636]
00023892,93377,392048,5,2;[117476.79999999999, 1468, 1.0128946844061226, 0.9826118107683158, 31.69563920609115, 0.9953051589361018, 9999]
00023892,93377,392048,5,3;[119291.38, 1442, 1.0494193382007337, 0.9224995551443748, 90.97954973781846, 0.9914184377585706, 9999]
00023892,93377,392048,8,2;[114999.22, 1520, 1.0070723933409482, 0.9772014446917673, 55.95936210100426, 0.9911467610708359, 1.0000983146794165]
00023892,93377,392048,8,3;[115359.48000000001, 1394, 1.0261842013140077, 0.9530082855170431, 74.80732270330151, 0.9887307322964278, 9999]
00023892,93377,392048,9,1;[115825, 1638, 0.9752674514762388, 0.977930434245964, 26.59457846165895, 0.9966290836236483, 0.9829547624402228]
00023698,93080,390528,134,1;[36900, 898, 0.9978155479327312, 1.0259673944738459, 89.73238912855744, 0.9929930238391793, 0.9837638966648005]
00023698,93080,390528,134,2;[39364.009999999995, 820, 1.0504391901326098, 1.022399976459444, 131.86334323534342, 0.9822628171354302, 1.0140555785472325]
00023698,93080,390528,134,3;[55474.04, 910, 1.2348669144335471, 0.954528904486548, 84.48481776732575, 0.9923977465338607, 26994.666666666668]
00023698,93244,391403,53,2;[43991.92, 860, 1.0139415938895173, 1.0212939734954087, 88.72411398565121, 0.9915332214735743, 9999]
00023698,93244,391403,54,1;[45368, 944, 1.0138822074695624, 0.9740646097252217, 57.91967425793741, 0.993886083647604, 1.000099198694986]
00023698,93244,391403,55,3;[38692.91, 766, 1.0128055678324268, 1.0020142613457823, 123.04365198080062, 0.9864740144323954, 0.9985680697226298]
02112787,93096,390621,901,2;[68878.39, 1224, 0.7600568651220984, 1.1643196416328612, 552.594208027393, 0.9139027801524582, 1.0108276139082446]
02112787,93096,390621,902,3;[70598.84000000001, 1118, 0.739332063232797, 1.0305567774021587, 589.9140465471778, 0.891860304844749, 1.007054777119853]
02112787,93096,390621,904,1;[97253, 1454, 0.7791596703280782, 1.0528125950678455, 284.97917618804445, 0.9363089852351055, 1.006150519612864]
02112787,93096,390621,905,2;[94756.12999999999, 1322, 0.7592663144101677, 1.0391945632205966, 321.2915420431111, 0.8930060504817201, 1.007662471605829]
02112787,93096,390621,906,3;[85492.11, 1172, 0.7252371436505433, 1.039101868215133, 596.5658385966642, 0.8819364903053415, 1.0069222577209798]
02112787,93096,390621,907,1;[85609, 1462, 0.7715407373820442, 0.9980078404969092, 213.2977214858367, 0.9646559498251391, 1.0070462298553111]
02112787,93096,390621,908,1;[72496, 1336, 0.7683932362526074, 1.0899243069316202, 421.89119740155445, 0.9323080961249618, 0.9926199767234888]
02112787,93096,390621,908,2;[65122.75, 1182, 0.7378182003014827, 1.0985835086405193, 536.0007746180612, 0.8972989999306336, 1.00924875745756]
02112787,93096,390621,910,3;[80432.70000000001, 1148, 0.7341377162895151, 1.0376182027691998, 559.6244554844359, 0.8803622805956247, 1.008182575321765]
02112787,93096,390621,912,2;[88544.33, 1310, 0.7443954426859233, 1.0671082220196655, 569.9733797371716, 0.9148123155711746, 1.0063635687380388]
02112787,93096,390621,912,3;[66125.79000000001, 1106, 0.726557570208755, 1.0801229785289213, 666.1960714986187, 0.9132815996695971, 1.0076512771265436]
02112787,93096,390621,914,1;[79428, 1386, 0.7853921143743074, 1.0617609760111935, 281.2281015642419, 0.9618309597125021, 1.004762717974991]
02230768,93056,390388,557,1;[84221, 1332, 0.6673815311131339, 1.6123029697135687, 1182.40116686828, 0.705101019240399, 1.002833906862103]
02230768,93056,390388,558,2;[80593.94, 1218, 0.6206442808343255, 1.6924951202332037, 1915.9028663963165, 0.5882581645690851, 1.0048666132526187]
02230768,93056,390388,560,3;[83512.46, 1198, 0.5691550780266298, 1.5311806930059968, 2720.784111073263, 0.6313877079168452, 1.0024832667291594]
02230768,93056,390388,561,1;[84520, 1386, 0.6871748808570335, 1.4227722417510427, 1255.160103938802, 0.6972587723575441, 1.006268342193146]
02230768,93056,390388,561,2;[82438.44, 1256, 0.6019275606501535, 1.5347572616497793, 2412.401093789613, 0.6348861252121153, 1.0042619813864486]
02230768,93056,390388,561,3;[78642.11, 1092, 0.6426763807627205, 1.6229630258768524, 1606.8515151071701, 0.6387172870199644, 1.0016140148838346]
02230768,93056,390388,563,2;[85239.7, 1274, 0.6046897157767811, 1.7492252829944726, 2225.142382171033, 0.6496797224242692, 1.0061170455582946]
02230768,93056,390388,563,3;[80414.89, 1132, 0.583555217989767, 1.6853064043960793, 2360.5067159891737, 0.5871173737900505, 1.0045523780185175]
02230768,93056,390388,564,1;[83623, 1372, 0.6526495315020067, 1.493643254179954, 1438.7541547723936, 0.6801444352218946, 1.0068267193219034]
02230768,93056,390388,565,1;[81828, 1320, 0.6782623566985869, 1.699340915011529, 1060.09005169344, 0.644312782789513, 1.004881463333763]
02230768,93056,390388,565,2;[83465.41, 1248, 0.6042246881582084, 1.6957876493501751, 2263.8573021834154, 0.658379983543437, 1.004770363579062]
02230768,93056,390388,566,3;[83168.59000000001, 1120, 0.6068312294757697, 1.4712074597196696, 2151.3904296608, 0.6137957261229707, 1.0044923927162015]
02230768,93056,390388,567,1;[84297, 1328, 0.649222920854049, 1.5046537689982225, 1575.6486560367205, 0.6435842214480039, 1.0061288917268914]
02230768,93056,390388,567,2;[83372.59, 1244, 0.5939604341421328, 1.6378826679735679, 2528.5954745777103, 0.5948663704123359, 1.0068260857068951]
02230768,93056,390388,567,3;[84385.15000000001, 1172, 0.5784803654762489, 1.6239301175359662, 2652.798942163648, 0.6171192229406999, 1.0021394811554825]
02230768,93056,390388,569,1;[83447, 1380, 0.697760235258172, 1.799168952242776, 1329.5960847819088, 0.6534522638846092, 1.004139441416074]
02230768,93056,390388,569,2;[83546.33, 1230, 0.6286368775210059, 1.6851951447218627, 1826.9271919846747, 0.5715545740478566, 1.0056580530567811]
02230768,93056,390388,569,3;[85841.46, 1164, 0.5987075462913604, 1.4387513803235303, 2276.7305820118518, 0.6154945612302156, 1.004271415176747]
02230768,93056,390388,573,1;[83884, 1352, 0.7167218703530537, 1.6658705210437763, 856.6590844153869, 0.6486066976299492, 1.004514591591124]
02230768,93056,390388,573,2;[81325.79, 1208, 0.6572697479903126, 1.6588915326055325, 1600.5254469725335, 0.5977592140761386, 1.0047487429797994]
02230768,93056,390388,573,3;[85056.45000000001, 1148, 0.5794453769514494, 1.5540684585060762, 2597.642102495883, 0.6347242301700965, 1.0044247429685416]
02230768,93056,390388,577,2;[84403.12999999999, 1232, 0.5923441033307342, 1.6428163480351854, 2566.3433796855097, 0.612530620391649, 1.0068565101357105]
02230768,93056,390388,577,3;[84926.3, 1140, 0.5852361346179501, 1.6687954792318695, 2413.963884912815, 0.5687089088913928, 1.0052541108552524]
02230768,93056,390388,578,1;[85398, 1394, 0.6960382510117669, 1.7473702412643712, 1226.9488602499985, 0.7180477384172488, 1.0040326847334078]
02230768,93056,390388,579,1;[85877, 1380, 0.673167211917775, 1.7378180535556387, 1289.5927667321785, 0.7132803647016435, 1.0075380274419397]
02230768,93056,390388,579,2;[81014.01, 1202, 0.6484185253276253, 1.769902844565704, 1779.6768097573633, 0.5813865013212302, 1.0064158474388352]
02230768,93056,390388,581,3;[84608.46, 1184, 0.599166132977774, 1.6709526681230331, 2163.413705666869, 0.5968313011378081, 1.003159339543723]
02230768,93056,390388,582,3;[87270.37000000001, 1156, 0.5832671099371463, 1.5669479290621007, 2464.9069683315215, 0.6237389160624575, 1.0058264384513358]
02230768,93056,390388,583,1;[84608, 1340, 0.6903494464364301, 1.7010396245083137, 1018.8220244821384, 0.6382488476593698, 1.0043863554075632]
02230768,93056,390388,583,2;[83260.73, 1262, 0.5980017166744472, 1.7237368659395615, 2371.5741821257902, 0.5965580565128115, 1.0064877150584037]
02230768,93056,390388,585,1;[85165, 1358, 0.638179286620264, 1.5641837502835594, 1648.0530454719483, 0.6363333275579405, 1.005359398425234]
02230768,93056,390388,585,2;[84362.67, 1282, 0.6053777515843937, 1.75198021922642, 2173.1487321209106, 0.6666606260428706, 1.005874090154514]
02230768,93056,390388,585,3;[84952.33, 1180, 0.59133967105784, 1.6478050408766443, 2378.8247858054915, 0.6087630423172572, 1.0006777801087676]
02230768,93163,391032,123,1;[83067, 1320, 0.7064856285203825, 1.7751961012877715, 895.7736035257769, 0.6637300547125935, 1.005416396855464]
02230768,93163,391032,124,2;[80886.68, 1230, 0.6832205606254693, 1.5856259121028808, 1459.1202705160076, 0.6156683116898038, 1.0045519035232915]
02230768,93163,391032,125,3;[85256.47, 1182, 0.6009511422643801, 1.5249493147846853, 2039.7076891675815, 0.706999757594645, 1.006021807835625]
02230768,93163,391032,126,1;[79032, 1318, 0.6952718205523477, 1.7194479563266603, 972.7684554694076, 0.6431947031019942, 1.0022128522968645]
02230768,93163,391032,126,2;[82707.37999999999, 1222, 0.6463915975183607, 1.6096698128027305, 1592.853946728672, 0.6031758246708031, 1.005512073031351]
02230768,93163,391032,127,3;[80731.36, 1140, 0.6406973192311827, 1.5797511506377295, 1531.0706388806575, 0.6256261505250665, 1.0051427255592607]
02230768,93163,391032,128,1;[82118, 1324, 0.7072374422475737, 1.7457879537471104, 942.2930925964187, 0.645969327658513, 1.00579337375222]
02230768,93163,391032,128,2;[81500.72, 1216, 0.6551904674493392, 1.7122499880462847, 1586.6791013919196, 0.6047451024997772, 1.0049596478356566]
02230768,93163,391032,129,3;[85074.26000000001, 1164, 0.6039282255759689, 1.673379265752485, 2060.363420545472, 0.6396928924944578, 1.0039772359826684]
02230768,93163,391032,130,1;[80864, 1356, 0.7292438742709635, 1.6462393485052114, 865.7361548197748, 0.6670009213013728, 1.00777666999003]
02230768,93163,391032,130,2;[79973.95, 1250, 0.6478445448541006, 1.748032230302708, 1661.1997856183973, 0.6316604528123186, 1.004198792660331]
02230768,93163,391032,132,3;[84253.63, 1148, 0.6206316461936339, 1.5860604728261458, 1649.6203833773795, 0.6493725419374906, 1.0026656667019915]
02230768,93163,391032,134,2;[81879.14, 1192, 0.6546661218153718, 1.7203847823070633, 1593.0047803831262, 0.5856824011035425, 1.0044524897446752]
02230768,93163,391032,134,3;[83789.20000000001, 1192, 0.6255136471918806, 1.4689545863214002, 1858.0195714900603, 0.6306855068163016, 1.0038242486910565]
02230768,93163,391032,135,1;[84681, 1348, 0.6875738641080181, 1.7587411515258815, 1084.301925505912, 0.6548215509972769, 1.00693837510033]
02230768,93163,391032,137,1;[83493, 1368, 0.6907683664696428, 1.677076269668825, 932.7711039387343, 0.6599990348094479, 1.0050315979536564]
02230768,93163,391032,137,2;[85336.09, 1314, 0.6208382132605439, 1.5834202533920734, 2258.5147984665155, 0.6156329036381417, 1.007757275959471]
02230768,93163,391032,137,3;[81842.43000000001, 1116, 0.6192969762088956, 1.6589377496598765, 1815.1130676104028, 0.5604519533466926, 1.0038143567683828]
02230768,93163,391032,140,1;[85265, 1394, 0.6705797258955662, 1.6739916321277168, 1420.236547611849, 0.6737648300579777, 1.0038971436644923]
02230768,93163,391032,140,2;[81225.83, 1208, 0.6733859138993148, 1.7386492526798794, 1616.0940916163559, 0.5657383437086405, 1.006591948090252]
02230768,93163,391032,141,3;[85789.40000000001, 1144, 0.6034775336655159, 1.6400596360207431, 2109.5419594141417, 0.6368380045031105, 1.0018238249128084]
02230768,93163,391032,142,2;[82782.34999999999, 1234, 0.616867637519708, 1.7089358818440656, 2180.8516441263523, 0.5987966092215739, 1.0039108725142147]
02230768,93163,391032,142,3;[83172.70000000001, 1136, 0.6191578410119535, 1.6163859833553027, 1741.0921971413431, 0.6202330301170935, 1.0022617337757747]
02230768,93163,391032,143,1;[82068, 1320, 0.7030145407198712, 1.7827865192446788, 1038.2844019727322, 0.6533844966080871, 1.0049040315915143]
02230768,93163,391032,144,3;[84286.51000000001, 1136, 0.5927501524442329, 1.6035258577680809, 1991.6548886708708, 0.6808471621494593, 1.0036787797218483]
02230768,93163,391032,145,1;[85797, 1436, 0.6778875125152911, 1.5495975481403002, 1058.688815311943, 0.6553848530721205, 1.0051960376551636]
02230768,93163,391032,145,2;[83131.01999999999, 1260, 0.6547467217179215, 1.7050180577402034, 1619.1820101117992, 0.5931507896555743, 1.0062224526834327]
02230768,93163,391032,147,1;[84465, 1332, 0.6509693982003769, 1.5188363824715736, 1505.0031408507189, 0.6778359281454129, 1.0055955711649502]
02230768,93163,391032,148,2;[85427.72, 1230, 0.597869497610188, 1.590198841541138, 2384.3328499159907, 0.602180477170914, 1.0062515769112164]
02230768,93163,391032,148,3;[82283.57, 1118, 0.6424658995014704, 1.6208698687577994, 1670.5524549659883, 0.6279116142394915, 1.0022026064175942]
02230768,93163,391032,149,2;[84287.7, 1224, 0.6356042632165408, 1.6019027178101444, 1791.9009057510323, 0.6116594835556324, 1.0080266416189907]
02230768,93163,391032,149,3;[82502.77, 1120, 0.6316208705008551, 1.576505383688024, 1710.5301705742693, 0.5952971948574978, 1.005694722778891]
02230768,93163,391032,150,1;[80214, 1364, 0.700481616064995, 1.672960432189183, 917.7002771715722, 0.6392664274761278, 1.0049612869277607]
