00821772,93025,390246,147,1;[28021, 734, 0.9637407096454799, 0.9946477599497842, 70.38352284765557, 0.9935193433187319, 1.000803614479347]
00821772,93026,390254,201,3;[28291.870000000003, 632, 0.8851582592101828, 0.979780470147486, 174.0673255970767, 0.9318112052992246, 0.9967901532520815]
00821772,93028,390272,344,2;[14472.779999999999, 504, 0.8370925741507498, 0.9960885807061958, 220.10275831730993, 0.9792387888522686, 1.0067047429848524]
00821772,93028,390276,341,1;[15223, 578, 0.9670931437130352, 1.0806395458782045, 148.8883461401913, 0.9888399052543484, 1.0022054708844925]
00821772,93032,390304,82,3;[13199.95, 464, 0.8709203365416985, 0.9231777338427734, 218.78114228675457, 0.9745407642331146, 1.0049019607843137]
00821772,93049,390348,590,1;[15212, 588, 0.9766481652701678, 1.0694686006286072, 143.05254118550909, 0.9895170423973482, 0.9946384202955407]
00821772,93049,390349,589,3;[28004.170000000002, 626, 0.895207654441582, 0.9773733573029245, 115.42134094961338, 0.9642124287798824, 13627.333333333334]
00821772,93049,390354,588,1;[15368, 592, 0.9808028820055192, 1.0866106460274108, 146.9613531294406, 0.989533437588027, 1.0006511264487563]
00821772,93050,390357,614,1;[14576, 560, 0.9650047821026067, 1.0909653642630155, 158.1584334814481, 0.9878006636652555, 1.0059004175149235]
00821772,93055,390376,382,1;[13807, 566, 0.9589241224784194, 1.07165143827932, 155.38711709957227, 0.988566399070489, 0.9970392836510688]
00821772,93056,390386,421,1;[26239, 706, 0.9631403036513783, 0.9963836167553202, 63.456802138760914, 0.9936036957774081, 9999]
00821772,93056,390389,420,3;[13182.140000000001, 470, 0.8719153851382814, 0.9490425905542542, 203.50157700600192, 0.9791378728485102, 1.0039125671657363]
00821772,93062,390402,775,1;[13279, 550, 0.9149590941103852, 0.9562915779586457, 136.55731403206488, 0.9878035288995041, 0.9980458474257797]
00821772,93062,390404,776,1;[28042, 736, 0.9604000490630977, 0.9939543514374988, 71.14100882041879, 0.9935255607408854, 1121.68]
00821772,93063,390406,844,2;[14509.67, 518, 0.9632176114177871, 1.0166050290622197, 306.9765246538668, 0.9673747273817329, 1.0075194182779705]
00821772,93064,390418,917,1;[27870, 738, 0.9612369030668908, 0.9850652642358892, 70.0993430431725, 0.9929017408155985, 9999]
00821772,93069,390448,242,3;[13775.35, 472, 0.8873667985054988, 0.9259693604367932, 236.62715714983568, 0.9701335993464864, 0.9969758564275445]
00821772,93069,390452,243,1;[14180, 572, 0.7450838188781586, 1.01675326390839, 181.725242396412, 0.9857674934721007, 1.0013063587896762]
00821772,93071,390462,413,1;[14455, 564, 0.7452486938436801, 0.9867489176100226, 186.83670810468942, 0.9829666413349114, 1.0038194444444444]
00821772,93072,390471,505,1;[16531, 602, 0.9798518640947629, 1.0656602202931005, 168.8326154892654, 0.9880199583932707, 1.0038560801578869]
00821772,93075,390494,703,2;[15178.449999999999, 522, 0.8363425982797611, 0.9902795490610748, 228.42099579158847, 0.9784225824677442, 9999]
00821772,93080,390528,183,2;[17081.26, 558, 0.9797977071466453, 1.045852523686334, 271.0522472170605, 0.9777941408360614, 1.0014651503523337]
00821772,93081,390532,268,3;[14452.130000000001, 480, 0.8791138690705637, 0.990716698982572, 229.44262964368784, 0.9755020219796541, 1.00318577338215]
00821772,93082,390540,321,1;[13431, 546, 0.9130393685015117, 0.9614448296193248, 116.30084333250313, 0.9886417042896967, 9999]
00821772,93082,390541,322,1;[13522, 548, 0.9055609053960703, 0.9503354340366692, 139.8276696277031, 0.9877185933576252, 0.9974183078852253]
00821772,93082,390543,323,1;[16953, 594, 0.9797019467328246, 1.0628348921500217, 139.15163492260587, 0.9896789750746466, 1.003047066828388]
00821772,93083,390547,386,1;[28202, 734, 0.94796668221955, 0.9933842832086237, 70.99957309935645, 0.993660316673055, 1.0001950596705265]
00821772,93083,390549,385,1;[25913, 704, 0.9674557631883711, 0.9868543888889308, 81.15191668415284, 0.9920978546962059, 1.0005985133700164]
00821772,93084,390559,443,3;[17867.54, 506, 0.8859399211161538, 0.9859267020822595, 155.9245154654658, 0.9732271042851817, 2371.2727272727275]
00821772,93085,390563,547,1;[27034, 720, 0.9573681475789646, 0.9742584633506403, 88.20324901271906, 0.9923376809368415, 0.9990576322548458]
00821772,93086,390572,613,1;[13760, 554, 0.9646901522116599, 1.0703641295876318, 156.07419112474824, 0.9877593830397446, 1.0030251120749354]
00821772,93086,390574,612,1;[13792, 562, 0.9545871407054107, 1.0729257645165795, 164.12950728589615, 0.987204944997194, 1.0019978931308802]
00821772,93091,390587,660,1;[13778, 562, 0.9646732230731428, 1.0701586777119643, 162.48187820101086, 0.9880220986107591, 0.9987676694454513]
00821772,93092,390597,745,1;[15853, 594, 0.9731241591772724, 1.0700163217263148, 140.32363846328263, 0.9901019037792766, 0.9982054591820672]
00821772,93093,390601,903,1;[14795, 578, 0.9739963613170188, 1.0864670519055488, 147.2051265621327, 0.9894003116193384, 0.9937867338371117]
00821772,93093,390602,902,1;[13744, 558, 0.9649718534985542, 1.044032897078771, 143.98680654894653, 0.9884830435428295, 1.001968360428665]
00821772,93094,390612,832,1;[13457, 546, 0.9295711294408623, 0.9644446947062928, 132.4850106060917, 0.987850678737493, 1.0050412636767616]
00821772,93097,390625,1133,1;[14542, 568, 0.9624019528178711, 1.06337249067717, 145.7612592634198, 0.9889942004032855, 1.0015496401391233]
00821772,93097,390626,1132,1;[13347, 550, 0.9268021334801092, 0.9831691291289745, 123.06103922891694, 0.9882520535514853, 0.999438391553409]
00821772,93097,390628,1134,1;[14877, 570, 0.9730533546597298, 1.090035921786581, 145.75418534673898, 0.9896750582244072, 1.0033383915022762]
00821772,93098,390635,1194,1;[14053, 580, 0.9297832779004211, 1.1147388327557919, 120.25921002454658, 0.9908318127773608, 9999]
00821772,93100,390647,1392,1;[13279, 546, 0.9557810743475947, 0.9797492344519085, 142.29568176056088, 0.9884163474029245, 9999]
00821772,93100,390648,1393,1;[13886, 558, 0.962603808650661, 1.0684884483473402, 158.33745653808836, 0.9871941175317811, 1.0021289647457872]
00821772,93100,390650,1391,1;[13324, 550, 0.929403772821889, 0.9710873150526117, 118.12972042696818, 0.989340689911095, 9999]
00821772,93115,390752,46,1;[27563, 728, 0.9560328470697144, 1.0052503287284187, 84.07446779101323, 0.9922113335908022, 0.9995648232094289]
00821772,93119,390776,284,3;[14856.28, 498, 0.9519294674804304, 0.9974636815107922, 262.4251029989133, 0.9741773875609232, 1.0037023324694558]
00821772,93119,390778,283,1;[15115, 582, 0.9752646742988189, 1.0934532368796437, 150.90345581206222, 0.9888431564094294, 0.9966700735221391]
00821772,93119,390779,286,2;[17379.95, 568, 0.9894907981618425, 1.0052380155247678, 291.53447057252953, 0.9744786132462872, 1.0008223120674296]
00821772,93120,390781,341,3;[25391.58, 600, 0.8954716069645262, 0.985527379812231, 118.57480016195485, 0.9775069248465424, 9999]
00821772,93121,390789,1658,1;[13297, 548, 0.9255790848904207, 1.0012738707118138, 135.21377097437284, 0.9873944095130869, 1.005292205337567]
00821772,93123,390800,1773,3;[25739.56, 596, 0.8827895067369897, 0.9692322882992778, 204.21823047942942, 0.950856288667172, 1.001359093937375]
00821772,93125,390812,1842,1;[17091, 590, 0.9844299914000844, 1.0663659039972169, 133.44641014307462, 0.9903509042272927, 1.0068335787923417]
00821772,93128,390833,404,3;[17933.300000000003, 512, 0.9069632023847161, 1.0219508859196018, 196.60978099962614, 0.9733091840252828, 0.9977514386981211]
00821772,93130,390849,563,3;[13828.78, 466, 0.8883284475055709, 0.9728349779374135, 186.0232991644246, 0.9709137424302219, 9999]
00821772,93131,390858,687,1;[13787, 536, 0.958276349238988, 1.001535580796454, 69.9759680868127, 0.9940278877401719, 9999]
00821772,93132,390865,760,3;[28252.140000000003, 634, 0.8846166887512809, 0.9743350309521931, 196.56715627095303, 0.9315043929802734, 0.9920384846662658]
00821772,93133,390873,817,3;[15394.69, 512, 0.9619762961476037, 0.9960362989486784, 238.03197959381032, 0.9765456243904252, 0.9953055801594332]
00821772,93135,390887,969,2;[17898.79, 548, 0.9000542326146412, 0.9933196908988496, 223.3079679588251, 0.9731892536066228, 0.9925759725475962]
00821772,93135,390890,970,1;[17766, 606, 0.9805573335525896, 1.0550996117105733, 142.93284274991316, 0.9900641294992014, 1.00426782736497]
00821772,93136,390893,1051,1;[13531, 550, 0.9172083364781815, 0.9635047033177878, 132.96593650740874, 0.987941268769066, 9999]
00821772,93136,390897,1050,1;[19487, 610, 0.9548492950890938, 1.0254947203350142, 69.85236037323585, 0.9931914276136931, 9999]
00821772,93137,390903,1137,2;[19139.96, 564, 0.901553083296448, 0.9950616967770411, 210.49728666873358, 0.9736846068359971, 0.99888212644392]
00821772,93139,390919,44,1;[24215, 676, 0.9535780815015311, 0.9955382833446593, 69.82111455528432, 0.9933448693229712, 9999]
00821772,93139,390920,45,1;[26831, 718, 0.9513616221727942, 1.001781621285261, 71.62096443925029, 0.9935741586113832, 9999]
00821772,93141,390935,200,1;[23958, 676, 0.9556898107756262, 1.0270012284695054, 65.64084711646646, 0.9936104279617253, 0.9982292035582592]
00821772,93147,390950,322,1;[26160, 706, 0.9593383384320822, 0.989781466874558, 62.986640246736556, 0.9939363894095679, 1.000516321496185]
00821772,93147,390951,321,1;[26245, 708, 0.9600330482146832, 0.9938798119623429, 69.40861413160165, 0.9936364718035997, 1.0024062332900465]
00821772,93162,391018,33,1;[28317, 740, 0.9463285045467957, 0.9841588987913797, 63.34146767685974, 0.9941414783631052, 1.0055574297331369]
00821772,93163,391030,75,3;[17146.920000000002, 502, 0.9553373682459443, 0.9984339713339998, 209.67691051606528, 0.9771679269819467, 1.007729468599034]
00821772,93163,391033,76,1;[27349, 722, 0.9509919824744384, 0.9945974736526846, 74.0764946631218, 0.9927289346859152, 9999]
00821772,93166,391045,255,1;[17632, 582, 0.9438054841111694, 0.9906832139734455, 79.82756776598369, 0.9933048309194997, 9999]
00821772,93166,391046,256,3;[15164.53, 492, 0.7938643241692772, 1.013675128327135, 204.3373099397871, 0.9762819214451419, 1.0035813046828959]
00821772,93166,391051,257,1;[14004, 538, 0.9588046046778637, 0.9931989931627715, 75.58877335910422, 0.9939584740690938, 9999]
00821772,93167,391054,280,1;[13828, 550, 0.9515109843548781, 1.0653255379081625, 165.44995190125866, 0.9860612224219231, 1.004795814561837]
00821772,93170,391063,329,1;[14213, 580, 0.9740029879964616, 1.0811576686345241, 155.95442240789137, 0.9888172372300823, 1.00158556780945]
00821772,93170,391069,328,1;[13676, 536, 0.9609255208946236, 0.9812774213087255, 67.35739231404055, 0.9946274417260708, 9999]
00821772,93171,391074,399,2;[16525.53, 546, 0.982413928180342, 1.0320187560471032, 297.4136205151568, 0.9734406267791851, 1.0046663049376017]
00821772,93172,391082,472,1;[21154, 630, 0.943176235275838, 1.012349606259276, 74.84136482510142, 0.9926320639874313, 9999]
00821772,93173,391088,599,1;[28209, 734, 0.9562558017643742, 1.0112953413482881, 62.62662312594052, 0.9935456301634484, 1.0038790035587188]
00821772,93173,391090,598,3;[15650.880000000001, 486, 0.9520108459053416, 1.002618580437575, 207.3290898673328, 0.978395558025706, 1.0066528616116668]
00821772,93173,391093,600,1;[14055, 538, 0.9476062890919814, 1.0093136945564163, 72.55744959808817, 0.9938974041768537, 9999]
00821772,93180,391148,34,1;[13612, 574, 0.964604721381882, 1.07131284974074, 128.17027057854074, 0.9905654373995271, 0.9968509703405346]
00821772,93181,391153,111,1;[22711, 656, 0.9596545946368231, 0.998834436332105, 63.787650098468234, 0.9941543900467178, 9999]
00821772,93189,391182,352,2;[28890.82, 696, 0.933427751171524, 1.1114978298990865, 232.90432042721872, 0.9723754879636975, 0.9998558573399502]
00821772,93216,391230,33,1;[28944, 746, 0.9497635109511526, 1.0039236803299791, 85.26339438033824, 0.9926782117737236, 9999]
00821772,93217,391237,99,1;[28483, 744, 0.9732861987684076, 0.9796886596517735, 87.80581038435193, 0.9919738930586575, 1.0010543703651635]
00821772,93218,391243,157,1;[14302, 572, 0.9448434896368822, 1.126593898648913, 130.78003505458057, 0.9900648379294714, 1.0052716665495185]
00821772,93219,391251,205,1;[26333, 708, 0.9472823215506859, 0.992016309877823, 79.00422340439295, 0.9921458800692275, 1.0016546529983454]
00821772,93220,391264,262,1;[19590, 610, 0.9564510324217164, 0.9912432084874556, 77.00339167182659, 0.9932091936108628, 1.0046153846153847]
00821772,93222,391273,328,1;[14046, 574, 0.9361206327988503, 1.079518442714147, 108.41579726724271, 0.9923327805317109, 1.0014973262032085]
00821772,93224,391279,392,1;[14124, 566, 0.9680448019211421, 1.1088795189266698, 154.8255861827063, 0.9878156688228779, 1.0001770350175265]
00821772,93225,391286,426,1;[13577, 580, 0.7357230275373216, 1.031087489891138, 157.9261966279044, 0.9875521915308354, 1.0021405373486862]
00821772,93226,391292,451,1;[28258, 738, 0.9490307293352133, 1.0017274951795276, 100.99804996438675, 0.9906546868843713, 1.0003185953485079]
00821772,93226,391293,452,1;[16436, 600, 0.9743634962936162, 1.0758171997015666, 135.49299388316587, 0.990516566157701, 9999]
00821772,93227,391295,480,1;[13992, 582, 0.9245238385343235, 1.0791474431627077, 144.77818347556692, 0.9880755533598128, 1.0061843808428017]
00821772,93227,391296,481,1;[13982, 584, 0.9227721565921663, 1.0672062356056677, 147.81942283338236, 0.9892762328189568, 1.0043457960708257]
00821772,93232,391316,727,1;[17305, 586, 0.9401209400546697, 1.0636974502702123, 100.33194331677333, 0.9917428274625443, 1.0033338164951442]
00821772,93232,391319,729,1;[16539, 594, 0.9508865055406651, 1.0863578649684345, 103.82304897524867, 0.9921245586736878, 1.002272520679938]
00821772,93232,391320,726,1;[13839, 552, 0.9558245399280175, 1.081172199130406, 114.15879846607365, 0.9905633394947717, 1.0061068702290077]
00821772,93232,391321,725,3;[13720.550000000001, 458, 0.8926100392451622, 0.9781259552414575, 172.71388638548225, 0.974267547871803, 6676.666666666667]
00821772,93233,391323,792,1;[14816, 560, 0.9764914866493489, 1.1288269444066983, 103.75616268765731, 0.9933413690203762, 1.0079597251513708]
00821772,93233,391326,794,1;[16482, 590, 0.9854643346801067, 1.069076574246378, 145.19004414906988, 0.9895267503431419, 1.0032565358979821]
00821772,93233,391327,791,1;[13381, 542, 0.9063507698143842, 0.9596110420994255, 134.75353675664812, 0.9880072769300905, 1.0037883050148158]
00821772,93233,391328,790,3;[20095.16, 534, 0.908198227513734, 1.0522607002722628, 141.35436433021206, 0.9785012544997419, 9999]
00821772,93243,391394,19,3;[26468.4, 612, 0.8811767319463302, 0.9863840949398269, 195.987622218692, 0.948357696623851, 9999]
00821772,93244,391403,102,2;[28540.96, 686, 0.940852541189199, 1.0193930136982612, 191.11389794151438, 0.980446901117536, 1.003577630395213]
00821772,93245,391406,160,1;[13568, 564, 0.9201770770993309, 1.1912763207415653, 144.25013660853682, 0.988732811877945, 9999]
00821772,93245,391407,159,1;[28923, 748, 0.9541948193247759, 1.0219960044715595, 87.97459312516831, 0.9920849783896691, 1.0005708058741114]
00821772,93245,391409,158,3;[24195.570000000003, 586, 0.9072514234374022, 1.0142111014177537, 123.85843627635927, 0.9766100340921308, 9999]
00821772,93245,391412,161,1;[13790, 594, 0.9649262505553723, 1.0139058515618777, 159.7023183180076, 0.9889299857809046, 1.0040043684018929]
00821772,93246,391413,222,1;[14035, 570, 0.9635629813521971, 1.0802503907796706, 156.61569882143968, 0.9871750890666087, 1.001355593607306]
00821772,93247,391423,272,1;[14556, 584, 0.9133436003519373, 1.0680747845335166, 104.25424165966095, 0.9910048555541598, 1.0011004126547456]
00821772,93247,391428,275,3;[15537.170000000002, 504, 0.9590029964640081, 1.0041065805261895, 264.105271366581, 0.974183385339236, 0.9986351428697222]
00821772,93249,391437,131,1;[19522, 614, 0.9633173267066755, 1.0174215279876413, 63.784329069959284, 0.9946452215890154, 9999]
00821772,93249,391438,130,1;[28482, 742, 0.9653670200348156, 0.9892623015939815, 99.91510657452226, 0.9909453580724239, 1.0001580194890702]
00821772,93249,391440,129,1;[14148, 592, 0.969554584244758, 1.0853572041371586, 176.16743042301601, 0.9876657990294055, 1.0022314313037934]
00821772,93262,391480,417,2;[14926.17, 530, 0.9738925758833235, 1.0237825984799782, 358.774971920757, 0.9698980490469816, 1.0035604272512701]
00821772,93262,391481,416,2;[28079.239999999998, 686, 0.9444460878478946, 1.0939530084195086, 177.51878984894284, 0.9792489624972038, 9999]
00821772,93262,391482,414,2;[14020.58, 522, 0.9750207219292875, 1.0365341564701909, 333.6863625675203, 0.9745896209185952, 1.000424556338626]
00821772,93264,391493,596,2;[28683.76, 694, 0.9466235570604898, 1.0087830802550861, 209.046100275817, 0.9776576282455067, 1.0059260495784992]
00821772,93264,391495,597,2;[28461.23, 690, 0.9401128449969836, 1.0044729769216572, 178.4990403712495, 0.9806263953970291, 1.000627562547067]
00821772,93272,391517,712,1;[13494, 556, 0.9286230313904128, 1.0154964710493315, 128.10832244658366, 0.9893255619672104, 9999]
00821772,93273,391526,793,1;[18464, 594, 0.9576758679206382, 0.992168151206995, 78.50217449902877, 0.9930950144706933, 9999]
00821772,93329,391878,134,1;[14465, 556, 0.9752229272568949, 1.0899820966231826, 139.0481653125238, 0.9900068116601831, 1.0037819645397452]
00821772,93329,391879,132,1;[14576, 584, 0.9766233432113063, 1.0828029725377264, 145.97978861490495, 0.9895564877186188, 1.0]
00821772,93329,391881,133,3;[15275.500000000002, 470, 0.8989171446668277, 0.997773827409434, 195.73208677193128, 0.9702521788506956, 1.002878215506386]
00821772,93330,391883,159,1;[16798, 584, 0.9845416035529652, 1.0742772966546597, 128.45827186744347, 0.9909795020326067, 1.0025364805586225]
00821772,93340,391956,54,3;[13043.77, 462, 0.8751208132814859, 0.9121828837120666, 185.4561369005586, 0.9763472700616181, 1.0018941386930442]
00821772,93342,391968,234,3;[15391.95, 504, 0.8768339246466654, 1.044009746604913, 203.47496984355374, 0.9743420620351297, 9999]
00821772,93343,391977,342,1;[13031, 578, 0.9657484861635395, 1.0131922347032118, 163.72913892821768, 0.9887112484419973, 9999]
00821772,93376,392042,5,1;[15419, 604, 0.9790751647549957, 1.0788309516449537, 160.48899642065547, 0.9887678111213185, 1.0005515719801434]
00821772,93376,392045,6,1;[16166, 582, 0.9743412432559766, 1.0858078164255283, 174.7141328775125, 0.9879206476067218, 1.0012076920694888]
00821772,93377,392052,54,2;[13899.199999999999, 506, 0.9334850440668501, 1.1255203278506145, 323.1261176903682, 0.9734928350491443, 1.0041697115591282]
00821772,93378,392055,17,1;[28919, 748, 0.9489328532162163, 0.9969828367507987, 95.17103764160336, 0.9912593748613472, 1.004533060076072]
00821772,93379,392062,153,1;[16109, 576, 0.9801443612144466, 0.8843116622453824, 110.35789608318422, 0.9927685413093, 1.0085775106436263]
00821772,93379,392065,152,3;[16230.390000000001, 518, 0.9654394264041488, 1.0002671084511352, 245.67975831609795, 0.9763345602915288, 0.9922110552763819]
00821772,93379,392069,154,1;[14538, 598, 0.9551747025051235, 1.0219363826591203, 146.13920797677946, 0.9896534855424487, 1.0]
00821772,93385,392085,357,3;[27187.65, 626, 0.8746359996375939, 0.9729825169091507, 228.50395387661496, 0.9316638985028448, 0.9891588785046729]
00821772,93386,392096,425,1;[16689, 584, 0.9491660956067638, 1.129633952254642, 109.6313219648487, 0.9929337676085233, 1.0059371326964226]
00821772,93388,392106,606,1;[14383, 602, 0.9724037217174586, 1.0760028877605488, 175.107266080645, 0.987315163665081, 1.0026490066225167]
00821772,93389,392115,713,1;[14645, 564, 0.9624253798057681, 1.0576750723572899, 184.14211862997712, 0.9854627844681214, 0.9995222495222496]
00821772,93392,392138,931,2;[15245.09, 558, 0.9187275754373595, 1.2376130565869217, 262.19938161038635, 0.9820154100712818, 0.9846662311210176]
00023698,93080,390528,134,1;[36900, 898, 0.9978155479327312, 1.0259673944738459, 89.73238912855744, 0.9929930238391793, 0.9837638966648005]
00023698,93080,390528,134,2;[39364.009999999995, 820, 1.0504391901326098, 1.022399976459444, 131.86334323534342, 0.9822628171354302, 1.0140555785472325]
00023698,93080,390528,134,3;[55474.04, 910, 1.2348669144335471, 0.954528904486548, 84.48481776732575, 0.9923977465338607, 26994.666666666668]
00023698,93244,391403,53,2;[43991.92, 860, 1.0139415938895173, 1.0212939734954087, 88.72411398565121, 0.9915332214735743, 9999]
00023698,93244,391403,54,1;[45368, 944, 1.0138822074695624, 0.9740646097252217, 57.91967425793741, 0.993886083647604, 1.000099198694986]
00023698,93244,391403,55,3;[38692.91, 766, 1.0128055678324268, 1.0020142613457823, 123.04365198080062, 0.9864740144323954, 0.9985680697226298]
00023892,93026,390259,210,1;[115384, 1676, 0.9705763288702812, 0.9705763288702812, 27.44450635858385, 0.9967809945790217, 0.9971869206936336]
00023892,93026,390259,211,2;[117053.15999999999, 1570, 1.0149650236071255, 0.9746772383627069, 32.01824097753799, 0.9959190027831599, 0.996711876257112]
00023892,93026,390259,211,3;[116700.71, 1438, 1.0186254340279237, 0.9437976061425024, 56.93241554978748, 0.9908537816795847, 9999]
00023892,93026,390259,212,1;[115337, 1664, 0.9804131521278897, 0.9889032468085639, 29.32303153461915, 0.9964262448288627, 0.9924920079683675]
00023892,93026,390259,212,2;[117691.0, 1554, 1.014747909288223, 0.9808503008994244, 33.38817836122004, 0.9959185983378324, 9999]
00023892,93026,390259,212,3;[114356.64000000001, 1394, 1.0039062202291396, 0.9507977939312924, 37.10296143051946, 0.9936297065684685, 9999]
00023892,93026,390259,214,1;[120043, 1634, 1.0032661182443197, 0.9887838124952426, 22.927187669422857, 0.9969424029558446, 0.9982495311986761]
00023892,93026,390259,215,3;[114305.95000000001, 1398, 1.010278510246198, 0.9543713578041263, 39.13504025500448, 0.9933049493998183, 9999]
00023892,93026,390259,216,2;[116758.04, 1568, 1.0123332269148082, 0.98091887278259, 29.98789604125521, 0.996023856518871, 0.9963240520725442]
00023892,93049,390350,751,2;[112488.31999999999, 1480, 0.9848740726439702, 0.9929826624223882, 26.49613653842162, 0.9961483784872827, 9999]
00023892,93049,390350,752,3;[118309.09000000001, 1532, 1.0130833231157215, 0.9721992345752148, 59.29260583943325, 0.9911236827270111, 9999]
00023892,93049,390350,753,1;[115862, 1658, 0.9829469492684024, 0.9978529551266063, 24.60371064380052, 0.9960469422803894, 0.9909383646292598]
00023892,93049,390350,756,2;[116076.17, 1538, 1.0085478725212538, 0.9927081192712227, 43.37188848757056, 0.9943862237694245, 9999]
00023892,93049,390350,756,3;[117833.70000000001, 1382, 1.047327962051423, 0.9430491915437306, 103.28006889242694, 0.9876476852572468, 0.9989779088945155]
00023892,93049,390350,757,1;[119330, 1636, 1.0075125795868425, 0.9942916148693116, 29.0029681718026, 0.9953227996444487, 9999]
00023892,93049,390350,758,3;[117121.3, 1400, 1.030931342867741, 0.9719735434960686, 74.73251000866165, 0.9910807744684849, 9999]
00023892,93049,390350,760,1;[119412, 1684, 1.0004737661313214, 0.9880028410604836, 28.934950571560975, 0.9954903479060804, 0.999870214146658]
00023892,93049,390350,760,2;[117228.09, 1564, 1.0405712513178689, 0.9825036010815462, 94.58212834702178, 0.9879751501300211, 0.9954779023530066]
00023892,93049,390350,761,1;[115473, 1576, 0.991677529821298, 0.9926776955103828, 36.86362273631874, 0.9942467519164607, 1.0014917476864902]
00023892,93049,390350,763,2;[118247.92, 1546, 1.0345050869305332, 0.994516715150005, 59.95186314319832, 0.9908730469999921, 9999]
00023892,93049,390350,763,3;[118310.46, 1494, 1.0361395917367435, 0.9712337522244107, 108.28824339469637, 0.9843328979744623, 0.9939059128182995]
00023892,93049,390350,766,1;[116227, 1652, 0.9751026370807013, 0.9892795240401203, 27.456611617824382, 0.9965442441576506, 0.9924685549359998]
00023892,93049,390350,767,3;[117711.77, 1466, 1.0214023858039325, 0.9691685127209577, 43.76655418360943, 0.9929606828812833, 10740.125]
00023892,93049,390350,769,2;[117706.47, 1490, 1.0202549609913965, 0.9997484379105231, 29.963769686372082, 0.995278891855519, 9999]
00023892,93049,390350,770,1;[117114, 1588, 1.0024585818836231, 0.9928265580916606, 32.869004539460455, 0.9955113006843905, 9999]
00023892,93049,390350,770,3;[118395.40000000001, 1410, 1.0424963099943128, 0.9275135170288007, 78.28360049762023, 0.9922517167138535, 9999]
00023892,93049,390350,773,2;[114238.81, 1522, 1.0044227657496143, 0.986742260703326, 36.17136856988099, 0.9948063335800724, 9999]
00023892,93099,390646,1221,2;[114072.20999999999, 1486, 1.0090858747803573, 0.9867088647928606, 38.53013999163804, 0.9934468550222741, 9999]
00023892,93099,390646,1222,1;[115757, 1704, 0.9986716907804245, 0.9931340390066832, 35.39650912607604, 0.9961712619634862, 0.989105543782897]
00023892,93099,390646,1222,3;[117585.73000000001, 1392, 1.1323117391248805, 0.9651113997953958, 50.31573890807299, 0.9940088735414381, 9999]
00023892,93103,390673,1487,1;[118131, 1640, 0.9941992381714719, 0.9832364950716539, 24.18140079113889, 0.9967673469878491, 0.9975637458357788]
00023892,93103,390673,1488,3;[117951.52, 1364, 1.034720293021279, 0.9614925636421753, 96.22023479779668, 0.98528403584093, 0.9961010262284081]
00023892,93103,390673,1489,2;[116541.45999999999, 1546, 1.014966414714585, 0.992022459678374, 40.09946663942671, 0.9947342202306876, 0.9929282227280332]
00023892,93103,390673,1491,2;[120403.01, 1514, 1.0503891899546012, 0.9843946252209498, 113.66690920960296, 0.984839104179109, 9999]
00023892,93103,390673,1492,1;[114627, 1678, 0.9987680845865211, 0.9924709850319351, 45.564953524898826, 0.9946129103177113, 0.9927122981592382]
00023892,93103,390673,1492,3;[112581.12000000001, 1362, 1.004285977747245, 0.9649001229124898, 31.23126453415144, 0.9956981357234577, 9999]
00023892,93103,390673,1495,2;[114817.15, 1510, 0.9930315460441014, 0.9870770259924616, 31.546042712339776, 0.9947702350629656, 9999]
00023892,93103,390673,1497,3;[113548.34000000001, 1404, 1.0054351093309934, 0.960491452600365, 28.91913419738997, 0.9948299282430487, 9999]
00023892,93103,390673,1498,1;[116314, 1654, 0.989772517025471, 0.9913499174139772, 25.89202116124958, 0.9956881817830718, 0.9948765321221763]
00023892,93103,390673,1499,1;[115761, 1706, 0.9962542217613665, 0.9812057965453727, 38.26655464467754, 0.9959036968410945, 0.9896936302274583]
00023892,93103,390673,1499,3;[117251.45000000001, 1500, 1.0242496834682837, 0.9748615169204323, 53.78139989410666, 0.9908513476631625, 34234.0]
00023892,93103,390673,1500,2;[113904.42, 1520, 1.0033341804562999, 0.9866325509813356, 31.931454020851525, 0.9944117262205622, 0.9918501209788144]
00023892,93122,390798,1587,3;[117843.29000000001, 1442, 1.0406381091708652, 0.97290517790024, 111.87571133625764, 0.982512094931687, 0.9956477955389904]
00023892,93122,390798,1589,1;[115972, 1698, 0.9778822539189395, 0.9908134710763481, 20.37117655163161, 0.9968449509462828, 0.9941706957446079]
00023892,93122,390798,1589,2;[117505.36, 1504, 1.0292453359150497, 0.9978651105229204, 41.27597117489877, 0.9945531923571351, 9999]
00023892,93122,390798,1590,1;[114476, 1708, 0.9714008354292216, 0.9792266459744134, 31.895664856885332, 0.9963746613606888, 0.9873600048300221]
00023892,93122,390798,1590,2;[115546.62, 1446, 1.0044099548766843, 0.9937778684089924, 34.96544073137213, 0.9941037791054449, 9999]
00023892,93122,390798,1592,3;[117977.55, 1424, 1.0384956777881869, 0.9582881772027657, 51.69301507743181, 0.993571167624946, 172230.0]
00023892,93139,390920,17,2;[116130.90999999999, 1510, 0.9981631323817355, 0.9808162066148503, 32.268889709424414, 0.993887002655094, 0.9946034641785189]
00023892,93139,390920,17,3;[117082.94, 1368, 1.01704474354301, 0.9629625559037094, 53.25214145749839, 0.9925764721536028, 9999]
00023892,93139,390920,18,1;[114291, 1656, 0.9814575364939319, 0.9959018721886728, 30.733984173391054, 0.9957475714305857, 0.9944271152817112]
00023892,93139,390920,19,1;[117141, 1708, 1.0011284673044343, 0.9784178992053928, 59.47460187917027, 0.9921109682880714, 0.9933264364697103]
00023892,93139,390920,20,3;[118051.53000000001, 1470, 1.0213625513322462, 0.9716452290970454, 85.44257796364806, 0.9849400431888099, 9999]
00023892,93139,390920,21,2;[115941.7, 1478, 1.0067750976010585, 0.9966286729292532, 25.270836994108723, 0.9955051948918705, 1.001742742428838]
00023892,93166,391047,301,1;[119197, 1602, 0.9934559797032223, 0.9948353663934025, 20.712104405988043, 0.9968702647084702, 0.9987055043296481]
00023892,93166,391047,301,2;[116151.14, 1540, 1.0002683910551358, 0.9928704150270152, 33.4848806094114, 0.9948215854848882, 9999]
00023892,93166,391047,303,3;[118637.89000000001, 1398, 1.0223579081250327, 0.9703534494557088, 42.23273852076505, 0.9934911546531924, 9999]
00023892,93166,391047,304,1;[117753, 1622, 0.9772164352433422, 0.9958620833402838, 25.766315361363983, 0.9967860458868003, 0.9972686967237064]
00023892,93166,391047,305,2;[117093.62, 1536, 1.002178459818774, 0.997850638667676, 24.4138911119299, 0.9964615269265222, 1.000127051242307]
00023892,93166,391047,305,3;[119032.45000000001, 1370, 1.0183846266174685, 0.9748323649170428, 37.875699129217296, 0.9947455224370897, 2199.6202531645567]
00023892,93166,391047,307,2;[115370.5, 1528, 1.0058060097422366, 0.9895282762600829, 39.93207841576104, 0.9944151817445519, 9999]
00023892,93166,391047,308,1;[115460, 1682, 0.9960968642594321, 0.9954651582763876, 40.582903883813906, 0.9951983391381567, 0.9932470213772635]
00023892,93166,391047,308,3;[118877.64000000001, 1454, 1.017150500848034, 0.9733966928934351, 36.44529966828555, 0.9937569319287601, 1324.7633587786258]
00023892,93166,391047,309,1;[119716, 1620, 1.0322619672169577, 0.9876387315526259, 46.38197855060344, 0.9944067144527013, 0.999419796219075]
00023892,93166,391047,309,2;[115416.90999999999, 1496, 1.0140101989435855, 0.9782871975660953, 49.76970517264166, 0.9923215994050387, 9999]
00023892,93166,391047,310,3;[117396.67000000001, 1446, 1.0322636927019022, 0.9549682020607355, 42.6314536599798, 0.9954496600959517, 9999]
00023892,93166,391047,312,2;[119097.58, 1476, 1.0286965797742729, 0.9766518066581236, 64.13464440773701, 0.9901136968339167, 100082.0]
00023892,93166,391047,313,1;[120302, 1688, 1.021004314514589, 0.9866737636844082, 42.55555215394716, 0.9931729686905908, 0.9957002685780263]
00023892,93166,391047,313,3;[119017.38, 1408, 1.0256435421473993, 0.9687818342517958, 44.27779058241403, 0.9929874755115312, 24821.14285714286]
00023892,93166,391047,315,1;[117580, 1706, 0.9911475015587408, 0.9998940038735258, 31.46718806602632, 0.9964770636421072, 0.9924037812288994]
00023892,93166,391047,315,2;[119473.62, 1562, 1.0290292751963206, 0.976969826578464, 59.39391504055549, 0.9910613417632356, 9999]
00023892,93166,391047,315,3;[120414.78000000001, 1524, 1.0420803432332637, 0.9716719340706381, 114.80932319891738, 0.9838297153742086, 0.9968696835658387]
00023892,93265,391506,609,1;[120450, 1668, 1.0130823848066772, 0.9934285035407959, 28.081715577593773, 0.9950777124707098, 9999]
00023892,93265,391506,609,3;[119976.38, 1438, 1.0627480642574758, 0.9590433977019611, 126.38952663022229, 0.9846962103710577, 0.99012968218255]
00023892,93265,391506,610,2;[119833.0, 1508, 1.0279624297293433, 0.9939602657133225, 34.05485042585448, 0.9943307197997148, 0.9989534301203803]
00023892,93265,391506,611,3;[119896.92000000001, 1368, 1.0267371543472592, 0.9680652141772095, 60.138477372720004, 0.9910185054986551, 175032.0]
00023892,93265,391506,612,2;[116885.37, 1548, 1.0145783774572443, 0.9803564738122116, 29.62078944142632, 0.9948200399301197, 9999]
00023892,93265,391506,613,1;[114481, 1610, 0.9955593575803238, 0.9902087238335712, 36.759064237107594, 0.9944111491071127, 0.9902515396858349]
00023892,93329,391882,87,1;[118271, 1616, 1.0194271800477344, 0.9951980347867928, 37.73351695185407, 0.9949972892828642, 0.9989948475377988]
00023892,93329,391882,87,2;[111247.15, 1430, 0.9892958805203751, 0.987969527216751, 25.62743346510477, 0.9960790202361292, 9999]
00023892,93329,391882,87,3;[115923.92000000001, 1414, 1.0215942370198658, 0.9563196493174627, 47.010858776237484, 0.9953242287886229, 9999]
00023892,93329,391882,89,1;[114628, 1672, 0.9914825066265023, 0.992449732020601, 46.0862142629913, 0.9941192467786226, 0.9939475920434248]
00023892,93329,391882,89,3;[114667.63, 1414, 1.0167941706478845, 0.9529070402788227, 69.36194070195396, 0.9896615259912896, 0.9922821576763485]
00023892,93329,391882,90,2;[116098.78, 1540, 1.024478526931865, 0.9929498654533664, 58.7047229351499, 0.9922725834272821, 9999]
00023892,93329,391882,92,2;[114627.93999999999, 1522, 1.0073552101636527, 0.9847883422105579, 36.85985021329225, 0.9940911230252352, 0.9904477918873066]
00023892,93329,391882,92,3;[114493.64000000001, 1356, 1.0098884038015559, 0.9575393429604518, 53.70771228318953, 0.9928164272628103, 9999]
00023892,93329,391882,93,1;[115389, 1646, 0.9791536811644996, 0.9912072497007227, 30.555962129969355, 0.9961549890584726, 0.995354855405318]
00023892,93329,391882,94,1;[116973, 1592, 0.994606233216065, 0.9965614043713638, 34.71012332712566, 0.9946580766084038, 0.9999615310636661]
00023892,93329,391882,94,2;[112866.73999999999, 1496, 1.003006582190011, 0.9923183925625743, 26.138494257660792, 0.99570058885804, 9999]
00023892,93329,391882,94,3;[114433.36000000002, 1410, 1.0214616209838423, 0.9517095185099957, 73.57692311392724, 0.9894936176987641, 0.990536726513768]
00023892,93329,391882,96,1;[115407, 1632, 0.9872182726007631, 0.9927104473525977, 23.989429741072772, 0.9960868400620199, 0.996795591563164]
00023892,93329,391882,96,2;[113005.97, 1516, 0.9882006017804126, 0.9825266807640969, 27.477798069064683, 0.9957344812378607, 0.9942780561096016]
00023892,93329,391882,96,3;[117169.25000000001, 1434, 1.0569068397282255, 0.9348208440309685, 110.45560734956277, 0.9883416942725053, 9999]
00023892,93329,391882,99,1;[118266, 1608, 1.0340711010663866, 0.9901960891665134, 40.350390802242764, 0.9941750124012475, 0.995743928467688]
00023892,93329,391882,99,2;[114010.33, 1524, 1.0088953795511193, 0.9873587254334197, 27.375748128469997, 0.9954495918170748, 9999]
00023892,93329,391882,99,3;[113752.47000000002, 1336, 1.0058340005280906, 0.9771892906538502, 25.640739364499375, 0.99607581804577, 9999]
00023892,93377,392048,3,3;[118466.64000000001, 1406, 1.047556527781869, 0.9626297559970822, 107.28162349534367, 0.988306503325163, 9999]
00023892,93377,392048,4,1;[118492, 1724, 0.9863208326474601, 0.9986424630954116, 19.764201178268063, 0.9967779664001932, 0.982353745839223]
00023892,93377,392048,4,2;[116322.5, 1540, 1.0024661578187861, 0.9812524545754474, 28.71243987076844, 0.9953319054134065, 9999]
00023892,93377,392048,5,1;[112681, 1604, 0.9750116024793062, 0.9728192778387952, 30.87669786078407, 0.9962903174522396, 0.9869450782375636]
00023892,93377,392048,5,2;[117476.79999999999, 1468, 1.0128946844061226, 0.9826118107683158, 31.69563920609115, 0.9953051589361018, 9999]
00023892,93377,392048,5,3;[119291.38, 1442, 1.0494193382007337, 0.9224995551443748, 90.97954973781846, 0.9914184377585706, 9999]
00023892,93377,392048,8,2;[114999.22, 1520, 1.0070723933409482, 0.9772014446917673, 55.95936210100426, 0.9911467610708359, 1.0000983146794165]
00023892,93377,392048,8,3;[115359.48000000001, 1394, 1.0261842013140077, 0.9530082855170431, 74.80732270330151, 0.9887307322964278, 9999]
00023892,93377,392048,9,1;[115825, 1638, 0.9752674514762388, 0.977930434245964, 26.59457846165895, 0.9966290836236483, 0.9829547624402228]
00232831,93048,390346,740,1;[60347, 1074, 1.0041203919890753, 0.9799737843213558, 68.8031668473261, 0.9893269121354705, 1.0045276737411568]
00232831,93048,390346,740,2;[26282.34, 714, 1.0320528336306802, 1.014372897938292, 140.43680277580415, 0.9847081607347733, 9999]
00232831,93048,390346,740,3;[48303.46000000001, 810, 1.1451752258466206, 0.9524738607388366, 111.29907984614162, 0.9886044851043795, 1.0053033759124088]
00232831,93048,390346,741,1;[58549, 1054, 1.0054455670794802, 0.9721401613657598, 71.84338526471858, 0.9899833681219329, 1.006091640962634]
00232831,93048,390346,741,2;[26754.77, 714, 1.0341519316231074, 1.0048081338552852, 159.3327943069655, 0.9804418482813829, 1.0053435285174503]
00232831,93048,390346,741,3;[59377.170000000006, 910, 1.009236585552549, 0.9801747544230137, 119.60868056295885, 0.9820228240271109, 1.0022546741128724]
00232831,93048,390346,742,1;[60220, 1068, 1.0074655194483435, 0.9772295374079115, 65.41557014703079, 0.9913233628504808, 1.006005629755849]
00232831,93048,390346,742,2;[36023.68, 754, 1.1820072772154882, 0.975194568199687, 145.89823339616314, 0.9858882366313425, 1.007957912962408]
00232831,93048,390346,742,3;[30371.530000000002, 664, 1.0089733402220478, 0.9955065153366602, 110.20559259267367, 0.9896436106369197, 1.003848940409346]
00232831,93147,390953,359,1;[28614, 804, 1.0032679635817676, 0.9797642027110547, 76.11960080236409, 0.9935266967839056, 1.0029442691903259]
00232831,93147,390953,359,2;[32495.329999999998, 730, 1.0010910926167107, 1.0181539503852286, 138.38844875947652, 0.9872961394964037, 1.0066911209009972]
00232831,93147,390953,359,3;[44651.04, 780, 1.1265940771710539, 0.9490983104198878, 135.99181647196534, 0.9850378115291741, 1.0061277725469615]
00232831,93165,391039,287,1;[39866, 864, 1.0298398293658304, 0.9959000629021967, 86.7554628668432, 0.992586344484783, 0.9994735126733021]
00232831,93165,391039,287,2;[58477.79, 974, 1.0269415973797502, 0.9712203717647845, 110.17502078317794, 0.9861528678999373, 1.0036866453569715]
00232831,93165,391039,287,3;[47685.590000000004, 804, 1.0360607644632402, 0.94115180619928, 106.98442230112188, 0.9887037694940279, 9999]
00232831,93165,391039,289,1;[28699, 810, 1.00818441333912, 0.9786705332760606, 77.15163995602295, 0.9933617731220881, 0.9997039101280153]
00232831,93165,391039,289,2;[29376.34, 706, 1.0029025862775742, 1.0184988224387705, 115.10771404046059, 0.9898791421656763, 1.0058060178866095]
00232831,93165,391039,289,3;[29242.65, 658, 1.0054347153086407, 1.016919426240819, 136.91117619523283, 0.9875221844265234, 1.0027482207032625]
00232831,93165,391039,290,1;[29374, 836, 1.0333035036256313, 0.9688302861139513, 84.38927192001452, 0.9925713888783438, 1.00454840805718]
00232831,93165,391039,290,2;[48306.86, 868, 1.1486846561401474, 0.9733066559966124, 138.39645165229948, 0.9857525522417887, 1.0036095727848102]
00232831,93165,391039,290,3;[28849.460000000003, 652, 1.0052699092288533, 1.0203944978101065, 115.91342784668967, 0.98962519814608, 1.003669987131214]
00232831,93328,391868,72,1;[53913, 1002, 1.0197885864858176, 0.9823802569413564, 73.40299224254385, 0.9925419384832258, 1.0061398925052254]
00232831,93328,391868,72,2;[30416.399999999998, 710, 1.0438726826922544, 0.9772929921499058, 127.79972348039183, 0.989214036519754, 9999]
00232831,93328,391868,72,3;[54501.340000000004, 870, 1.009712309967718, 1.0058363780854904, 98.19940865914353, 0.988407161462243, 9999]
00232831,93328,391868,73,1;[53548, 998, 1.0189524065939604, 0.9797690597906243, 70.54455465725476, 0.9923345736926806, 1.0058606957697798]
00232831,93328,391868,73,2;[32314.449999999997, 730, 1.0032959324346369, 1.0173005886922057, 119.24168662801405, 0.9887060503406242, 1.0007739367583106]
00232831,93328,391868,73,3;[56224.8, 882, 1.0097929346542687, 1.0019868142286004, 108.93376190051036, 0.985441320762081, 9999]
00232831,93328,391868,74,1;[58872, 1058, 1.0073440151434425, 0.9871881459772484, 66.68563326524257, 0.9914655171775439, 1.0050875815208113]
00232831,93328,391868,74,2;[56247.729999999996, 944, 1.126253123694444, 0.9646773931279856, 122.14461848641795, 0.984343955618227, 1.0040039508480516]
00232831,93328,391868,74,3;[54302.69, 864, 1.013030303116915, 1.0093036032740614, 115.46933163720168, 0.98485697905831, 9999]
02011239,93051,390358,939,1;[116627, 1616, 1.226767054368351, 0.7894687830108843, 532.2675009887437, 0.9050921283062553, 0.9979207666638145]
02011239,93051,390358,940,2;[117272.12, 1552, 1.3092563299230477, 0.6068035466539268, 1228.139150718081, 0.8174875198029596, 1.0004923882862349]
02011239,93051,390358,940,3;[115392.36000000002, 1382, 1.318292950488103, 0.6057554136872206, 1168.9718829789124, 0.8214685434610559, 0.9951617190961454]
02011239,93067,390431,80,1;[118920, 1686, 1.2542632538325544, 0.7423580549697025, 569.507972460711, 0.9015609841400498, 0.9991975835080305]
02011239,93067,390431,80,2;[118553.75, 1466, 1.357853043853108, 0.531559173981394, 1633.6718951822672, 0.7669681218218305, 1.0011808155164184]
02011239,93067,390431,80,3;[118391.29000000001, 1452, 1.356266852165266, 0.5166416962040419, 1919.7424933362652, 0.746146720538869, 0.9946822592341072]
02011239,93067,390431,82,1;[118641, 1708, 1.2449748672074326, 0.7181549743029295, 893.282505245612, 0.8829947529564313, 0.9961502777089745]
02011239,93067,390431,82,2;[119248.70999999999, 1564, 1.3446848026017544, 0.5648885938993163, 1580.933163534961, 0.7894495725574902, 0.995040140603822]
02011239,93067,390431,82,3;[119714.71, 1434, 1.3542826948477997, 0.526979916014058, 2056.993155723269, 0.7251234012138238, 0.9949672644463422]
02011239,93096,390617,985,1;[116692, 1658, 1.24249198816296, 0.808200761305186, 593.4487026027602, 0.8906043572037874, 0.9970990716174705]
02011239,93096,390617,985,3;[115455.38, 1418, 1.3282275388581455, 0.6374442312904417, 1521.3487987242136, 0.7646659289135507, 0.9979868315096395]
02011239,93096,390617,986,2;[117091.23999999999, 1448, 1.3084930659141252, 0.6856419639128749, 1196.286329035447, 0.797253268629796, 1.0005084090862872]
02011239,93139,390919,102,1;[117379, 1712, 1.2282330911093862, 0.8078462631369242, 796.7003448656235, 0.8873595373247152, 0.9936678320790335]
02011239,93139,390919,102,2;[119220.15, 1512, 1.3770401088012958, 0.5089472011458898, 2095.068297686564, 0.7324270604301623, 0.9965384500611739]
02011239,93139,390919,102,3;[117903.57, 1412, 1.328656210046723, 0.5504035843614692, 1529.9069438810973, 0.7524930977388753, 0.9987698306776376]
02011239,93148,390958,452,1;[120294, 1614, 1.3278159476202218, 0.6225550249135221, 1261.0238793044919, 0.8281432758629721, 1.0027006751687921]
02011239,93148,390958,452,2;[116936.54, 1552, 1.321941468035762, 0.5742586742951914, 1317.463211886172, 0.8025810084082484, 0.9964407759311275]
02011239,93148,390958,452,3;[118457.05, 1462, 1.3390552445604098, 0.5392057778748746, 1591.021355224359, 0.7571806126754217, 0.9930116510763894]
02011239,93174,391097,944,1;[115789, 1634, 1.2360602781567875, 0.8085765807006626, 672.0021418727636, 0.9007379482195105, 0.9966731367629147]
02011239,93174,391097,944,2;[114926.62999999999, 1510, 1.3172811742534574, 0.6155551151938757, 1127.705228653941, 0.829468573790128, 0.9990379642081307]
02011239,93174,391097,944,3;[114674.48000000001, 1340, 1.3182123949532747, 0.6040507108458479, 1368.6495021835508, 0.803896915688656, 0.997194407877102]
02011239,93260,391459,220,1;[117062, 1700, 1.2413619639702593, 0.8204951892970752, 811.6401863374552, 0.885596061152482, 0.9971209540034072]
02011239,93260,391459,220,2;[115490.68999999999, 1464, 1.303444379783877, 0.6934132068266222, 1109.904663449888, 0.8164462635119065, 1.0005928232304226]
02011239,93260,391459,220,3;[118018.65000000001, 1430, 1.3548914329395276, 0.5815690308035358, 1793.5499390521295, 0.718576095141085, 0.9962472316828477]
02011239,93331,391886,298,1;[115718, 1646, 1.2205921459485618, 0.776693578962552, 697.2344406097402, 0.8936117073027604, 0.9979087706589744]
02011239,93331,391886,298,2;[117548.2, 1516, 1.3756616519061167, 0.5263497741207048, 2075.71238533834, 0.7315982624785673, 0.9965245726334054]
02011239,93331,391886,298,3;[118015.91, 1438, 1.3613632176448651, 0.5285279880511179, 2108.9797357386424, 0.7677025621574034, 0.9949181710035457]
02011239,93384,392075,333,1;[118950, 1684, 1.2319641615433563, 0.7375010922312449, 791.620269400836, 0.8865421919322041, 0.9976390467284233]
02011239,93384,392075,333,2;[120223.31999999999, 1582, 1.3319880322540039, 0.576774218032224, 1347.0331949162971, 0.8118873856839522, 0.9940374284196234]
02011239,93384,392075,334,3;[118057.01000000001, 1356, 1.2886390062202722, 0.648564078171752, 1157.7760607880286, 0.8337871472995934, 1.001016431338611]
02011239,93384,392075,336,3;[119116.02, 1420, 1.302945538818725, 0.5854081184562107, 1263.462135025676, 0.8089841962454187, 0.9971729219829687]
02011239,93384,392075,337,1;[118922, 1740, 1.2492116154755224, 0.7638034722072186, 859.3511361250377, 0.8920772312301488, 0.9940235880204285]
02011239,93384,392075,337,2;[117304.25, 1536, 1.3201723334547275, 0.6181872204919716, 1179.1622391595006, 0.8197647229250431, 0.9941004437273094]
