02458934,93025,390247,181,1;[56085, 1088, 0.7675546699478629, 1.1808871643140237, 879.6439616387603, 0.8947940557294196, 1.0059999461888234]
02458934,93025,390247,181,2;[67771.69, 1058, 0.7115282259918253, 1.1074152905813621, 1500.065539695082, 0.7942653938640026, 9999]
02458934,93025,390247,181,3;[63066.58, 982, 0.7118579754853069, 1.2140662164564984, 1261.8772871590627, 0.8175249196094925, 1.0037722683761803]
02458934,93025,390252,183,2;[71958.11, 1084, 0.7348246072166001, 1.1925559104127956, 1264.858188092015, 0.8024400919461219, 1.0061313965773995]
02458934,93025,390252,183,3;[58889.450000000004, 936, 0.7133455552089976, 1.1145514350111745, 1429.84288544301, 0.820161218724594, 1.0054147613645665]
02458934,93025,390252,184,1;[51966, 1064, 0.7696570631534254, 1.2302816111551504, 733.7771329733424, 0.9063226775530524, 1.0025175796510113]
02458934,93026,390257,280,2;[65504.74, 1034, 0.735325139829461, 1.1143293764067392, 1246.3192346197438, 0.8088867361347989, 1.0083070018775473]
02458934,93026,390257,281,3;[51354.450000000004, 888, 0.7222405609291582, 1.1474917165495557, 1397.3005123657329, 0.8419871388281771, 1.007850939692953]
02458934,93026,390257,283,1;[65222, 1144, 0.7807517437751006, 1.1809994136181552, 509.06998614493966, 0.8945356744707289, 1.0062483607695512]
02458934,93027,390263,343,2;[51750.72, 948, 0.7352684418573063, 1.1985989144087876, 1333.7469256714555, 0.8468343028463929, 1.0114546871184193]
02458934,93027,390263,343,3;[65890.15000000001, 978, 0.6990569017826276, 1.1840449668594255, 1686.2876809052698, 0.7939783792039917, 1.00400809970148]
02458934,93027,390263,345,1;[71376, 1172, 0.7638977837939092, 1.131619695686861, 782.0462517341044, 0.8696856606257071, 1.0067136812411848]
02458934,93027,390263,347,3;[55321.97, 912, 0.7194579365406262, 1.1503791383123545, 1210.0921617793651, 0.834426153165531, 1.0072335436881095]
02458934,93027,390263,349,1;[61666, 1100, 0.7632985773212396, 1.044359639514213, 1197.1429034803487, 0.8561261098013322, 1.0072276168464724]
02458934,93027,390263,349,2;[69993.42, 1070, 0.722637011878143, 1.1896416444436169, 1476.2128835603403, 0.8042004966134931, 1.0051867485836843]
02458934,93032,390301,69,1;[67652, 1166, 0.7625600426037837, 1.1246921092994562, 699.8685868303977, 0.8957486737317168, 1.0051332337887129]
02458934,93032,390301,69,2;[69549.55, 1078, 0.7208349490875364, 1.2392124695108833, 1473.433089394696, 0.790365896917504, 1.0068218229426864]
02458934,93032,390301,69,3;[51046.200000000004, 894, 0.7095750236012855, 1.14882111076657, 1478.9256717846354, 0.84229100613444, 1.0080214265424]
02458934,93048,390340,743,1;[58170, 1102, 0.7844541317725282, 1.2148921837379805, 503.59005700388946, 0.9191498418176435, 1.0055228563279488]
02458934,93048,390340,743,2;[51432.99, 1004, 0.7348687845832498, 1.2094053370605193, 1177.581467158039, 0.8668298138315021, 1.0054318115731318]
02458934,93048,390340,743,3;[70376.90000000001, 996, 0.6947098480205797, 1.1672148577065522, 1727.7679407401486, 0.7651807628433198, 1.0056872130698224]
02458934,93048,390340,744,1;[67573, 1142, 0.769155515584555, 1.146784053374737, 653.5921080134544, 0.8639770266004252, 1.0050346176442153]
02458934,93048,390340,744,2;[54283.04, 1010, 0.7321410945307693, 1.2510764039166395, 1151.7306752766451, 0.8556689568950934, 1.0068090272030017]
02458934,93048,390340,744,3;[71319.46, 996, 0.7200061870151708, 1.1914171390382007, 1417.8194023797234, 0.7924640329984438, 1.005184448585138]
02458934,93049,390352,831,2;[57227.1, 986, 0.7357085469456219, 1.1259726831897796, 1192.4139304489292, 0.8200709341380958, 1.0066776914864666]
02458934,93049,390352,832,1;[71281, 1196, 0.7756947366923346, 1.1110007583745447, 540.049539983191, 0.8713147734396541, 1.0047431442888455]
02458934,93049,390352,833,3;[65573.68000000001, 988, 0.7355170347547257, 1.1480326615921752, 1226.2953650617758, 0.8519902822222657, 1.004185504935539]
02458934,93049,390352,835,1;[71579, 1188, 0.7545858618123189, 1.1120145733056073, 834.916636320375, 0.8286112734475114, 1.00541482017319]
02458934,93049,390352,836,2;[60825.659999999996, 1034, 0.7416637661558106, 1.1220494813153512, 1104.1867426939573, 0.8365636918918475, 1.0084739910623564]
02458934,93049,390352,836,3;[70737.21, 1026, 0.7190869393285673, 1.0677529366599217, 1438.277616266928, 0.8133485936686503, 1.0059617745046467]
02458934,93049,390352,837,2;[66259.2, 1046, 0.7322156430899572, 1.106493648123659, 1299.0103958642792, 0.7989573306620231, 1.00558053854906]
02458934,93049,390352,837,3;[70572.81000000001, 1010, 0.7004280834161373, 1.1291921750204643, 1669.2910911203867, 0.7822457320773956, 1.0051415135757422]
02458934,93049,390352,838,1;[63628, 1114, 0.7663279143618464, 1.1325624245561994, 856.4028209993944, 0.8457409299457505, 1.007322034971622]
02458934,93049,390354,826,2;[71029.91, 1068, 0.7279062760444576, 1.1762363080795888, 1605.2639002565857, 0.7883600528211143, 1.0066786973167152]
02458934,93049,390354,827,1;[71435, 1166, 0.7600853140653527, 1.1049875055719403, 580.1537335348694, 0.862529107539885, 1.0077448297266032]
02458934,93049,390354,827,3;[70456.36, 998, 0.7250658033529982, 1.1570650866151984, 1132.0372460251217, 0.8117722440843232, 1.0060250391236307]
02458934,93049,390354,828,1;[72662, 1196, 0.7661748114496831, 1.0847398175694145, 541.1798107004374, 0.8719967216146218, 1.0074803286075773]
02458934,93049,390354,829,2;[70321.86, 1060, 0.736401737982675, 1.1972213140879229, 1172.9003934328857, 0.8166953466858712, 1.0043765349740381]
02458934,93049,390354,829,3;[62447.340000000004, 1000, 0.7294256114424673, 1.1548370511864756, 1182.6036936951402, 0.8690936954356574, 1.004584123066073]
02458934,93051,390362,931,1;[71546, 1202, 0.7580847120009764, 1.0744286263116387, 638.1150668942955, 0.8612205934593947, 1.0043799309318584]
02458934,93051,390362,931,2;[50904.63, 936, 0.7337642521809031, 1.1709306329014677, 1364.9155261446017, 0.8555930974026847, 1.011587485515643]
02458934,93051,390362,932,3;[57044.060000000005, 928, 0.7110627371248719, 1.1941253916883277, 1460.8420847607483, 0.8268456041481971, 1.0051418225709112]
02458934,93051,390362,933,3;[69774.1, 986, 0.7154688039619865, 1.1992334376269873, 1105.0012041293471, 0.8080560815082536, 1.0043086873786025]
02458934,93051,390362,934,1;[71317, 1166, 0.7695172906476764, 1.1104024930416658, 499.36915126168753, 0.8883165185078147, 1.0056474868331065]
02458934,93051,390362,935,2;[49856.24, 962, 0.7515606178324803, 1.1801549818578543, 1023.3828943733629, 0.8606650565332544, 1.0053150007798535]
02458934,93052,390369,1002,1;[67093, 1170, 0.7742307280951348, 1.1334639261987731, 858.7273874452695, 0.8526127261027736, 1.006073056621881]
02458934,93052,390369,1002,3;[72238.73000000001, 1000, 0.7315436057241393, 1.1616136825044656, 1086.6840496714779, 0.8167789493781276, 1.0031294885331354]
02458934,93052,390369,1003,2;[52425.45, 954, 0.7513238512651581, 1.1887832373392386, 823.8242160244125, 0.8792204370368772, 1.006959920458052]
02458934,93052,390372,1001,2;[51051.0, 1020, 0.7418370795162206, 1.1839139746369962, 1269.0401308653586, 0.8460525434781859, 1.0073260073260073]
02458934,93052,390372,999,1;[69211, 1148, 0.7672543640387759, 1.1365683162334967, 647.5812281395195, 0.8683667161828045, 1.0062224677609293]
02458934,93052,390372,999,3;[70313.88, 1008, 0.7258409750771213, 1.1608128812859366, 1268.4780085691445, 0.827362748742256, 1.0053475935828877]
02458934,93055,390380,470,1;[67240, 1144, 0.7639610066500673, 1.162126314616485, 644.6854300906293, 0.8767965049296464, 1.0068581354257136]
02458934,93055,390380,470,2;[56747.53, 984, 0.735681676453776, 1.2062077719471735, 1190.8947142763286, 0.8174221308692903, 1.0084376586026054]
02458934,93055,390380,470,3;[53032.700000000004, 886, 0.7305283123489966, 1.2203082718452012, 1349.9885646864261, 0.8399239773635787, 1.009453028228698]
02458934,93055,390382,472,1;[71778, 1178, 0.7517764197259305, 1.1428084527136348, 766.4012141848289, 0.8338508271634952, 1.0056814599460577]
02458934,93055,390382,472,2;[60823.28, 1016, 0.7303876425559847, 1.2560763803892363, 1181.2146655024892, 0.8106233012153571, 1.0062803929675348]
02458934,93055,390382,472,3;[56612.51, 908, 0.7240356022549382, 1.158977912625544, 1203.091977966102, 0.8297108301930005, 1.0073129707724935]
02458934,93055,390382,473,1;[55867, 1076, 0.7593230706533906, 1.180350466354673, 830.4091367861155, 0.8942091198544035, 1.0075566296349734]
02458934,93055,390382,473,2;[71119.16, 1068, 0.7296993990068076, 1.237352494895583, 1254.7619708049951, 0.7936648830067798, 1.0067720090293453]
02458934,93055,390382,473,3;[71422.21, 1002, 0.7211016436777066, 1.164366525008312, 1457.2755724419314, 0.8195790817999989, 1.005991605962661]
02458934,93055,390382,475,1;[63454, 1116, 0.7471830996369153, 1.0880709576312322, 1012.8791859462582, 0.847986392361375, 1.007718206072926]
02458934,93055,390382,475,2;[51567.46, 956, 0.7290216522010737, 1.186162656242617, 1394.2800425642245, 0.8444884304563337, 1.0081777467574013]
02458934,93055,390382,476,3;[71741.42000000001, 1024, 0.714111939290294, 1.1386015483048335, 1423.0025300891275, 0.8190021647355442, 1.0043248530413018]
02458934,93055,390382,477,3;[72022.27, 1008, 0.7317995839911595, 1.1444252282056622, 1111.2623779198004, 0.8296019998738575, 1.005210474487796]
02458934,93055,390382,478,2;[68768.91, 1066, 0.7458967931458583, 1.1082072222234916, 1309.9575222599863, 0.8055755871249275, 1.0062423276830255]
02458934,93055,390382,479,1;[71321, 1168, 0.7594973249848913, 1.1337206044474226, 581.2099652729336, 0.8723519823739939, 1.006576811798744]
02458934,93055,390382,480,1;[53496, 1060, 0.7646103732917977, 1.1310534375395715, 997.9698671353308, 0.8894488648838107, 1.008036631210017]
02458934,93055,390382,480,3;[52295.64000000001, 902, 0.7263027003946353, 1.168484462993905, 1222.797366673889, 0.8456287863786075, 1.0046320665333193]
02458934,93055,390382,482,2;[70790.72, 1126, 0.744730996739947, 1.2137500851978207, 1073.158030944739, 0.8403033495750052, 1.0049667195999594]
02458934,93062,390400,1112,1;[53966, 1076, 0.7666863373141752, 1.1477140149148588, 700.9445567246289, 0.8835009065996142, 1.0050189490935164]
02458934,93062,390400,1112,2;[63813.75, 1030, 0.7257624927113097, 1.2251195119794316, 1456.706788875716, 0.8011968020748816, 1.0077045945692005]
02458934,93062,390400,1112,3;[51766.82000000001, 880, 0.7185207485767003, 1.1662618590020508, 1343.7714683810705, 0.846609807259367, 1.0096864269777013]
02458934,93062,390404,1107,1;[65753, 1172, 0.7621792780183868, 1.118228347198445, 927.0701404072177, 0.8473662855862603, 1.004476015887565]
02458934,93062,390404,1107,2;[71708.20999999999, 1098, 0.7294478015697516, 1.1204681069049447, 1343.9339956323126, 0.8123018684323798, 1.004793943789967]
02458934,93062,390404,1108,3;[65705.20000000001, 984, 0.7323451828436899, 1.1186641768536034, 1241.2870663454646, 0.8661327314631109, 1.0044189407108002]
02458934,93062,390404,1110,1;[57162, 1080, 0.7659997799847759, 1.2026268050951254, 800.7080743243048, 0.8944688836522112, 1.0085483657536058]
02458934,93062,390404,1110,3;[59005.9, 932, 0.714500725036754, 1.1976879932805005, 1462.0745630869314, 0.8293620993075899, 1.005767928449665]
02458934,93062,390404,1111,2;[59302.46, 994, 0.7451593047639227, 1.1705942233024957, 1247.2238945608983, 0.8319514730876743, 1.008999888640298]
02458934,93063,390406,1174,1;[72536, 1180, 0.753573674625184, 1.1219659452434176, 842.4844342720934, 0.8322307836615621, 1.0052663673152613]
02458934,93063,390406,1174,2;[61615.82, 1016, 0.7244330203073298, 1.2530792783985427, 1300.6407888203942, 0.7926368599631848, 1.0078050489518655]
02458934,93063,390406,1174,3;[60928.01, 936, 0.7169830627082745, 1.1886049049628973, 1433.773879266418, 0.8037941871691979, 1.0065750014145873]
02458934,93064,390418,1284,1;[55591, 1074, 0.7735652896785524, 1.1355891088195755, 571.5919042999926, 0.8977570540545655, 1.0056986757363051]
02458934,93064,390418,1284,2;[53021.64, 986, 0.725940767879904, 1.1967680945682888, 1280.0714635979896, 0.8365559011517245, 1.005903667498222]
02458934,93064,390418,1285,3;[64561.25000000001, 990, 0.7041193665081, 1.0135465960215528, 1551.4498315356436, 0.8443395403741397, 1.00618120869853]
02458934,93064,390418,1286,1;[58761, 1114, 0.7710816406456283, 1.1073326755761417, 754.6561335485372, 0.8713913309787649, 1.0040410426402617]
02458934,93064,390418,1286,2;[61768.14, 1012, 0.7362401404683053, 1.1276310799378262, 1277.9679374523669, 0.8226372273172013, 1.0074140206505706]
02458934,93064,390418,1286,3;[72005.83, 1026, 0.7169839137878454, 1.1786671849376655, 1383.384498817253, 0.8212329949768283, 1.005442424126486]
02458934,93064,390418,1287,1;[54570, 1070, 0.7715775370416523, 1.1734640719624478, 666.1557384686531, 0.885527153288929, 1.0068172802833921]
02458934,93064,390418,1287,2;[51062.899999999994, 940, 0.7273138282639273, 1.1989741473324949, 1398.8722385976898, 0.8456840968930345, 1.0069460740601681]
02458934,93064,390418,1287,3;[53724.55, 892, 0.7187222301244083, 1.1387007414566328, 1347.5465635009703, 0.8317400373956431, 1.0103703703703704]
02458934,93067,390431,61,1;[65526, 1140, 0.7687228246969392, 1.129198334392276, 560.2747810659941, 0.9006184794534347, 1.0037837589423857]
02458934,93067,390431,61,2;[51918.509999999995, 1020, 0.7298758854254364, 1.1074518564658151, 1298.582711818333, 0.8671583427816846, 1.0052301737247131]
02458934,93067,390431,61,3;[57841.4, 942, 0.7391216758612908, 1.1246886616041252, 1156.8692877844642, 0.8694247071529819, 0.9978020939191266]
02458934,93074,390484,448,2;[66547.18, 1046, 0.7150457230915727, 1.2165133887518023, 1599.3978599746256, 0.7784622358465796, 1.0068235421205192]
02458934,93074,390484,448,3;[72490.81000000001, 1020, 0.7167087907948606, 1.1340873058468737, 1455.7987044996526, 0.7894050988498917, 1.006476770174521]
02458934,93074,390484,450,1;[70895, 1198, 0.7579474702884877, 1.1300880977599923, 1032.0052788518378, 0.8289788015821041, 1.0037235247479896]
02458934,93074,390486,451,1;[53870, 1054, 0.7509045809901944, 1.1085992381716683, 1087.7462353170476, 0.8786254223264327, 0.9893934524082832]
02458934,93074,390486,451,2;[50974.84, 950, 0.7293462107091668, 1.1446328537903314, 1356.5858295131266, 0.8635620336305609, 1.0066150465873174]
02458934,93074,390486,451,3;[62784.36000000001, 952, 0.7054981580014781, 1.096292023675125, 1447.4651524885337, 0.8072831919426527, 1.0063130619997585]
02458934,93074,390486,453,1;[55192, 1068, 0.7562137915195161, 1.1007931060748666, 1083.9871430555809, 0.8756013982795611, 0.9894053743972178]
02458934,93074,390486,453,2;[61273.1, 1016, 0.7313768915735941, 1.192926879823907, 1305.3768010866947, 0.8134731883786627, 1.0074349442379182]
02458934,93074,390486,454,3;[70775.57, 1000, 0.7182708355349336, 1.175561847736981, 1482.6526905115572, 0.8010327638118209, 1.0029217344036652]
02458934,93074,390486,457,1;[66142, 1158, 0.7552523633363154, 1.104292656393449, 1071.822327465072, 0.8446015718376236, 1.0067581965965477]
02458934,93074,390486,457,2;[65759.4, 1056, 0.7300779053825294, 1.1008047566553174, 1343.03765979691, 0.8159675641118616, 1.0062457890999144]
02458934,93074,390486,458,3;[68393.14, 1004, 0.714316211102394, 1.0438830238379628, 1486.0959793587713, 0.8104655347497485, 1.005934209863483]
02458934,93074,390486,459,1;[53210, 1060, 0.7622068470555547, 1.1390117014884862, 843.2094881237992, 0.8971502153604569, 0.9790068260013616]
02458934,93074,390486,460,2;[51569.84, 962, 0.7342231674774555, 1.1924494055212698, 1334.2192480596345, 0.8520611552386849, 1.0084354311377943]
02458934,93074,390486,460,3;[52292.9, 898, 0.722472250222755, 1.1007943957907669, 1220.2855275929498, 0.8608362792532377, 1.0046851968835544]
02458934,93074,390486,462,1;[67510, 1182, 0.772071991507991, 1.1353278174515022, 544.2013881639913, 0.8870981997684131, 1.004112533186581]
02458934,93074,390486,462,2;[65521.399999999994, 1080, 0.7410235340941558, 1.1685410152315516, 1163.7140599251175, 0.8558935389149531, 1.0075022872827082]
02458934,93074,390486,463,3;[58620.93000000001, 936, 0.7377482040624694, 1.1097134057022195, 1158.100865734697, 0.8645287825583339, 1.0042480285392414]
02458934,93078,390509,43,1;[56840, 1078, 0.7777536807441641, 1.160466563417135, 592.1953082672917, 0.8962025193042366, 0.99285577040647]
02458934,93078,390509,43,2;[69461.48999999999, 1058, 0.7334442129368964, 1.1385151002260654, 1250.9106407007685, 0.7973380633990481, 1.0071606045965906]
02458934,93078,390509,43,3;[64957.18000000001, 960, 0.7126281868187704, 1.1711675516604607, 1408.8309818802495, 0.7909151409407374, 1.0073617676740851]
02458934,93078,390509,45,1;[71676, 1212, 0.758480687717707, 1.1894471218697777, 625.9046665310547, 0.8430351757466256, 1.0029454771882937]
02458934,93078,390509,45,2;[51203.32, 956, 0.7276735965162713, 1.1822599106954086, 1380.8935356755353, 0.8474263006494245, 1.0096203482096766]
02458934,93078,390509,46,3;[52705.270000000004, 902, 0.7183452801882069, 1.152596141138489, 1302.7123835051123, 0.8327349324781337, 1.0067252839273564]
02458934,93079,390518,100,3;[71577.02, 1026, 0.7139988413207123, 1.127898061943584, 1394.343220353846, 0.814527042044251, 1.005513909872112]
02458934,93079,390518,101,2;[54788.79, 972, 0.7205788671355315, 1.1924305315228876, 1426.4326815272218, 0.8263445637564731, 1.0088856263216137]
02458934,93079,390518,102,1;[73559, 1220, 0.7569613561694484, 1.1218132451614176, 777.6498411369217, 0.8415692993795463, 1.002350568565063]
02458934,93079,390518,102,3;[58244.18000000001, 958, 0.7281962670513805, 1.1689070465382767, 1229.177341942515, 0.8534112733110886, 1.0052848748536904]
02458934,93079,390518,103,2;[50780.869999999995, 948, 0.7366273757179227, 1.1854079375111248, 1292.0901451946743, 0.8333290247436912, 1.0081863607905213]
02458934,93079,390518,107,2;[61394.479999999996, 1072, 0.7180429364109201, 1.047088057039094, 1587.270986074867, 0.8319540720083294, 1.0077448213221865]
02458934,93079,390518,107,3;[54376.670000000006, 926, 0.7288029969916454, 1.1904342878837764, 1146.8389932958744, 0.8543275457443454, 1.0051026222160322]
02458934,93079,390518,108,1;[62334, 1128, 0.7556016906833549, 1.1005373737353685, 1103.8356077819299, 0.823147614244803, 1.001679267871347]
02458934,93079,390518,109,2;[71765.33, 1102, 0.7253760884192523, 1.1348927817348118, 1373.0910810861244, 0.7751972369665707, 1.0048821941546973]
02458934,93079,390518,109,3;[60284.11000000001, 940, 0.7069533972401298, 1.1723693322833246, 1488.3125751456826, 0.810100027424314, 1.006473010064044]
02458934,93079,390518,111,1;[72314, 1228, 0.7540631240232604, 1.1304644324906865, 623.8529893597629, 0.8419996464948224, 1.005380455183728]
02458934,93079,390518,99,1;[53864, 1082, 0.7638744175558546, 1.243825586145906, 716.1124585641087, 0.9009446709039626, 0.991304187792736]
02458934,93084,390557,478,2;[58885.96, 1054, 0.7285606573187579, 1.0882264694380923, 1453.8277176843535, 0.8392218632720808, 1.0055271072096237]
02458934,93084,390557,479,3;[53282.04, 904, 0.7316441220809559, 1.1350415417034174, 1200.153310927512, 0.8615542757478185, 1.0083746013637895]
02458934,93084,390557,480,1;[54002, 1054, 0.7604506456243022, 1.129957900029641, 997.1357131669938, 0.8760789861372993, 1.005932921661218]
02458934,93084,390557,481,2;[72021.18, 1110, 0.7424073917129038, 1.1905284814001462, 1267.8123187521242, 0.8242411980828825, 1.0051902108471253]
02458934,93084,390557,482,1;[73186, 1224, 0.7694681672917487, 1.1004785138884334, 562.8850110763399, 0.8668034155667629, 1.0044605481670579]
02458934,93084,390557,482,3;[52381.950000000004, 890, 0.7294822916692947, 1.160488376104583, 1294.6315753229612, 0.8575507511902354, 1.006502053279983]
02458934,93092,390592,742,2;[62596.38, 1016, 0.7348703712696223, 1.1785991110158651, 1135.7403334177093, 0.8084643641062885, 1.0078459548785745]
02458934,93092,390592,742,3;[55664.47, 914, 0.7296107637117094, 1.1437434314255703, 1323.5755913087658, 0.8539010917337025, 1.0052450580172692]
02458934,93092,390592,743,1;[54277, 1102, 0.7658653083651643, 1.1077514763090832, 955.7441169482482, 0.8703998112272822, 0.9973356363235456]
02458934,93094,390607,790,1;[65698, 1138, 0.7661338043250581, 1.100147504008543, 527.9908789305046, 0.874241091115864, 1.0027779473716345]
02458934,93094,390607,790,2;[58400.439999999995, 998, 0.7263860341094299, 1.189005953476773, 1316.1627832880217, 0.8110862062302964, 1.009160917531179]
02458934,93094,390607,790,3;[59456.630000000005, 940, 0.7343421340872167, 1.17581954471406, 1288.9542626067428, 0.85422191589333, 1.0049903319554923]
02458934,93096,390622,978,1;[69298, 1220, 0.7637496054500571, 1.1024743564993906, 882.260419632614, 0.8527079508604243, 1.0050106957688263]
02458934,93096,390622,978,3;[61897.97000000001, 952, 0.7260375287089691, 1.1431167057831193, 1189.3235051466186, 0.8281117473547561, 1.0045244844644545]
02458934,93096,390622,979,2;[52338.579999999994, 954, 0.7361089166658908, 1.1492303566385216, 1396.4590451657166, 0.8477994822646637, 1.0073174921271113]
02458934,93096,390622,980,1;[68440, 1156, 0.7656286289306242, 1.0956110177615281, 572.6972218393472, 0.8739479408568847, 1.0052805135097422]
02458934,93096,390622,980,2;[69592.39, 1088, 0.7287399269865539, 1.078842034433677, 1421.3699087047785, 0.7913089022525386, 1.0073205181204354]
02458934,93096,390622,980,3;[54476.68000000001, 916, 0.7345275550742147, 1.1384948566725797, 1178.1343817089037, 0.8717079989358242, 1.0056651492159838]
02458934,93097,390626,1109,3;[70774.20000000001, 1030, 0.7090707865788155, 1.0898452395170068, 1503.0324140216044, 0.8171631692945306, 1.0063113604488079]
02458934,93097,390626,1110,2;[61411.14, 1016, 0.7439030286469632, 1.1810455014596335, 1208.8268891023274, 0.8292425662655982, 1.0089741333802569]
02458934,93097,390626,1111,1;[59098, 1100, 0.76440474717988, 1.148631182358181, 507.0436649452423, 0.8839010956619262, 1.0024085758871022]
02458934,93098,390636,1195,1;[72404, 1214, 0.7673674909174162, 1.1215511603973394, 551.4704365920614, 0.8668130179438882, 1.0060163121257173]
02458934,93098,390636,1195,2;[63737.59, 1032, 0.7342219418347814, 1.0950740781920447, 1478.548312635998, 0.805675950315625, 1.0069087388496716]
02458934,93098,390636,1196,3;[56430.3, 918, 0.7188740062812624, 1.09077433477198, 1411.4726776757238, 0.8404490112584966, 1.0080270177671187]
02458934,93099,390645,1314,2;[56033.53, 978, 0.7405254874150586, 1.1443412015830985, 1259.26491361622, 0.8460626412205783, 1.0079523926748082]
02458934,93099,390645,1316,1;[66418, 1140, 0.7809641515150612, 1.1279750019360288, 470.19692201060167, 0.8891351854591358, 1.006097052964834]
02458934,93099,390645,1316,3;[53735.51, 904, 0.7342406140201843, 1.1471723802814495, 1188.8792134065395, 0.8673832858111094, 1.0022102129725448]
02458934,93099,390645,1317,2;[50640.45, 1032, 0.727626542428827, 1.1749764454395188, 1286.592792505786, 0.8673019556449173, 1.0058381393589866]
02458934,93099,390645,1317,3;[63391.270000000004, 970, 0.7254775376627193, 1.1442573090777832, 1283.5259799411522, 0.8650785875433142, 1.007391441603257]
02458934,93099,390645,1318,1;[62019, 1120, 0.7587813518465302, 1.0711549140297674, 1097.922248922436, 0.847765534259027, 1.0052109080594838]
02458934,93101,390654,1409,2;[53709.46, 982, 0.7393484585055599, 1.1686721456987972, 1211.9761342521617, 0.8510968380609465, 1.0052003875235243]
02458934,93101,390654,1409,3;[58949.73, 986, 0.6997770795063706, 1.0348847476546306, 1538.8731835741166, 0.8472220822594666, 1.0032174582080158]
02458934,93101,390654,1410,1;[59193, 1102, 0.7709204456257657, 1.1762299268938519, 592.314911986058, 0.9051356264438832, 1.0044884902890792]
02458934,93101,390658,1402,2;[59060.89, 1040, 0.7401260935337169, 1.2246130736383736, 1297.9505239228833, 0.8415461206898213, 1.0071327834089225]
02458934,93101,390658,1402,3;[70376.90000000001, 1020, 0.7087417953997805, 1.1262906520726077, 1534.0165813064668, 0.79772960801172, 1.003937969649296]
02458934,93101,390658,1404,1;[71677, 1222, 0.7751726523186756, 1.134566810741248, 638.7026382273157, 0.8638610653861869, 1.0050197002201378]
02458934,93101,390660,1405,1;[67254, 1192, 0.7629912816478068, 1.0783493641257595, 705.6525640783841, 0.8684372192993958, 1.0029153649425502]
02458934,93101,390660,1405,2;[53563.09, 990, 0.7277324505968, 1.2263620174454517, 1309.0690330576567, 0.8532041800566688, 1.0076563164610803]
02458934,93101,390660,1405,3;[70622.13, 992, 0.7103507440099054, 1.120383653664023, 1567.5101912804093, 0.7870221779591601, 1.005373145972091]
02458934,93102,390666,1469,2;[71056.09, 1078, 0.7391447477986507, 1.1114359822360018, 1293.1186050610195, 0.7914037291300746, 1.0059215458351232]
02458934,93102,390666,1469,3;[71270.14, 996, 0.7132606795207431, 1.0918813273022843, 1544.1488885145611, 0.7871955296926848, 1.004935624390291]
02458934,93102,390666,1470,1;[71372, 1220, 0.7630654906651464, 1.1078400983444743, 589.1202189091067, 0.8621355469164466, 1.0043199887427003]
02458934,93103,390675,1513,1;[51619, 1042, 0.765309518102303, 1.1492579041125812, 854.8468578551484, 0.8821939353511629, 0.9967751902058472]
02458934,93103,390675,1514,3;[65755.89, 986, 0.7140681828003845, 1.0372164640604982, 1506.921121142735, 0.8416571915177091, 1.006184227076433]
02458934,93103,390675,1517,2;[69675.69, 1100, 0.7421366118202027, 1.0746881462322369, 1363.4691369671657, 0.8199862412479354, 9999]
02458934,93113,390736,1977,1;[68960, 1162, 0.7659042079588727, 1.1424266412560502, 536.511207537737, 0.8789963070215931, 1.006311334865565]
02458934,93113,390736,1977,2;[50200.149999999994, 950, 0.7345938384541157, 1.167301985794721, 1139.9357682353448, 0.8591001104308389, 1.0075834477816923]
02458934,93113,390736,1977,3;[71557.84000000001, 1002, 0.7169793188283735, 1.1278453802448787, 1463.9609803831129, 0.8206186937180177, 1.0050607092689874]
02458934,93114,390741,2036,1;[72313, 1182, 0.7674840500866283, 1.1446333401478455, 611.6143046652361, 0.860730396140103, 1.0042147216686688]
02458934,93114,390741,2037,2;[60149.74, 1028, 0.7331972455871205, 1.1903911556738396, 1268.2395248705147, 0.8487668654447729, 1.0055803682446212]
02458934,93114,390741,2037,3;[70786.53, 998, 0.7417946816436851, 1.170285911499743, 1056.847331254135, 0.8423617451929223, 1.0051650179462488]
02458934,93114,390742,2032,2;[50228.71, 942, 0.7378870770888154, 1.1704502301691817, 1028.2466045974459, 0.8561802742408087, 1.0061260488176964]
02458934,93114,390742,2033,1;[52123, 1084, 0.7634468594124311, 1.3153578395228511, 706.1277051363862, 0.9059673073421408, 1.0032625328418683]
02458934,93114,390742,2034,3;[52272.350000000006, 884, 0.7261429097622962, 1.2074730386918886, 1277.4674769271462, 0.8602331593053704, 1.008377821237909]
02458934,93114,390745,2038,2;[61953.78, 1034, 0.7326212028836274, 1.148794721013654, 1192.409955815034, 0.8188417470209447, 1.0050191112312266]
02458934,93114,390745,2038,3;[57774.270000000004, 924, 0.706257238945466, 1.1448990334871267, 1573.7938155577115, 0.8253634765804682, 1.0076702508960573]
02458934,93114,390745,2039,1;[57367, 1076, 0.7850550730083239, 1.2680123537274026, 513.3703886198581, 0.9013132841279767, 1.0079239581137114]
02458934,93115,390752,84,2;[52011.329999999994, 950, 0.7530094966718813, 1.2053780418108613, 883.4554842054896, 0.8723067073078931, 1.008374861572536]
02458934,93115,390752,84,3;[67687.59000000001, 990, 0.7033898023687647, 1.0987925610989773, 1545.7794415094756, 0.801864103299413, 1.0048404482499136]
02458934,93115,390752,85,1;[71877, 1192, 0.7664299519580258, 1.1410397020605647, 498.33311754405116, 0.8791372004450472, 1.0040930934286991]
02458934,93119,390775,322,1;[60139, 1090, 0.7391722391354172, 1.04686522198434, 1190.3668518657332, 0.8358364976221458, 1.0019075544152805]
02458934,93119,390775,322,2;[71820.06999999999, 1092, 0.7311240614630439, 1.2148324615231485, 1142.9615826648646, 0.7984608603176202, 1.0055397739105805]
02458934,93119,390775,323,3;[54593.130000000005, 920, 0.7191996003147685, 1.2162245067760966, 1194.3249369844839, 0.8688386268252398, 1.0027302122519848]
02458934,93119,390778,320,1;[62422, 1122, 0.7693106034542839, 1.1662765537254065, 448.1725446573906, 0.8990171125627439, 0.9990956889169874]
02458934,93119,390778,320,2;[70292.11, 1086, 0.7368447400074218, 1.2100096577112747, 958.6775067332904, 0.8371322428532747, 1.0064748078856345]
02458934,93119,390778,320,3;[50095.420000000006, 876, 0.7265322392505497, 1.159818969412949, 995.2499850880346, 0.8693263298937907, 1.0086337682398698]
02458934,93122,390793,1673,2;[56565.46, 1026, 0.7448700783701396, 1.2519084314680542, 896.7427088126125, 0.8753747250212085, 1.0029327988184407]
02458934,93122,390793,1674,1;[63637, 1162, 0.7727688738566121, 1.1061499198807765, 643.7040593868317, 0.8796169337822579, 0.999740784088856]
02458934,93122,390793,1675,3;[60374.530000000006, 936, 0.7439875250200814, 1.1798332986306976, 987.083810808937, 0.8575800115896066, 1.0061070967889227]
02458934,93122,390795,1665,2;[52043.46, 948, 0.7195146819699612, 1.1598251130989663, 1427.3763264092968, 0.8471484516399875, 1.0088814044153267]
02458934,93122,390795,1667,3;[60582.770000000004, 942, 0.718635912174889, 1.168649076463146, 1502.0911595939424, 0.8265933746234465, 1.005582653977783]
02458934,93122,390795,1668,1;[69758, 1170, 0.7691065765987832, 1.1231809670135737, 524.4327945784247, 0.871600019410451, 1.007823279131421]
02458934,93122,390795,1670,1;[71693, 1174, 0.7639591227500244, 1.107263076051882, 722.4176863042069, 0.8604086540267921, 1.0062316664093531]
02458934,93122,390795,1670,3;[62574.75000000001, 972, 0.7337613925552557, 1.209186754567249, 1162.4075833225643, 0.8515470582629059, 1.0044753307016483]
02458934,93122,390795,1672,2;[53921.28, 962, 0.7404182573735371, 1.1813562356134806, 910.2636238771872, 0.8605140094580287, 1.0068214642817466]
02458934,93122,390798,1676,1;[60181, 1134, 0.7612138058982668, 1.1095373588927764, 678.3689977177739, 0.874564366445463, 1.0030584607691988]
02458934,93122,390798,1677,2;[53984.35, 984, 0.7432805069671548, 1.2404186746972747, 1164.6246013333316, 0.8450340045491086, 1.0050290221099738]
02458934,93122,390798,1677,3;[51872.310000000005, 878, 0.7226625199114156, 1.172674791570553, 1292.8426646432324, 0.8667018869811274, 1.0054303809232976]
02458934,93125,390815,1885,2;[70575.33, 1070, 0.7211424142970134, 1.1504595722283872, 1654.9137873010707, 0.7978447964891073, 1.0052459849993645]
02458934,93125,390815,1885,3;[51749.01, 886, 0.7287669856865765, 1.2479608454006947, 1251.733889064502, 0.8581067616795276, 1.0077368407011178]
02458934,93125,390815,1887,1;[60364, 1138, 0.762534523679935, 1.2115841565407268, 756.2959895824835, 0.8547741517924657, 1.0021582494936414]
02458934,93126,390821,1926,1;[51807, 1074, 0.7712995645578105, 1.2472585766502289, 755.1991092746614, 0.9011436708322234, 1.0041186560583009]
02458934,93126,390821,1927,2;[53851.07, 970, 0.7501507737345419, 1.1260251240582304, 901.6421153289529, 0.8702659759319453, 1.0076935923843455]
02458934,93126,390821,1928,3;[55687.76, 916, 0.7313111185983576, 1.1810269298258969, 1245.1884254944903, 0.8625805658528665, 1.005392035617116]
02458934,93128,390838,418,1;[71527, 1206, 0.7658437131756438, 1.0594594682545384, 674.0274908160497, 0.8602077395776905, 1.0038102321926026]
02458934,93128,390838,419,2;[69669.73999999999, 1068, 0.7374601581494469, 1.1716520539780078, 987.895408268724, 0.8201541641457936, 1.0057549260449057]
02458934,93128,390838,419,3;[63762.54000000001, 956, 0.6960649160706867, 1.0310055469795185, 1693.9660089097085, 0.8181466699798761, 1.003287381842874]
02458934,93128,390838,420,1;[54852, 1068, 0.7798278539989612, 1.146562930902149, 542.2281698511473, 0.9118601185568102, 0.9911549199063994]
02458934,93128,390838,420,2;[70835.94, 1068, 0.7355752746335831, 1.1704653184701093, 1235.5390004933527, 0.8164757023683438, 1.006076073453728]
02458934,93128,390838,420,3;[65466.82000000001, 976, 0.7232938423038136, 1.095331154341008, 1235.6630859409233, 0.8614565063348449, 1.0030330699075385]
02458934,93128,390838,423,1;[54983, 1060, 0.7715257487047966, 1.1751185851699348, 531.2768181420836, 0.9116225864148648, 0.9923744032632139]
02458934,93128,390838,423,2;[65219.14, 1076, 0.7468567639613053, 1.1925747288509416, 931.1665221378117, 0.8692316078003557, 1.0051259479335737]
02458934,93128,390838,423,3;[66125.79000000001, 976, 0.7130142173786984, 1.080985174474047, 1320.5227039898296, 0.8260535234712937, 1.0046729458292136]
02458934,93131,390861,637,1;[68664, 1152, 0.7769504757966297, 1.1940688734690652, 422.61254274491307, 0.8981941885079608, 1.0054398359995607]
02458934,93131,390861,637,2;[51070.04, 948, 0.7297405014316191, 1.1452893852604238, 1236.5564366501562, 0.8463833428664385, 1.0079502084434266]
02458934,93131,390861,637,3;[63910.50000000001, 990, 0.7246036233123638, 1.1647555381169294, 1127.6653979291166, 0.8588252424252762, 1.0035819161638]
02458934,93135,390889,864,1;[54447, 1058, 0.7517602522773642, 1.0714998048351925, 1083.4397558928283, 0.871807775951491, 0.9912611284067945]
02458934,93135,390889,864,2;[64674.119999999995, 1056, 0.7349243807504448, 1.2083965842658617, 1355.8609615555376, 0.8296579237310684, 1.005448305845135]
02458934,93135,390889,864,3;[70897.5, 1002, 0.727758560560366, 1.1561259579157697, 1160.3811718841428, 0.818759063901472, 1.0057624845734499]
02458934,93135,390889,866,1;[57333, 1100, 0.759069552795234, 1.0909587099798366, 1108.4745915272138, 0.8599005496904422, 0.9962553324587088]
02458934,93135,390889,866,2;[68361.93, 1068, 0.7263492954781723, 1.1003380954706634, 1377.6837935450603, 0.8013813605514379, 1.0067911565996899]
02458934,93135,390889,866,3;[71412.62000000001, 1012, 0.7056068849544745, 1.0976130149215095, 1559.1435302010095, 0.8017254584067792, 1.0034458197778504]
02458934,93136,390892,969,2;[70896.62999999999, 1098, 0.7381347708340472, 1.186308328469425, 1018.7077463519066, 0.8410293176295797, 1.0046372803615393]
02458934,93136,390892,970,1;[71633, 1218, 0.7588140214041229, 1.107033878663523, 540.0241550515079, 0.8692650771264178, 1.003706116844266]
02458934,93136,390892,972,3;[66895.73000000001, 976, 0.7348943068815976, 1.1553468577878379, 1047.4989245102404, 0.8491106049120837, 1.0048566665980696]
02458934,93136,390893,973,3;[51302.39000000001, 912, 0.7210094894742002, 1.145816121007004, 1253.9320232733412, 0.8705876294531547, 1.0024226038306587]
02458934,93136,390893,974,1;[51756, 1092, 0.7607346219583855, 1.0879359567907736, 916.157242519479, 0.8766934334621561, 0.9828146066348911]
02458934,93136,390893,974,2;[62079.92, 1014, 0.7264395813261035, 1.1440970729479896, 1505.349464194894, 0.8087112188637066, 1.0078922709840705]
02458934,93136,390896,976,2;[69673.31, 1060, 0.7288307177313518, 1.1043248316051266, 1543.429283455908, 0.7983287526719608, 1.0073032886304398]
02458934,93136,390896,976,3;[52002.46000000001, 888, 0.7200429642376812, 1.155397022970659, 1286.2982965173103, 0.8479143294819909, 1.0075116124751162]
02458934,93136,390896,977,1;[52356, 1076, 0.7595711626802237, 1.1008233884794014, 955.0871083858594, 0.8806675520847645, 0.9812027961543507]
02458934,93137,390907,1102,2;[70381.36, 1080, 0.7376999035163481, 1.1209972945187443, 1070.304448100094, 0.8161978147721111, 1.0057220592611487]
02458934,93137,390907,1102,3;[53303.96000000001, 896, 0.7240172445501056, 1.1700067183661165, 1279.0420469022717, 0.8527980120258937, 1.0081621019355842]
02458934,93137,390907,1103,1;[69380, 1206, 0.7761794675686372, 1.1667843470140702, 522.650678083164, 0.8809782305859926, 1.0015301556139389]
02458934,93141,390939,232,1;[64063, 1114, 0.7809575531980733, 1.193882321031713, 436.78985377207783, 0.8939908272867079, 1.0070344491515433]
02458934,93141,390939,232,2;[70552.72, 1102, 0.7237568758585541, 1.0819416539246036, 1332.1083200592325, 0.7991078408785113, 1.0059896496139815]
02458934,93141,390939,232,3;[55606.93000000001, 922, 0.7335786423121101, 1.1422910498877261, 1163.6672856557636, 0.8704453242305762, 1.005175829618623]
02458934,93141,390939,233,1;[69588, 1166, 0.7602944680079489, 1.1215266065582596, 587.8699460418843, 0.8617088530718193, 1.0076528211180213]
02458934,93141,390939,233,2;[70914.48, 1074, 0.7301698605793627, 1.079667839919658, 1456.036139882501, 0.7965423130525303, 1.007140503130836]
02458934,93141,390939,233,3;[70635.83, 1014, 0.710090902388202, 1.0785162084206135, 1560.0452245237161, 0.7934213734168447, 1.004754944947871]
02458934,93141,390939,234,1;[51976, 1040, 0.7471931086989796, 1.1171085232216322, 1042.323346352242, 0.8699456964557677, 0.9948702243319807]
02458934,93141,390939,234,2;[57028.369999999995, 986, 0.7201714765556062, 1.2111940531543248, 1441.2865826161046, 0.8164092193652963, 1.0069655295588498]
02458934,93141,390939,235,3;[71759.23000000001, 1036, 0.7214250139669355, 1.1237465161360722, 1318.1327359214354, 0.8158250840945206, 1.003294577355527]
02458934,93141,390939,236,1;[71135, 1204, 0.7547563454181865, 1.1784635593540853, 575.2595180740738, 0.8472186994756498, 1.005370645184086]
02458934,93141,390939,236,2;[71063.23, 1102, 0.7276011834606688, 1.0905591134685733, 1379.8461911655252, 0.7823523196005849, 1.0063532187394675]
02458934,93141,390939,237,3;[65498.33, 1000, 0.7229707927657449, 1.187037219246371, 1240.733254836886, 0.8628621801675188, 1.0040848901070052]
02458934,93148,390954,439,1;[56504, 1080, 0.7637893570314146, 1.1100493157723752, 780.9247919603229, 0.8856283958973269, 1.0001416029453412]
02458934,93148,390954,439,3;[60564.96000000001, 936, 0.7125395110772139, 1.1391641863092954, 1462.6235506494463, 0.8226284453921685, 1.0069241982507289]
02458934,93148,390954,440,2;[62109.67, 1046, 0.7417626673258317, 1.1209965453226876, 994.5440801237182, 0.8504394599673186, 1.006789992476997]
02458934,93148,390954,441,2;[68859.34999999999, 1054, 0.7468226520657678, 1.1943039645890214, 926.9138899194575, 0.8281469743846094, 1.0054822370307301]
02458934,93148,390954,442,3;[66849.15000000001, 970, 0.7135462446835078, 1.1168162780417046, 1561.8010966235602, 0.8098968353682994, 1.004673859331247]
02458934,93148,390954,444,1;[59001, 1088, 0.7646111287908983, 1.1373888278448732, 765.1105545788224, 0.8924201747480832, 1.004332172980518]
02458934,93162,391020,34,1;[56727, 1108, 0.7567710932542251, 1.1133317744385127, 928.6170528831299, 0.8463246954876388, 1.0047735021919142]
02458934,93162,391020,34,2;[57210.439999999995, 1006, 0.7236159776015157, 1.1911243469692678, 1358.0016209848445, 0.8276559081934957, 1.0070381231671555]
02458934,93162,391020,34,3;[57494.79, 912, 0.7256445215072448, 1.168925982438319, 1304.1970847104944, 0.8343086303546531, 1.006523563976496]
02458934,93162,391025,37,1;[52597, 1038, 0.7680397800231262, 1.1603449613572456, 879.2098657033229, 0.8878170620385786, 1.0000475334873418]
02458934,93162,391025,38,2;[55061.299999999996, 996, 0.7486907265184783, 1.1543570978864348, 875.0963220775999, 0.8672663157175252, 1.0058039693063496]
02458934,93162,391025,38,3;[67101.23000000001, 974, 0.7156477064133346, 1.168960555567056, 1268.5204357215955, 0.8095552938870161, 1.0034932440046302]
02458934,93162,391025,39,1;[71156, 1192, 0.7571015295238497, 1.0979699341275402, 780.4459669579238, 0.8392627675160262, 1.0051631221703476]
02458934,93162,391025,39,3;[71130.40000000001, 1022, 0.7275002827296668, 1.1058540239607961, 1232.108902325135, 0.8334773957303638, 1.0067771303361417]
02458934,93162,391025,40,2;[60396.07, 1012, 0.7327250200511098, 1.0919200595482994, 1344.3075261664696, 0.8119682063919813, 1.0082943449454163]
02458934,93162,391025,41,1;[70827, 1172, 0.7618599271962024, 1.0791838458773089, 604.8945259367287, 0.8651820080077334, 1.0062011208898929]
02458934,93162,391025,41,2;[60000.99, 1060, 0.7228381476936651, 1.0245321312500402, 1509.6958172007471, 0.8384181549947354, 1.0039624069133049]
02458934,93162,391025,41,3;[67005.33, 990, 0.7237742163116835, 1.1682451041312878, 1209.252070499355, 0.8464483296944093, 1.0057992473317292]
02458934,93162,391025,43,2;[62454.77, 1064, 0.7407397962554495, 1.1924726460761612, 1055.8627075076224, 0.8558494488024486, 1.005257764540257]
02458934,93162,391025,44,1;[71698, 1218, 0.7648735919127662, 1.0879824205223034, 633.0834169712974, 0.8661691931076498, 1.0038713832669435]
02458934,93162,391025,44,3;[64631.12, 960, 0.7324113265506184, 1.1743147048263303, 1089.6128730539212, 0.8395921149626423, 1.0048992459421462]
02458934,93162,391025,47,1;[69575, 1180, 0.7655483952416776, 1.1145035677555646, 531.0329073173193, 0.873016810593473, 1.0050704957818097]
02458934,93162,391025,47,2;[56050.189999999995, 968, 0.7432547963581164, 1.1520921767670782, 1116.2556938776736, 0.8373570498558139, 1.008478749598544]
02458934,93162,391025,47,3;[71487.97, 1024, 0.7240405094611975, 1.103572539330487, 1263.6651834785234, 0.8175255126715318, 1.0034904181770978]
02458934,93165,391043,291,2;[67383.75, 1044, 0.73953960582069, 1.1871008903935198, 1267.7636286803768, 0.806275295786659, 1.0069441357173976]
02458934,93165,391043,292,1;[70707, 1176, 0.7675361854299146, 1.1463400359586924, 389.78606927182267, 0.8940022549042457, 1.0052818278109916]
02458934,93165,391043,292,3;[50647.530000000006, 876, 0.7273669384718263, 1.1417746551822676, 1227.4448828814295, 0.867491123230616, 1.0086076363785177]
02458934,93165,391043,293,1;[61322, 1120, 0.7544094267864807, 1.0711525409996234, 1027.077790291731, 0.8495417053370784, 1.004085308444881]
02458934,93165,391043,293,3;[64828.4, 976, 0.7153279089088658, 1.060254409443848, 1435.4848946441489, 0.8228331693796355, 1.0053539559785842]
02458934,93165,391043,294,2;[61883.57, 1056, 0.7468179995195684, 1.1530640836192423, 1164.1983083692387, 0.8629513128807484, 1.0063863139357112]
02458934,93166,391045,380,1;[52821, 1056, 0.7581721432693832, 1.0763273567206204, 1005.5777958755859, 0.8680277455059859, 0.9998769580237565]
02458934,93166,391045,380,2;[63649.53, 1036, 0.7302527288579779, 1.0952317870825359, 1198.363324352612, 0.820907424642544, 1.0041678400450578]
02458934,93166,391045,380,3;[65672.32, 992, 0.728485624341859, 1.1655831868180948, 1150.62536601936, 0.8677539720946036, 1.0033909657972957]
02458934,93166,391045,382,1;[72089, 1222, 0.7763102245196326, 1.138226246053123, 496.6365240464965, 0.8761481581029803, 1.0040600299453324]
02458934,93166,391045,382,2;[66666.18, 1072, 0.7359409082426316, 1.188030089803884, 1199.59844320039, 0.8455418986767961, 1.0050952671427034]
02458934,93166,391045,382,3;[71022.17, 1026, 0.7246975335402711, 1.0732289385587304, 1367.8277765664982, 0.8337440964370217, 1.0058596402724151]
02458934,93166,391049,385,1;[71675, 1208, 0.7596059471977938, 1.0511253612824725, 761.7241508190326, 0.848382839758648, 1.0048366746109632]
02458934,93166,391049,385,2;[57512.7, 992, 0.7372535640984678, 1.1880369502969748, 1411.624449378801, 0.8338377532315879, 1.0061518283733566]
02458934,93166,391049,385,3;[55768.590000000004, 928, 0.719100798259037, 1.1539760818728995, 1283.5338385921527, 0.8357238052525514, 1.0029319010544988]
02458934,93166,391049,387,1;[51325, 1060, 0.7735319547718819, 1.1060645633919102, 599.0749273234635, 0.8994768748179182, 1.0052391911080645]
02458934,93166,391049,387,2;[59285.799999999996, 1030, 0.7343686341781255, 1.2113272854672226, 1248.629987132285, 0.8417274839520368, 1.0059667437328998]
02458934,93166,391049,387,3;[56561.82000000001, 912, 0.7207651971674545, 1.1254791805260653, 1371.3502937426942, 0.8410627877198446, 1.006926491390664]
02458934,93166,391049,390,1;[52116, 1056, 0.7634842245214473, 1.0920169080327826, 1001.3554988815287, 0.8746097700109347, 0.9905819069975196]
02458934,93166,391049,390,2;[70734.79, 1082, 0.7260148855237658, 1.1397117194270272, 1374.3069387205096, 0.7873802798341255, 1.0058039189143457]
02458934,93166,391049,391,3;[50547.520000000004, 882, 0.7192840636732885, 1.155753380781171, 1276.6219142464167, 0.8629302917139191, 1.0050119851819568]
02458934,93170,391063,497,2;[50247.75, 952, 0.7436012943854867, 1.1242558550980497, 1250.7625248297102, 0.8737656191692506, 1.0079610422162013]
02458934,93170,391063,498,1;[60927, 1092, 0.7789155237304992, 1.201504773373553, 452.3489131569561, 0.9062566821236959, 1.0037479715648399]
02458934,93170,391063,499,3;[70983.81000000001, 1008, 0.7287664316477237, 1.07742375828848, 1143.914016478364, 0.8234912954362241, 1.0047802352302366]
02458934,93170,391063,500,2;[50010.939999999995, 944, 0.7401816207657238, 1.157684240964976, 1280.2791233790138, 0.8625721690510108, 1.0077814946704555]
02458934,93170,391063,500,3;[69711.08, 1002, 0.7098784193748487, 1.0671824249011614, 1433.4449959731514, 0.8043037861077421, 1.0038766954377312]
02458934,93170,391063,501,1;[70903, 1178, 0.7735946749003286, 1.1618739064776158, 441.53622006935774, 0.8777772345166295, 1.006044525164238]
02458934,93170,391066,502,1;[70243, 1172, 0.7752613021590039, 1.1533112464350548, 422.1729523917328, 0.8830922665238479, 1.0047991989414584]
02458934,93170,391066,502,2;[54998.229999999996, 970, 0.7348386867079091, 1.1481397008805247, 1311.9127886268225, 0.8529862905326238, 1.007520927799093]
02458934,93170,391066,502,3;[53023.11, 892, 0.7339118809882834, 1.192307631043135, 1173.757842175975, 0.8677175021759898, 1.0078118896961175]
02458934,93171,391074,564,1;[56107, 1064, 0.769558422557691, 1.1847357667749405, 860.4034986386558, 0.877744680088974, 1.001320650331055]
02458934,93171,391074,564,2;[62842.71, 1052, 0.7333036667260884, 1.2130874044273532, 1310.0888758078622, 0.8312572100347826, 1.0067486416928797]
02458934,93171,391074,564,3;[58688.060000000005, 920, 0.7111819774285976, 1.1175174531283383, 1521.5104436934666, 0.8232804575856526, 1.005516043471117]
02458934,93172,391082,692,1;[67544, 1186, 0.7565200459446131, 1.1069202738418977, 733.4402354158357, 0.8478614625987918, 1.0060622309605731]
02458934,93172,391082,692,2;[50995.07, 938, 0.7355034116232767, 1.1664766819923629, 1303.6803113779024, 0.8494717493529633, 1.0070500317251427]
02458934,93172,391082,692,3;[51429.8, 882, 0.722691589713228, 1.1346241353391784, 1308.814520760019, 0.8529701343484278, 1.0077176028454466]
02458934,93172,391082,694,1;[63981, 1126, 0.7710763499048826, 1.152107370519803, 491.6931434628511, 0.8827228117036808, 1.0054925626458593]
02458934,93172,391082,694,3;[58837.39000000001, 924, 0.7224283846358727, 1.103075810166607, 1352.2859914492471, 0.8283131352212081, 1.0057492125569358]
02458934,93172,391082,695,2;[51991.1, 958, 0.7400787087688028, 1.1959548590707327, 1253.7586568442227, 0.8543773767687401, 1.0051187668948065]
02458934,93172,391082,697,1;[57696, 1080, 0.7654714253559037, 1.133236503974047, 810.5168466605811, 0.8775631581877247, 1.0065860062632483]
02458934,93172,391082,697,2;[62674.92, 1012, 0.7320383378968711, 1.1294334581135543, 1344.56462547331, 0.8059249939228281, 1.0055270769495117]
02458934,93172,391082,698,3;[57753.72, 958, 0.7353773725424022, 1.1914136165096356, 1078.582118910388, 0.8758457162884723, 1.0033320639756282]
02458934,93174,391099,937,3;[70608.43000000001, 1024, 0.7220602474885061, 1.0836738354638709, 1315.2372984859614, 0.8371546289565062, 1.0040227925778016]
02458934,93174,391099,938,1;[52179, 1046, 0.7680637388114747, 1.1327718232570487, 658.3271092273545, 0.9007880281269369, 1.0036353144835546]
02458934,93174,391099,938,2;[50995.07, 964, 0.733774844141265, 1.1409773495680722, 1325.0049341871868, 0.8629358262005913, 1.007606484910474]
02458934,93174,391099,939,1;[68244, 1190, 0.7650815857131325, 1.126562762834322, 691.2704593108384, 0.8643454091116974, 1.0048812810601877]
02458934,93174,391099,940,2;[70509.87999999999, 1106, 0.7438547881822075, 1.0992559467902177, 1251.007532373339, 0.8338286185615753, 1.0050803613078325]
02458934,93174,391099,940,3;[63963.93000000001, 948, 0.7095356219015289, 1.1204954535217198, 1505.5297301064695, 0.801500681082069, 1.006521293910944]
02458934,93175,391103,1001,1;[58016, 1078, 0.773327303212732, 1.1906063593170508, 613.6161001425421, 0.8886386109182544, 1.002600858888284]
02458934,93175,391103,1001,2;[70530.11, 1088, 0.7244788063661458, 1.1101383187442486, 1398.5151651773404, 0.7817723067560182, 1.0049510826254302]
02458934,93175,391103,1001,3;[70533.08, 1024, 0.7114935484723407, 1.073561271355769, 1408.3834948617887, 0.8221698884864087, 1.0040662694659244]
02458934,93175,391105,1003,1;[68247, 1204, 0.7605667459268437, 1.1262786984755804, 691.9318046743188, 0.858969585994912, 1.0045408715235102]
02458934,93175,391105,1003,2;[66089.03, 1076, 0.7358776769885619, 1.210200007262921, 1157.845944648568, 0.8520580788892773, 1.0054493446303137]
02458934,93175,391105,1003,3;[63587.18000000001, 988, 0.7150164918253294, 1.063964185499921, 1402.995487208561, 0.8397381743849249, 1.0043711590063187]
02458934,93188,391171,171,1;[69086, 1200, 0.750758528703406, 1.1412818937347715, 795.4014870809985, 0.8340245578216497, 1.0033038767908102]
02458934,93188,391171,171,2;[65712.98999999999, 1080, 0.736236098124141, 1.2091041726168181, 1193.982260062311, 0.8385835621475034, 1.0042646831495003]
02458934,93188,391171,172,3;[65472.3, 994, 0.7267046491566422, 1.169740679119342, 1160.4971997478692, 0.8771946598499792, 1.0036963918175326]
02458934,93188,391173,174,2;[65646.34999999999, 1034, 0.7425706850791484, 1.2038667452110836, 910.7730158239706, 0.8331769222415143, 1.004589077267678]
02458934,93188,391173,174,3;[51166.76, 878, 0.7152407237575279, 1.1230453064293782, 1355.4004092635334, 0.8572326831731694, 1.0056410463535146]
02458934,93188,391173,175,1;[65093, 1124, 0.7780098096097584, 1.1912147194972607, 455.23213840015194, 0.8999096697539143, 1.003785805158256]
02458934,93188,391173,176,3;[51122.920000000006, 908, 0.7274737829403205, 1.149779721942444, 1232.4120243712891, 0.8732813793300933, 1.0057543292230982]
02458934,93188,391173,177,2;[56495.25, 976, 0.7363049094157312, 1.1185485742942014, 1264.550697688224, 0.8458793616065813, 1.0077906088137896]
02458934,93188,391173,178,1;[60592, 1122, 0.7673323375490533, 1.0909070362297542, 594.5796938796145, 0.8855563343339379, 1.0031372873639337]
02458934,93188,391173,179,2;[57600.759999999995, 984, 0.7447375609035325, 1.0895230658142727, 1024.5741782548712, 0.8549810727904095, 1.0083116342047704]
02458934,93188,391173,179,3;[70674.19, 1018, 0.7144993122157194, 1.0328039424252466, 1390.5813188286706, 0.8227028203572709, 1.0041949329881354]
02458934,93188,391173,180,1;[57152, 1096, 0.7580761230267907, 1.0841464774834535, 948.7829754600031, 0.8599589793465585, 1.000770469986692]
02458934,93188,391173,182,2;[69654.27, 1078, 0.7454475985905852, 1.1114646277821576, 1114.1072109584006, 0.8252259180426992, 1.0061365511551155]
02458934,93188,391173,182,3;[57864.69, 928, 0.7183098883723473, 1.1448389286695746, 1368.1229277293303, 0.8306280647360449, 1.0066375108738397]
02458934,93188,391173,183,1;[52319, 1054, 0.7674245423721343, 1.1015317934890725, 802.3678849161404, 0.8905647521463751, 1.0003919806495407]
02458934,93188,391173,184,1;[53609, 1052, 0.7679376331720651, 1.0952331219966651, 874.3902230625391, 0.8783796912051597, 1.0034440804866636]
02458934,93188,391173,184,3;[71501.67000000001, 1022, 0.7242006891016035, 1.048582961407031, 1365.1605837089255, 0.8273931204517344, 1.003788898719083]
02458934,93188,391173,185,2;[68536.86, 1082, 0.7293283220342086, 1.1722785173512158, 1201.3732616751017, 0.8443356351219902, 1.0074693442020746]
02458934,93203,391202,342,1;[62726, 1136, 0.7709168670712958, 1.1604342275422619, 519.5553517387117, 0.8840350760892739, 1.0021648652750816]
02458934,93203,391202,342,2;[70544.39, 1090, 0.7316262005786591, 1.1114491965070934, 1236.7037821902566, 0.8076793250895844, 1.005001186722273]
02458934,93203,391202,343,3;[56944.05, 930, 0.7212963645372095, 1.174248539704914, 1343.5709944005105, 0.8457840750284855, 1.005819792132996]
02458934,93203,391202,345,2;[55839.56, 968, 0.7333391942709238, 1.210337595157764, 1432.196753765344, 0.8337694168940699, 1.0106287892656767]
02458934,93203,391202,345,3;[69849.45000000001, 1018, 0.6961074974942919, 1.1003235904076758, 1540.426050966359, 0.7948318767958781, 1.0054626488916936]
02458934,93203,391202,347,1;[71641, 1218, 0.7528673982070123, 1.1479502317683838, 617.4431901319051, 0.8439951478358965, 1.0045219683532323]
02458934,93204,391211,408,1;[63835, 1152, 0.7704312148857241, 1.1735134758792032, 553.8946138541577, 0.8735867142782711, 1.0047059934525309]
02458934,93204,391211,408,2;[53248.93, 988, 0.7257675840578227, 1.2114551986263173, 1310.2394618924727, 0.8383635325783025, 1.0061836661270012]
02458934,93204,391211,408,3;[56791.98, 954, 0.7251087832966658, 1.245581841113106, 1190.8926800851623, 0.8727304037012057, 1.003218702354735]
02458934,93204,391211,411,1;[57090, 1144, 0.7538343487786734, 1.198794755165373, 856.3406010498443, 0.859158121671507, 1.00001751650931]
02458934,93204,391211,411,2;[68221.51, 1060, 0.7257536680084564, 1.1548283213865036, 1290.4364022367904, 0.7887125889730323, 1.0058513391408093]
02458934,93204,391211,411,3;[71109.85, 1000, 0.700269069085335, 1.0913243511627202, 1710.6149097291077, 0.7810211060592581, 1.0070037249728387]
02458934,93204,391211,412,1;[57360, 1118, 0.7672770400395388, 1.1295410885790538, 768.1305108557549, 0.8729374269694676, 0.9996862909128934]
02458934,93204,391211,412,3;[71096.15000000001, 1030, 0.7108713235716586, 1.0675082790638082, 1464.0776964755742, 0.8128558882785157, 1.0049672240673142]
02458934,93204,391211,413,2;[70412.3, 1110, 0.7298340875143039, 1.0857644315334498, 1390.9465099441877, 0.7931257168579205, 1.0061385162135048]
02458934,93204,391211,414,1;[59564, 1156, 0.7559395503699843, 1.0778686336430099, 926.6948963533505, 0.8569799004713542, 0.9976467435452939]
02458934,93204,391211,414,2;[52355.24, 978, 0.7251520705592992, 1.1695176597135912, 1284.4967308873042, 0.8380225275907247, 1.0031922655964975]
02458934,93204,391211,414,3;[56385.090000000004, 932, 0.7096891110635188, 1.182953519359932, 1431.33091355321, 0.8255762469062314, 1.0036089638859762]
02458934,93218,391249,181,1;[71181, 1220, 0.7500285799506424, 1.1624963983899994, 619.9884019367039, 0.8514087978570117, 1.0059781226151105]
02458934,93218,391249,181,2;[56615.439999999995, 1076, 0.7186756700362749, 1.0557852586624223, 860.3682792061735, 0.934332869339443, 1.0043593451482493]
02458934,93218,391249,181,3;[71537.29000000001, 1026, 0.723240154907356, 1.0635198955237373, 1366.9839600911478, 0.808705831709069, 1.0042213567959999]
02458934,93218,391249,182,1;[62541, 1126, 0.769307243496539, 1.1383518922575713, 540.5969833282396, 0.8821648077778723, 1.003691162074112]
02458934,93218,391249,183,2;[51335.409999999996, 958, 0.7287825597276916, 1.1384926571672385, 1270.6341636502543, 0.8488812993971097, 1.0075556749308077]
02458934,93218,391249,183,3;[70953.67, 1030, 0.7202134686716498, 1.1371785184778052, 1322.0364694394307, 0.8406413762706711, 1.0051332809331122]
02458934,93219,391257,237,1;[51540, 1042, 0.7636894000174617, 1.123399397436056, 972.4308257683576, 0.8703339087226544, 1.0059627789868155]
02458934,93219,391257,237,2;[59179.89, 998, 0.7262526092275414, 1.152067239225626, 1289.1144489725218, 0.8220202628666731, 1.0078939634992856]
02458934,93219,391257,237,3;[52666.91, 888, 0.7167036309361179, 1.1756963383026757, 1359.5511676804583, 0.8396876867166759, 1.006730215262138]
02458934,93219,391257,239,1;[62880, 1146, 0.7536564182843345, 1.106455449726685, 1036.7530280984608, 0.8345543986518008, 1.0050267319848798]
02458934,93219,391257,239,2;[71115.59, 1094, 0.7284474104096202, 1.1104710742888253, 1343.119658187894, 0.7952648329999147, 1.0075276702998424]
02458934,93219,391257,240,3;[69186.37000000001, 986, 0.718480773087116, 1.0895553001590947, 1351.9186828032182, 0.8072937429675705, 1.0047350934086703]
02458934,93220,391263,334,1;[51355, 1036, 0.7617428904314644, 1.14907993429244, 755.1723896431074, 0.8925754030559868, 1.001482088184247]
02458934,93220,391263,335,2;[62325.06, 1010, 0.7375611111924979, 1.1760705360237378, 1301.6111288562336, 0.8197553890528595, 1.0072213621546775]
02458934,93220,391263,335,3;[71319.46, 1002, 0.7116066982615724, 1.081401817010286, 1526.9020191590384, 0.7921573661802875, 1.0060877799895638]
02458934,93222,391272,423,1;[50558, 1048, 0.7651785324491632, 1.187263308708756, 831.0479941259911, 0.8946079973922358, 1.0025481117203223]
02458934,93222,391272,423,3;[70098.79000000001, 1024, 0.7256935558915155, 1.0700366469494726, 1289.5598360077952, 0.8241472354448347, 1.0026061057334326]
02458934,93222,391272,424,2;[61311.18, 1006, 0.7400403817793986, 1.1420328611966841, 1057.407260902733, 0.829414458655656, 1.0071152116970952]
02458934,93228,391301,630,2;[54447.259999999995, 966, 0.7410443762144974, 1.1078977478393126, 1200.112931892901, 0.8544733520706258, 1.0066886688668868]
02458934,93228,391301,630,3;[62269.240000000005, 990, 0.7150580337930701, 1.0122554811524167, 1431.7672560648573, 0.8420756789738643, 1.0036655920151922]
02458934,93228,391301,631,1;[66409, 1182, 0.7788790869886904, 1.1518130411375254, 508.70550468940496, 0.8897841806962611, 1.005032046188887]
02458934,93228,391303,620,1;[51295, 1038, 0.7597634723985591, 1.0981556318787162, 794.8556999318254, 0.8804602375006814, 0.9998830432155319]
02458934,93228,391303,620,3;[57635.9, 924, 0.7130965140713525, 1.0446121192967075, 1448.6464847725224, 0.8394975328811333, 1.0046327251886522]
02458934,93228,391303,621,2;[67866.89, 1066, 0.7426801387229695, 1.1054001906005018, 1132.3050452002026, 0.8171883296464023, 1.0042348632253635]
02458934,93228,391303,622,1;[53944, 1070, 0.7672574999740713, 1.2174091699123073, 745.5789073177982, 0.8955901995437697, 0.9983066687640533]
02458934,93228,391303,622,2;[52058.93, 950, 0.7349117570310939, 1.1781631069445406, 1357.0760238705357, 0.8492460245802066, 1.0069165525416317]
02458934,93228,391303,623,3;[60274.520000000004, 962, 0.738366514091616, 1.1253260627345356, 1135.3583107707302, 0.8798797442454467, 1.0056573368229769]
02458934,93228,391303,624,2;[51221.17, 956, 0.7339054458568361, 1.1716349669170132, 1278.221479192665, 0.8613113503273009, 1.0086824067022087]
02458934,93228,391303,626,1;[56873, 1156, 0.7637309085723709, 1.194346697531701, 767.888606350174, 0.8721909041110193, 1.004716814471964]
02458934,93228,391303,627,2;[61192.18, 1014, 0.742828638995722, 1.1397827655663808, 1068.8195696623611, 0.8306099876794887, 1.008205319242797]
02458934,93228,391303,627,3;[71470.16, 1034, 0.7164980475368494, 1.1024424910986874, 1384.1341058301043, 0.825877782528533, 1.0035685086327129]
02458934,93228,391303,628,1;[59420, 1098, 0.775300728808624, 1.1795579578137305, 511.01308925065524, 0.8920601565651336, 1.003165491917444]
02458934,93230,391310,729,1;[53765, 1122, 0.7621333180822354, 1.1351907964122845, 768.2307767114811, 0.8827372274368117, 1.0012383958583573]
02458934,93230,391310,729,3;[70424.85, 1026, 0.7294058482959388, 1.071729938475028, 1236.0683309638682, 0.8395724795403754, 1.0039058685675226]
02458934,93230,391310,730,2;[60804.24, 1024, 0.7379356900558466, 1.1330940189647252, 1281.0310196723876, 0.8534948965446116, 1.0076019759221464]
02458934,93230,391312,720,2;[62511.89, 1012, 0.7442413540686559, 1.1578823725592937, 998.2358013966615, 0.8304740130588417, 1.007769635114914]
02458934,93230,391312,720,3;[70131.67, 1032, 0.7178034819499616, 1.1240660441807193, 1292.1989968603857, 0.8473577086378484, 1.0053615617266978]
02458934,93230,391312,721,1;[68969, 1210, 0.7611623604431722, 1.1677645206130007, 670.1140357576262, 0.8484447253173735, 1.0047638472072493]
02458934,93230,391312,723,1;[56932, 1088, 0.7715346028078526, 1.2361476955520019, 626.4832905663336, 0.895657607917589, 1.0020504967834483]
02458934,93230,391312,723,2;[63528.149999999994, 1020, 0.7319216587246427, 1.1906619972230295, 1171.2216442207607, 0.8098891864382693, 1.007131133623861]
02458934,93230,391312,724,3;[54738.350000000006, 920, 0.7334961951006244, 1.1673399475718593, 1137.687527297305, 0.8784096093466867, 1.0052457449083567]
02458934,93230,391312,725,1;[65381, 1142, 0.773503006495081, 1.1143003785279966, 551.4325678834973, 0.8730242440684611, 1.0059930914042605]
02458934,93230,391312,725,3;[53427.26, 892, 0.7343425210391687, 1.1793055995266963, 1256.3145435767237, 0.8553031994668283, 1.0069717000619707]
02458934,93230,391312,726,2;[69836.34, 1100, 0.7430310817926346, 1.2128012285507372, 1183.3202833789774, 0.832165024053248, 1.0050349362926427]
02458934,93230,391312,727,1;[71810, 1220, 0.7665479569449258, 1.1516007386971634, 467.4875674266174, 0.8739993908207209, 1.0045955946643537]
02458934,93230,391312,727,2;[60809.0, 1052, 0.7433588104376377, 1.1648386351818734, 1210.3919491732702, 0.846577822562286, 1.0080585502500419]
02458934,93230,391312,727,3;[70871.47, 1028, 0.7236163924203709, 1.0598426400928296, 1380.081633016057, 0.8223959128259051, 1.00487567987568]
02458934,93248,391429,48,1;[71431, 1202, 0.7757841160431339, 1.1390857937752379, 438.4850679732974, 0.8861957270233684, 1.0054048728306615]
02458934,93248,391429,49,2;[53152.54, 956, 0.7369285630089007, 1.0930525257612342, 1153.0540892704544, 0.8540465714317568, 1.0085008862145655]
02458934,93248,391429,49,3;[51787.37, 908, 0.7153883169467071, 1.12006714850379, 1320.2243483606437, 0.8650196321804642, 1.0028785567420575]
02458934,93248,391429,51,2;[69722.09999999999, 1094, 0.73449676579267, 1.096128771642128, 1194.475639253202, 0.8256291329003133, 1.0075059970595064]
02458934,93248,391429,51,3;[55290.46000000001, 900, 0.7138202669454548, 1.1443895929821173, 1393.0517536912482, 0.8471748687859828, 1.0065594213742362]
02458934,93248,391429,52,1;[53284, 1048, 0.7637553869037711, 1.0705794001860007, 1007.904671775603, 0.8796240136278682, 1.0043920001507982]
02458934,93273,391527,807,1;[61566, 1126, 0.7740758792621361, 1.1337792148245711, 479.4368628157187, 0.9014512335979943, 1.003978996118848]
02458934,93273,391527,807,2;[67273.08, 1080, 0.7380933459665525, 1.1467275910647485, 1192.582978778521, 0.8550634355567149, 1.0043437708194538]
02458934,93273,391527,807,3;[65616.15000000001, 968, 0.7246231917125532, 1.078384962436035, 1312.1960524637268, 0.8221483894907765, 1.0045092281879195]
02458934,93328,391874,75,1;[70210, 1192, 0.7595142069779248, 1.0804821480594076, 737.2971387314344, 0.8508235777185784, 1.004945286948307]
02458934,93328,391874,75,2;[49417.13, 944, 0.7300067309526792, 1.1082675567521225, 1319.4505678712605, 0.865455554487806, 1.0073745239308154]
02458934,93328,391874,75,3;[50059.8, 872, 0.7236674760117486, 1.1232147925746832, 1248.226920670957, 0.8629671223370395, 1.0056142668428005]
02458934,93328,391874,77,1;[72173, 1214, 0.7671711417122716, 1.114678846760463, 579.6384478178263, 0.8735644057632089, 1.004132116422728]
02458934,93328,391874,78,2;[63542.43, 1060, 0.734373646724577, 1.054135171770532, 1440.827037201828, 0.8375218289886087, 1.005110540136093]
02458934,93328,391874,79,3;[63367.98, 942, 0.7233255877525125, 1.0858686776577935, 1280.0471459530695, 0.8231055987264774, 1.006824044144056]
02458934,93329,391877,166,2;[61423.04, 1008, 0.7343916967377613, 1.1515514749916262, 1314.3519223266348, 0.8221630074709209, 1.0052584427219258]
02458934,93329,391877,166,3;[66865.59000000001, 964, 0.7321993899192762, 1.1164388318724368, 1071.2798650976188, 0.8367448340007864, 1.0061431899235194]
02458934,93329,391877,167,1;[69776, 1162, 0.7625328309138775, 1.1223781559824428, 640.6019497480186, 0.8692071324432861, 1.0073992795628288]
02458934,93329,391877,168,2;[53683.28, 1010, 0.7398851269460233, 1.2319472292091682, 1008.2206289853609, 0.8678363358726642, 1.0048446914432725]
02458934,93329,391877,168,3;[69961.79000000001, 994, 0.7147332750839615, 1.0900202054835124, 1475.8006573895645, 0.8060070283070584, 1.0070499610526626]
02458934,93329,391877,170,1;[70459, 1184, 0.763449149692357, 1.160084012813586, 490.1960240507114, 0.8678148454107288, 1.0064636855149165]
02458934,93329,391877,171,1;[69886, 1166, 0.7671394902062795, 1.2017375205544851, 468.1762590124937, 0.8728343587381034, 1.0067635216411084]
02458934,93329,391877,171,3;[55990.530000000006, 930, 0.7250771100884543, 1.1330045780324103, 1143.7855208884944, 0.8626483152335929, 1.004349749336479]
02458934,93329,391877,174,2;[64882.369999999995, 1022, 0.733653596742286, 1.1485083467490735, 1318.1196464898162, 0.8054266748075148, 1.0067767191077628]
02458934,93329,391879,161,1;[60434, 1084, 0.7685783543173875, 1.1213884509562246, 642.8770177807945, 0.8913759569408313, 1.0089822358755176]
02458934,93329,391879,161,2;[62277.46, 1038, 0.7357088695908683, 1.130725148026841, 1252.4970661568332, 0.856077502895312, 1.0055818690134215]
02458934,93329,391879,161,3;[65503.810000000005, 958, 0.7174956103950061, 1.0727894447375923, 1349.330615699465, 0.8246355222687133, 1.0045381011408283]
02458934,93329,391879,163,1;[71341, 1216, 0.755245922112118, 1.144793009402346, 742.9156789749647, 0.8460789145854487, 1.0054825797722404]
02458934,93329,391879,163,2;[66856.58, 1040, 0.7346327037719761, 1.1386536997253447, 1236.3193331403288, 0.8061088297341382, 1.004766120306534]
02458934,93329,391879,163,3;[54804.11000000001, 894, 0.735360536911075, 1.1530932889491272, 1214.936407409905, 0.8656140528869649, 1.005113129561929]
02458934,93331,391890,291,3;[63146.04000000001, 946, 0.7180159564496298, 1.01843763740796, 1489.326656517671, 0.8447988987128228, 1.006826199499776]
02458934,93331,391890,292,1;[55371, 1078, 0.762934876833131, 1.1735934150619856, 750.1465320445325, 0.9026503626300246, 1.004617492039589]
02458934,93331,391890,292,2;[65524.969999999994, 1036, 0.7258542499965175, 1.1280231585489906, 1328.205636949487, 0.7982413139069211, 1.006553391402901]
02458934,93331,391890,293,1;[55723, 1074, 0.7600419156862539, 1.11185067110352, 916.0182297172416, 0.865195261386096, 1.0042984977786589]
02458934,93331,391890,294,2;[58387.35, 992, 0.7484950428013138, 1.0907859246723473, 1120.840652374714, 0.8372454843499025, 1.0074017801229866]
02458934,93331,391890,294,3;[63080.280000000006, 952, 0.7183195574383018, 1.0685569384445952, 1371.844783260271, 0.8261319155250835, 1.0054702086540666]
02458934,93332,391897,355,1;[65930, 1130, 0.7681771624391767, 1.1078730096177836, 650.7230766340042, 0.8909712831940785, 1.0066955253735217]
02458934,93332,391897,355,2;[62440.49, 1020, 0.7197356806471062, 1.0852081557334676, 1634.23347400279, 0.808091029328078, 1.0064737644700625]
02458934,93332,391897,356,3;[63937.9, 968, 0.7325882878246655, 1.0942967469923575, 1135.0127370147716, 0.8724899121737327, 1.0031273844963406]
02458934,93332,391900,352,3;[55115.100000000006, 922, 0.7323168609291439, 1.2124268601062502, 1167.0701833716548, 0.8638106556879576, 1.0054358013120899]
02458934,93332,391900,353,1;[50540, 1024, 0.7609496240552699, 1.1175018981260016, 1028.2787207668948, 0.8714880894227844, 1.0102645597833149]
02458934,93332,391900,354,2;[56520.24, 980, 0.745942404924562, 1.1768361788134465, 918.1634981995194, 0.8454914893730762, 1.0036451234587467]
02458934,93340,391954,59,2;[60992.259999999995, 1016, 0.7495208797177813, 1.2467024153714732, 904.8598709810346, 0.8477839745760387, 1.004419099130878]
02458934,93340,391954,59,3;[69534.35, 986, 0.7291049034032077, 1.0819852239089105, 1333.495566993954, 0.8394425973857227, 1.0039560874295321]
02458934,93340,391954,60,1;[51019, 1050, 0.769387089016133, 1.214187744849651, 780.8234019347638, 0.8975883194019464, 1.0056076240033902]
02458934,93340,391954,62,1;[66437, 1134, 0.7673066205783173, 1.1120481541697376, 633.528870378602, 0.8893382889123104, 1.0042854875403417]
02458934,93340,391954,62,2;[68474.98, 1052, 0.73793082784456, 1.1448275765161748, 1089.8574012202723, 0.8254586255694959, 1.0048459342175344]
02458934,93340,391954,62,3;[53375.200000000004, 888, 0.7300381690008936, 1.1600983141244485, 1199.5975310644865, 0.8658314235459189, 1.0089343519357763]
02458934,93340,391954,64,1;[68712, 1156, 0.7561718159620895, 1.0653537870916523, 896.9350549709144, 0.8383973607653877, 1.0051712661922072]
02458934,93340,391954,64,3;[51880.530000000006, 874, 0.7334768613980057, 1.1282085351575362, 1111.256475526432, 0.8627712345761887, 1.0078377623122063]
02458934,93340,391954,65,2;[50639.259999999995, 1008, 0.7373314350187796, 1.1728507784509232, 1194.4842542433241, 0.8772417371711208, 1.0049119161195863]
02458934,93376,392039,20,1;[71753, 1214, 0.7642877673988697, 1.1900520076899108, 466.5203902879613, 0.8738438776782824, 9999]
02458934,93376,392039,20,2;[71352.4, 1110, 0.733222554163676, 1.0822059945596783, 1463.8450446356767, 0.8110616848971381, 1.0059980705507319]
02458934,93376,392039,20,3;[55589.12, 918, 0.7171430396555066, 1.1398740880514673, 1361.7000557738415, 0.8532196555975684, 1.003822223321747]
02458934,93376,392045,14,1;[53346, 1074, 0.7667172386439374, 1.1132164190637786, 730.7058452380612, 0.8964413938679675, 5927.333333333333]
02458934,93376,392045,14,2;[51812.6, 954, 0.7259642141844527, 1.1838333971388921, 1340.9035092997074, 0.8494909167975179, 1.007042823605602]
02458934,93376,392045,14,3;[56531.68000000001, 920, 0.7200331955763847, 1.0900218742346315, 1248.664381648103, 0.8452767705940438, 1.003038479301879]
02458934,93376,392045,17,2;[56373.869999999995, 1032, 0.7332131950351948, 1.219392339768599, 1158.309690490256, 0.8611381601844226, 1.0075395854823102]
02458934,93376,392045,17,3;[71960.62000000001, 1010, 0.7073111716819236, 1.1821613862909963, 1564.5986349798548, 0.772690026890396, 1.0052245804068667]
02458934,93376,392045,18,1;[56652, 1086, 0.7681075009540862, 1.190940917843469, 706.150511035248, 0.89679459216921, 0.9851750732551365]
02458934,93377,392052,72,2;[63246.119999999995, 1042, 0.7259287902998844, 1.1122502722580399, 1503.8529150148495, 0.796518103786651, 1.001998416349308]
02458934,93377,392052,72,3;[66525.83, 974, 0.7074914305160397, 1.158665848522229, 1555.5699279869555, 0.7886097212366981, 1.001815518557488]
02458934,93377,392052,73,1;[72512, 1208, 0.7674504826518094, 1.2100231944364397, 499.15703545188387, 0.8596842337548676, 9999]
02458934,93378,392055,75,1;[68174, 1164, 0.7754358853671345, 1.149346392235481, 455.9961150407699, 0.8871256494349263, 0.9940726591378015]
02458934,93378,392055,75,2;[63306.81, 1028, 0.7257230219318912, 1.117166803846102, 1282.8934830169246, 0.8255473739667547, 1.0056806903787443]
02458934,93378,392055,75,3;[62499.4, 952, 0.7051962330372177, 1.088942558140814, 1504.1949974320728, 0.8284585906676332, 1.0002960104371088]
02458934,93378,392055,77,1;[53757, 1078, 0.7647887250342033, 1.0776434070679404, 972.135944340119, 0.8780969628690799, 9999]
02458934,93378,392055,78,3;[58493.520000000004, 960, 0.7335295325371455, 1.148612631223971, 1148.3649180215857, 0.8862270384389668, 0.9958366861421124]
02458934,93378,392055,79,2;[71039.43, 1114, 0.7458820278588317, 1.1738794949930087, 1149.267379837954, 0.8488122253632097, 1.004763187127613]
02458934,93378,392055,81,3;[53135.450000000004, 902, 0.734683661896938, 1.119588303752428, 1179.295606463136, 0.8590185407816698, 0.9943342049941035]
02458934,93378,392055,82,1;[53723, 1062, 0.7624593065867524, 1.1206675800979369, 980.402588359744, 0.8891292677427761, 107446.0]
02458934,93378,392055,83,2;[51867.34, 1002, 0.7368816491883772, 1.192862574090661, 1191.1348391752776, 0.8738224537890064, 1.001850340761513]
02458934,93384,392075,315,1;[73388, 1212, 0.780795240993178, 1.144685509002347, 437.9570528115586, 0.8863863221504952, 1.001842927934692]
02458934,93384,392075,315,2;[57472.24, 994, 0.724563215302811, 1.1129924654232684, 1358.35880568828, 0.8491337260248166, 1.0032613888946593]
02458934,93384,392075,316,3;[68261.62000000001, 1018, 0.7378051645596146, 1.133488653515899, 1107.6456583661168, 0.8795112894623194, 1.0025957301245547]
02458934,93391,392127,690,1;[53034, 1100, 0.7601591690433886, 1.083604445524709, 1006.1252267834515, 0.8671058674972792, 0.9780900741396481]
02458934,93391,392127,690,3;[53608.100000000006, 908, 0.7250988269645238, 1.1545810232308742, 1212.5616693590307, 0.8467737769194075, 1.0007032798414424]
02458934,93391,392127,691,2;[52592.049999999996, 1002, 0.7375752851564461, 1.1945326044013314, 1241.280923756011, 0.8662877957535986, 1.0061468412066021]
02458934,93391,392129,692,1;[54758, 1070, 0.7749362001511043, 1.1631557125541616, 672.1078088142622, 0.9035742643269375, 27379.0]
02458934,93391,392129,692,3;[51483.23, 888, 0.727248341068525, 1.1605687524080157, 1244.6130874540756, 0.8592071348949838, 1.0054447432141376]
02458934,93391,392129,693,2;[64104.11, 1032, 0.7351360578169819, 1.1563431181436736, 1171.7237954219486, 0.8209643571328427, 1.0078296741845258]
02458934,93391,392129,695,1;[57343, 1110, 0.7621683955891206, 1.0777941465938683, 961.6455019573522, 0.8683372083278701, 9999]
02458934,93391,392129,696,2;[53766.579999999994, 980, 0.738007025873571, 1.1767030316095626, 1274.7040586813125, 0.8688269145221457, 1.003821373028216]
02458934,93391,392129,696,3;[52684.72, 892, 0.7198251075525973, 1.1481514009678855, 1364.7145160396465, 0.8572379117063854, 1.0046239452441286]
02458934,93391,392129,697,1;[66923, 1148, 0.7775535709907245, 1.1507906916329844, 481.1080359482243, 0.8985206414099303, 1.0025617209971236]
02458934,93391,392129,697,2;[66378.2, 1060, 0.7222292624559004, 1.0878304017552, 1288.0786249656705, 0.8164697271019966, 1.0031381787772793]
02458934,93391,392129,698,3;[54905.490000000005, 954, 0.7269442593737561, 1.1889760841133035, 1073.6898153326993, 0.8971424298858189, 1.0039454401983994]
02458934,93391,392129,699,2;[63499.59, 1026, 0.7330056959543103, 1.1374588994519808, 1174.5386531850315, 0.8339300949305192, 1.0072199099634758]
02458934,93391,392129,700,1;[71244, 1220, 0.7673810438575773, 1.106578508073732, 723.9041480283165, 0.8606766113499587, 1.0015252581341243]
02458934,93391,392129,700,3;[60058.060000000005, 956, 0.7277387023897247, 1.1315548944914704, 1210.5484129166657, 0.8716979170897621, 1.0064051057186805]
02458934,93391,392129,701,1;[52683, 1074, 0.7713431522562094, 1.097517057326388, 838.8643445540575, 0.8867925094021014, 0.9715987680504583]
02458934,93391,392129,701,2;[68501.16, 1078, 0.7380863761911011, 1.1344716851253625, 1238.8649981881015, 0.8226177858227116, 1.0057921635434413]
02458934,93391,392129,702,3;[63241.94, 958, 0.7269919192844926, 1.1610521382586982, 1244.0208774759642, 0.8201386020503255, 1.0041984815854164]
00023892,93026,390259,210,1;[115384, 1676, 0.9705763288702812, 0.9705763288702812, 27.44450635858385, 0.9967809945790217, 0.9971869206936336]
00023892,93026,390259,211,2;[117053.15999999999, 1570, 1.0149650236071255, 0.9746772383627069, 32.01824097753799, 0.9959190027831599, 0.996711876257112]
00023892,93026,390259,211,3;[116700.71, 1438, 1.0186254340279237, 0.9437976061425024, 56.93241554978748, 0.9908537816795847, 9999]
00023892,93026,390259,212,1;[115337, 1664, 0.9804131521278897, 0.9889032468085639, 29.32303153461915, 0.9964262448288627, 0.9924920079683675]
00023892,93026,390259,212,2;[117691.0, 1554, 1.014747909288223, 0.9808503008994244, 33.38817836122004, 0.9959185983378324, 9999]
00023892,93026,390259,212,3;[114356.64000000001, 1394, 1.0039062202291396, 0.9507977939312924, 37.10296143051946, 0.9936297065684685, 9999]
00023892,93026,390259,214,1;[120043, 1634, 1.0032661182443197, 0.9887838124952426, 22.927187669422857, 0.9969424029558446, 0.9982495311986761]
00023892,93026,390259,215,3;[114305.95000000001, 1398, 1.010278510246198, 0.9543713578041263, 39.13504025500448, 0.9933049493998183, 9999]
00023892,93026,390259,216,2;[116758.04, 1568, 1.0123332269148082, 0.98091887278259, 29.98789604125521, 0.996023856518871, 0.9963240520725442]
00023892,93049,390350,751,2;[112488.31999999999, 1480, 0.9848740726439702, 0.9929826624223882, 26.49613653842162, 0.9961483784872827, 9999]
00023892,93049,390350,752,3;[118309.09000000001, 1532, 1.0130833231157215, 0.9721992345752148, 59.29260583943325, 0.9911236827270111, 9999]
00023892,93049,390350,753,1;[115862, 1658, 0.9829469492684024, 0.9978529551266063, 24.60371064380052, 0.9960469422803894, 0.9909383646292598]
00023892,93049,390350,756,2;[116076.17, 1538, 1.0085478725212538, 0.9927081192712227, 43.37188848757056, 0.9943862237694245, 9999]
00023892,93049,390350,756,3;[117833.70000000001, 1382, 1.047327962051423, 0.9430491915437306, 103.28006889242694, 0.9876476852572468, 0.9989779088945155]
00023892,93049,390350,757,1;[119330, 1636, 1.0075125795868425, 0.9942916148693116, 29.0029681718026, 0.9953227996444487, 9999]
00023892,93049,390350,758,3;[117121.3, 1400, 1.030931342867741, 0.9719735434960686, 74.73251000866165, 0.9910807744684849, 9999]
00023892,93049,390350,760,1;[119412, 1684, 1.0004737661313214, 0.9880028410604836, 28.934950571560975, 0.9954903479060804, 0.999870214146658]
00023892,93049,390350,760,2;[117228.09, 1564, 1.0405712513178689, 0.9825036010815462, 94.58212834702178, 0.9879751501300211, 0.9954779023530066]
00023892,93049,390350,761,1;[115473, 1576, 0.991677529821298, 0.9926776955103828, 36.86362273631874, 0.9942467519164607, 1.0014917476864902]
00023892,93049,390350,763,2;[118247.92, 1546, 1.0345050869305332, 0.994516715150005, 59.95186314319832, 0.9908730469999921, 9999]
00023892,93049,390350,763,3;[118310.46, 1494, 1.0361395917367435, 0.9712337522244107, 108.28824339469637, 0.9843328979744623, 0.9939059128182995]
00023892,93049,390350,766,1;[116227, 1652, 0.9751026370807013, 0.9892795240401203, 27.456611617824382, 0.9965442441576506, 0.9924685549359998]
00023892,93049,390350,767,3;[117711.77, 1466, 1.0214023858039325, 0.9691685127209577, 43.76655418360943, 0.9929606828812833, 10740.125]
00023892,93049,390350,769,2;[117706.47, 1490, 1.0202549609913965, 0.9997484379105231, 29.963769686372082, 0.995278891855519, 9999]
00023892,93049,390350,770,1;[117114, 1588, 1.0024585818836231, 0.9928265580916606, 32.869004539460455, 0.9955113006843905, 9999]
00023892,93049,390350,770,3;[118395.40000000001, 1410, 1.0424963099943128, 0.9275135170288007, 78.28360049762023, 0.9922517167138535, 9999]
00023892,93049,390350,773,2;[114238.81, 1522, 1.0044227657496143, 0.986742260703326, 36.17136856988099, 0.9948063335800724, 9999]
00023892,93099,390646,1221,2;[114072.20999999999, 1486, 1.0090858747803573, 0.9867088647928606, 38.53013999163804, 0.9934468550222741, 9999]
00023892,93099,390646,1222,1;[115757, 1704, 0.9986716907804245, 0.9931340390066832, 35.39650912607604, 0.9961712619634862, 0.989105543782897]
00023892,93099,390646,1222,3;[117585.73000000001, 1392, 1.1323117391248805, 0.9651113997953958, 50.31573890807299, 0.9940088735414381, 9999]
00023892,93103,390673,1487,1;[118131, 1640, 0.9941992381714719, 0.9832364950716539, 24.18140079113889, 0.9967673469878491, 0.9975637458357788]
00023892,93103,390673,1488,3;[117951.52, 1364, 1.034720293021279, 0.9614925636421753, 96.22023479779668, 0.98528403584093, 0.9961010262284081]
00023892,93103,390673,1489,2;[116541.45999999999, 1546, 1.014966414714585, 0.992022459678374, 40.09946663942671, 0.9947342202306876, 0.9929282227280332]
00023892,93103,390673,1491,2;[120403.01, 1514, 1.0503891899546012, 0.9843946252209498, 113.66690920960296, 0.984839104179109, 9999]
00023892,93103,390673,1492,1;[114627, 1678, 0.9987680845865211, 0.9924709850319351, 45.564953524898826, 0.9946129103177113, 0.9927122981592382]
00023892,93103,390673,1492,3;[112581.12000000001, 1362, 1.004285977747245, 0.9649001229124898, 31.23126453415144, 0.9956981357234577, 9999]
00023892,93103,390673,1495,2;[114817.15, 1510, 0.9930315460441014, 0.9870770259924616, 31.546042712339776, 0.9947702350629656, 9999]
00023892,93103,390673,1497,3;[113548.34000000001, 1404, 1.0054351093309934, 0.960491452600365, 28.91913419738997, 0.9948299282430487, 9999]
00023892,93103,390673,1498,1;[116314, 1654, 0.989772517025471, 0.9913499174139772, 25.89202116124958, 0.9956881817830718, 0.9948765321221763]
00023892,93103,390673,1499,1;[115761, 1706, 0.9962542217613665, 0.9812057965453727, 38.26655464467754, 0.9959036968410945, 0.9896936302274583]
00023892,93103,390673,1499,3;[117251.45000000001, 1500, 1.0242496834682837, 0.9748615169204323, 53.78139989410666, 0.9908513476631625, 34234.0]
00023892,93103,390673,1500,2;[113904.42, 1520, 1.0033341804562999, 0.9866325509813356, 31.931454020851525, 0.9944117262205622, 0.9918501209788144]
00023892,93122,390798,1587,3;[117843.29000000001, 1442, 1.0406381091708652, 0.97290517790024, 111.87571133625764, 0.982512094931687, 0.9956477955389904]
00023892,93122,390798,1589,1;[115972, 1698, 0.9778822539189395, 0.9908134710763481, 20.37117655163161, 0.9968449509462828, 0.9941706957446079]
00023892,93122,390798,1589,2;[117505.36, 1504, 1.0292453359150497, 0.9978651105229204, 41.27597117489877, 0.9945531923571351, 9999]
00023892,93122,390798,1590,1;[114476, 1708, 0.9714008354292216, 0.9792266459744134, 31.895664856885332, 0.9963746613606888, 0.9873600048300221]
00023892,93122,390798,1590,2;[115546.62, 1446, 1.0044099548766843, 0.9937778684089924, 34.96544073137213, 0.9941037791054449, 9999]
00023892,93122,390798,1592,3;[117977.55, 1424, 1.0384956777881869, 0.9582881772027657, 51.69301507743181, 0.993571167624946, 172230.0]
00023892,93139,390920,17,2;[116130.90999999999, 1510, 0.9981631323817355, 0.9808162066148503, 32.268889709424414, 0.993887002655094, 0.9946034641785189]
00023892,93139,390920,17,3;[117082.94, 1368, 1.01704474354301, 0.9629625559037094, 53.25214145749839, 0.9925764721536028, 9999]
00023892,93139,390920,18,1;[114291, 1656, 0.9814575364939319, 0.9959018721886728, 30.733984173391054, 0.9957475714305857, 0.9944271152817112]
00023892,93139,390920,19,1;[117141, 1708, 1.0011284673044343, 0.9784178992053928, 59.47460187917027, 0.9921109682880714, 0.9933264364697103]
00023892,93139,390920,20,3;[118051.53000000001, 1470, 1.0213625513322462, 0.9716452290970454, 85.44257796364806, 0.9849400431888099, 9999]
00023892,93139,390920,21,2;[115941.7, 1478, 1.0067750976010585, 0.9966286729292532, 25.270836994108723, 0.9955051948918705, 1.001742742428838]
00023892,93166,391047,301,1;[119197, 1602, 0.9934559797032223, 0.9948353663934025, 20.712104405988043, 0.9968702647084702, 0.9987055043296481]
00023892,93166,391047,301,2;[116151.14, 1540, 1.0002683910551358, 0.9928704150270152, 33.4848806094114, 0.9948215854848882, 9999]
00023892,93166,391047,303,3;[118637.89000000001, 1398, 1.0223579081250327, 0.9703534494557088, 42.23273852076505, 0.9934911546531924, 9999]
00023892,93166,391047,304,1;[117753, 1622, 0.9772164352433422, 0.9958620833402838, 25.766315361363983, 0.9967860458868003, 0.9972686967237064]
00023892,93166,391047,305,2;[117093.62, 1536, 1.002178459818774, 0.997850638667676, 24.4138911119299, 0.9964615269265222, 1.000127051242307]
00023892,93166,391047,305,3;[119032.45000000001, 1370, 1.0183846266174685, 0.9748323649170428, 37.875699129217296, 0.9947455224370897, 2199.6202531645567]
00023892,93166,391047,307,2;[115370.5, 1528, 1.0058060097422366, 0.9895282762600829, 39.93207841576104, 0.9944151817445519, 9999]
00023892,93166,391047,308,1;[115460, 1682, 0.9960968642594321, 0.9954651582763876, 40.582903883813906, 0.9951983391381567, 0.9932470213772635]
00023892,93166,391047,308,3;[118877.64000000001, 1454, 1.017150500848034, 0.9733966928934351, 36.44529966828555, 0.9937569319287601, 1324.7633587786258]
00023892,93166,391047,309,1;[119716, 1620, 1.0322619672169577, 0.9876387315526259, 46.38197855060344, 0.9944067144527013, 0.999419796219075]
00023892,93166,391047,309,2;[115416.90999999999, 1496, 1.0140101989435855, 0.9782871975660953, 49.76970517264166, 0.9923215994050387, 9999]
00023892,93166,391047,310,3;[117396.67000000001, 1446, 1.0322636927019022, 0.9549682020607355, 42.6314536599798, 0.9954496600959517, 9999]
00023892,93166,391047,312,2;[119097.58, 1476, 1.0286965797742729, 0.9766518066581236, 64.13464440773701, 0.9901136968339167, 100082.0]
00023892,93166,391047,313,1;[120302, 1688, 1.021004314514589, 0.9866737636844082, 42.55555215394716, 0.9931729686905908, 0.9957002685780263]
00023892,93166,391047,313,3;[119017.38, 1408, 1.0256435421473993, 0.9687818342517958, 44.27779058241403, 0.9929874755115312, 24821.14285714286]
00023892,93166,391047,315,1;[117580, 1706, 0.9911475015587408, 0.9998940038735258, 31.46718806602632, 0.9964770636421072, 0.9924037812288994]
00023892,93166,391047,315,2;[119473.62, 1562, 1.0290292751963206, 0.976969826578464, 59.39391504055549, 0.9910613417632356, 9999]
00023892,93166,391047,315,3;[120414.78000000001, 1524, 1.0420803432332637, 0.9716719340706381, 114.80932319891738, 0.9838297153742086, 0.9968696835658387]
00023892,93265,391506,609,1;[120450, 1668, 1.0130823848066772, 0.9934285035407959, 28.081715577593773, 0.9950777124707098, 9999]
00023892,93265,391506,609,3;[119976.38, 1438, 1.0627480642574758, 0.9590433977019611, 126.38952663022229, 0.9846962103710577, 0.99012968218255]
00023892,93265,391506,610,2;[119833.0, 1508, 1.0279624297293433, 0.9939602657133225, 34.05485042585448, 0.9943307197997148, 0.9989534301203803]
00023892,93265,391506,611,3;[119896.92000000001, 1368, 1.0267371543472592, 0.9680652141772095, 60.138477372720004, 0.9910185054986551, 175032.0]
00023892,93265,391506,612,2;[116885.37, 1548, 1.0145783774572443, 0.9803564738122116, 29.62078944142632, 0.9948200399301197, 9999]
00023892,93265,391506,613,1;[114481, 1610, 0.9955593575803238, 0.9902087238335712, 36.759064237107594, 0.9944111491071127, 0.9902515396858349]
00023892,93329,391882,87,1;[118271, 1616, 1.0194271800477344, 0.9951980347867928, 37.73351695185407, 0.9949972892828642, 0.9989948475377988]
00023892,93329,391882,87,2;[111247.15, 1430, 0.9892958805203751, 0.987969527216751, 25.62743346510477, 0.9960790202361292, 9999]
00023892,93329,391882,87,3;[115923.92000000001, 1414, 1.0215942370198658, 0.9563196493174627, 47.010858776237484, 0.9953242287886229, 9999]
00023892,93329,391882,89,1;[114628, 1672, 0.9914825066265023, 0.992449732020601, 46.0862142629913, 0.9941192467786226, 0.9939475920434248]
00023892,93329,391882,89,3;[114667.63, 1414, 1.0167941706478845, 0.9529070402788227, 69.36194070195396, 0.9896615259912896, 0.9922821576763485]
00023892,93329,391882,90,2;[116098.78, 1540, 1.024478526931865, 0.9929498654533664, 58.7047229351499, 0.9922725834272821, 9999]
00023892,93329,391882,92,2;[114627.93999999999, 1522, 1.0073552101636527, 0.9847883422105579, 36.85985021329225, 0.9940911230252352, 0.9904477918873066]
00023892,93329,391882,92,3;[114493.64000000001, 1356, 1.0098884038015559, 0.9575393429604518, 53.70771228318953, 0.9928164272628103, 9999]
00023892,93329,391882,93,1;[115389, 1646, 0.9791536811644996, 0.9912072497007227, 30.555962129969355, 0.9961549890584726, 0.995354855405318]
00023892,93329,391882,94,1;[116973, 1592, 0.994606233216065, 0.9965614043713638, 34.71012332712566, 0.9946580766084038, 0.9999615310636661]
00023892,93329,391882,94,2;[112866.73999999999, 1496, 1.003006582190011, 0.9923183925625743, 26.138494257660792, 0.99570058885804, 9999]
00023892,93329,391882,94,3;[114433.36000000002, 1410, 1.0214616209838423, 0.9517095185099957, 73.57692311392724, 0.9894936176987641, 0.990536726513768]
00023892,93329,391882,96,1;[115407, 1632, 0.9872182726007631, 0.9927104473525977, 23.989429741072772, 0.9960868400620199, 0.996795591563164]
00023892,93329,391882,96,2;[113005.97, 1516, 0.9882006017804126, 0.9825266807640969, 27.477798069064683, 0.9957344812378607, 0.9942780561096016]
00023892,93329,391882,96,3;[117169.25000000001, 1434, 1.0569068397282255, 0.9348208440309685, 110.45560734956277, 0.9883416942725053, 9999]
00023892,93329,391882,99,1;[118266, 1608, 1.0340711010663866, 0.9901960891665134, 40.350390802242764, 0.9941750124012475, 0.995743928467688]
00023892,93329,391882,99,2;[114010.33, 1524, 1.0088953795511193, 0.9873587254334197, 27.375748128469997, 0.9954495918170748, 9999]
00023892,93329,391882,99,3;[113752.47000000002, 1336, 1.0058340005280906, 0.9771892906538502, 25.640739364499375, 0.99607581804577, 9999]
00023892,93377,392048,3,3;[118466.64000000001, 1406, 1.047556527781869, 0.9626297559970822, 107.28162349534367, 0.988306503325163, 9999]
00023892,93377,392048,4,1;[118492, 1724, 0.9863208326474601, 0.9986424630954116, 19.764201178268063, 0.9967779664001932, 0.982353745839223]
00023892,93377,392048,4,2;[116322.5, 1540, 1.0024661578187861, 0.9812524545754474, 28.71243987076844, 0.9953319054134065, 9999]
00023892,93377,392048,5,1;[112681, 1604, 0.9750116024793062, 0.9728192778387952, 30.87669786078407, 0.9962903174522396, 0.9869450782375636]
00023892,93377,392048,5,2;[117476.79999999999, 1468, 1.0128946844061226, 0.9826118107683158, 31.69563920609115, 0.9953051589361018, 9999]
00023892,93377,392048,5,3;[119291.38, 1442, 1.0494193382007337, 0.9224995551443748, 90.97954973781846, 0.9914184377585706, 9999]
00023892,93377,392048,8,2;[114999.22, 1520, 1.0070723933409482, 0.9772014446917673, 55.95936210100426, 0.9911467610708359, 1.0000983146794165]
00023892,93377,392048,8,3;[115359.48000000001, 1394, 1.0261842013140077, 0.9530082855170431, 74.80732270330151, 0.9887307322964278, 9999]
00023892,93377,392048,9,1;[115825, 1638, 0.9752674514762388, 0.977930434245964, 26.59457846165895, 0.9966290836236483, 0.9829547624402228]
00023698,93080,390528,134,1;[36900, 898, 0.9978155479327312, 1.0259673944738459, 89.73238912855744, 0.9929930238391793, 0.9837638966648005]
00023698,93080,390528,134,2;[39364.009999999995, 820, 1.0504391901326098, 1.022399976459444, 131.86334323534342, 0.9822628171354302, 1.0140555785472325]
00023698,93080,390528,134,3;[55474.04, 910, 1.2348669144335471, 0.954528904486548, 84.48481776732575, 0.9923977465338607, 26994.666666666668]
00023698,93244,391403,53,2;[43991.92, 860, 1.0139415938895173, 1.0212939734954087, 88.72411398565121, 0.9915332214735743, 9999]
00023698,93244,391403,54,1;[45368, 944, 1.0138822074695624, 0.9740646097252217, 57.91967425793741, 0.993886083647604, 1.000099198694986]
00023698,93244,391403,55,3;[38692.91, 766, 1.0128055678324268, 1.0020142613457823, 123.04365198080062, 0.9864740144323954, 0.9985680697226298]
00232831,93048,390346,740,1;[60347, 1074, 1.0041203919890753, 0.9799737843213558, 68.8031668473261, 0.9893269121354705, 1.0045276737411568]
00232831,93048,390346,740,2;[26282.34, 714, 1.0320528336306802, 1.014372897938292, 140.43680277580415, 0.9847081607347733, 9999]
00232831,93048,390346,740,3;[48303.46000000001, 810, 1.1451752258466206, 0.9524738607388366, 111.29907984614162, 0.9886044851043795, 1.0053033759124088]
00232831,93048,390346,741,1;[58549, 1054, 1.0054455670794802, 0.9721401613657598, 71.84338526471858, 0.9899833681219329, 1.006091640962634]
00232831,93048,390346,741,2;[26754.77, 714, 1.0341519316231074, 1.0048081338552852, 159.3327943069655, 0.9804418482813829, 1.0053435285174503]
00232831,93048,390346,741,3;[59377.170000000006, 910, 1.009236585552549, 0.9801747544230137, 119.60868056295885, 0.9820228240271109, 1.0022546741128724]
00232831,93048,390346,742,1;[60220, 1068, 1.0074655194483435, 0.9772295374079115, 65.41557014703079, 0.9913233628504808, 1.006005629755849]
00232831,93048,390346,742,2;[36023.68, 754, 1.1820072772154882, 0.975194568199687, 145.89823339616314, 0.9858882366313425, 1.007957912962408]
00232831,93048,390346,742,3;[30371.530000000002, 664, 1.0089733402220478, 0.9955065153366602, 110.20559259267367, 0.9896436106369197, 1.003848940409346]
00232831,93147,390953,359,1;[28614, 804, 1.0032679635817676, 0.9797642027110547, 76.11960080236409, 0.9935266967839056, 1.0029442691903259]
00232831,93147,390953,359,2;[32495.329999999998, 730, 1.0010910926167107, 1.0181539503852286, 138.38844875947652, 0.9872961394964037, 1.0066911209009972]
00232831,93147,390953,359,3;[44651.04, 780, 1.1265940771710539, 0.9490983104198878, 135.99181647196534, 0.9850378115291741, 1.0061277725469615]
00232831,93165,391039,287,1;[39866, 864, 1.0298398293658304, 0.9959000629021967, 86.7554628668432, 0.992586344484783, 0.9994735126733021]
00232831,93165,391039,287,2;[58477.79, 974, 1.0269415973797502, 0.9712203717647845, 110.17502078317794, 0.9861528678999373, 1.0036866453569715]
00232831,93165,391039,287,3;[47685.590000000004, 804, 1.0360607644632402, 0.94115180619928, 106.98442230112188, 0.9887037694940279, 9999]
00232831,93165,391039,289,1;[28699, 810, 1.00818441333912, 0.9786705332760606, 77.15163995602295, 0.9933617731220881, 0.9997039101280153]
00232831,93165,391039,289,2;[29376.34, 706, 1.0029025862775742, 1.0184988224387705, 115.10771404046059, 0.9898791421656763, 1.0058060178866095]
00232831,93165,391039,289,3;[29242.65, 658, 1.0054347153086407, 1.016919426240819, 136.91117619523283, 0.9875221844265234, 1.0027482207032625]
00232831,93165,391039,290,1;[29374, 836, 1.0333035036256313, 0.9688302861139513, 84.38927192001452, 0.9925713888783438, 1.00454840805718]
00232831,93165,391039,290,2;[48306.86, 868, 1.1486846561401474, 0.9733066559966124, 138.39645165229948, 0.9857525522417887, 1.0036095727848102]
00232831,93165,391039,290,3;[28849.460000000003, 652, 1.0052699092288533, 1.0203944978101065, 115.91342784668967, 0.98962519814608, 1.003669987131214]
00232831,93328,391868,72,1;[53913, 1002, 1.0197885864858176, 0.9823802569413564, 73.40299224254385, 0.9925419384832258, 1.0061398925052254]
00232831,93328,391868,72,2;[30416.399999999998, 710, 1.0438726826922544, 0.9772929921499058, 127.79972348039183, 0.989214036519754, 9999]
00232831,93328,391868,72,3;[54501.340000000004, 870, 1.009712309967718, 1.0058363780854904, 98.19940865914353, 0.988407161462243, 9999]
00232831,93328,391868,73,1;[53548, 998, 1.0189524065939604, 0.9797690597906243, 70.54455465725476, 0.9923345736926806, 1.0058606957697798]
00232831,93328,391868,73,2;[32314.449999999997, 730, 1.0032959324346369, 1.0173005886922057, 119.24168662801405, 0.9887060503406242, 1.0007739367583106]
00232831,93328,391868,73,3;[56224.8, 882, 1.0097929346542687, 1.0019868142286004, 108.93376190051036, 0.985441320762081, 9999]
00232831,93328,391868,74,1;[58872, 1058, 1.0073440151434425, 0.9871881459772484, 66.68563326524257, 0.9914655171775439, 1.0050875815208113]
00232831,93328,391868,74,2;[56247.729999999996, 944, 1.126253123694444, 0.9646773931279856, 122.14461848641795, 0.984343955618227, 1.0040039508480516]
00232831,93328,391868,74,3;[54302.69, 864, 1.013030303116915, 1.0093036032740614, 115.46933163720168, 0.98485697905831, 9999]
00441627,93067,390432,65,1;[15714, 638, 1.1674466010813829, 0.7561046669035688, 346.9259901289501, 0.8894003153109493, 9999]
00441627,93067,390432,65,2;[22807.539999999997, 598, 1.2492295671770943, 0.6873563737289509, 725.4471444585623, 0.802947111159498, 1.0071201492341242]
00441627,93067,390432,65,3;[24192.83, 574, 1.2862026293244972, 0.627518252358114, 919.6946239846145, 0.7491276827770813, 1.0014461110953583]
00441627,93067,390432,68,1;[27245, 722, 1.194274443727004, 0.7854497065170992, 253.61920328175842, 0.8218047238321838, 1.0026127916390668]
00441627,93067,390432,68,2;[19893.23, 552, 1.2279508009012952, 0.691695128853225, 746.0960470034152, 0.8021470782719747, 1.0057455704960443]
00441627,93067,390432,68,3;[24559.99, 578, 1.249334502503404, 0.6992193052806123, 637.1037281747384, 0.7989884203727122, 1.005468465184105]
00441627,93264,391493,588,1;[22012, 638, 1.1902319115508202, 0.7554629722602274, 311.47135337826666, 0.9024941265452469, 1.0028702902182332]
00441627,93264,391493,588,2;[11046.769999999999, 442, 1.2688507520906305, 0.568624318149486, 1073.9919204139494, 0.8389947737193553, 1.0008085817476147]
00441627,93264,391493,589,3;[20825.370000000003, 572, 0.8375946561742645, 0.9479367480249553, 377.22639973804326, 0.9546848765054015, 9999]
00441627,93264,391493,590,1;[26199, 702, 1.1968991048328994, 0.7830631210680268, 238.2215595066502, 0.8440536702093943, 1.002813343285296]
00441627,93264,391493,590,2;[23864.26, 612, 1.256414906920121, 0.7114798013705466, 659.404770109903, 0.8013166476486309, 1.006474278544542]
00441627,93264,391493,590,3;[22539.24, 548, 1.240577208802182, 0.6790604020814679, 731.5496162779987, 0.816163010966084, 1.007594316511514]
00441627,93264,391493,592,2;[20644.12, 564, 1.2765752460824928, 0.6418410166332688, 751.8929663106045, 0.8103749676560578, 1.006877738762007]
00441627,93264,391493,593,1;[26302, 710, 1.1869223694738409, 0.7556416865111578, 217.07387056715302, 0.8227076205914147, 1.0046216722050343]
00441627,93264,391493,593,3;[22637.88, 554, 1.2541221880604563, 0.6647905524711956, 803.3539340885751, 0.8014692819644617, 1.0067936024371669]
00441627,93264,391493,595,1;[21004, 622, 1.2261234030861412, 0.7310576484003581, 472.6180818493479, 0.823122619580244, 1.003343842552785]
00441627,93264,391493,595,2;[11633.439999999999, 446, 1.2632936905524654, 0.5825693369903253, 1041.3494470749433, 0.8378206056193052, 1.0045727791193546]
00441627,93264,391493,595,3;[17955.22, 490, 1.2818439755307773, 0.6146253616547164, 1003.9752625110541, 0.7923147851360215, 1.0054083080817766]
00441627,93264,391493,597,1;[21659, 634, 1.2205437772438723, 0.7396867577857835, 496.35626253240565, 0.8234554444576889, 1.0013407304669442]
00441627,93264,391493,597,2;[11781.0, 446, 1.2526755049413298, 0.5930250479058373, 1001.3408967567739, 0.8377018170298075, 1.0046681550639334]
00441627,93264,391493,597,3;[25829.980000000003, 598, 1.304461947657784, 0.6171348046256954, 891.4483809446956, 0.7008563082716605, 1.0046090315705343]
00441627,93264,391493,599,2;[11305.0, 440, 1.281290154903554, 0.5989384629154292, 1112.9236219185766, 0.8319700501072221, 1.0061427663630587]
00441627,93264,391493,599,3;[26054.660000000003, 596, 1.2972739183958333, 0.627373736650462, 911.3357686232492, 0.6873495394212334, 1.006776071995765]
00441627,93264,391493,600,1;[11917, 530, 1.233004992998604, 0.5924407163077953, 594.2305042806784, 0.866906872461912, 1.0063758814339399]
00441627,93384,392076,320,1;[27232, 722, 1.19797231594017, 0.7724418266403039, 293.18423867124017, 0.8440864423516885, 0.9968336475282318]
00441627,93384,392076,320,2;[26190.71, 644, 1.2443350406743297, 0.7063992727186719, 541.4603397300541, 0.7930715835509385, 1.0072077431755257]
00441627,93384,392076,320,3;[12539.61, 542, 1.257142710942477, 0.6054314665806244, 1137.5345461779932, 0.8236665273880546, 9999]
00441627,93384,392076,322,1;[27294, 720, 1.1898894599562893, 0.7924356124797725, 233.60026559868265, 0.8387704855837407, 0.9927617939111774]
00441627,93384,392076,322,2;[11972.59, 504, 1.2654479295693073, 0.604850949580783, 1069.9444021593242, 0.8422020448077775, 0.8745653685674548]
00441627,93384,392076,322,3;[26950.640000000003, 610, 1.2694555761257222, 0.6575541292758709, 733.2024652984303, 0.7600948869274285, 1.0021651086375098]
