80018540,93032,390303,84,1;[101780, 1498, 0.6796743707840921, 1.1528635504087632, 657.4801256316379, 0.8423497800344038, 1.0031193483370868]
80018540,93032,390303,84,2;[86096.5, 1296, 0.598830165620538, 1.3007983316702065, 1989.4664129666867, 0.7837983368580548, 1.004805288595078]
80018540,93032,390303,84,3;[100801.86, 1290, 0.5931691759994923, 1.258004019060412, 1606.6796066089883, 0.7274648316016079, 1.0029511392215262]
80018540,93032,390307,86,1;[103670, 1490, 0.6605368528287155, 1.066941427897955, 899.4049298886852, 0.8336200644811662, 1.0043888119205169]
80018540,93032,390307,86,2;[79437.26, 1294, 0.6127948045430802, 1.2443750573543417, 1337.0989137168483, 0.8332917791982024, 1.0059600503326627]
80018540,93032,390307,86,3;[98405.73000000001, 1188, 0.5860265384959764, 1.0996206667426824, 1790.9929593625222, 0.7707553895794244, 1.0088555236416497]
80018540,93049,390355,841,1;[107201, 1576, 0.6808915805712052, 1.153551962116073, 678.8089860035499, 0.845043784493053, 1.0076939346227058]
80018540,93049,390355,841,2;[77954.51999999999, 1190, 0.6408363510554037, 1.2522270072822832, 948.5093088384153, 0.8535614387365121, 1.0104269496544915]
80018540,93049,390355,841,3;[92769.55, 1206, 0.6356467775623518, 1.219375455398355, 991.8835018960798, 0.8437736723265389, 1.0025316830510482]
80018540,93055,390379,497,1;[90918, 1410, 0.7009851830902316, 1.2058212204193735, 467.6310416289207, 0.9167228158157417, 1.0057467767717385]
80018540,93055,390379,497,2;[105129.36, 1368, 0.591209137651917, 1.222801868678233, 1601.8799931382105, 0.7698020128314008, 1.0050912152361016]
80018540,93055,390379,498,3;[102781.51000000001, 1322, 0.5935479348187915, 0.9169652930710762, 1713.8736624000558, 0.8111627787399022, 1.0052659788288891]
80018540,93056,390384,597,1;[102485, 1418, 0.6682630142415741, 1.1626051979724423, 706.3109326897762, 0.8316638153133044, 1.0097342778604295]
80018540,93056,390384,597,2;[78109.22, 1206, 0.6325816361271303, 1.278281420146259, 1042.8841979929769, 0.8502614068273038, 1.0060311597146119]
80018540,93056,390384,597,3;[106677.79000000001, 1336, 0.5654201432340077, 0.9022604108656119, 2471.704772465231, 0.7666244223373694, 1.0044244363035963]
80018540,93056,390384,600,2;[83067.95, 1238, 0.6056735611958277, 1.1939152434889886, 1851.587244717228, 0.7962013341352331, 1.007767046356851]
80018540,93056,390384,600,3;[89847.34000000001, 1252, 0.566509136083651, 1.0003964527134754, 2246.0497265979598, 0.7977471949505477, 1.0036115447005172]
80018540,93056,390384,601,1;[80295, 1364, 0.659738089577593, 1.0546892305301738, 990.6976732716794, 0.8561455471543609, 1.0081295709218745]
80018540,93057,390392,664,1;[102215, 1502, 0.6885299731669894, 1.2448998137966378, 579.8771082107106, 0.8481907388714647, 1.0036428262833352]
80018540,93057,390392,664,2;[89507.04, 1278, 0.6375616418230458, 1.2976197845124224, 1087.8727648907523, 0.8377737703964345, 1.0035624224472641]
80018540,93057,390392,664,3;[105594.12000000001, 1334, 0.5651232215813342, 0.9985049977099385, 2383.192464747565, 0.7434004618976892, 1.0065688950413332]
80018540,93057,390392,666,1;[103669, 1560, 0.6787779378783151, 1.194533599458007, 656.0801069282753, 0.8383019892963038, 1.00220415502557]
80018540,93057,390392,666,2;[104599.81, 1376, 0.6312153517807682, 1.274424895186158, 1201.6585798752676, 0.793317567658513, 1.0030353862129564]
80018540,93057,390392,666,3;[74819.81000000001, 1100, 0.6356770736004476, 1.2894161812515996, 997.044270237305, 0.8544894472632072, 1.007443344801188]
80018540,93057,390393,668,1;[77235, 1340, 0.6907235973327811, 1.3351000379442075, 731.8695070389924, 0.9101207016324081, 1.0031626867901002]
80018540,93057,390393,668,2;[79232.58, 1206, 0.6176873285037022, 1.2306586370480312, 1298.2635828955229, 0.8163140077633972, 1.0061427567604324]
80018540,93057,390393,669,3;[104695.40000000001, 1292, 0.6087334646363953, 1.0824975682329614, 1383.3466546532777, 0.8107066655959793, 1.0015071096258437]
80018540,93057,390393,671,1;[107553, 1468, 0.6463525635387078, 1.0290406466305275, 1142.8461793065353, 0.8306826579198895, 1.0047034315900587]
80018540,93057,390393,671,2;[102732.7, 1368, 0.6207082963762602, 1.2596876266606913, 1277.442648411397, 0.7798155665880327, 1.0078039726131343]
80018540,93057,390393,671,3;[79349.03000000001, 1132, 0.6193981620994462, 1.2548031222108593, 1228.8366848845376, 0.8256208283960487, 1.0059398718238186]
80018540,93063,390411,1179,3;[97723.47, 1300, 0.6085217582105789, 0.8418976645427846, 1374.2350352887358, 0.8436255987879236, 1.0051716363226424]
80018540,93063,390411,1180,1;[106775, 1562, 0.6677331492563972, 1.1348596402597444, 775.4895630589048, 0.8450103595218165, 1.0059968814332216]
80018540,93063,390411,1180,2;[103644.23999999999, 1400, 0.6287310576621268, 1.1229584501617815, 1529.1017650367155, 0.8092999894445038, 1.0080847246737463]
80018540,93064,390421,1301,3;[77020.03, 1148, 0.6447487662708595, 1.2427380175772504, 938.0565673138256, 0.8569297962286385, 1.0000266820829813]
80018540,93064,390421,1302,1;[107558, 1570, 0.6639210130733635, 1.1344583864117437, 770.7108482525346, 0.8385738897616475, 1.0070219459216538]
80018540,93064,390421,1302,2;[78563.8, 1268, 0.6407798621752037, 1.2863034454709916, 1045.3525106807197, 0.85102715037244, 1.0062337108106871]
80018540,93067,390433,77,2;[81711.34999999999, 1256, 0.6146320792665252, 1.2266147018503917, 1377.1164926446763, 0.7918640043828582, 1.0055354606294025]
80018540,93067,390433,77,3;[105792.77, 1282, 0.5874307289502418, 1.2534914368407881, 1815.0288578450222, 0.7319408250969321, 9999]
80018540,93067,390433,78,1;[107683, 1574, 0.6934273842333262, 1.1310820611821624, 576.0751688286515, 0.8706511582515143, 1.0065054632805854]
80018540,93072,390473,383,1;[107204, 1516, 0.6808311799160739, 1.2994579037107419, 774.6589268610473, 0.879690285119595, 1.0036793963168587]
80018540,93072,390473,383,2;[97019.51, 1310, 0.5979233413929422, 1.2300046034162235, 1988.4535124903643, 0.7528957032335835, 1.0060650933209934]
80018540,93072,390473,383,3;[104574.84000000001, 1348, 0.5863872742056697, 0.9894896649435277, 1988.0701074285187, 0.7631972685062642, 1.0064342597964242]
80018540,93072,390475,379,1;[107527, 1590, 0.7018718567705161, 1.097523396496548, 532.9477446555231, 0.8880626896417684, 1.0064819884962255]
80018540,93072,390475,379,2;[106626.37999999999, 1374, 0.6477795287342016, 1.2783001586729412, 975.7012351001232, 0.8220314900147152, 1.0023435970579186]
80018540,93072,390475,379,3;[107013.44, 1296, 0.5862714625289094, 1.2397033480739064, 1766.7094229610645, 0.7340547764784936, 1.0030948620153843]
80018540,93072,390475,381,2;[85380.12, 1276, 0.6075016726789091, 1.1613562308044294, 1789.448426271464, 0.8025872104571097, 1.005394952566456]
80018540,93072,390475,381,3;[92302.38, 1246, 0.5945484895836537, 1.2238552459309922, 1633.468840896811, 0.7789540966348997, 1.00218662144674]
80018540,93072,390475,382,1;[80187, 1324, 0.6519584669917413, 0.990653367391585, 1125.718020394641, 0.8569467280247167, 80187.0]
80018540,93091,390591,685,1;[97809, 1496, 0.6553331186723528, 1.0675887954840972, 937.3669658940379, 0.8448493000361343, 1.002038725540416]
80018540,93091,390591,685,2;[77521.36, 1230, 0.6698026681651966, 1.0917492092940788, 877.9244417165355, 0.8794684381792113, 1.0066990673847367]
80018540,93091,390591,685,3;[75999.38, 1142, 0.6376717290657126, 1.2880861148403695, 1035.1456946690175, 0.8556036725162606, 1.0019506556370334]
80018540,93092,390594,747,1;[104110, 1576, 0.6864899850762265, 1.1541583082981306, 606.4347523470101, 0.8426824770765363, 1.0029913438889397]
80018540,93092,390594,747,2;[78353.17, 1300, 0.6482745128443492, 1.2704622749844705, 957.8487018660192, 0.8640557159794496, 1.0045388318038615]
80018540,93092,390594,747,3;[95761.63, 1296, 0.5941391086550839, 0.8173564447173708, 1619.1451257965455, 0.8203976254280849, 1.0043320521570458]
80018540,93097,390629,1115,1;[100783, 1426, 0.727039823049863, 1.462538009114547, 416.55967096667996, 0.9222170156899125, 1.0065164959727555]
80018540,93097,390629,1115,2;[106413.37, 1452, 0.6218258509795979, 1.0294598824356223, 1403.0036144470564, 0.8084572712839344, 1.0071348526571273]
80018540,93097,390629,1115,3;[103285.67000000001, 1338, 0.5984690025937559, 0.9405747340865872, 1738.3809926932968, 0.7956431128113169, 1.0074364096773547]
80018540,93099,390643,1327,1;[99076, 1464, 0.6742814679632538, 1.2498126936937601, 888.7035249779117, 0.8830605070513482, 1.0047715391129297]
80018540,93099,390643,1327,2;[89824.76999999999, 1330, 0.6076549596296001, 1.1151717828347012, 1776.7616466888014, 0.8087634745408662, 1.0075281303808112]
80018540,93099,390643,1327,3;[107298.40000000001, 1348, 0.60248578039334, 0.9511992168952895, 1751.4343569731886, 0.8114455878619384, 1.0063862868303715]
80018540,93100,390653,1345,1;[89491, 1410, 0.7062033096826196, 1.126068597253108, 467.25079306315433, 0.9110752401287348, 1.0065233773098943]
80018540,93100,390653,1345,2;[98973.48999999999, 1360, 0.626790974914895, 1.2219230453925705, 1483.8642681840415, 0.7966508576129603, 1.0043169290031215]
80018540,93100,390653,1345,3;[95197.19, 1234, 0.5969730755225778, 1.0589981468983747, 1873.2408209537277, 0.7932932413068146, 1.0036397775691486]
80018540,93102,390666,1474,2;[78284.15, 1248, 0.6055567510902651, 1.2290133881809098, 1666.9428059824752, 0.791335494796907, 1.0045045045045045]
80018540,93102,390668,1471,2;[103217.03, 1366, 0.6252354997289424, 1.2518325133735755, 1222.9479591690683, 0.761147627271105, 1.004289857757348]
80018540,93102,390668,1471,3;[78929.81000000001, 1120, 0.5920762350549664, 1.1729579956593181, 1996.081710475042, 0.7679341545557343, 1.0075990101174392]
80018540,93102,390668,1473,1;[82794, 1358, 0.6528861622332662, 1.1001200996182094, 994.1629850771113, 0.8524828669907074, 1.0040139213950499]
80018540,93103,390670,1530,1;[104857, 1490, 0.6668970974826087, 1.2207125348691041, 876.6540031894679, 0.8691957726002516, 1.0037476487452794]
80018540,93103,390670,1530,2;[79834.72, 1234, 0.6453222745331224, 1.2984671192782968, 964.502921275372, 0.8596317773318618, 1.0028701267639322]
80018540,93103,390670,1530,3;[105340.67000000001, 1264, 0.5968661237287604, 1.12133383244083, 1705.8259812254391, 0.7573600056467158, 1.0049403369362069]
80018540,93103,390672,1527,1;[98717, 1412, 0.6523257059747888, 1.0577458122760552, 1223.6370515367312, 0.8341623699493186, 1.0077070700884017]
80018540,93103,390672,1527,2;[82632.41, 1256, 0.609957726595331, 1.1908733643463005, 1776.0788311621052, 0.8067807206013342, 1.0026351317204882]
80018540,93103,390672,1528,3;[99294.86, 1272, 0.5973490201480233, 1.0197332135805872, 1836.851254760354, 0.8108473880563901, 1.008480766956316]
80018540,93114,390740,2046,1;[104191, 1490, 0.641678009473416, 1.0356039334673028, 1338.4282090234728, 0.8313031284489406, 1.002960046590652]
80018540,93114,390740,2046,2;[79455.11, 1246, 0.6003525794619397, 1.3334732420196669, 1982.9299872689553, 0.785243286292209, 1.0049367107659428]
80018540,93114,390740,2046,3;[106422.97, 1236, 0.5747395849396675, 1.1569092964390393, 2324.606081418958, 0.6986759238802998, 1.0065108806208982]
80018540,93114,390746,2043,1;[80189, 1342, 0.649847062226008, 0.9864523235285025, 1135.9959236280342, 0.8520106915120622, 1.002036838027641]
80018540,93114,390746,2043,2;[78667.33, 1348, 0.6187310991619797, 1.0726352787592501, 1676.2554916279819, 0.8217121508764792, 1.0044595713645377]
80018540,93114,390746,2045,3;[105846.20000000001, 1304, 0.6224750469710956, 1.2165193534438123, 1208.799018609239, 0.801769383931584, 1.0054789885344682]
80018540,93115,390750,93,1;[107733, 1544, 0.6500991414278479, 1.1828772234683833, 1032.7406689409165, 0.8162622258900021, 1.0043162114291042]
80018540,93115,390750,93,2;[106954.81999999999, 1380, 0.589527535655566, 1.2334056880710382, 1786.2728117329518, 0.7457934521837691, 1.005245556934984]
80018540,93115,390750,93,3;[106533.94, 1316, 0.5817729322164522, 1.023144724743698, 2152.8122478254872, 0.762872917233474, 1.0029018404116745]
80018540,93115,390750,95,1;[106724, 1498, 0.6658330752373649, 1.220099995632911, 866.8138505841317, 0.8683198975247345, 1.0021832728433724]
80018540,93115,390750,95,2;[93504.25, 1282, 0.5921842699003238, 1.286586103468154, 1897.4685248493058, 0.7391977162230644, 1.0048339450362547]
80018540,93115,390750,95,3;[83541.23000000001, 1154, 0.589053642945923, 1.2169938056181693, 1998.808495000257, 0.7824574050910459, 1.0041166493767393]
80018540,93119,390773,326,2;[104329.68, 1310, 0.6199065605599309, 1.232892976110947, 1366.8654911920644, 0.7767178231196314, 1.007023851229892]
80018540,93119,390773,327,1;[95620, 1442, 0.6636358469097573, 1.0499392519425843, 789.5325800922876, 0.8658110553557834, 1.0008949646462797]
80018540,93119,390773,327,3;[105610.56000000001, 1304, 0.6032780227012956, 1.1705485349461517, 1572.8430147969411, 0.7709152915177262, 1.0020017157563625]
80018540,93122,390792,1689,1;[100886, 1432, 0.6866262363260748, 1.22674829369878, 758.6720139352152, 0.8720804347500393, 1.0074143603928363]
80018540,93122,390792,1689,2;[77943.81, 1202, 0.5984099846914355, 1.2170143094378554, 1828.2359181167392, 0.783155214342382, 1.0104751619870411]
80018540,93122,390792,1689,3;[96671.31000000001, 1194, 0.6077330507357311, 1.1734823381586086, 1790.8691575652435, 0.7840652649299031, 1.006568952605114]
80018540,93122,390794,1691,1;[104254, 1482, 0.6696654621085326, 1.1295199433646268, 762.3065403773348, 0.8378685539316769, 1.0042190028511984]
80018540,93122,390794,1691,2;[82841.84999999999, 1258, 0.6348714035484944, 1.2888168332862189, 1077.7443693370426, 0.8421299644359126, 1.0058008914445882]
80018540,93122,390794,1691,3;[106375.02, 1284, 0.6157532423197629, 1.2348356995128378, 1269.4130322881554, 0.7738947343502383, 1.000915243312923]
80018540,93129,390841,511,1;[107039, 1456, 0.6539239843615792, 1.0737006029636815, 1060.4032479963366, 0.8258908464315392, 1.004834591265818]
80018540,93129,390841,511,2;[97578.81, 1314, 0.6264066438058677, 1.2543331361116024, 1193.9957508520786, 0.8164221167537029, 1.0056538055875788]
80018540,93129,390841,511,3;[105437.94, 1304, 0.5881651312026547, 0.9707330754814764, 1927.3894050591593, 0.7884144687268164, 1.0051326254750617]
80018540,93134,390880,789,2;[103108.73999999999, 1308, 0.6280567436711156, 1.2210623762975172, 1274.2083722658424, 0.7923510538618123, 1.0022324268677778]
80018540,93134,390880,789,3;[78253.03, 1144, 0.6316762062595644, 1.1984435366290314, 1063.6853612107172, 0.8535222025552615, 1.0041841739772508]
80018540,93136,390894,978,1;[103190, 1484, 0.6792477145645186, 1.2404102681801883, 843.1379530303087, 0.8817800816398308, 1.0054613926794926]
80018540,93136,390894,978,2;[88908.47, 1288, 0.6061161114031539, 1.226838494322095, 1456.573213524671, 0.7919456465346778, 1.0037145755106702]
80018540,93136,390894,978,3;[104929.67000000001, 1344, 0.6061296357411998, 0.9938000611553942, 1701.9029245979063, 0.8175872817463181, 1.0066769186283402]
80018540,93138,390912,1218,1;[85965, 1426, 0.7087822982904955, 1.1765993288161982, 496.1162826858614, 0.9172190096226094, 1.003794955628211]
80018540,93138,390912,1218,2;[86518.95, 1288, 0.6157301960425922, 1.2137513511834241, 1407.357029746813, 0.7979918993944435, 1.0059355802756103]
80018540,93138,390912,1218,3;[102732.19, 1282, 0.585942946784801, 0.9249264324856421, 1784.5232591860452, 0.7884313519215908, 1.0029961344515335]
80018540,93138,390915,1216,1;[106470, 1486, 0.647809476566181, 1.1022904356601546, 1037.9176329568754, 0.8511574941212356, 1.004339213281766]
80018540,93138,390915,1216,2;[101316.59999999999, 1376, 0.6046586969351715, 1.1105754545698958, 1637.6801942123286, 0.772392738551141, 1.0060381193208001]
80018540,93138,390915,1216,3;[107624.46, 1328, 0.5910750864546103, 0.9490548105395289, 1830.628711588865, 0.8007200061834291, 1.007276527269347]
80018540,93142,390940,256,1;[100132, 1446, 0.6633512070166181, 1.080845402352085, 861.562112174174, 0.8711314451223511, 1.002041469858298]
80018540,93142,390940,256,2;[83323.8, 1252, 0.6462995622479191, 1.2613865147184486, 976.3756950355413, 0.8616320568776211, 1.005009257797362]
80018540,93142,390940,256,3;[79120.24, 1122, 0.5913186095825818, 1.2055194047345668, 1695.3932070310916, 0.7851019806229662, 1.006009720068981]
80018540,93162,391023,62,2;[87564.95999999999, 1278, 0.619079071476322, 1.1816398873705611, 1639.5275110370692, 0.8008608723099253, 1.0043883296365808]
80018540,93162,391023,62,3;[104835.14000000001, 1356, 0.6123735934603677, 0.9399961732242682, 1536.8505691049104, 0.8136963436201903, 1.002771571408915]
80018540,93162,391023,63,1;[78742, 1302, 0.6512400079411311, 0.9355871785701219, 1210.6289657276543, 0.8579081166727384, 1.0092734415555284]
80018540,93163,391026,155,1;[78200, 1362, 0.6982660992196139, 1.284365208681178, 727.7368159987867, 0.9156881147743738, 1.00561317327538]
80018540,93163,391026,155,2;[95624.83, 1310, 0.6526999580790999, 1.2610765409669087, 984.335893270063, 0.8472956520443553, 1.0019326201341612]
80018540,93163,391026,155,3;[78751.71, 1124, 0.6053941930647435, 1.1889797357476213, 1446.1250020520968, 0.8104711145606706, 0.9974059775300395]
80018540,93163,391026,157,1;[79359, 1322, 0.6517190270287773, 1.0212175365591654, 1103.4816310071265, 0.8576313881864375, 1.0067745004757374]
80018540,93163,391026,157,2;[78683.98999999999, 1218, 0.6123582678914072, 1.2140675403295038, 1835.142885814816, 0.8002997898594558, 1.0075734487382666]
80018540,93163,391026,157,3;[90387.12000000001, 1192, 0.6334808876111817, 1.2319143563902397, 1033.520764509901, 0.8405391987372857, 1.0021797744275245]
80018540,93164,391034,216,1;[78865, 1316, 0.7001449870824975, 1.1676330127678625, 644.3658743276076, 0.9097908565355234, 1.0028738920891669]
80018540,93164,391034,216,2;[104546.26, 1356, 0.6534458764564339, 1.2746967878945528, 918.86421160943, 0.821965656453814, 1.0047289299580857]
80018540,93164,391034,216,3;[97537.15000000001, 1196, 0.5786893697933863, 1.1077574185304537, 2075.573442137353, 0.7695821941187935, 1.0042032808158314]
80018540,93164,391034,220,1;[93634, 1412, 0.6664705166325086, 0.9976496461940446, 856.941247872236, 0.8674238594382669, 1.0050502611001089]
80018540,93164,391034,220,2;[75503.12, 1178, 0.6631369707916217, 1.288008021685561, 795.1028770954618, 0.8872991545719567, 1.0082313681868742]
80018540,93164,391034,221,3;[101112.85, 1256, 0.6350797752403563, 1.2103140791596028, 997.0390589643977, 0.8323268981203961, 1.0022270202740322]
80018540,93164,391036,212,1;[92622, 1412, 0.6650560072733606, 1.0194951346464336, 790.9651515400237, 0.8649518493014424, 1.0028693006485703]
80018540,93164,391036,212,2;[91996.51999999999, 1340, 0.6088081649578498, 1.181097625347396, 1806.4175141337414, 0.793509497502588, 1.0073753616012093]
80018540,93164,391036,212,3;[105516.03000000001, 1342, 0.5897954541273333, 1.0565073593998178, 1728.9909137002576, 0.7828535968980028, 1.0020165487094088]
80018540,93164,391036,214,1;[102553, 1482, 0.6494168602142402, 1.126303242491954, 1103.955063884959, 0.8447490546014987, 1.002762282378594]
80018540,93164,391036,214,2;[76212.36, 1202, 0.660199548877113, 1.2373517515047698, 921.5542605347006, 0.8640692702481931, 1.0086781219977006]
80018540,93164,391036,214,3;[92095.51000000001, 1260, 0.6253036781695365, 1.2640038034589463, 1148.4618074372029, 0.8218680910826013, 1.0063699988772035]
80018540,93166,391050,394,1;[95706, 1422, 0.6655515352449183, 1.0254634382782535, 772.6587182040221, 0.870832860493918, 1.003060347538097]
80018540,93166,391050,394,2;[100244.40999999999, 1412, 0.6114762958167763, 0.9222339744669963, 1512.1686436755786, 0.8085689097787863, 1.0036338075154287]
80018540,93166,391050,394,3;[96657.61, 1296, 0.6412418489398198, 1.1330912268652125, 1243.020568314064, 0.8451875125358695, 1.0085627698201676]
80018540,93171,391071,567,1;[79977, 1342, 0.6968799166468019, 1.2307123515382965, 580.695700256601, 0.9069025966878373, 1.003752604232034]
80018540,93171,391071,567,2;[106389.56999999999, 1388, 0.6174962046730506, 1.2258856812355152, 1260.5383762681429, 0.7905569696245917, 1.0037611712399515]
80018540,93171,391071,568,3;[102075.96, 1248, 0.6577071089212648, 1.1216557648905858, 828.1872410586669, 0.8436674488257948, 1.0063684804116888]
80018540,93172,391085,712,1;[79149, 1310, 0.6526038467532735, 1.0519837591768118, 1081.6649214759623, 0.8537641828497744, 1.0052581444084587]
80018540,93172,391085,712,2;[96732.72, 1412, 0.594777382744312, 0.9223865242100477, 1992.3592724164844, 0.8018711394874155, 1.0077795203352322]
80018540,93172,391085,713,3;[78833.91, 1132, 0.5948347050233666, 1.1520872901372619, 1910.7384665879774, 0.7687725147893242, 1.004810756537303]
80018540,93181,391152,102,1;[106729, 1578, 0.6749704095749174, 1.1552888621741793, 670.4010065866415, 0.8458054749796935, 1.0063599375792636]
80018540,93181,391152,102,2;[106274.14, 1358, 0.6137854845042063, 1.230981654391909, 1455.8166381523479, 0.7545202900246362, 1.0028916826223913]
80018540,93181,391152,102,3;[106406.53000000001, 1280, 0.5780432694387074, 1.2681738727634149, 1978.9835678044305, 0.7184838830725522, 1.0015022081815543]
80018540,93181,391155,96,1;[102419, 1502, 0.6766464737762218, 1.1104810807772805, 613.2179416964061, 0.844261302766223, 1.0055471557327154]
80018540,93181,391155,96,2;[83587.98, 1268, 0.6472224153317994, 1.259633563265172, 966.3299699823649, 0.8647873514457333, 1.0043251667512636]
80018540,93181,391155,98,3;[78495.52, 1138, 0.6338425402994717, 1.216746050499093, 953.9489945402072, 0.860047932534693, 1.0016345439447576]
80018540,93181,391155,99,1;[106339, 1590, 0.6804642395425926, 1.119261337729452, 613.0877383007031, 0.8544332209322545, 1.0029946756082493]
80018540,93181,391155,99,2;[101843.76999999999, 1362, 0.6436261826436971, 1.26871601846111, 974.6454171632529, 0.7944280896905909, 1.0072380190189247]
80018540,93181,391155,99,3;[81498.56000000001, 1130, 0.5894816814732066, 1.2048779086839942, 1944.113797275751, 0.773368642676144, 1.007477157833233]
80018540,93248,391433,57,1;[107299, 1526, 0.6812220952652108, 1.2019924528817143, 823.1395093620207, 0.865048430086918, 1.0100773332956787]
80018540,93248,391433,57,2;[102531.59, 1306, 0.6110555311361523, 1.2351768720503118, 1441.1822960065826, 0.752045939649177, 1.0062363506837797]
80018540,93248,391433,57,3;[77307.73000000001, 1130, 0.6240535369572212, 1.2952582368709873, 1097.3773784509083, 0.8480190029989453, 1.004584175249014]
80018540,93261,391467,270,1;[102222, 1510, 0.669397553475477, 1.1502965376914398, 955.3719349019385, 0.8752210967382079, 1.005355167072361]
80018540,93261,391467,270,2;[103881.04999999999, 1370, 0.6390056639078366, 1.2580867954821657, 1060.1427274828786, 0.8025048503137078, 1.004666846972304]
80018540,93261,391467,270,3;[97904.31000000001, 1324, 0.5856050834154399, 0.8070163130045205, 1666.0500839548802, 0.8277715695139136, 1.0025603075174838]
80018540,93262,391477,417,1;[108563, 1532, 0.6532725650368096, 1.134315557535021, 948.6234786980538, 0.8235482180481516, 1.002965577132721]
80018540,93262,391477,417,2;[88271.81999999999, 1302, 0.6387841087814635, 0.9701550524757361, 1085.5446947872247, 0.8618713727069957, 1.0052649767243307]
80018540,93262,391477,417,3;[107323.06000000001, 1296, 0.5770694702603645, 1.2179694620809807, 2102.193153971709, 0.7079412364613091, 1.0018095439054178]
80018540,93265,391501,686,1;[104501, 1482, 0.66857168186584, 1.2152965450318591, 854.7376176611817, 0.8704156728736596, 1.0033508718027497]
80018540,93265,391501,686,2;[77077.48999999999, 1240, 0.6438743566314465, 1.2866401429639198, 965.6092058554885, 0.8645306839292465, 1.0054486184414777]
80018540,93265,391501,686,3;[78143.43000000001, 1134, 0.589129832444099, 1.1806331126445477, 1838.3153711596167, 0.7770383100814748, 1.0007368808884678]
80018540,93265,391502,688,1;[81866, 1354, 0.645846692697329, 1.0164667539675585, 1186.7490109410273, 0.8392244422527511, 1.0004460494076097]
80018540,93265,391502,688,2;[103797.75, 1376, 0.6309299669807176, 1.2626908572293538, 1120.5775240666426, 0.8084435769567772, 1.0059509393488566]
80018540,93265,391502,688,3;[76822.75, 1158, 0.6273829029810507, 1.301918971488932, 1171.437641444156, 0.8425505580687068, 1.0035973798188782]
80018540,93272,391516,751,1;[106440, 1466, 0.6804724943960591, 1.166585767249617, 643.6718359155465, 0.8418031101408013, 1.006101451398702]
80018540,93272,391516,751,2;[106055.18, 1382, 0.6479785222532954, 1.265249791019806, 987.5585061844423, 0.8242035357386607, 1.0050635480924295]
80018540,93272,391516,751,3;[91951.66, 1256, 0.6348725613199557, 1.2499076373943971, 1083.5477028557175, 0.8417130975415853, 1.0058747714534064]
80018540,93273,391523,812,1;[87123, 1398, 0.6790757603996365, 1.1844220767164122, 947.5506297598365, 0.8762651186432878, 1.0032068812647894]
80018540,93273,391523,812,2;[95543.90999999999, 1270, 0.5998599623462539, 1.2291947210188412, 1972.3407885411548, 0.7422003978562886, 1.0105346624376983]
80018540,93273,391523,813,3;[103045.92000000001, 1212, 0.5862653827679001, 1.13630789075567, 1991.826045116287, 0.7485240987041698, 1.0060658752716938]
80018540,93314,391804,1,1;[103082, 1512, 0.6960005683485444, 1.236722808743532, 542.7964435873405, 0.8600085481604859, 1.0082256628945334]
80018540,93314,391804,1,2;[104589.09999999999, 1410, 0.6499297165250534, 1.3436499959694348, 1013.7109758555039, 0.8287382117037596, 1.0103285953225316]
80018540,93314,391804,2,3;[103336.36000000002, 1268, 0.6337880372758885, 1.2396690500897705, 1108.9068832603486, 0.8081639700771106, 1.002591947682533]
80018540,93314,391808,4,1;[82841, 1340, 0.6860329814872664, 1.186052004977117, 784.9533128120557, 0.8949628095981197, 1.003209164890525]
80018540,93314,391808,4,2;[103332.45999999999, 1306, 0.5861035035307476, 1.3235803183980457, 2445.8607349003714, 0.7248310130584754, 1.0100441430490692]
80018540,93314,391808,4,3;[92912.03000000001, 1174, 0.566738682425258, 1.2242019245648743, 2336.7814006844183, 0.7629682704109536, 1.0052471651967687]
80018540,93329,391876,177,1;[101647, 1496, 0.6876986307348685, 1.2096910411169928, 582.5606009519771, 0.8536017772510986, 1.0026138762304946]
80018540,93329,391876,177,2;[99229.34, 1330, 0.6532667819975895, 1.2863037172783145, 1010.4554992855866, 0.8380557725422157, 1.0045537779491134]
80018540,93329,391876,177,3;[78784.59000000001, 1218, 0.619013505260295, 1.2361536092950318, 1108.582361962585, 0.8333068934434557, 1.001393072944782]
80018540,93341,391965,157,1;[105581, 1490, 0.6825847641474206, 1.2093348564735322, 775.2217355292294, 0.8575223580378548, 1.0028780941887194]
80018540,93341,391965,157,2;[104800.92, 1424, 0.6226715099701832, 1.084896870788687, 1454.8335195366728, 0.8052672563586063, 1.005795992485196]
80018540,93341,391965,157,3;[90761.13, 1156, 0.5754851426261175, 1.1624605498884255, 2129.2539337944713, 0.7623189901213748, 1.0094393527300984]
80018540,93346,391999,1,2;[102017.51, 1360, 0.620668906868777, 1.2082746292076543, 1415.4160424525, 0.7828862289617795, 1.0027487309050926]
80018540,93346,391999,1,3;[109020.49, 1254, 0.6035477517842005, 1.2039942925339773, 1642.4505119239645, 0.7601421232003519, 1.0057887485938901]
80018540,93377,392047,77,2;[78833.93, 1234, 0.662783604404602, 1.2716676750057787, 826.080095388432, 0.8848803616018441, 1.0022693919542491]
80018540,93377,392047,77,3;[96452.11, 1240, 0.6261808823930344, 1.2021383553702454, 1063.147192934275, 0.8337237336948656, 1.0021993352171221]
80018540,93377,392047,78,1;[81343, 1362, 0.6681993439891608, 1.0972652975224424, 830.1176681895852, 0.8754610375918171, 9999]
80018540,93378,392054,93,1;[83961, 1478, 0.6653047824015674, 1.1854272731883626, 856.7478459171087, 0.866163065205013, 9999]
80018540,93378,392054,93,3;[105479.04000000001, 1356, 0.6035983312569517, 1.0142826224276589, 1684.0568861333775, 0.793897639467933, 1.006530051965879]
80018540,93378,392054,94,2;[105105.56, 1442, 0.6267871020465732, 1.0260991372068256, 1419.5292245616993, 0.8045939637833015, 1.0045608088895965]
80018540,93384,392077,330,1;[103092, 1500, 0.6466913431719531, 1.18487720275931, 1035.5080687004447, 0.8199022609020731, 1.0019535236318045]
80018540,93384,392077,330,3;[77791.34000000001, 1116, 0.6352123038825843, 1.2689391547593802, 1040.8765969815306, 0.8429565948237597, 0.9991114239211719]
80018540,93384,392077,332,2;[104633.12999999999, 1386, 0.5999275599414716, 1.2166647105863135, 1800.6969021674774, 0.7246526231119614, 1.0044552589190856]
80018540,93389,392118,630,2;[103438.37, 1380, 0.6042925582731208, 1.2524725389443538, 1619.687766311209, 0.740055780112436, 1.0055295274451963]
80018540,93389,392118,630,3;[96216.47, 1254, 0.6157311546351857, 1.2627197942550987, 1206.2626312898935, 0.8227242659507668, 1.0028558781111223]
80018540,93389,392118,631,1;[85921, 1432, 0.7070586472648398, 1.2135734515200272, 502.20453037090226, 0.9176065005202413, 0.9960873421170088]
80018540,93389,392120,626,1;[77740, 1304, 0.7172469501398526, 1.4573391902833392, 548.0104523107012, 0.9176301112498316, 0.9952885747938751]
80018540,93389,392120,626,2;[104531.98, 1388, 0.6295931616206737, 1.22622634595698, 1128.5226727194347, 0.7969725404315052, 1.0076397173534]
80018540,93389,392120,626,3;[107177.84000000001, 1330, 0.6045784624285419, 0.9944272532010412, 1793.4014754835557, 0.786410770336457, 1.0051521887165782]
80018540,93389,392120,628,2;[78112.79, 1196, 0.5920048309825272, 1.1511178727622664, 2069.098020730402, 0.7692360482088859, 1.0045682365994566]
80018540,93389,392120,628,3;[102926.73000000001, 1254, 0.5655701893364992, 1.164602013139729, 2527.802661795987, 0.6991490534151465, 1.0052719609286145]
80018540,93389,392120,629,1;[104319, 1548, 0.6744109870375613, 1.1522708285105447, 684.0902164688343, 0.8641824036684618, 1.0040472191610081]
00023698,93080,390528,134,1;[36900, 898, 0.9978155479327312, 1.0259673944738459, 89.73238912855744, 0.9929930238391793, 0.9837638966648005]
00023698,93080,390528,134,2;[39364.009999999995, 820, 1.0504391901326098, 1.022399976459444, 131.86334323534342, 0.9822628171354302, 1.0140555785472325]
00023698,93080,390528,134,3;[55474.04, 910, 1.2348669144335471, 0.954528904486548, 84.48481776732575, 0.9923977465338607, 26994.666666666668]
00023698,93244,391403,53,2;[43991.92, 860, 1.0139415938895173, 1.0212939734954087, 88.72411398565121, 0.9915332214735743, 9999]
00023698,93244,391403,54,1;[45368, 944, 1.0138822074695624, 0.9740646097252217, 57.91967425793741, 0.993886083647604, 1.000099198694986]
00023698,93244,391403,55,3;[38692.91, 766, 1.0128055678324268, 1.0020142613457823, 123.04365198080062, 0.9864740144323954, 0.9985680697226298]
00023892,93026,390259,210,1;[115384, 1676, 0.9705763288702812, 0.9705763288702812, 27.44450635858385, 0.9967809945790217, 0.9971869206936336]
00023892,93026,390259,211,2;[117053.15999999999, 1570, 1.0149650236071255, 0.9746772383627069, 32.01824097753799, 0.9959190027831599, 0.996711876257112]
00023892,93026,390259,211,3;[116700.71, 1438, 1.0186254340279237, 0.9437976061425024, 56.93241554978748, 0.9908537816795847, 9999]
00023892,93026,390259,212,1;[115337, 1664, 0.9804131521278897, 0.9889032468085639, 29.32303153461915, 0.9964262448288627, 0.9924920079683675]
00023892,93026,390259,212,2;[117691.0, 1554, 1.014747909288223, 0.9808503008994244, 33.38817836122004, 0.9959185983378324, 9999]
00023892,93026,390259,212,3;[114356.64000000001, 1394, 1.0039062202291396, 0.9507977939312924, 37.10296143051946, 0.9936297065684685, 9999]
00023892,93026,390259,214,1;[120043, 1634, 1.0032661182443197, 0.9887838124952426, 22.927187669422857, 0.9969424029558446, 0.9982495311986761]
00023892,93026,390259,215,3;[114305.95000000001, 1398, 1.010278510246198, 0.9543713578041263, 39.13504025500448, 0.9933049493998183, 9999]
00023892,93026,390259,216,2;[116758.04, 1568, 1.0123332269148082, 0.98091887278259, 29.98789604125521, 0.996023856518871, 0.9963240520725442]
00023892,93049,390350,751,2;[112488.31999999999, 1480, 0.9848740726439702, 0.9929826624223882, 26.49613653842162, 0.9961483784872827, 9999]
00023892,93049,390350,752,3;[118309.09000000001, 1532, 1.0130833231157215, 0.9721992345752148, 59.29260583943325, 0.9911236827270111, 9999]
00023892,93049,390350,753,1;[115862, 1658, 0.9829469492684024, 0.9978529551266063, 24.60371064380052, 0.9960469422803894, 0.9909383646292598]
00023892,93049,390350,756,2;[116076.17, 1538, 1.0085478725212538, 0.9927081192712227, 43.37188848757056, 0.9943862237694245, 9999]
00023892,93049,390350,756,3;[117833.70000000001, 1382, 1.047327962051423, 0.9430491915437306, 103.28006889242694, 0.9876476852572468, 0.9989779088945155]
00023892,93049,390350,757,1;[119330, 1636, 1.0075125795868425, 0.9942916148693116, 29.0029681718026, 0.9953227996444487, 9999]
00023892,93049,390350,758,3;[117121.3, 1400, 1.030931342867741, 0.9719735434960686, 74.73251000866165, 0.9910807744684849, 9999]
00023892,93049,390350,760,1;[119412, 1684, 1.0004737661313214, 0.9880028410604836, 28.934950571560975, 0.9954903479060804, 0.999870214146658]
00023892,93049,390350,760,2;[117228.09, 1564, 1.0405712513178689, 0.9825036010815462, 94.58212834702178, 0.9879751501300211, 0.9954779023530066]
00023892,93049,390350,761,1;[115473, 1576, 0.991677529821298, 0.9926776955103828, 36.86362273631874, 0.9942467519164607, 1.0014917476864902]
00023892,93049,390350,763,2;[118247.92, 1546, 1.0345050869305332, 0.994516715150005, 59.95186314319832, 0.9908730469999921, 9999]
00023892,93049,390350,763,3;[118310.46, 1494, 1.0361395917367435, 0.9712337522244107, 108.28824339469637, 0.9843328979744623, 0.9939059128182995]
00023892,93049,390350,766,1;[116227, 1652, 0.9751026370807013, 0.9892795240401203, 27.456611617824382, 0.9965442441576506, 0.9924685549359998]
00023892,93049,390350,767,3;[117711.77, 1466, 1.0214023858039325, 0.9691685127209577, 43.76655418360943, 0.9929606828812833, 10740.125]
00023892,93049,390350,769,2;[117706.47, 1490, 1.0202549609913965, 0.9997484379105231, 29.963769686372082, 0.995278891855519, 9999]
00023892,93049,390350,770,1;[117114, 1588, 1.0024585818836231, 0.9928265580916606, 32.869004539460455, 0.9955113006843905, 9999]
00023892,93049,390350,770,3;[118395.40000000001, 1410, 1.0424963099943128, 0.9275135170288007, 78.28360049762023, 0.9922517167138535, 9999]
00023892,93049,390350,773,2;[114238.81, 1522, 1.0044227657496143, 0.986742260703326, 36.17136856988099, 0.9948063335800724, 9999]
00023892,93099,390646,1221,2;[114072.20999999999, 1486, 1.0090858747803573, 0.9867088647928606, 38.53013999163804, 0.9934468550222741, 9999]
00023892,93099,390646,1222,1;[115757, 1704, 0.9986716907804245, 0.9931340390066832, 35.39650912607604, 0.9961712619634862, 0.989105543782897]
00023892,93099,390646,1222,3;[117585.73000000001, 1392, 1.1323117391248805, 0.9651113997953958, 50.31573890807299, 0.9940088735414381, 9999]
00023892,93103,390673,1487,1;[118131, 1640, 0.9941992381714719, 0.9832364950716539, 24.18140079113889, 0.9967673469878491, 0.9975637458357788]
00023892,93103,390673,1488,3;[117951.52, 1364, 1.034720293021279, 0.9614925636421753, 96.22023479779668, 0.98528403584093, 0.9961010262284081]
00023892,93103,390673,1489,2;[116541.45999999999, 1546, 1.014966414714585, 0.992022459678374, 40.09946663942671, 0.9947342202306876, 0.9929282227280332]
00023892,93103,390673,1491,2;[120403.01, 1514, 1.0503891899546012, 0.9843946252209498, 113.66690920960296, 0.984839104179109, 9999]
00023892,93103,390673,1492,1;[114627, 1678, 0.9987680845865211, 0.9924709850319351, 45.564953524898826, 0.9946129103177113, 0.9927122981592382]
00023892,93103,390673,1492,3;[112581.12000000001, 1362, 1.004285977747245, 0.9649001229124898, 31.23126453415144, 0.9956981357234577, 9999]
00023892,93103,390673,1495,2;[114817.15, 1510, 0.9930315460441014, 0.9870770259924616, 31.546042712339776, 0.9947702350629656, 9999]
00023892,93103,390673,1497,3;[113548.34000000001, 1404, 1.0054351093309934, 0.960491452600365, 28.91913419738997, 0.9948299282430487, 9999]
00023892,93103,390673,1498,1;[116314, 1654, 0.989772517025471, 0.9913499174139772, 25.89202116124958, 0.9956881817830718, 0.9948765321221763]
00023892,93103,390673,1499,1;[115761, 1706, 0.9962542217613665, 0.9812057965453727, 38.26655464467754, 0.9959036968410945, 0.9896936302274583]
00023892,93103,390673,1499,3;[117251.45000000001, 1500, 1.0242496834682837, 0.9748615169204323, 53.78139989410666, 0.9908513476631625, 34234.0]
00023892,93103,390673,1500,2;[113904.42, 1520, 1.0033341804562999, 0.9866325509813356, 31.931454020851525, 0.9944117262205622, 0.9918501209788144]
00023892,93122,390798,1587,3;[117843.29000000001, 1442, 1.0406381091708652, 0.97290517790024, 111.87571133625764, 0.982512094931687, 0.9956477955389904]
00023892,93122,390798,1589,1;[115972, 1698, 0.9778822539189395, 0.9908134710763481, 20.37117655163161, 0.9968449509462828, 0.9941706957446079]
00023892,93122,390798,1589,2;[117505.36, 1504, 1.0292453359150497, 0.9978651105229204, 41.27597117489877, 0.9945531923571351, 9999]
00023892,93122,390798,1590,1;[114476, 1708, 0.9714008354292216, 0.9792266459744134, 31.895664856885332, 0.9963746613606888, 0.9873600048300221]
00023892,93122,390798,1590,2;[115546.62, 1446, 1.0044099548766843, 0.9937778684089924, 34.96544073137213, 0.9941037791054449, 9999]
00023892,93122,390798,1592,3;[117977.55, 1424, 1.0384956777881869, 0.9582881772027657, 51.69301507743181, 0.993571167624946, 172230.0]
00023892,93139,390920,17,2;[116130.90999999999, 1510, 0.9981631323817355, 0.9808162066148503, 32.268889709424414, 0.993887002655094, 0.9946034641785189]
00023892,93139,390920,17,3;[117082.94, 1368, 1.01704474354301, 0.9629625559037094, 53.25214145749839, 0.9925764721536028, 9999]
00023892,93139,390920,18,1;[114291, 1656, 0.9814575364939319, 0.9959018721886728, 30.733984173391054, 0.9957475714305857, 0.9944271152817112]
00023892,93139,390920,19,1;[117141, 1708, 1.0011284673044343, 0.9784178992053928, 59.47460187917027, 0.9921109682880714, 0.9933264364697103]
00023892,93139,390920,20,3;[118051.53000000001, 1470, 1.0213625513322462, 0.9716452290970454, 85.44257796364806, 0.9849400431888099, 9999]
00023892,93139,390920,21,2;[115941.7, 1478, 1.0067750976010585, 0.9966286729292532, 25.270836994108723, 0.9955051948918705, 1.001742742428838]
00023892,93166,391047,301,1;[119197, 1602, 0.9934559797032223, 0.9948353663934025, 20.712104405988043, 0.9968702647084702, 0.9987055043296481]
00023892,93166,391047,301,2;[116151.14, 1540, 1.0002683910551358, 0.9928704150270152, 33.4848806094114, 0.9948215854848882, 9999]
00023892,93166,391047,303,3;[118637.89000000001, 1398, 1.0223579081250327, 0.9703534494557088, 42.23273852076505, 0.9934911546531924, 9999]
00023892,93166,391047,304,1;[117753, 1622, 0.9772164352433422, 0.9958620833402838, 25.766315361363983, 0.9967860458868003, 0.9972686967237064]
00023892,93166,391047,305,2;[117093.62, 1536, 1.002178459818774, 0.997850638667676, 24.4138911119299, 0.9964615269265222, 1.000127051242307]
00023892,93166,391047,305,3;[119032.45000000001, 1370, 1.0183846266174685, 0.9748323649170428, 37.875699129217296, 0.9947455224370897, 2199.6202531645567]
00023892,93166,391047,307,2;[115370.5, 1528, 1.0058060097422366, 0.9895282762600829, 39.93207841576104, 0.9944151817445519, 9999]
00023892,93166,391047,308,1;[115460, 1682, 0.9960968642594321, 0.9954651582763876, 40.582903883813906, 0.9951983391381567, 0.9932470213772635]
00023892,93166,391047,308,3;[118877.64000000001, 1454, 1.017150500848034, 0.9733966928934351, 36.44529966828555, 0.9937569319287601, 1324.7633587786258]
00023892,93166,391047,309,1;[119716, 1620, 1.0322619672169577, 0.9876387315526259, 46.38197855060344, 0.9944067144527013, 0.999419796219075]
00023892,93166,391047,309,2;[115416.90999999999, 1496, 1.0140101989435855, 0.9782871975660953, 49.76970517264166, 0.9923215994050387, 9999]
00023892,93166,391047,310,3;[117396.67000000001, 1446, 1.0322636927019022, 0.9549682020607355, 42.6314536599798, 0.9954496600959517, 9999]
00023892,93166,391047,312,2;[119097.58, 1476, 1.0286965797742729, 0.9766518066581236, 64.13464440773701, 0.9901136968339167, 100082.0]
00023892,93166,391047,313,1;[120302, 1688, 1.021004314514589, 0.9866737636844082, 42.55555215394716, 0.9931729686905908, 0.9957002685780263]
00023892,93166,391047,313,3;[119017.38, 1408, 1.0256435421473993, 0.9687818342517958, 44.27779058241403, 0.9929874755115312, 24821.14285714286]
00023892,93166,391047,315,1;[117580, 1706, 0.9911475015587408, 0.9998940038735258, 31.46718806602632, 0.9964770636421072, 0.9924037812288994]
00023892,93166,391047,315,2;[119473.62, 1562, 1.0290292751963206, 0.976969826578464, 59.39391504055549, 0.9910613417632356, 9999]
00023892,93166,391047,315,3;[120414.78000000001, 1524, 1.0420803432332637, 0.9716719340706381, 114.80932319891738, 0.9838297153742086, 0.9968696835658387]
00023892,93265,391506,609,1;[120450, 1668, 1.0130823848066772, 0.9934285035407959, 28.081715577593773, 0.9950777124707098, 9999]
00023892,93265,391506,609,3;[119976.38, 1438, 1.0627480642574758, 0.9590433977019611, 126.38952663022229, 0.9846962103710577, 0.99012968218255]
00023892,93265,391506,610,2;[119833.0, 1508, 1.0279624297293433, 0.9939602657133225, 34.05485042585448, 0.9943307197997148, 0.9989534301203803]
00023892,93265,391506,611,3;[119896.92000000001, 1368, 1.0267371543472592, 0.9680652141772095, 60.138477372720004, 0.9910185054986551, 175032.0]
00023892,93265,391506,612,2;[116885.37, 1548, 1.0145783774572443, 0.9803564738122116, 29.62078944142632, 0.9948200399301197, 9999]
00023892,93265,391506,613,1;[114481, 1610, 0.9955593575803238, 0.9902087238335712, 36.759064237107594, 0.9944111491071127, 0.9902515396858349]
00023892,93329,391882,87,1;[118271, 1616, 1.0194271800477344, 0.9951980347867928, 37.73351695185407, 0.9949972892828642, 0.9989948475377988]
00023892,93329,391882,87,2;[111247.15, 1430, 0.9892958805203751, 0.987969527216751, 25.62743346510477, 0.9960790202361292, 9999]
00023892,93329,391882,87,3;[115923.92000000001, 1414, 1.0215942370198658, 0.9563196493174627, 47.010858776237484, 0.9953242287886229, 9999]
00023892,93329,391882,89,1;[114628, 1672, 0.9914825066265023, 0.992449732020601, 46.0862142629913, 0.9941192467786226, 0.9939475920434248]
00023892,93329,391882,89,3;[114667.63, 1414, 1.0167941706478845, 0.9529070402788227, 69.36194070195396, 0.9896615259912896, 0.9922821576763485]
00023892,93329,391882,90,2;[116098.78, 1540, 1.024478526931865, 0.9929498654533664, 58.7047229351499, 0.9922725834272821, 9999]
00023892,93329,391882,92,2;[114627.93999999999, 1522, 1.0073552101636527, 0.9847883422105579, 36.85985021329225, 0.9940911230252352, 0.9904477918873066]
00023892,93329,391882,92,3;[114493.64000000001, 1356, 1.0098884038015559, 0.9575393429604518, 53.70771228318953, 0.9928164272628103, 9999]
00023892,93329,391882,93,1;[115389, 1646, 0.9791536811644996, 0.9912072497007227, 30.555962129969355, 0.9961549890584726, 0.995354855405318]
00023892,93329,391882,94,1;[116973, 1592, 0.994606233216065, 0.9965614043713638, 34.71012332712566, 0.9946580766084038, 0.9999615310636661]
00023892,93329,391882,94,2;[112866.73999999999, 1496, 1.003006582190011, 0.9923183925625743, 26.138494257660792, 0.99570058885804, 9999]
00023892,93329,391882,94,3;[114433.36000000002, 1410, 1.0214616209838423, 0.9517095185099957, 73.57692311392724, 0.9894936176987641, 0.990536726513768]
00023892,93329,391882,96,1;[115407, 1632, 0.9872182726007631, 0.9927104473525977, 23.989429741072772, 0.9960868400620199, 0.996795591563164]
00023892,93329,391882,96,2;[113005.97, 1516, 0.9882006017804126, 0.9825266807640969, 27.477798069064683, 0.9957344812378607, 0.9942780561096016]
00023892,93329,391882,96,3;[117169.25000000001, 1434, 1.0569068397282255, 0.9348208440309685, 110.45560734956277, 0.9883416942725053, 9999]
00023892,93329,391882,99,1;[118266, 1608, 1.0340711010663866, 0.9901960891665134, 40.350390802242764, 0.9941750124012475, 0.995743928467688]
00023892,93329,391882,99,2;[114010.33, 1524, 1.0088953795511193, 0.9873587254334197, 27.375748128469997, 0.9954495918170748, 9999]
00023892,93329,391882,99,3;[113752.47000000002, 1336, 1.0058340005280906, 0.9771892906538502, 25.640739364499375, 0.99607581804577, 9999]
00023892,93377,392048,3,3;[118466.64000000001, 1406, 1.047556527781869, 0.9626297559970822, 107.28162349534367, 0.988306503325163, 9999]
00023892,93377,392048,4,1;[118492, 1724, 0.9863208326474601, 0.9986424630954116, 19.764201178268063, 0.9967779664001932, 0.982353745839223]
00023892,93377,392048,4,2;[116322.5, 1540, 1.0024661578187861, 0.9812524545754474, 28.71243987076844, 0.9953319054134065, 9999]
00023892,93377,392048,5,1;[112681, 1604, 0.9750116024793062, 0.9728192778387952, 30.87669786078407, 0.9962903174522396, 0.9869450782375636]
00023892,93377,392048,5,2;[117476.79999999999, 1468, 1.0128946844061226, 0.9826118107683158, 31.69563920609115, 0.9953051589361018, 9999]
00023892,93377,392048,5,3;[119291.38, 1442, 1.0494193382007337, 0.9224995551443748, 90.97954973781846, 0.9914184377585706, 9999]
00023892,93377,392048,8,2;[114999.22, 1520, 1.0070723933409482, 0.9772014446917673, 55.95936210100426, 0.9911467610708359, 1.0000983146794165]
00023892,93377,392048,8,3;[115359.48000000001, 1394, 1.0261842013140077, 0.9530082855170431, 74.80732270330151, 0.9887307322964278, 9999]
00023892,93377,392048,9,1;[115825, 1638, 0.9752674514762388, 0.977930434245964, 26.59457846165895, 0.9966290836236483, 0.9829547624402228]
00232831,93048,390346,740,1;[60347, 1074, 1.0041203919890753, 0.9799737843213558, 68.8031668473261, 0.9893269121354705, 1.0045276737411568]
00232831,93048,390346,740,2;[26282.34, 714, 1.0320528336306802, 1.014372897938292, 140.43680277580415, 0.9847081607347733, 9999]
00232831,93048,390346,740,3;[48303.46000000001, 810, 1.1451752258466206, 0.9524738607388366, 111.29907984614162, 0.9886044851043795, 1.0053033759124088]
00232831,93048,390346,741,1;[58549, 1054, 1.0054455670794802, 0.9721401613657598, 71.84338526471858, 0.9899833681219329, 1.006091640962634]
00232831,93048,390346,741,2;[26754.77, 714, 1.0341519316231074, 1.0048081338552852, 159.3327943069655, 0.9804418482813829, 1.0053435285174503]
00232831,93048,390346,741,3;[59377.170000000006, 910, 1.009236585552549, 0.9801747544230137, 119.60868056295885, 0.9820228240271109, 1.0022546741128724]
00232831,93048,390346,742,1;[60220, 1068, 1.0074655194483435, 0.9772295374079115, 65.41557014703079, 0.9913233628504808, 1.006005629755849]
00232831,93048,390346,742,2;[36023.68, 754, 1.1820072772154882, 0.975194568199687, 145.89823339616314, 0.9858882366313425, 1.007957912962408]
00232831,93048,390346,742,3;[30371.530000000002, 664, 1.0089733402220478, 0.9955065153366602, 110.20559259267367, 0.9896436106369197, 1.003848940409346]
00232831,93147,390953,359,1;[28614, 804, 1.0032679635817676, 0.9797642027110547, 76.11960080236409, 0.9935266967839056, 1.0029442691903259]
00232831,93147,390953,359,2;[32495.329999999998, 730, 1.0010910926167107, 1.0181539503852286, 138.38844875947652, 0.9872961394964037, 1.0066911209009972]
00232831,93147,390953,359,3;[44651.04, 780, 1.1265940771710539, 0.9490983104198878, 135.99181647196534, 0.9850378115291741, 1.0061277725469615]
00232831,93165,391039,287,1;[39866, 864, 1.0298398293658304, 0.9959000629021967, 86.7554628668432, 0.992586344484783, 0.9994735126733021]
00232831,93165,391039,287,2;[58477.79, 974, 1.0269415973797502, 0.9712203717647845, 110.17502078317794, 0.9861528678999373, 1.0036866453569715]
00232831,93165,391039,287,3;[47685.590000000004, 804, 1.0360607644632402, 0.94115180619928, 106.98442230112188, 0.9887037694940279, 9999]
00232831,93165,391039,289,1;[28699, 810, 1.00818441333912, 0.9786705332760606, 77.15163995602295, 0.9933617731220881, 0.9997039101280153]
00232831,93165,391039,289,2;[29376.34, 706, 1.0029025862775742, 1.0184988224387705, 115.10771404046059, 0.9898791421656763, 1.0058060178866095]
00232831,93165,391039,289,3;[29242.65, 658, 1.0054347153086407, 1.016919426240819, 136.91117619523283, 0.9875221844265234, 1.0027482207032625]
00232831,93165,391039,290,1;[29374, 836, 1.0333035036256313, 0.9688302861139513, 84.38927192001452, 0.9925713888783438, 1.00454840805718]
00232831,93165,391039,290,2;[48306.86, 868, 1.1486846561401474, 0.9733066559966124, 138.39645165229948, 0.9857525522417887, 1.0036095727848102]
00232831,93165,391039,290,3;[28849.460000000003, 652, 1.0052699092288533, 1.0203944978101065, 115.91342784668967, 0.98962519814608, 1.003669987131214]
00232831,93328,391868,72,1;[53913, 1002, 1.0197885864858176, 0.9823802569413564, 73.40299224254385, 0.9925419384832258, 1.0061398925052254]
00232831,93328,391868,72,2;[30416.399999999998, 710, 1.0438726826922544, 0.9772929921499058, 127.79972348039183, 0.989214036519754, 9999]
00232831,93328,391868,72,3;[54501.340000000004, 870, 1.009712309967718, 1.0058363780854904, 98.19940865914353, 0.988407161462243, 9999]
00232831,93328,391868,73,1;[53548, 998, 1.0189524065939604, 0.9797690597906243, 70.54455465725476, 0.9923345736926806, 1.0058606957697798]
00232831,93328,391868,73,2;[32314.449999999997, 730, 1.0032959324346369, 1.0173005886922057, 119.24168662801405, 0.9887060503406242, 1.0007739367583106]
00232831,93328,391868,73,3;[56224.8, 882, 1.0097929346542687, 1.0019868142286004, 108.93376190051036, 0.985441320762081, 9999]
00232831,93328,391868,74,1;[58872, 1058, 1.0073440151434425, 0.9871881459772484, 66.68563326524257, 0.9914655171775439, 1.0050875815208113]
00232831,93328,391868,74,2;[56247.729999999996, 944, 1.126253123694444, 0.9646773931279856, 122.14461848641795, 0.984343955618227, 1.0040039508480516]
00232831,93328,391868,74,3;[54302.69, 864, 1.013030303116915, 1.0093036032740614, 115.46933163720168, 0.98485697905831, 9999]
02231472,93055,390380,488,1;[63495, 1256, 1.3407823839033928, 0.6465611453331287, 1075.3570215227141, 0.7944839537020634, 0.9908630550635529]
02231472,93055,390380,488,2;[63622.159999999996, 1108, 1.4115008942726675, 0.5546894823222367, 1875.8320045818266, 0.664127007382937, 0.992279138827023]
02231472,93055,390380,488,3;[62846.01, 1040, 1.3678301105385766, 0.5336528505488789, 1193.4621484004247, 0.7060857415339453, 0.9913020929001307]
02231472,93162,391020,54,1;[64691, 1206, 1.3544542242697641, 0.5848097380430619, 819.3238441088762, 0.7330800159068281, 0.9965032810622632]
02231472,93162,391020,54,2;[62914.11, 1138, 1.3548558082743067, 0.5751294605193159, 999.6607080394244, 0.7448493214552928, 0.9961093159744138]
02231472,93162,391020,54,3;[63151.520000000004, 1034, 1.3743971910069543, 0.5414914591780629, 1137.2768554201061, 0.7115469461877397, 0.9926139667090161]
