02354624,93025,390246,193,1;[45014, 932, 0.9003362035142246, 1.1719921336740338, 269.63918619209096, 0.9139909995813422, 1.0056185423066182]
02354624,93025,390246,193,2;[24096.309999999998, 640, 0.932960720777654, 1.2910649192924077, 468.59227112193736, 0.9604569669592984, 1.0055619009782986]
02354624,93025,390246,194,3;[23898.280000000002, 582, 0.9341371224205334, 1.1146522584643002, 331.5972131079595, 0.9680962082761374, 1.0045204572284128]
02354624,93032,390304,78,1;[43226, 898, 0.9125153792907955, 1.1842298168850984, 348.3789660610237, 0.9390092847313174, 1.0065549721151719]
02354624,93032,390304,78,2;[44251.34, 838, 0.9222114419131466, 1.1694873261384238, 373.27696595907156, 0.9283542318631172, 1.007245689830302]
02354624,93032,390304,78,3;[23651.68, 580, 0.9400845102225018, 1.1421197219206043, 329.85038615303324, 0.9689011945286341, 1.003954408001861]
02354624,93051,390361,936,1;[34052, 790, 0.9237526662728297, 1.1566476164306456, 206.5136430978043, 0.9713116986492832, 1.0055070794761631]
02354624,93051,390361,936,2;[44397.71, 844, 0.9061531584849835, 1.22453842484797, 615.1628515441759, 0.866784719377065, 1.0057825284071762]
02354624,93051,390361,936,3;[42427.530000000006, 762, 0.9215356559162847, 1.1731861896383422, 574.9364391066464, 0.9100230782369787, 1.0049812594311305]
02354624,93055,390376,483,1;[45187, 928, 0.9150223854936165, 1.1734487800118116, 217.63999207116098, 0.9326948711987568, 1.00610068354374]
02354624,93055,390376,483,2;[21093.94, 618, 0.929089330248461, 1.104555452699865, 418.8150846255187, 0.943453662541596, 1.013406511734271]
02354624,93055,390376,483,3;[34588.39, 680, 0.9208405534147852, 1.1536608193750637, 403.4979615367165, 0.9507591314082257, 1.0060770288310188]
02354624,93065,390428,15,1;[26654, 742, 0.924819709074978, 1.1739370974669936, 428.7320544159933, 0.9581036696401698, 0.9424702096814116]
02354624,93065,390428,15,2;[44876.09, 848, 0.9096117418106756, 1.2266507487441263, 533.9610329371086, 0.8772070899654263, 1.0064452421302659]
02354624,93065,390428,15,3;[23384.530000000002, 610, 0.9263803133909341, 1.1396775700150117, 377.6644187055946, 0.9660931238768226, 0.930824812542604]
02354624,93068,390441,150,1;[42829, 890, 0.9032941575861823, 1.128668782949699, 229.96792791793206, 0.9618130105676701, 0.999801575722206]
02354624,93068,390441,150,2;[23181.2, 640, 0.9213776970052081, 1.11401515980595, 564.5345435220329, 0.9301807278478973, 1.011422637590862]
02354624,93068,390441,151,3;[23407.820000000003, 590, 0.9361180928731141, 1.1578342838976512, 297.0952891631075, 0.9718708805090228, 0.9643028473064875]
02354624,93069,390446,199,1;[46689, 940, 0.9076482098117548, 1.1810602784142756, 274.58580704643697, 0.9288700666777431, 1.0020496421174627]
02354624,93069,390446,199,2;[25256.559999999998, 640, 0.9385157983022655, 1.1762294271210882, 354.31000526622427, 0.9629673417476768, 1.006926653382674]
02354624,93069,390446,199,3;[45819.65, 796, 0.9173092901646388, 1.1702799523163365, 408.1579146865155, 0.9185131387852363, 1.0078804224991336]
02354624,93071,390464,306,1;[32958, 778, 0.9186987270079444, 1.2142526157668776, 446.9485271479523, 0.9453273509993128, 0.9906072947506049]
02354624,93071,390464,306,2;[44573.829999999994, 840, 0.9167497795062781, 1.1966071323629868, 605.3751360271167, 0.8964359692595278, 1.008698228038994]
02354624,93071,390464,306,3;[36173.48, 694, 0.9252770571444358, 1.157677708318491, 353.0489383985535, 0.9562897498069025, 1.006441776253097]
02354624,93085,390564,595,1;[39878, 858, 0.9255447296942529, 1.1763784048559962, 377.59429793404536, 0.9412300378893395, 1.006702429788577]
02354624,93085,390564,595,2;[45190.25, 848, 0.9150641746851228, 1.2177172785290125, 573.979206174151, 0.8853631465396815, 9999]
02354624,93085,390564,595,3;[45116.840000000004, 794, 0.9239276436814133, 1.1882162968868004, 435.9535214189705, 0.9039603783250434, 1.0051122403821209]
02354624,93101,390658,1411,1;[45156, 930, 0.9020694407170812, 1.1800152021387282, 300.5876257963446, 0.9044957007322922, 1.0064188285637872]
02354624,93101,390658,1411,2;[23554.86, 630, 0.9342695926872355, 1.17070258540486, 476.21167117287615, 0.9550570702057493, 1.0045930925977617]
02354624,93101,390658,1412,3;[43931.79, 774, 0.9149711035716305, 1.1994205770491138, 608.1056416994154, 0.9000657811859676, 1.0056922425553936]
02354624,93104,390682,1038,1;[44970, 920, 0.9014603100188922, 1.1323536181515537, 211.21911425814884, 0.9577105845908179, 1.0061303024879185]
02354624,93104,390682,1038,2;[24280.76, 628, 0.942093118354601, 1.1709194023049594, 387.1464104704285, 0.9635061061039312, 1.005544193381465]
02354624,93104,390682,1038,3;[44901.75, 784, 0.9154205208974701, 1.1986152874271376, 555.1625283763556, 0.9047082501726273, 1.005692017367557]
02354624,93113,390732,1979,2;[24459.26, 626, 0.9418697917319323, 1.1738335026973825, 415.3508208400407, 0.9564842686285958, 1.0066607894994613]
02354624,93113,390732,1979,3;[42119.280000000006, 760, 0.9194813663610882, 1.159937289786742, 597.0874665753083, 0.9137951161614803, 1.004656634478702]
02354624,93113,390732,1980,1;[42684, 890, 0.9237506000714206, 1.158057150135079, 346.8000949720367, 0.9399382211216631, 1.0070662624308415]
02354624,93113,390734,1981,1;[39434, 854, 0.9211918975603665, 1.2081303959507173, 481.63338526296906, 0.9339966374311393, 1.0068940864058828]
02354624,93113,390734,1981,2;[42302.119999999995, 814, 0.9272063289952536, 1.2123128545298156, 594.2905426772359, 0.9101906948382257, 1.0075963718820862]
02354624,93113,390734,1981,3;[24069.530000000002, 598, 0.9229702072201114, 1.346281341719952, 511.61760778853665, 0.9561949170329302, 1.0095385853013847]
02354624,93114,390741,2040,1;[45677, 930, 0.9161846453835474, 1.1645968407448337, 185.02308481334725, 0.9620297238681403, 1.0055365378476846]
02354624,93114,390741,2040,2;[37953.86, 762, 0.9386809672926535, 1.1703592304701236, 473.0481219286855, 0.9384367398520991, 1.0078048472209056]
02354624,93114,390741,2040,3;[35943.32, 694, 0.929846674018125, 1.1476079623286382, 308.9099345091427, 0.9608610222244173, 1.005268502021189]
02354624,93118,390770,224,1;[45774, 938, 0.9020713444762918, 1.2178363989356498, 237.20179497922885, 0.9103159154564925, 1.0018165503053118]
02354624,93118,390770,224,3;[25910.81, 602, 0.9222451154225729, 1.1503027452490506, 379.74041908800695, 0.9600126289092549, 1.004354521799161]
02354624,93118,390770,225,2;[24339.07, 632, 0.9341863843054958, 1.1826783721000005, 408.04029627377827, 0.9592393793727276, 1.0066443547593267]
02354624,93130,390854,573,1;[23942, 752, 0.943469793620386, 1.2007038618299712, 249.58364926845496, 0.9778143544363462, 0.8917112050503734]
02354624,93130,390854,573,2;[45402.07, 854, 0.9152466708739949, 1.2045465200721803, 523.6092089342209, 0.9003373000648349, 1.0051769789100682]
02354624,93130,390854,573,3;[44426.36, 788, 0.9110751152939047, 1.1946897316839489, 562.1521350255747, 0.8778388654157652, 1.0068931255045643]
02354624,93132,390869,696,2;[34394.57, 728, 0.9299728368359184, 1.1690085583242633, 508.65978605204003, 0.9377178008646386, 1.0063718662952645]
02354624,93132,390869,696,3;[44063.310000000005, 778, 0.9117161388507065, 1.2058737329455067, 616.845228537038, 0.9034431780639364, 1.0057852273437988]
02354624,93132,390869,697,1;[45363, 930, 0.9029040085217681, 1.2128378020436477, 425.6290116487909, 0.928808671607556, 1.0044840070415517]
02354624,93137,390900,1106,1;[44431, 912, 0.9137207653784025, 1.2106592232865039, 342.6741623494999, 0.9382666339107874, 1.0034214478483272]
02354624,93137,390900,1106,2;[44765.42, 848, 0.9176050507898543, 1.2165854938265386, 628.4976298596646, 0.8629570912522936, 1.0065824681579791]
02354624,93137,390900,1107,3;[23126.97, 576, 0.9428116412548645, 1.1470031462024155, 313.7304746816547, 0.9718118441520781, 1.0065589410291576]
02354624,93141,390934,238,1;[44680, 918, 0.9122803213900653, 1.1062079209463473, 184.80261216279226, 0.9664008586546858, 1.0052648157314494]
02354624,93141,390934,238,2;[27836.48, 654, 0.9307847568518923, 1.1684702199735233, 415.1705528659265, 0.9572757654510985, 1.0076460832669236]
02354624,93141,390934,238,3;[45319.600000000006, 794, 0.9168213840704795, 1.1658399372703745, 455.73741041782364, 0.9200799820323863, 1.0060215315370111]
02354624,93162,391018,49,1;[43825, 906, 0.9173757773268252, 1.1365931838478267, 234.08895742822793, 0.9581381644545022, 1.0061528571756548]
02354624,93162,391018,49,2;[44805.88, 846, 0.9093793410416663, 1.2224099396892336, 583.963689826521, 0.8769671180766566, 1.0068052677318002]
02354624,93162,391018,49,3;[38773.740000000005, 722, 0.9283084005305364, 1.1522933879991526, 338.02682434095794, 0.9557841644414201, 1.0055068035669876]
02354624,93173,391087,861,1;[26330, 730, 0.9303854610265063, 1.1761066791930541, 193.95486170052996, 0.9800874025349599, 0.9778107882276483]
02354624,93173,391087,861,2;[25639.739999999998, 642, 0.9344394731758809, 1.1912211749578867, 451.2830304339889, 0.9575028823432926, 1.0057180199313838]
02354624,93173,391087,861,3;[22378.95, 566, 0.9456365043824899, 1.1440449007988598, 310.7715776550574, 0.9724856828149154, 1.0065935420261276]
02354624,93174,391095,941,1;[45234, 932, 0.9066410654706414, 1.170512369268762, 225.464993461169, 0.9131147243721061, 1.0065644540376955]
02354624,93174,391095,941,2;[35918.96, 742, 0.9185583596406406, 1.2086184873963288, 536.8990007601983, 0.9292104059397119, 1.0065023842075427]
02354624,93174,391095,941,3;[34058.200000000004, 680, 0.9361787817915143, 1.1405086184536002, 404.3112796187457, 0.9457223563625339, 1.0047286101119508]
02354624,93180,391141,29,1;[25829, 728, 0.9219531282524522, 1.2118876571744417, 232.55410062322588, 0.9741357760688125, 0.9520807991448266]
02354624,93180,391141,29,2;[44972.479999999996, 848, 0.9084556426764523, 1.192653160737082, 594.6795111345027, 0.8816294353237335, 1.0064313391299717]
02354624,93180,391141,29,3;[44941.48, 794, 0.9077807549632599, 1.1907024163651976, 630.1670594014745, 0.8567008614786621, 1.004839796606016]
02354624,93218,391249,184,1;[29951, 748, 0.9221226896303307, 1.137446631052967, 482.0316500014923, 0.9474380304689173, 0.9965065211605004]
02354624,93218,391249,184,2;[39253.34, 780, 0.9114436753286067, 1.196202240600048, 509.84196408802677, 0.9312845614833889, 1.007129226776582]
02354624,93218,391249,184,3;[36017.3, 692, 0.9211555516195955, 1.145051526187459, 329.1588395726507, 0.9565340095337285, 1.0072603973103964]
02354624,93219,391257,241,2;[44189.46, 836, 0.9139507828237735, 1.1934832536997197, 544.7769058233147, 0.9005915271684923, 1.0062460200252008]
02354624,93219,391257,241,3;[23818.820000000003, 584, 0.9327655941052666, 1.1479470192052283, 358.31752354339034, 0.9657554456910697, 1.0027684854077747]
02354624,93219,391257,242,1;[41637, 882, 0.9040521605623061, 1.1257203583370767, 212.7064579111267, 0.9651813587199849, 1.0045478123454408]
02354624,93232,391315,833,2;[27897.17, 658, 0.9291137484726399, 1.167498731579088, 443.0700696187048, 0.9524097676058513, 1.0070666065253346]
02354624,93232,391315,834,1;[45001, 930, 0.9029820846208467, 1.1655730325145712, 236.2251108763538, 0.9122168356274926, 1.00485669945404]
02354624,93232,391318,831,1;[45773, 934, 0.9033756175372386, 1.1538263907942916, 237.3689792004534, 0.9313247887940335, 1.0052929807607835]
02354624,93232,391318,831,2;[26185.949999999997, 648, 0.9299402472564321, 1.1836634491502802, 503.6603940971476, 0.9480342037951975, 1.0057359628876346]
02354624,93232,391318,831,3;[23629.760000000002, 580, 0.9375837093225355, 1.1351640941902335, 332.7400813476222, 0.9685560926645602, 1.002849002849003]
02354624,93232,391319,835,1;[23986, 718, 0.9269808659441892, 1.2082583347463822, 238.61343360481794, 0.9777499122096044, 0.9484568694517488]
02354624,93232,391319,835,2;[23591.75, 650, 0.909249898952905, 1.3217198120713305, 621.9884168745847, 0.9279319334659603, 1.0061919504643964]
02354624,93232,391319,835,3;[23829.780000000002, 584, 0.9358805913105824, 1.1340993529853545, 329.03026083683045, 0.9698933532807895, 1.0051720650697795]
02354624,93233,391322,889,1;[37806, 832, 0.9185596138072638, 1.1184868501364635, 201.9071783975281, 0.9715728046102063, 1.0008074016227448]
02354624,93233,391322,889,2;[33560.38, 716, 0.926837780530518, 1.1903854144250732, 517.3955560683474, 0.941149710376948, 1.0065672067956313]
02354624,93233,391322,889,3;[34702.100000000006, 682, 0.9192378511440864, 1.1393967732551862, 459.59590351513395, 0.9479409901047865, 1.0038043909011651]
02354624,93233,391325,887,1;[44722, 922, 0.9064848545740734, 1.2001170586237595, 249.71651084172305, 0.9031771290158025, 1.0071615169804522]
02354624,93233,391325,887,2;[22942.01, 636, 0.9304791993729553, 1.3011590256537404, 750.4462766597649, 0.920333905441188, 1.0094774321918525]
02354624,93233,391325,888,3;[45515.51, 794, 0.9204242736668043, 1.1608670083663521, 436.77253501759526, 0.9173744331498211, 1.0064221017236679]
02354624,93233,391326,891,1;[40701, 868, 0.9157159384992021, 1.128274514296701, 217.18625801002696, 0.9660995359859417, 1.0047272861921277]
02354624,93233,391326,891,2;[22575.489999999998, 620, 0.9410142597539807, 1.175828780008894, 384.03892991884976, 0.9655243356951811, 1.006686123640223]
02354624,93233,391326,891,3;[24935.370000000003, 614, 0.9894654796904204, 1.5252044837636298, 463.428083409689, 0.9504002121762968, 1.007639926922438]
02354624,93248,391435,53,1;[37794, 834, 0.9095122319795986, 1.1408409671096105, 239.96790096540553, 0.9660846689160665, 1.0022806831441604]
02354624,93248,391435,53,2;[41511.96, 804, 0.9065469657763845, 1.1919675870475943, 594.1712820455678, 0.9093359236189611, 1.0067532467532467]
02354624,93248,391435,53,3;[43915.350000000006, 774, 0.9103035421708738, 1.177912111991166, 620.3398971596414, 0.9032796352283596, 1.0054104916490239]
02354624,93260,391466,215,1;[40934, 868, 0.9186835358852271, 1.1390055078196586, 223.24240840133825, 0.9655085328269613, 1.0051443234416628]
02354624,93260,391466,215,2;[39599.63, 782, 0.9154653368030692, 1.20420234791376, 482.7015245517189, 0.935881141396092, 1.006929314935851]
02354624,93260,391466,215,3;[44333.200000000004, 788, 0.9128174553169933, 1.1869264932168955, 498.639708436295, 0.8857936075087819, 1.0058592232255257]
02354624,93264,391495,603,1;[23648, 704, 0.9419971489892233, 1.2971184674806784, 341.88345971765193, 0.9713858644272828, 0.9471892335729878]
02354624,93264,391495,603,2;[37763.46, 766, 0.929143195880776, 1.178036160949348, 394.04569055550076, 0.9484849099386052, 1.006310448707785]
02354624,93264,391495,603,3;[22613.22, 572, 0.9440868138718898, 1.1607220799777653, 314.2583170346122, 0.9714723779217673, 1.0042283941228363]
02354624,93265,391500,680,1;[41993, 884, 0.9135871198761669, 1.1235835503298484, 208.22340850929044, 0.9657445725640084, 1.0049297628449039]
02354624,93265,391500,680,2;[28036.399999999998, 658, 0.9286869183179101, 1.1831124610510446, 413.42059398201013, 0.9567009985750698, 1.004412422995758]
02354624,93265,391500,680,3;[34554.14, 688, 0.9319153392078582, 1.1387980957760675, 399.56525518256353, 0.9493510707127224, 1.0047004461440407]
02354624,93265,391503,682,1;[33254, 778, 0.9209605817436717, 1.1291824346699437, 217.02286908041103, 0.971880959606507, 0.9941999521645539]
02354624,93265,391503,682,2;[22537.41, 636, 0.9220469147234571, 1.1379449493829048, 678.778109893397, 0.911724964345219, 1.0073936170212765]
02354624,93265,391503,682,3;[40615.020000000004, 740, 0.9292752157160732, 1.158614100114537, 337.9835930928936, 0.9522757012140398, 1.0058697791198725]
02354624,93331,391889,296,1;[44018, 908, 0.9085455716692835, 1.1560770370513958, 258.2420844338384, 0.949228134164483, 1.005378861417233]
02354624,93331,391889,296,2;[20921.39, 620, 0.9149634331333214, 1.1334669815201508, 536.6227726413372, 0.9128028160121879, 1.0143664897299793]
02354624,93331,391889,296,3;[40150.590000000004, 734, 0.9298016353098425, 1.163056920727313, 361.38811064117556, 0.9459008664357872, 1.0055066646081006]
02354624,93342,391970,243,1;[45171, 922, 0.9096432441028044, 1.1404343800250758, 223.7733487713939, 0.9525410771766277, 1.0070898267674404]
02354624,93342,391970,243,2;[21089.18, 620, 0.9151466619574309, 1.1153884209513916, 482.3110232018073, 0.9312557351074584, 1.0102034999714986]
02354624,93342,391970,243,3;[27769.9, 610, 0.9310282194525775, 1.1348776104465363, 372.7609796435157, 0.9603942402450147, 1.0039374953567273]
02354624,93379,392066,268,1;[24616, 718, 0.9115195076690551, 1.3237902723081933, 308.1076973044695, 0.9748389537452744, 0.9979324603721571]
02354624,93379,392066,268,2;[36400.909999999996, 752, 0.9331586662936316, 1.1863574694001768, 435.9670944341141, 0.94340461106691, 1.0060847256939875]
02354624,93379,392066,268,3;[35873.450000000004, 696, 0.9304423702187401, 1.1514466380225319, 350.52770263076917, 0.9564375712449825, 1.0003056117966154]
02354624,93385,392083,392,1;[38394, 840, 0.9121096215072133, 1.1973914580696292, 448.43702459627764, 0.9366165258241019, 9999]
02354624,93385,392083,392,2;[44724.96, 852, 0.9122896293046743, 1.2435714269420175, 589.9245515440919, 0.865360568589171, 1.006265060240964]
02354624,93385,392083,392,3;[24957.29, 636, 0.9345828013028846, 1.1464133871255757, 320.2029516894867, 0.9678788632994202, 0.9209109521522635]
02354624,93385,392086,394,1;[45732, 942, 0.8968859486120766, 1.1636593720401216, 260.27493332457493, 0.9052079170910409, 0.9970893154985774]
02354624,93385,392086,394,2;[23504.879999999997, 642, 0.9241396129700651, 1.119111296504118, 716.4535213080721, 0.9163289753462348, 1.0080122480224547]
02354624,93385,392086,394,3;[23474.95, 602, 0.9135816578771018, 1.0810362145826642, 459.1278606785793, 0.9449796528980611, 1.005103237916471]
02354624,93386,392091,448,1;[24146, 710, 0.9071357761925415, 1.3481855035137467, 362.30135097786757, 0.9639093695506463, 0.9944196198752137]
02354624,93386,392091,448,2;[45350.9, 858, 0.9119129577205392, 1.2182701604288821, 553.5378170072502, 0.8814392526394772, 1.0076012955251503]
02354624,93386,392091,448,3;[23979.11, 626, 0.9331379930947835, 1.1369329456987083, 341.66017361594436, 0.9679974489508089, 0.9086095465517688]
02354624,93388,392108,562,1;[46727, 946, 0.9151066112532208, 1.192757834176479, 316.99722147329, 0.9384500041623334, 0.9972256012975649]
02354624,93388,392108,562,2;[35511.979999999996, 740, 0.929454031712278, 1.1681085827931514, 454.68573256909997, 0.9437198922882236, 1.0045105695435572]
02354624,93388,392108,562,3;[23691.410000000003, 626, 0.9394244281822606, 1.1340219257600819, 325.81364924494426, 0.9703946886919248, 0.9082696499382862]
00023892,93026,390259,210,1;[115384, 1676, 0.9705763288702812, 0.9705763288702812, 27.44450635858385, 0.9967809945790217, 0.9971869206936336]
00023892,93026,390259,211,2;[117053.15999999999, 1570, 1.0149650236071255, 0.9746772383627069, 32.01824097753799, 0.9959190027831599, 0.996711876257112]
00023892,93026,390259,211,3;[116700.71, 1438, 1.0186254340279237, 0.9437976061425024, 56.93241554978748, 0.9908537816795847, 9999]
00023892,93026,390259,212,1;[115337, 1664, 0.9804131521278897, 0.9889032468085639, 29.32303153461915, 0.9964262448288627, 0.9924920079683675]
00023892,93026,390259,212,2;[117691.0, 1554, 1.014747909288223, 0.9808503008994244, 33.38817836122004, 0.9959185983378324, 9999]
00023892,93026,390259,212,3;[114356.64000000001, 1394, 1.0039062202291396, 0.9507977939312924, 37.10296143051946, 0.9936297065684685, 9999]
00023892,93026,390259,214,1;[120043, 1634, 1.0032661182443197, 0.9887838124952426, 22.927187669422857, 0.9969424029558446, 0.9982495311986761]
00023892,93026,390259,215,3;[114305.95000000001, 1398, 1.010278510246198, 0.9543713578041263, 39.13504025500448, 0.9933049493998183, 9999]
00023892,93026,390259,216,2;[116758.04, 1568, 1.0123332269148082, 0.98091887278259, 29.98789604125521, 0.996023856518871, 0.9963240520725442]
00023892,93049,390350,751,2;[112488.31999999999, 1480, 0.9848740726439702, 0.9929826624223882, 26.49613653842162, 0.9961483784872827, 9999]
00023892,93049,390350,752,3;[118309.09000000001, 1532, 1.0130833231157215, 0.9721992345752148, 59.29260583943325, 0.9911236827270111, 9999]
00023892,93049,390350,753,1;[115862, 1658, 0.9829469492684024, 0.9978529551266063, 24.60371064380052, 0.9960469422803894, 0.9909383646292598]
00023892,93049,390350,756,2;[116076.17, 1538, 1.0085478725212538, 0.9927081192712227, 43.37188848757056, 0.9943862237694245, 9999]
00023892,93049,390350,756,3;[117833.70000000001, 1382, 1.047327962051423, 0.9430491915437306, 103.28006889242694, 0.9876476852572468, 0.9989779088945155]
00023892,93049,390350,757,1;[119330, 1636, 1.0075125795868425, 0.9942916148693116, 29.0029681718026, 0.9953227996444487, 9999]
00023892,93049,390350,758,3;[117121.3, 1400, 1.030931342867741, 0.9719735434960686, 74.73251000866165, 0.9910807744684849, 9999]
00023892,93049,390350,760,1;[119412, 1684, 1.0004737661313214, 0.9880028410604836, 28.934950571560975, 0.9954903479060804, 0.999870214146658]
00023892,93049,390350,760,2;[117228.09, 1564, 1.0405712513178689, 0.9825036010815462, 94.58212834702178, 0.9879751501300211, 0.9954779023530066]
00023892,93049,390350,761,1;[115473, 1576, 0.991677529821298, 0.9926776955103828, 36.86362273631874, 0.9942467519164607, 1.0014917476864902]
00023892,93049,390350,763,2;[118247.92, 1546, 1.0345050869305332, 0.994516715150005, 59.95186314319832, 0.9908730469999921, 9999]
00023892,93049,390350,763,3;[118310.46, 1494, 1.0361395917367435, 0.9712337522244107, 108.28824339469637, 0.9843328979744623, 0.9939059128182995]
00023892,93049,390350,766,1;[116227, 1652, 0.9751026370807013, 0.9892795240401203, 27.456611617824382, 0.9965442441576506, 0.9924685549359998]
00023892,93049,390350,767,3;[117711.77, 1466, 1.0214023858039325, 0.9691685127209577, 43.76655418360943, 0.9929606828812833, 10740.125]
00023892,93049,390350,769,2;[117706.47, 1490, 1.0202549609913965, 0.9997484379105231, 29.963769686372082, 0.995278891855519, 9999]
00023892,93049,390350,770,1;[117114, 1588, 1.0024585818836231, 0.9928265580916606, 32.869004539460455, 0.9955113006843905, 9999]
00023892,93049,390350,770,3;[118395.40000000001, 1410, 1.0424963099943128, 0.9275135170288007, 78.28360049762023, 0.9922517167138535, 9999]
00023892,93049,390350,773,2;[114238.81, 1522, 1.0044227657496143, 0.986742260703326, 36.17136856988099, 0.9948063335800724, 9999]
00023892,93099,390646,1221,2;[114072.20999999999, 1486, 1.0090858747803573, 0.9867088647928606, 38.53013999163804, 0.9934468550222741, 9999]
00023892,93099,390646,1222,1;[115757, 1704, 0.9986716907804245, 0.9931340390066832, 35.39650912607604, 0.9961712619634862, 0.989105543782897]
00023892,93099,390646,1222,3;[117585.73000000001, 1392, 1.1323117391248805, 0.9651113997953958, 50.31573890807299, 0.9940088735414381, 9999]
00023892,93103,390673,1487,1;[118131, 1640, 0.9941992381714719, 0.9832364950716539, 24.18140079113889, 0.9967673469878491, 0.9975637458357788]
00023892,93103,390673,1488,3;[117951.52, 1364, 1.034720293021279, 0.9614925636421753, 96.22023479779668, 0.98528403584093, 0.9961010262284081]
00023892,93103,390673,1489,2;[116541.45999999999, 1546, 1.014966414714585, 0.992022459678374, 40.09946663942671, 0.9947342202306876, 0.9929282227280332]
00023892,93103,390673,1491,2;[120403.01, 1514, 1.0503891899546012, 0.9843946252209498, 113.66690920960296, 0.984839104179109, 9999]
00023892,93103,390673,1492,1;[114627, 1678, 0.9987680845865211, 0.9924709850319351, 45.564953524898826, 0.9946129103177113, 0.9927122981592382]
00023892,93103,390673,1492,3;[112581.12000000001, 1362, 1.004285977747245, 0.9649001229124898, 31.23126453415144, 0.9956981357234577, 9999]
00023892,93103,390673,1495,2;[114817.15, 1510, 0.9930315460441014, 0.9870770259924616, 31.546042712339776, 0.9947702350629656, 9999]
00023892,93103,390673,1497,3;[113548.34000000001, 1404, 1.0054351093309934, 0.960491452600365, 28.91913419738997, 0.9948299282430487, 9999]
00023892,93103,390673,1498,1;[116314, 1654, 0.989772517025471, 0.9913499174139772, 25.89202116124958, 0.9956881817830718, 0.9948765321221763]
00023892,93103,390673,1499,1;[115761, 1706, 0.9962542217613665, 0.9812057965453727, 38.26655464467754, 0.9959036968410945, 0.9896936302274583]
00023892,93103,390673,1499,3;[117251.45000000001, 1500, 1.0242496834682837, 0.9748615169204323, 53.78139989410666, 0.9908513476631625, 34234.0]
00023892,93103,390673,1500,2;[113904.42, 1520, 1.0033341804562999, 0.9866325509813356, 31.931454020851525, 0.9944117262205622, 0.9918501209788144]
00023892,93122,390798,1587,3;[117843.29000000001, 1442, 1.0406381091708652, 0.97290517790024, 111.87571133625764, 0.982512094931687, 0.9956477955389904]
00023892,93122,390798,1589,1;[115972, 1698, 0.9778822539189395, 0.9908134710763481, 20.37117655163161, 0.9968449509462828, 0.9941706957446079]
00023892,93122,390798,1589,2;[117505.36, 1504, 1.0292453359150497, 0.9978651105229204, 41.27597117489877, 0.9945531923571351, 9999]
00023892,93122,390798,1590,1;[114476, 1708, 0.9714008354292216, 0.9792266459744134, 31.895664856885332, 0.9963746613606888, 0.9873600048300221]
00023892,93122,390798,1590,2;[115546.62, 1446, 1.0044099548766843, 0.9937778684089924, 34.96544073137213, 0.9941037791054449, 9999]
00023892,93122,390798,1592,3;[117977.55, 1424, 1.0384956777881869, 0.9582881772027657, 51.69301507743181, 0.993571167624946, 172230.0]
00023892,93139,390920,17,2;[116130.90999999999, 1510, 0.9981631323817355, 0.9808162066148503, 32.268889709424414, 0.993887002655094, 0.9946034641785189]
00023892,93139,390920,17,3;[117082.94, 1368, 1.01704474354301, 0.9629625559037094, 53.25214145749839, 0.9925764721536028, 9999]
00023892,93139,390920,18,1;[114291, 1656, 0.9814575364939319, 0.9959018721886728, 30.733984173391054, 0.9957475714305857, 0.9944271152817112]
00023892,93139,390920,19,1;[117141, 1708, 1.0011284673044343, 0.9784178992053928, 59.47460187917027, 0.9921109682880714, 0.9933264364697103]
00023892,93139,390920,20,3;[118051.53000000001, 1470, 1.0213625513322462, 0.9716452290970454, 85.44257796364806, 0.9849400431888099, 9999]
00023892,93139,390920,21,2;[115941.7, 1478, 1.0067750976010585, 0.9966286729292532, 25.270836994108723, 0.9955051948918705, 1.001742742428838]
00023892,93166,391047,301,1;[119197, 1602, 0.9934559797032223, 0.9948353663934025, 20.712104405988043, 0.9968702647084702, 0.9987055043296481]
00023892,93166,391047,301,2;[116151.14, 1540, 1.0002683910551358, 0.9928704150270152, 33.4848806094114, 0.9948215854848882, 9999]
00023892,93166,391047,303,3;[118637.89000000001, 1398, 1.0223579081250327, 0.9703534494557088, 42.23273852076505, 0.9934911546531924, 9999]
00023892,93166,391047,304,1;[117753, 1622, 0.9772164352433422, 0.9958620833402838, 25.766315361363983, 0.9967860458868003, 0.9972686967237064]
00023892,93166,391047,305,2;[117093.62, 1536, 1.002178459818774, 0.997850638667676, 24.4138911119299, 0.9964615269265222, 1.000127051242307]
00023892,93166,391047,305,3;[119032.45000000001, 1370, 1.0183846266174685, 0.9748323649170428, 37.875699129217296, 0.9947455224370897, 2199.6202531645567]
00023892,93166,391047,307,2;[115370.5, 1528, 1.0058060097422366, 0.9895282762600829, 39.93207841576104, 0.9944151817445519, 9999]
00023892,93166,391047,308,1;[115460, 1682, 0.9960968642594321, 0.9954651582763876, 40.582903883813906, 0.9951983391381567, 0.9932470213772635]
00023892,93166,391047,308,3;[118877.64000000001, 1454, 1.017150500848034, 0.9733966928934351, 36.44529966828555, 0.9937569319287601, 1324.7633587786258]
00023892,93166,391047,309,1;[119716, 1620, 1.0322619672169577, 0.9876387315526259, 46.38197855060344, 0.9944067144527013, 0.999419796219075]
00023892,93166,391047,309,2;[115416.90999999999, 1496, 1.0140101989435855, 0.9782871975660953, 49.76970517264166, 0.9923215994050387, 9999]
00023892,93166,391047,310,3;[117396.67000000001, 1446, 1.0322636927019022, 0.9549682020607355, 42.6314536599798, 0.9954496600959517, 9999]
00023892,93166,391047,312,2;[119097.58, 1476, 1.0286965797742729, 0.9766518066581236, 64.13464440773701, 0.9901136968339167, 100082.0]
00023892,93166,391047,313,1;[120302, 1688, 1.021004314514589, 0.9866737636844082, 42.55555215394716, 0.9931729686905908, 0.9957002685780263]
00023892,93166,391047,313,3;[119017.38, 1408, 1.0256435421473993, 0.9687818342517958, 44.27779058241403, 0.9929874755115312, 24821.14285714286]
00023892,93166,391047,315,1;[117580, 1706, 0.9911475015587408, 0.9998940038735258, 31.46718806602632, 0.9964770636421072, 0.9924037812288994]
00023892,93166,391047,315,2;[119473.62, 1562, 1.0290292751963206, 0.976969826578464, 59.39391504055549, 0.9910613417632356, 9999]
00023892,93166,391047,315,3;[120414.78000000001, 1524, 1.0420803432332637, 0.9716719340706381, 114.80932319891738, 0.9838297153742086, 0.9968696835658387]
00023892,93265,391506,609,1;[120450, 1668, 1.0130823848066772, 0.9934285035407959, 28.081715577593773, 0.9950777124707098, 9999]
00023892,93265,391506,609,3;[119976.38, 1438, 1.0627480642574758, 0.9590433977019611, 126.38952663022229, 0.9846962103710577, 0.99012968218255]
00023892,93265,391506,610,2;[119833.0, 1508, 1.0279624297293433, 0.9939602657133225, 34.05485042585448, 0.9943307197997148, 0.9989534301203803]
00023892,93265,391506,611,3;[119896.92000000001, 1368, 1.0267371543472592, 0.9680652141772095, 60.138477372720004, 0.9910185054986551, 175032.0]
00023892,93265,391506,612,2;[116885.37, 1548, 1.0145783774572443, 0.9803564738122116, 29.62078944142632, 0.9948200399301197, 9999]
00023892,93265,391506,613,1;[114481, 1610, 0.9955593575803238, 0.9902087238335712, 36.759064237107594, 0.9944111491071127, 0.9902515396858349]
00023892,93329,391882,87,1;[118271, 1616, 1.0194271800477344, 0.9951980347867928, 37.73351695185407, 0.9949972892828642, 0.9989948475377988]
00023892,93329,391882,87,2;[111247.15, 1430, 0.9892958805203751, 0.987969527216751, 25.62743346510477, 0.9960790202361292, 9999]
00023892,93329,391882,87,3;[115923.92000000001, 1414, 1.0215942370198658, 0.9563196493174627, 47.010858776237484, 0.9953242287886229, 9999]
00023892,93329,391882,89,1;[114628, 1672, 0.9914825066265023, 0.992449732020601, 46.0862142629913, 0.9941192467786226, 0.9939475920434248]
00023892,93329,391882,89,3;[114667.63, 1414, 1.0167941706478845, 0.9529070402788227, 69.36194070195396, 0.9896615259912896, 0.9922821576763485]
00023892,93329,391882,90,2;[116098.78, 1540, 1.024478526931865, 0.9929498654533664, 58.7047229351499, 0.9922725834272821, 9999]
00023892,93329,391882,92,2;[114627.93999999999, 1522, 1.0073552101636527, 0.9847883422105579, 36.85985021329225, 0.9940911230252352, 0.9904477918873066]
00023892,93329,391882,92,3;[114493.64000000001, 1356, 1.0098884038015559, 0.9575393429604518, 53.70771228318953, 0.9928164272628103, 9999]
00023892,93329,391882,93,1;[115389, 1646, 0.9791536811644996, 0.9912072497007227, 30.555962129969355, 0.9961549890584726, 0.995354855405318]
00023892,93329,391882,94,1;[116973, 1592, 0.994606233216065, 0.9965614043713638, 34.71012332712566, 0.9946580766084038, 0.9999615310636661]
00023892,93329,391882,94,2;[112866.73999999999, 1496, 1.003006582190011, 0.9923183925625743, 26.138494257660792, 0.99570058885804, 9999]
00023892,93329,391882,94,3;[114433.36000000002, 1410, 1.0214616209838423, 0.9517095185099957, 73.57692311392724, 0.9894936176987641, 0.990536726513768]
00023892,93329,391882,96,1;[115407, 1632, 0.9872182726007631, 0.9927104473525977, 23.989429741072772, 0.9960868400620199, 0.996795591563164]
00023892,93329,391882,96,2;[113005.97, 1516, 0.9882006017804126, 0.9825266807640969, 27.477798069064683, 0.9957344812378607, 0.9942780561096016]
00023892,93329,391882,96,3;[117169.25000000001, 1434, 1.0569068397282255, 0.9348208440309685, 110.45560734956277, 0.9883416942725053, 9999]
00023892,93329,391882,99,1;[118266, 1608, 1.0340711010663866, 0.9901960891665134, 40.350390802242764, 0.9941750124012475, 0.995743928467688]
00023892,93329,391882,99,2;[114010.33, 1524, 1.0088953795511193, 0.9873587254334197, 27.375748128469997, 0.9954495918170748, 9999]
00023892,93329,391882,99,3;[113752.47000000002, 1336, 1.0058340005280906, 0.9771892906538502, 25.640739364499375, 0.99607581804577, 9999]
00023892,93377,392048,3,3;[118466.64000000001, 1406, 1.047556527781869, 0.9626297559970822, 107.28162349534367, 0.988306503325163, 9999]
00023892,93377,392048,4,1;[118492, 1724, 0.9863208326474601, 0.9986424630954116, 19.764201178268063, 0.9967779664001932, 0.982353745839223]
00023892,93377,392048,4,2;[116322.5, 1540, 1.0024661578187861, 0.9812524545754474, 28.71243987076844, 0.9953319054134065, 9999]
00023892,93377,392048,5,1;[112681, 1604, 0.9750116024793062, 0.9728192778387952, 30.87669786078407, 0.9962903174522396, 0.9869450782375636]
00023892,93377,392048,5,2;[117476.79999999999, 1468, 1.0128946844061226, 0.9826118107683158, 31.69563920609115, 0.9953051589361018, 9999]
00023892,93377,392048,5,3;[119291.38, 1442, 1.0494193382007337, 0.9224995551443748, 90.97954973781846, 0.9914184377585706, 9999]
00023892,93377,392048,8,2;[114999.22, 1520, 1.0070723933409482, 0.9772014446917673, 55.95936210100426, 0.9911467610708359, 1.0000983146794165]
00023892,93377,392048,8,3;[115359.48000000001, 1394, 1.0261842013140077, 0.9530082855170431, 74.80732270330151, 0.9887307322964278, 9999]
00023892,93377,392048,9,1;[115825, 1638, 0.9752674514762388, 0.977930434245964, 26.59457846165895, 0.9966290836236483, 0.9829547624402228]
00023698,93080,390528,134,1;[36900, 898, 0.9978155479327312, 1.0259673944738459, 89.73238912855744, 0.9929930238391793, 0.9837638966648005]
00023698,93080,390528,134,2;[39364.009999999995, 820, 1.0504391901326098, 1.022399976459444, 131.86334323534342, 0.9822628171354302, 1.0140555785472325]
00023698,93080,390528,134,3;[55474.04, 910, 1.2348669144335471, 0.954528904486548, 84.48481776732575, 0.9923977465338607, 26994.666666666668]
00023698,93244,391403,53,2;[43991.92, 860, 1.0139415938895173, 1.0212939734954087, 88.72411398565121, 0.9915332214735743, 9999]
00023698,93244,391403,54,1;[45368, 944, 1.0138822074695624, 0.9740646097252217, 57.91967425793741, 0.993886083647604, 1.000099198694986]
00023698,93244,391403,55,3;[38692.91, 766, 1.0128055678324268, 1.0020142613457823, 123.04365198080062, 0.9864740144323954, 0.9985680697226298]
00232831,93048,390346,740,1;[60347, 1074, 1.0041203919890753, 0.9799737843213558, 68.8031668473261, 0.9893269121354705, 1.0045276737411568]
00232831,93048,390346,740,2;[26282.34, 714, 1.0320528336306802, 1.014372897938292, 140.43680277580415, 0.9847081607347733, 9999]
00232831,93048,390346,740,3;[48303.46000000001, 810, 1.1451752258466206, 0.9524738607388366, 111.29907984614162, 0.9886044851043795, 1.0053033759124088]
00232831,93048,390346,741,1;[58549, 1054, 1.0054455670794802, 0.9721401613657598, 71.84338526471858, 0.9899833681219329, 1.006091640962634]
00232831,93048,390346,741,2;[26754.77, 714, 1.0341519316231074, 1.0048081338552852, 159.3327943069655, 0.9804418482813829, 1.0053435285174503]
00232831,93048,390346,741,3;[59377.170000000006, 910, 1.009236585552549, 0.9801747544230137, 119.60868056295885, 0.9820228240271109, 1.0022546741128724]
00232831,93048,390346,742,1;[60220, 1068, 1.0074655194483435, 0.9772295374079115, 65.41557014703079, 0.9913233628504808, 1.006005629755849]
00232831,93048,390346,742,2;[36023.68, 754, 1.1820072772154882, 0.975194568199687, 145.89823339616314, 0.9858882366313425, 1.007957912962408]
00232831,93048,390346,742,3;[30371.530000000002, 664, 1.0089733402220478, 0.9955065153366602, 110.20559259267367, 0.9896436106369197, 1.003848940409346]
00232831,93147,390953,359,1;[28614, 804, 1.0032679635817676, 0.9797642027110547, 76.11960080236409, 0.9935266967839056, 1.0029442691903259]
00232831,93147,390953,359,2;[32495.329999999998, 730, 1.0010910926167107, 1.0181539503852286, 138.38844875947652, 0.9872961394964037, 1.0066911209009972]
00232831,93147,390953,359,3;[44651.04, 780, 1.1265940771710539, 0.9490983104198878, 135.99181647196534, 0.9850378115291741, 1.0061277725469615]
00232831,93165,391039,287,1;[39866, 864, 1.0298398293658304, 0.9959000629021967, 86.7554628668432, 0.992586344484783, 0.9994735126733021]
00232831,93165,391039,287,2;[58477.79, 974, 1.0269415973797502, 0.9712203717647845, 110.17502078317794, 0.9861528678999373, 1.0036866453569715]
00232831,93165,391039,287,3;[47685.590000000004, 804, 1.0360607644632402, 0.94115180619928, 106.98442230112188, 0.9887037694940279, 9999]
00232831,93165,391039,289,1;[28699, 810, 1.00818441333912, 0.9786705332760606, 77.15163995602295, 0.9933617731220881, 0.9997039101280153]
00232831,93165,391039,289,2;[29376.34, 706, 1.0029025862775742, 1.0184988224387705, 115.10771404046059, 0.9898791421656763, 1.0058060178866095]
00232831,93165,391039,289,3;[29242.65, 658, 1.0054347153086407, 1.016919426240819, 136.91117619523283, 0.9875221844265234, 1.0027482207032625]
00232831,93165,391039,290,1;[29374, 836, 1.0333035036256313, 0.9688302861139513, 84.38927192001452, 0.9925713888783438, 1.00454840805718]
00232831,93165,391039,290,2;[48306.86, 868, 1.1486846561401474, 0.9733066559966124, 138.39645165229948, 0.9857525522417887, 1.0036095727848102]
00232831,93165,391039,290,3;[28849.460000000003, 652, 1.0052699092288533, 1.0203944978101065, 115.91342784668967, 0.98962519814608, 1.003669987131214]
00232831,93328,391868,72,1;[53913, 1002, 1.0197885864858176, 0.9823802569413564, 73.40299224254385, 0.9925419384832258, 1.0061398925052254]
00232831,93328,391868,72,2;[30416.399999999998, 710, 1.0438726826922544, 0.9772929921499058, 127.79972348039183, 0.989214036519754, 9999]
00232831,93328,391868,72,3;[54501.340000000004, 870, 1.009712309967718, 1.0058363780854904, 98.19940865914353, 0.988407161462243, 9999]
00232831,93328,391868,73,1;[53548, 998, 1.0189524065939604, 0.9797690597906243, 70.54455465725476, 0.9923345736926806, 1.0058606957697798]
00232831,93328,391868,73,2;[32314.449999999997, 730, 1.0032959324346369, 1.0173005886922057, 119.24168662801405, 0.9887060503406242, 1.0007739367583106]
00232831,93328,391868,73,3;[56224.8, 882, 1.0097929346542687, 1.0019868142286004, 108.93376190051036, 0.985441320762081, 9999]
00232831,93328,391868,74,1;[58872, 1058, 1.0073440151434425, 0.9871881459772484, 66.68563326524257, 0.9914655171775439, 1.0050875815208113]
00232831,93328,391868,74,2;[56247.729999999996, 944, 1.126253123694444, 0.9646773931279856, 122.14461848641795, 0.984343955618227, 1.0040039508480516]
00232831,93328,391868,74,3;[54302.69, 864, 1.013030303116915, 1.0093036032740614, 115.46933163720168, 0.98485697905831, 9999]
00392839,93125,390812,1875,1;[51889, 988, 1.0309059393434667, 0.9881457015397869, 66.6021662246079, 0.9938598095140565, 1.000183116645303]
00392839,93125,390812,1875,2;[67922.81999999999, 1040, 1.0251179795820962, 0.9769922251509997, 79.65889262657356, 0.9904856174420223, 1.0046202180742931]
00392839,93125,390812,1875,3;[47223.9, 804, 1.0044927436415503, 0.8689089479203638, 77.22670148281767, 0.9923388297456722, 783.4090909090909]
00392839,93125,390812,1876,1;[59816, 1060, 1.0313009518275629, 0.9913888737734982, 67.64309086161958, 0.9935038111279465, 1.0025812074687406]
00392839,93125,390812,1876,3;[68571.24, 978, 0.9999073898508091, 1.0032423159989259, 56.242113522491955, 0.9911021424450633, 25026.0]
00392839,93125,390812,1877,2;[49233.869999999995, 880, 1.0024682905491424, 1.0186756742744667, 89.54538128814073, 0.9909469197783566, 1.003833555744268]
00392839,93125,390812,1878,2;[45041.5, 842, 1.0466566925681924, 0.9799962827762165, 82.69384824801581, 0.991849107185083, 1.0054723196259696]
00392839,93125,390812,1878,3;[68915.11, 992, 0.9991853389079024, 1.0076475497660702, 63.48405964489052, 0.9896355006087816, 9999]
00392839,93125,390812,1879,1;[69472, 1160, 1.0032383389006212, 0.9905454860590442, 49.37223093887291, 0.9926081708822578, 1.0047873186676501]
00392839,93125,390812,1880,1;[58546, 1048, 1.0194065136830368, 0.978063295064718, 54.76103797355678, 0.9933138883679393, 1.0015995894102048]
00392839,93125,390812,1880,2;[61776.469999999994, 990, 1.0396685054476429, 0.9640065891504582, 68.57000778434717, 0.9913787465718691, 1.0040422404456135]
00392839,93125,390812,1880,3;[61839.060000000005, 922, 1.00226797473109, 1.003957854400831, 46.31605398630995, 0.9943320524651255, 30092.0]
00392839,93125,390812,1882,1;[47091, 942, 1.0018393061387822, 1.0190822067143501, 71.36608206079043, 0.9939977220558363, 1.0022240430762028]
00392839,93125,390812,1882,2;[44836.82, 838, 1.0009702603101087, 0.8579710674656572, 115.96230726808992, 0.9876716847918889, 1.0063299591357069]
00392839,93125,390812,1883,3;[62791.21000000001, 934, 1.00482507106843, 1.0049328088843685, 67.35756700581496, 0.9915650412322292, 975.1702127659574]
00392839,93125,390812,1884,1;[68599, 1154, 0.9932037603671654, 0.9900135492285574, 42.64992556418929, 0.992177609228944, 1.0038119069045999]
00392839,93125,390812,1884,2;[30768.64, 754, 1.013369899081245, 1.012417688123424, 108.34445017142966, 0.986718859546454, 1.0070104377628915]
00392839,93125,390812,1884,3;[34204.79, 714, 1.0035764021615967, 1.0148250237171672, 99.07071716554607, 0.9910482212703171, 9999]
00392839,93147,390949,355,1;[32026, 846, 1.229068255820816, 0.9928987388113769, 71.5304634986451, 0.9944599191637654, 0.9349019149929939]
00392839,93147,390949,355,2;[61595.59, 988, 1.0209785028295537, 0.9781473790336748, 63.548929192780584, 0.9922275405313156, 9999]
00392839,93147,390949,355,3;[53772.50000000001, 856, 1.0376838770447054, 0.9405489129401906, 73.3699889492052, 0.991225461724041, 9999]
00392839,93147,390949,356,3;[30368.79, 712, 1.0964074586596266, 0.9387218922318178, 107.33252862348635, 0.9886994229519999, 1.0056253685977408]
00392839,93147,390949,357,2;[67248.09, 1048, 1.0190884736638637, 0.9786403752383798, 46.87514911328612, 0.9926306928452561, 9999]
00392839,93147,390949,358,1;[68835, 1152, 0.9969934896770833, 0.983556287553443, 40.32549773103681, 0.9927301916612468, 1.0049638659756186]
