0239544,93026,390254,202,4;[47332, 1080, 0.8591720710769352, 1.100671333536288, 138.92139957442726, 0.9279486803271495, 0.986844025603069]
0239544,93026,390254,202,5;[49938.35, 984, 0.8594512650913928, 1.099368493989877, 115.68356164537298, 0.9214557164143652, 1.0029396300368052]
0239544,93026,390254,202,7;[49787.73, 844, 0.8615522052508373, 1.1117117295908463, 102.98383027465994, 0.8646210016067379, 1.0079918223213455]
0239544,93026,390254,204,6;[55146.61000000001, 954, 0.850800519347399, 1.0792379379608938, 180.83243748695185, 0.9081577295337835, 1.003940640977678]
0239544,93026,390254,205,4;[45299, 1072, 0.8588469970072966, 1.0650976720022, 105.52186819732466, 0.9240968876996551, 0.984450553629834]
0239544,93026,390254,206,5;[56195.369999999995, 1020, 0.8448543850236844, 1.0594221110487851, 158.30938867237776, 0.8951398024312276, 1.0030267308121197]
0239544,93026,390254,208,6;[44592.130000000005, 852, 0.8623109819181948, 1.095235358795799, 159.60533882763997, 0.9029506221117477, 1.0050795905448595]
0239544,93026,390254,209,7;[39533.67, 756, 0.8647823065427237, 1.0800357000535796, 218.28544422056981, 0.9203826557065662, 0.9962216139106296]
0239544,93027,390262,291,4;[48193, 1068, 0.861437879880735, 1.0725291324919517, 119.24714734461496, 0.9064840233080595, 0.9978879801221658]
0239544,93027,390262,291,5;[44124.009999999995, 928, 0.8572426190268185, 1.0924158603434913, 160.04761333093816, 0.9126419161280548, 1.0022570312605588]
0239544,93027,390262,291,7;[49353.21, 798, 0.8523924407967116, 1.010896348155145, 215.46478243040625, 0.8852554371019881, 1.0086616635397123]
0239544,93027,390262,293,6;[49373.43, 918, 0.8642874603765223, 1.1385431540020745, 152.30831233924172, 0.8978890861277916, 1.00118067034295]
0239544,93027,390262,294,6;[48378.810000000005, 858, 0.8563087314552766, 1.0309915125341393, 126.62611968626977, 0.8829603105943981, 1.0081075680150733]
0239544,93027,390262,294,7;[40329.270000000004, 820, 0.8666175438924058, 1.1189915542138718, 142.32166160014378, 0.9001545274054906, 1.0016910828630603]
0239544,93027,390262,295,4;[43278, 1048, 0.8556758211900418, 1.0974768458253523, 117.54836333154724, 0.9266056542694853, 0.9802047472368183]
0239544,93027,390262,295,5;[54742.38, 1000, 0.8565198275930241, 1.1250224332771073, 105.08986630089609, 0.9162980378549567, 1.002680965147453]
0239544,93028,390276,361,4;[54602, 1078, 0.8674913219963367, 1.1143773154982393, 99.19993119896236, 0.9130095390869253, 1.0013111928186977]
0239544,93028,390276,361,7;[49662.270000000004, 856, 0.8523248431320866, 1.0914264054089653, 157.57422512273922, 0.844135345088486, 1.0087796994701101]
0239544,93028,390276,362,5;[44473.869999999995, 900, 0.8625167650169687, 1.074950464151868, 149.89672025007152, 0.9090505230614657, 1.0086226672244187]
0239544,93028,390276,362,6;[54197.200000000004, 952, 0.8509779962595849, 1.082535245541884, 148.08857872923627, 0.9067939285155563, 1.004328564719024]
0239544,93057,390392,606,4;[52865, 1038, 0.8560027816889494, 1.0222098250835807, 180.27291351923907, 0.8993817602326138, 1.0043792569512393]
0239544,93057,390392,606,5;[54437.74, 1008, 0.8484864113884732, 1.0799427134637367, 147.9595187151336, 0.9083993939602739, 1.0034988428591798]
0239544,93057,390392,606,6;[52554.57000000001, 930, 0.856227480351152, 1.1227100358528184, 141.13622940836257, 0.9034914785108177, 1.005820813340675]
0239544,93057,390392,608,7;[51914.43, 858, 0.8531394222804286, 1.043571181922258, 132.40008100595267, 0.8658520324784005, 0.9997053710851183]
0239544,93057,390392,609,5;[56213.219999999994, 1016, 0.8529471986094216, 1.096131917389403, 116.96268271535959, 0.9021824151208151, 1.0026638365614222]
0239544,93057,390392,610,4;[45747, 980, 0.8558728751206087, 1.0345958616592152, 185.5288033002784, 0.9098320306960426, 1.0064571485144158]
0239544,93057,390392,610,6;[47882.87, 850, 0.866478642777075, 1.1136688564404842, 108.12524994992022, 0.8949856070962816, 1.0090945836701697]
0239544,93057,390392,611,7;[41666.49, 758, 0.8543768998884145, 1.0417177419890058, 173.2433468695617, 0.889441258975191, 1.0073424698070983]
0239544,93064,390420,1181,4;[51103, 1084, 0.853758527981424, 1.1034271154422441, 117.00241276191136, 0.9034939677167025, 0.997297112691861]
0239544,93064,390420,1181,5;[53716.6, 1004, 0.8506770700841941, 1.093456190295935, 107.59755174943348, 0.8750176129318532, 1.0039477342229637]
0239544,93064,390420,1183,6;[42731.670000000006, 834, 0.8585745223171363, 1.10474001658253, 108.53659858253316, 0.8928552287205791, 1.0077867528271405]
0239544,93064,390420,1184,7;[50265.090000000004, 828, 0.8479617149699433, 1.0074404864649305, 188.63040704164513, 0.8740052103755408, 1.0059709718905017]
0239544,93067,390430,17,4;[43183, 1020, 0.8571893060610962, 1.0883629145904006, 93.66180783902625, 0.9225014411705791, 0.9482433025911287]
0239544,93067,390430,17,6;[55464.450000000004, 946, 0.8663563559592324, 1.1023652261399572, 112.80803035655111, 0.9085208135750691, 0.9966642458856981]
0239544,93067,390430,17,7;[42153.03, 826, 0.8551024080917576, 1.1291981767944153, 111.90053332001301, 0.902451366581135, 1.0024013098053484]
0239544,93067,390430,18,5;[44077.6, 922, 0.861255072015914, 1.065315307786287, 144.95643722214453, 0.9086791084701829, 0.9603567632036091]
0239544,93067,390430,20,5;[49311.22, 950, 0.8503606056294365, 1.0413462274187788, 140.11900840169807, 0.904254425716233, 0.9859617397925192]
0239544,93067,390430,20,6;[55049.340000000004, 938, 0.8602650359370395, 1.0867272368472503, 104.24638069267581, 0.9107297455054769, 0.9981617647058824]
0239544,93067,390430,20,7;[51678.81, 874, 0.8673258512263745, 1.1451188091795212, 93.56227347628077, 0.8913630450173472, 1.0050136126277578]
0239544,93067,390430,21,4;[55440, 1108, 0.8534388885340605, 1.0845674348244894, 96.51824649771353, 0.8983732324342371, 0.9920904763609033]
0239544,93067,390430,22,4;[53623, 1062, 0.8616437035335441, 1.0228221188092586, 133.64725961794773, 0.9112508518352297, 0.998640494636472]
0239544,93067,390430,22,7;[40304.79, 792, 0.8627418639923539, 1.1123819667324326, 103.42196325511026, 0.9058313275867855, 1.0034090692669548]
0239544,93067,390430,23,6;[46489.58, 864, 0.8646457223959539, 1.0745542268525534, 156.53824953824176, 0.9052188727073828, 0.9841504618552516]
0239544,93067,390430,24,5;[52840.759999999995, 974, 0.8629446177455548, 1.1067027632539455, 93.952808104051, 0.9196835767260824, 0.9952483414021875]
0239544,93078,390515,1,4;[43413, 1002, 0.8667135558402737, 1.107794168641697, 105.04344575008516, 0.9159996872400256, 0.9670650345833843]
0239544,93078,390515,1,5;[54749.52, 966, 0.8519842044509734, 1.058124098065323, 129.45419826424305, 0.8821451812777874, 1.0037634584546913]
0239544,93078,390515,1,6;[48626.780000000006, 896, 0.8567378924327704, 1.1184772249394788, 107.36480895502801, 0.8808826050591005, 0.9945918681872951]
0239544,93078,390515,1,7;[50603.22, 812, 0.8492605603955885, 1.049212719859721, 156.29395448763594, 0.8470456377333472, 1.0085996584532813]
0239544,93091,390585,650,6;[42933.060000000005, 848, 0.8606681182873803, 1.1114622840081563, 173.03366923600652, 0.9072663978717252, 0.9766572132016081]
0239544,93091,390585,650,7;[52426.98, 870, 0.8531159207359773, 1.0620298971405717, 158.77662531022926, 0.8704452343844159, 1.0033527077873592]
0239544,93091,390585,651,4;[47329, 1042, 0.8642763786614444, 1.0880223596021015, 115.42682346926777, 0.93112650424057, 0.9915570267325903]
0239544,93091,390585,651,5;[45330.67, 952, 0.848296838039093, 1.0703635965574967, 130.77123296214043, 0.9055773475944449, 0.9903031248375188]
0239544,93091,390585,652,4;[56198, 1064, 0.8646037108207748, 1.0684754859245655, 118.54909152913108, 0.9131656613892691, 1.0008994167149028]
0239544,93091,390585,652,5;[49538.509999999995, 926, 0.8590384588323435, 1.09939537696236, 106.56018771358889, 0.9130305728642453, 1.0065647101493078]
0239544,93091,390585,652,7;[40427.19, 766, 0.855180292245155, 1.0876086324484797, 167.76222909144815, 0.897319919414124, 1.0076076801342309]
0239544,93091,390585,653,6;[54332.83, 946, 0.8568883864055739, 1.1198836878659026, 121.56076631097177, 0.8808082726808156, 1.004533941236069]
0239544,93092,390596,689,4;[56401, 1058, 0.8616090053639683, 1.0580000037975483, 115.01195344466358, 0.9166090271782947, 1.0027290101782302]
0239544,93092,390596,689,6;[55358.96000000001, 920, 0.8548337070925501, 1.044821337484346, 177.59017999655407, 0.8727059592482003, 1.0052366440699048]
0239544,93092,390596,689,7;[41678.73, 818, 0.8612473061038094, 1.1278777006253526, 111.10374373993972, 0.9040035929094122, 1.0032778432527991]
0239544,93092,390596,690,5;[51575.79, 938, 0.867350267229062, 1.1003670952242302, 95.08347085313007, 0.918466606158947, 1.0090331292342793]
0239544,93092,390596,691,4;[56438, 1062, 0.855743694503941, 1.0393538113756362, 151.95480749459378, 0.8967200209197131, 1.0031817131481184]
0239544,93092,390596,691,7;[52306.11, 816, 0.8637358404299488, 1.052380013009264, 114.88044309546049, 0.8901181178104539, 1.0096872323459052]
0239544,93092,390596,692,5;[44397.71, 926, 0.8572406763856812, 1.0515592956981512, 144.312832515986, 0.9079887539169461, 0.9944823541955432]
0239544,93092,390596,693,6;[48613.08, 882, 0.8705859839212906, 1.0829251916997646, 120.61844988564665, 0.9029056290590615, 1.0017220449990119]
0239544,93093,390601,806,6;[45541.54, 856, 0.8698744681230519, 1.1209679031043702, 95.99843157258276, 0.9076163071447767, 1.0094899709986487]
0239544,93093,390601,806,7;[44368.47, 800, 0.8638681018955768, 1.0842437855860891, 106.17785057480069, 0.887676994585378, 1.007784535186794]
0239544,93093,390601,807,4;[55908, 1066, 0.865879088116499, 1.0792839427898882, 112.22988780205772, 0.9149535316262003, 1.0010205725949402]
0239544,93093,390601,807,5;[43513.54, 888, 0.8545821130585423, 1.0479358705632165, 157.2193406140886, 0.9031487764828052, 1.0101384016133041]
0239544,93098,390636,1117,4;[55606, 1102, 0.8626495886773717, 1.0882331432232097, 103.24768171215472, 0.9096967436892776, 0.9992093441150045]
0239544,93098,390636,1117,5;[56791.56, 1006, 0.8459036736348076, 1.06153503007493, 161.283909993657, 0.8918941978112351, 1.005657932168031]
0239544,93098,390636,1118,6;[43998.920000000006, 884, 0.8612106132433098, 1.074942075116813, 207.1342188406364, 0.9137683849260435, 1.00182484597988]
0239544,93098,390636,1119,7;[39030.3, 780, 0.8691975598205869, 1.0726835851257241, 92.42090703839318, 0.9180393460960864, 1.0027909902118795]
0239544,93098,390636,1120,5;[49191.03, 924, 0.8540145829914418, 1.0065578141688936, 154.1659096017734, 0.9016325446962872, 1.0049106600218791]
0239544,93098,390636,1120,7;[43985.97, 786, 0.8577081270111102, 1.0502997810092494, 137.99103015925493, 0.8873759025843404, 1.007323055360897]
0239544,93098,390636,1121,6;[54895.9, 894, 0.8585375135901493, 1.0815573118369564, 133.818128965563, 0.8855216893052245, 1.0092817651726005]
0239544,93098,390636,1122,4;[54048, 1094, 0.8598285289285041, 1.1249617768824565, 99.99176689962563, 0.9146007694688204, 0.9968369313623328]
0239544,93115,390754,4,4;[45062, 1038, 0.8688896306371566, 1.0708847562379578, 122.98960046947309, 0.9271928734403858, 0.9880934108102182]
0239544,93115,390754,4,5;[55238.61, 970, 0.847285868550303, 1.0286560191794225, 167.71271591109172, 0.8952663082377119, 1.0054148887781844]
0239544,93115,390754,4,6;[55116.47, 940, 0.8598347096924688, 1.0965025733883509, 143.18563816582014, 0.9012465447371082, 1.0024668593640984]
0239544,93115,390754,4,7;[51845.58, 818, 0.8563063258663193, 1.0078897695105529, 149.85147870024326, 0.8776321382415249, 1.0091426188987165]
0239544,93119,390775,226,5;[56179.899999999994, 980, 0.8485285586162709, 1.0466311056297537, 166.79038954870904, 0.8910461488051636, 1.0049598739808843]
0239544,93119,390775,226,6;[44862.020000000004, 912, 0.8574385522609332, 1.1320815672265487, 157.1298070772678, 0.909257252483588, 0.9659871972624561]
0239544,93119,390775,228,4;[43499, 1058, 0.8568778730129265, 1.114915021535101, 130.25562080986316, 0.9139452071561137, 0.967698160218905]
0239544,93119,390775,230,7;[43017.48, 794, 0.8678015261163714, 1.0751541299635448, 118.53848712935232, 0.8937752002509576, 1.0043401382414403]
0239544,93119,390775,231,5;[56570.219999999994, 1020, 0.8618549068723969, 1.1165529924585798, 107.30468512481139, 0.8933452900497, 1.002012963060547]
0239544,93119,390775,232,4;[54026, 1058, 0.8540247437876405, 1.0270366713034362, 200.39434058686123, 0.9040583004262612, 1.0001851303317535]
0239544,93119,390775,232,6;[50544.780000000006, 936, 0.8536202361350866, 1.1264821753758956, 171.58606508432078, 0.9002584915537237, 0.986048749198204]
0239544,93119,390775,233,7;[40226.76, 766, 0.8559419384778708, 1.0688121595818585, 149.74778493621025, 0.9069937262848201, 1.0068741024413594]
0239544,93122,390793,1580,4;[50068, 1048, 0.8604469639332964, 1.1078408273849873, 106.52318655076066, 0.9258881784674396, 1.0008095547448903]
0239544,93122,390793,1580,5;[56765.38, 996, 0.859245771010837, 1.09664574324797, 132.7763448794948, 0.8897012722320109, 1.004104658260888]
0239544,93122,390793,1580,6;[44879.83, 880, 0.8652773785543553, 1.0921616688852598, 127.53435298309903, 0.9102781004477489, 1.0071634999692554]
0239544,93122,390793,1580,7;[51072.93, 840, 0.8624490762105731, 1.0691834407719063, 117.3563066088021, 0.8863625678931872, 1.0054518072289156]
0239544,93122,390793,1582,4;[42709, 1016, 0.8642448071627823, 1.1047801909866024, 127.53829924361695, 0.9122252976727654, 0.9773897521568986]
0239544,93122,390793,1582,5;[46887.189999999995, 912, 0.8641435992125758, 1.0868999292090469, 129.31825552075827, 0.9092260407852653, 1.0047687050543173]
0239544,93122,390793,1582,6;[52602.520000000004, 940, 0.8584616628646653, 1.095441577954868, 146.09371378280218, 0.9013136081985308, 1.004499790707409]
0239544,93122,390793,1582,7;[41360.49, 820, 0.8687703043141081, 1.1173178350328594, 136.3210761046002, 0.9015682697794531, 1.0036011286011286]
0239544,93123,390807,1693,4;[53846, 1082, 0.8618552403818501, 1.0882146350130932, 92.83443509540001, 0.9005721314277586, 0.9983128464690287]
0239544,93123,390807,1693,5;[56018.06, 992, 0.8521652798215485, 1.0985848561533493, 123.40132904106471, 0.8984000954319771, 1.0043953230349065]
0239544,93123,390807,1693,6;[55047.97, 938, 0.867585254148223, 1.1138567171671685, 120.46557264410711, 0.9055948039314928, 1.0062356005208855]
0239544,93123,390807,1693,7;[40033.98, 780, 0.8692788629757624, 1.0919945512934874, 112.15247827035377, 0.9047984192328157, 1.004935189630341]
0239544,93123,390807,1695,4;[54619, 1096, 0.8521426880810667, 1.0831534952453923, 132.115782624607, 0.9059355103083325, 0.9992864722456]
0239544,93123,390807,1695,5;[55952.61, 1018, 0.8623263935372247, 1.1273336162084477, 107.51527289968732, 0.899897622311928, 0.9996598277878176]
0239544,93123,390807,1695,7;[51983.28, 852, 0.869494099293929, 1.077731926673997, 122.33665518326777, 0.8854895744611172, 1.0059660394676457]
0239544,93123,390807,1697,6;[50105.01, 888, 0.8707149317954496, 1.1266161470241007, 108.82255955210927, 0.9033930426771053, 1.0050426634056526]
0239544,93123,390807,1698,4;[54350, 1090, 0.8637031938204913, 1.1066571312056797, 104.49386074404191, 0.9170726292837907, 1.002055735317164]
0239544,93123,390807,1698,5;[50984.36, 936, 0.8519312101525685, 0.9940989886727967, 165.14689158074327, 0.9029084295890559, 1.0057395039847885]
0239544,93123,390807,1698,6;[45075.740000000005, 918, 0.8568770549619512, 1.1139065992258677, 198.89827219094425, 0.9104522038045298, 1.0033850751730657]
0239544,93123,390807,1700,7;[49847.4, 820, 0.8667760655574845, 1.0578378621415678, 115.13293260469517, 0.8921263745850042, 1.0072965619589413]
0239544,93126,390823,1890,4;[55475, 1098, 0.8616932633660391, 1.0961158704112133, 120.97622590735911, 0.9100123720186967, 0.9984521516891345]
0239544,93126,390823,1890,5;[54618.619999999995, 1014, 0.8593199646468279, 1.1099135154537656, 128.53790608394226, 0.8694615934634784, 1.0013854192802365]
0239544,93126,390823,1890,6;[52709.380000000005, 946, 0.8551695341649812, 1.0944244595454835, 179.47936547019233, 0.8996422121492648, 1.0033772770540756]
0239544,93126,390823,1890,7;[42061.23, 768, 0.8656773097017831, 1.0895050236190509, 186.38363718203496, 0.9022703233646692, 1.0103827847915174]
0239544,93126,390823,1892,4;[42266, 984, 0.8624098765189363, 1.0808371930135616, 108.22354632286154, 0.9113383152859179, 0.9698596817310892]
0239544,93126,390823,1892,5;[53842.74, 992, 0.8582242795515067, 1.1073857190885177, 103.40783731462957, 0.8717202304557514, 1.0021928367333377]
0239544,93126,390823,1892,6;[44430.47, 910, 0.8560389969557849, 1.1240285729216615, 195.88890224234638, 0.9023056258627727, 1.0012040009878982]
0239544,93126,390823,1892,7;[51727.770000000004, 854, 0.8518276885346623, 1.0666012246679226, 174.43791466810106, 0.8700742770061116, 1.0071494533647114]
0239544,93133,390876,698,4;[56423, 1104, 0.8568757598901607, 1.0599436442443453, 145.86510488949978, 0.9157765949581156, 1.0005231099328824]
0239544,93133,390876,698,5;[55194.579999999994, 1006, 0.8543014317959545, 1.125527645201666, 110.82046270224488, 0.9123781790036929, 1.0047005307050796]
0239544,93133,390876,699,6;[55526.100000000006, 958, 0.8531868679250993, 1.0949129220256786, 150.86926025265333, 0.9034011131930485, 1.0047348719601379]
0239544,93133,390876,701,7;[39926.88, 772, 0.8570299434371869, 1.0691258821796494, 133.4026014693968, 0.9007505340938878, 0.9970008978203977]
0239544,93133,390876,702,4;[55340, 1098, 0.8639529827315998, 1.0807610721579852, 105.70181959353083, 0.9060737880296463, 0.9965963730663258]
0239544,93133,390876,703,6;[55141.130000000005, 940, 0.8533725672306205, 1.025427395283417, 207.46188372992717, 0.8927847120411362, 1.0025531490914525]
0239544,93133,390876,704,5;[45098.619999999995, 906, 0.8578315858692138, 1.0671715394208523, 138.13276311234569, 0.9094858930870188, 0.9920163337957753]
0239544,93133,390876,704,7;[40411.89, 756, 0.8589359808210604, 1.0819833333597446, 131.07353206512087, 0.89555214988704, 1.0112948924113638]
0239544,93164,391036,161,5;[55844.32, 1000, 0.8654659670207991, 1.0974144237952295, 88.84984568490769, 0.9013535950665752, 1.0040866979052998]
0239544,93164,391036,161,6;[49462.48, 906, 0.8617645509490472, 1.118135730432544, 132.54362619010112, 0.8958418679679462, 1.0031536099804115]
0239544,93164,391036,161,7;[52006.23, 860, 0.8600085508850963, 1.0813735524595862, 131.83696071769984, 0.8744631570397812, 1.0059633909942438]
0239544,93164,391036,162,4;[54819, 1064, 0.8612019609205134, 1.0916329084174214, 94.31107990683319, 0.9018802392836661, 0.9994348222424795]
0239544,93164,391036,164,4;[55341, 1070, 0.8524597869755915, 1.0682026445877257, 114.80780588263002, 0.8970798432050413, 1.002164012205391]
0239544,93164,391036,164,5;[55011.32, 998, 0.8611406708531947, 1.1407577071772657, 106.11373332191835, 0.9130968012425851, 1.002526484716394]
0239544,93164,391036,164,6;[53125.86, 928, 0.8547577371223867, 1.1101524986863147, 125.0745740825028, 0.8649357165656701, 1.004897768794216]
0239544,93164,391036,164,7;[40571.01, 778, 0.8656768396260388, 1.1021617645968231, 108.4011053643692, 0.8932705790594644, 1.007599650416081]
0239544,93172,391083,569,4;[55755, 1060, 0.8526408928900369, 1.0526353796603565, 118.8640823667115, 0.8889506129057583, 1.0043955252112193]
0239544,93172,391083,569,6;[52620.33, 890, 0.8669146548425251, 1.1347846487988098, 98.21531294901546, 0.8920773872556919, 1.0091962479308443]
0239544,93172,391083,570,5;[45538.92, 904, 0.8618920631584893, 1.0693281717545993, 124.913558349191, 0.9056325241981805, 1.0071056371387967]
0239544,93172,391083,570,7;[39763.17, 770, 0.8556130918818246, 1.0778669781425307, 146.61142405576544, 0.8986603075410524, 1.0028361405336574]
0239544,93203,391204,295,5;[49561.119999999995, 928, 0.8468014106228295, 0.998891615339973, 162.4550614686897, 0.8969603716765981, 1.0076088402869343]
0239544,93203,391204,295,6;[43763.280000000006, 852, 0.8547238604312559, 1.063419398055811, 174.65323089380018, 0.8846423239128766, 0.9920188814011988]
0239544,93203,391204,295,7;[42919.56, 770, 0.8593633798478207, 1.0569480427584892, 167.76200073244974, 0.8840751402002063, 1.0131098992379646]
0239544,93203,391204,296,4;[55310, 1100, 0.8627478111425695, 1.1101325099638506, 102.43459087850103, 0.9120440596835392, 0.9967471909606149]
0239544,93232,391315,786,5;[54017.67, 1002, 0.8663261124035919, 1.115656172700224, 106.37498790711615, 0.9221065042784647, 1.0018097150802234]
0239544,93232,391315,786,6;[44937.37, 924, 0.8647134012226119, 1.1790227960047188, 149.56736027574274, 0.9230027670783477, 0.9982804534733318]
0239544,93232,391315,786,7;[52916.58, 876, 0.8611046143242367, 1.1052036151540674, 111.75746491869981, 0.8882987535731156, 1.0053339146864326]
0239544,93232,391315,787,4;[55416, 1058, 0.8635558608380012, 1.066664841621805, 121.64242816452612, 0.9105148230729371, 0.999792521762663]
0239544,93232,391319,788,6;[55954.91, 954, 0.8637341688481112, 1.106233995956122, 124.1647464505718, 0.9077678373457228, 1.0021223608504164]
0239544,93232,391319,789,5;[55480.18, 1020, 0.8533708841665621, 1.107669281879504, 125.76836660088205, 0.9164946541572712, 1.0001394385987494]
0239544,93232,391319,790,4;[44123, 1052, 0.8619104656713412, 1.096177593982406, 123.35091670563821, 0.9148674619221479, 0.9649222559975507]
0239544,93232,391319,790,7;[47292.3, 824, 0.8524700785219779, 1.0948206445562834, 275.79835418782227, 0.9042854591592808, 1.0026924449346353]
0239544,93233,391322,841,5;[45469.9, 936, 0.8658012480607152, 1.1324777098567984, 96.55036101705589, 0.9211798904680246, 0.9933964226289518]
0239544,93233,391322,841,6;[46088.170000000006, 850, 0.8704807964049036, 1.094106895053503, 99.47795722217444, 0.9107803913047542, 1.010437472779972]
0239544,93233,391322,841,7;[51570.18, 856, 0.8636072668143175, 1.0920326436933876, 110.60169401621624, 0.8830481790881698, 1.0057589592098588]
0239544,93233,391322,843,4;[56110, 1052, 0.8687517597907424, 1.0562423736869955, 141.09997017535383, 0.9176130443134483, 1.0032541839507938]
0239544,93233,391326,844,4;[44382, 1036, 0.8575210136928406, 1.1079263362601357, 109.74245815790307, 0.9195031640723743, 0.9749571635692632]
0239544,93233,391326,844,5;[55932.38, 1016, 0.8600518575150239, 1.123725241151411, 112.10558371905151, 0.9092025608629988, 1.0034478709663646]
0239544,93233,391326,845,6;[55247.990000000005, 950, 0.8602039320175582, 1.121245819972344, 128.08200554934544, 0.8914891417707242, 1.0057737152548292]
0239544,93233,391326,846,7;[52454.520000000004, 846, 0.862077268946558, 1.0553676498203768, 116.96360490533242, 0.8727108272733433, 1.0064141139862912]
0239544,93272,391513,703,5;[56690.409999999996, 1032, 0.8543337382843249, 1.089819863802493, 137.36926909658212, 0.9012786191439879, 1.0064860981999493]
0239544,93272,391513,703,7;[42742.08, 800, 0.8607431823155249, 1.0996959821708197, 200.59655948534026, 0.9041982667365615, 1.0037186742118027]
0239544,93272,391513,704,6;[49583.04, 872, 0.8607983796862029, 1.110495372979531, 111.9523701102258, 0.8893835932332623, 1.0036188178528347]
0239544,93272,391513,705,4;[52744, 1106, 0.8599490455958639, 1.1274602240730829, 131.043891813972, 0.9117667998409443, 0.9913913010789068]
0239544,93272,391514,706,4;[54646, 1104, 0.8637980693997761, 1.0784918588299575, 118.319968180115, 0.9074449507280209, 0.9947482911467292]
0239544,93272,391514,706,6;[45659.36, 916, 0.8543322497588716, 1.1683197441585012, 152.0685462332471, 0.9166642148369222, 0.9989659048332709]
0239544,93272,391514,708,5;[44038.329999999994, 908, 0.8528710450080667, 1.0521269604910382, 148.81251530735798, 0.9006635334622171, 0.9968349742084068]
0239544,93272,391514,708,7;[46513.53, 786, 0.8589432882745501, 1.034523448688711, 201.85748217009632, 0.8922695108295662, 1.0095304509530452]
0239544,93272,391514,709,4;[45890, 1032, 0.8660140140981288, 1.0931550038338547, 121.94362309508453, 0.9214621304581972, 0.9955742612921421]
0239544,93272,391514,710,7;[50975.01, 856, 0.8607370775222055, 1.0482684292617979, 201.90876196099072, 0.8761898948301968, 1.005386483998974]
0239544,93272,391514,712,5;[46757.479999999996, 914, 0.8643434645144852, 1.0624582007026275, 151.3277778704697, 0.9061345060192934, 1.0033835978498193]
0239544,93272,391514,713,6;[45373.030000000006, 884, 0.8574632764273661, 1.1337475669822368, 174.45715871133456, 0.9101579415986639, 1.0017997852357114]
0239544,93273,391524,754,5;[51158.1, 954, 0.8512769971449196, 1.0606269090757154, 150.297368022971, 0.9044772814053024, 1.0017709838281215]
0239544,93273,391524,754,6;[50459.840000000004, 902, 0.8649889185193127, 1.0984844973338985, 169.6216321341558, 0.9016252318185489, 1.0059952202116764]
0239544,93273,391524,755,4;[54774, 1048, 0.8718544921563613, 1.0754678332747505, 121.5392213310194, 0.9187625751496126, 1.002608385272233]
0239544,93273,391524,755,7;[48262.32, 796, 0.8603075093861222, 1.0328951665394093, 173.35178380850397, 0.9043668407225444, 1.0076989425933616]
0239544,93273,391524,756,5;[43418.34, 970, 0.8556324685418302, 1.1549828430710178, 130.65284403582876, 0.9304012550122331, 0.9852559948152949]
0239544,93273,391524,756,6;[55759.00000000001, 946, 0.861135866066859, 1.081848987349497, 185.76175777017338, 0.9113722033144717, 1.0032414311596436]
0239544,93273,391524,758,4;[54712, 1100, 0.8582589598738736, 1.06213466736038, 114.68023440551028, 0.894758336678711, 0.996920610047193]
0239544,93273,391524,759,7;[45861.75, 834, 0.8671721842460097, 1.118434074911998, 239.8114626003185, 0.9257683178881705, 0.999883249662258]
0239544,93379,392068,95,4;[56684, 1112, 0.8632406740780477, 1.0616857938650153, 161.4009920679472, 0.9162782642065674, 0.9930710675461418]
0239544,93379,392068,95,5;[57897.07, 1046, 0.8626330529433512, 1.1021092940646986, 122.16387412428526, 0.9161930961011318, 0.9972533666755489]
0239544,93379,392068,95,6;[49799.50000000001, 924, 0.8496858395688355, 1.1379565540106238, 173.60465283169256, 0.897243046110137, 0.9764549447302325]
0239544,93379,392068,97,7;[48031.29, 842, 0.8523825118278292, 1.073188321580237, 237.26239330834701, 0.8986626540455768, 1.0028430871454128]
0239544,93384,392074,271,4;[56513, 1114, 0.8654719624953572, 1.0775547698485535, 97.43910511482864, 0.9189646227273933, 0.9951311422005829]
0239544,93384,392074,271,6;[45636.07000000001, 878, 0.8614663335465301, 1.130287315973224, 119.13260721306368, 0.9097186910724724, 0.9648650214343645]
0239544,93384,392074,273,5;[56924.84, 1034, 0.8579528914075565, 1.0954440703882686, 129.57948768311104, 0.8952054312944748, 0.9982470784641069]
0239544,93384,392074,274,7;[44340.93, 804, 0.8534009246461863, 1.0659893114516663, 112.46444195926937, 0.9214955282643917, 1.00297629347638]
0239544,93384,392074,275,6;[57364.64000000001, 962, 0.8551133042880564, 1.0869626619425297, 128.4060311068418, 0.9054816434692909, 0.9970948230699623]
0239544,93384,392074,276,5;[56586.88, 1030, 0.8548850472333676, 1.1027492672485764, 122.60677096662795, 0.9196652156614517, 0.9994430257364145]
0239544,93384,392074,277,7;[47217.33, 796, 0.8577485991060358, 1.0572734556204044, 217.42696743302207, 0.897439652852881, 1.0076238674393927]
0239544,93384,392074,278,4;[56394, 1124, 0.8597212259944574, 1.0844914726532657, 115.79707240772436, 0.9176417151819097, 18798.0]
0239544,93384,392074,279,4;[56226, 1122, 0.8562102914000154, 1.0945508863973825, 115.0880000160696, 0.9061924097828343, 0.9942090233142069]
0239544,93384,392074,279,6;[51738.05, 920, 0.8573141291467428, 1.1138484239298625, 168.74992080164216, 0.907997819205205, 0.9944700460829493]
0239544,93384,392074,281,5;[57848.28, 1000, 0.8506379002606801, 1.084421952567895, 119.93046748010437, 0.9034719502818357, 1.0044735564257008]
0239544,93384,392074,281,7;[47466.72, 812, 0.8593839233512663, 1.0477866063383536, 146.18278385248155, 0.9052764345463846, 1.0052980347045577]
00023892,93026,390259,210,4;[92611, 1418, 1.0160441936584983, 0.9304499353148526, 74.45688925008452, 0.9880816605513132, 0.9949399454244644]
00023892,93026,390259,210,5;[94888.22, 1378, 1.0014205542741594, 0.9214935775142608, 74.6538927008212, 0.9898794256868059, 0.9885570473958915]
00023892,93026,390259,211,6;[95338.3, 1286, 0.9940124245760389, 0.9461625478712523, 64.84368830459766, 0.9871449405213691, 9999]
00023892,93026,390259,211,7;[92165.67, 1228, 1.025457311970587, 0.9129974662194441, 96.16186030449495, 0.9897792446865475, 0.9926669303275987]
00023892,93026,390259,212,5;[96077.03, 1324, 1.024863976416576, 0.9152186552580622, 123.85239814624725, 0.9837529135848878, 80737.0]
00023892,93026,390259,212,7;[92529.81, 1152, 1.0332821118120454, 0.9098564960488107, 124.19430960027086, 0.9869055025334524, 0.994548459508128]
00023892,93026,390259,213,4;[90619, 1400, 0.9987099010700802, 0.934555185539091, 60.12113214553628, 0.9906597384443807, 0.9921878849259573]
00023892,93026,390259,213,6;[95193.08, 1278, 0.989239541281801, 0.9351501072580485, 55.0984043912589, 0.989414745965852, 0.9943616016485876]
00023892,93026,390259,214,4;[100641, 1570, 1.0094269700037355, 0.8690844925864935, 86.1464904029383, 0.9922469789182753, 0.9511887378255384]
00023892,93026,390259,214,7;[89982.36, 1158, 1.008920090794288, 0.9329343800151616, 58.02976786039906, 0.9899631349538053, 0.9979637548360822]
00023892,93026,390259,215,5;[95573.65999999999, 1358, 1.0317974933529983, 0.933398931652862, 94.94247928936427, 0.9849689627285628, 0.9944035856672362]
00023892,93026,390259,217,6;[94154.62000000001, 1266, 0.9992145882702959, 0.9332819723681481, 71.57122887508336, 0.9858247548618859, 9999]
00023892,93049,390350,751,4;[94062, 1416, 1.0042568194395987, 0.9269790547528483, 71.87525478755839, 0.9890887467282874, 0.9971271983293227]
00023892,93049,390350,751,6;[95987.68000000001, 1284, 1.0095928404100811, 0.9253451933941378, 98.42784833501379, 0.9835381050528386, 0.994344509490864]
00023892,93049,390350,751,7;[89679.42, 1162, 1.0041294275073303, 0.9535479364809879, 46.058774457944274, 0.9917592787674725, 0.9962267999184173]
00023892,93049,390350,752,5;[96983.81, 1404, 1.0146149076499849, 0.9020451217885349, 91.74932642453085, 0.9889152050712641, 9999]
00023892,93049,390350,754,7;[90897.3, 1178, 1.0301547328590062, 0.9025702558377184, 106.2823224278836, 0.987943185325579, 0.9895317171481632]
00023892,93049,390350,755,4;[94211, 1432, 1.006878641709757, 0.9021774065487673, 67.40252514981128, 0.9898337940644919, 0.9970525825620836]
00023892,93049,390350,756,5;[96698.20999999999, 1396, 1.018777525987453, 0.9174234812121812, 92.5480158782108, 0.9880598833555087, 0.9951076740327094]
00023892,93049,390350,756,6;[95656.14000000001, 1324, 1.015869651702508, 0.9346324469381384, 72.73117350095313, 0.9913127711952096, 0.9911210475886298]
00023892,93049,390350,759,5;[96461.4, 1336, 0.9983372822599396, 0.9318084676447657, 72.49302335243128, 0.9886949927878868, 9999]
00023892,93049,390350,759,6;[95868.49, 1302, 1.014836196554872, 0.9488075913305484, 90.71000575414179, 0.9850786410477492, 0.9903199784888411]
00023892,93049,390350,760,4;[93045, 1480, 1.006407325199679, 0.9047898848903233, 81.23724104642969, 0.9897547141549994, 9999]
00023892,93049,390350,760,7;[89624.34, 1120, 0.9943237821856326, 0.9496279440033996, 43.224490146306906, 0.9927302380798315, 0.9985255137263592]
00023892,93049,390350,762,4;[93819, 1410, 1.0108942299757921, 0.929920250343206, 75.34480076131943, 0.988044022170128, 0.9959448413498795]
00023892,93049,390350,762,5;[95332.09, 1408, 0.9973485956391293, 0.9204010381176894, 58.16578114818714, 0.993176482685951, 0.9936309682540667]
00023892,93049,390350,764,6;[96163.04000000001, 1240, 1.0204081692490419, 0.9240917712752229, 120.17536190160143, 0.9837515655368135, 0.9950877889379559]
00023892,93049,390350,765,7;[90767.25, 1130, 1.0421586617828782, 0.9063415631994299, 118.69597953445579, 0.9871334237014758, 1.0017053897068755]
00023892,93049,390350,768,4;[91215, 1390, 0.9976108402478597, 0.9366020212282651, 56.67169378485127, 0.9905504434179085, 0.9933298848384199]
00023892,93049,390350,769,5;[93813.65, 1352, 0.988616800064661, 0.9505031169705055, 43.70675916526144, 0.9920036319898549, 0.9901033620938674]
00023892,93049,390350,769,6;[95650.66, 1292, 1.0269486114441029, 0.9221812211990361, 122.71199409600104, 0.9803018617699638, 0.9938080936045436]
00023892,93049,390350,769,7;[90528.57, 1160, 1.035041309645009, 0.9280734162924721, 101.90240378751751, 0.9898436454282711, 0.9946208542755803]
00023892,93049,390350,771,4;[91901, 1452, 1.007159125444201, 0.9205988503231611, 65.16109412411225, 0.9904268585308402, 0.9947879739128082]
00023892,93049,390350,772,5;[96073.45999999999, 1412, 1.015219393434655, 0.9214154617550364, 92.3423385228769, 0.9875485882731128, 0.9886239790357935]
00023892,93049,390350,772,6;[95035.53000000001, 1328, 1.0242700862042984, 0.9232330309140899, 78.05145689182541, 0.9902240643257104, 0.9895085194245733]
00023892,93049,390350,772,7;[88788.96, 1104, 1.002193144536555, 0.95969770641344, 38.50327567234768, 0.993428979803523, 1.0019077544607788]
00023892,93099,390646,1221,5;[95635.54, 1418, 1.0372388954291334, 0.935841814106927, 102.41278517603428, 0.9855194395582108, 0.9922402138416806]
00023892,93099,390646,1221,6;[95230.07, 1274, 1.001310780568388, 0.9198100533614311, 78.59980425153626, 0.9854962731299645, 0.9925888904755105]
00023892,93099,390646,1222,4;[92322, 1452, 1.0113961915944594, 0.9421933268817028, 52.99737420294115, 0.9914403680781673, 0.9929605868149478]
00023892,93099,390646,1223,7;[89509.59, 1138, 1.0006021162367051, 0.9296266317835783, 61.928812509567464, 0.9899567467918391, 0.9939516471567644]
00023892,93103,390673,1488,5;[95532.01, 1306, 1.0060955150168478, 0.9385535335721296, 66.80304338640703, 0.9885006793800635, 0.993957928361831]
00023892,93103,390673,1489,4;[91819, 1466, 1.0018152164294294, 0.9341657548321475, 59.9862703233153, 0.9889055273284264, 0.9856583114164564]
00023892,93103,390673,1489,6;[95828.76000000001, 1226, 1.0084831232773173, 0.9253014906927638, 67.09499560769929, 0.9873162877627496, 1.00068669527897]
00023892,93103,390673,1489,7;[88876.17, 1156, 1.0087983776590537, 0.9597142492090539, 47.9361102788234, 0.9931076681282629, 0.9982814621320181]
00023892,93103,390673,1490,4;[91274, 1462, 1.0099605603744155, 0.937923466539687, 53.41856985370234, 0.9905429427294747, 0.9928695358943538]
00023892,93103,390673,1490,5;[93906.47, 1362, 1.0004038151476906, 0.9427182079644918, 57.953135530105115, 0.989556670975227, 0.9886864789014734]
00023892,93103,390673,1492,7;[92464.02, 1178, 1.035647198939995, 0.9351479860427844, 117.39706896763154, 0.9849955983351689, 1.0001737734490719]
00023892,93103,390673,1493,6;[93338.1, 1322, 1.0022901991384694, 0.9249347221997005, 66.91939063892441, 0.9907752064175155, 9999]
00023892,93103,390673,1494,4;[91320, 1462, 1.0217962247786585, 0.9272983370317596, 61.40222008598016, 0.9892803315640634, 0.9935914872319359]
00023892,93103,390673,1494,7;[89778.87, 1182, 1.0102114628778205, 0.9511744008209252, 46.24757529179707, 0.9906650473507022, 0.998604516601147]
00023892,93103,390673,1496,5;[93285.29, 1362, 0.996304254460408, 0.9385897092657679, 59.795412907966465, 0.9883746670518907, 0.9870808517068134]
00023892,93103,390673,1496,6;[94283.40000000001, 1262, 1.00217509573467, 0.9351515004450848, 62.31275769802199, 0.9883873661257767, 0.9949256191178384]
00023892,93103,390673,1499,4;[94112, 1442, 1.0193794238569454, 0.9036019728833273, 92.12450540670405, 0.9876490056084498, 1.0002922904410396]
00023892,93103,390673,1499,5;[93898.14, 1370, 0.9979011461486544, 0.9379102657752916, 60.872233255583666, 0.9882958289075674, 0.9883820701835696]
00023892,93103,390673,1499,6;[95647.92000000001, 1230, 1.0362822863071601, 0.9209082126294333, 115.44782661389189, 0.984836169841508, 0.9997923543437324]
00023892,93103,390673,1499,7;[90392.40000000001, 1134, 1.0056394446099965, 0.9483205961695961, 56.939292746957456, 0.9908745803188536, 0.9978044249282216]
00023892,93122,390798,1587,7;[91982.07, 1154, 1.0379962988063904, 0.8916649083881645, 128.40748904993342, 0.9851392062934953, 0.9963043982632329]
00023892,93122,390798,1588,4;[93263, 1522, 1.0343964971033042, 0.8955177928323427, 127.94601037636897, 0.9835429404401321, 0.988856373391013]
00023892,93122,390798,1588,6;[95538.32, 1272, 1.0201171341477493, 0.9223674107111368, 100.79638914329955, 0.985300069309392, 0.9949919385906089]
00023892,93122,390798,1589,5;[95398.73, 1308, 0.9885708159313844, 0.9248256724876545, 55.141382330355995, 0.9892162139147407, 0.9962965264400672]
00023892,93122,390798,1590,7;[90756.54000000001, 1204, 1.018194813626583, 0.9238754637144159, 90.56640042849686, 0.9892491374704253, 0.9929443667924908]
00023892,93122,390798,1591,4;[93569, 1528, 1.0176960207921453, 0.8915479811843451, 96.01364109273158, 0.988751462634787, 9849.368421052632]
00023892,93122,390798,1591,5;[97058.78, 1316, 1.0160888672198856, 0.9215252797697663, 102.39654337509684, 0.9856148344480832, 0.9967249175119149]
00023892,93122,390798,1591,6;[95989.05, 1294, 1.0159165572837912, 0.9608101894501084, 85.3547151298866, 0.9832085055716978, 0.9944998403179447]
00023892,93139,390920,17,4;[94506, 1500, 1.027088527191362, 0.8794523808120088, 114.86559109061153, 0.9863131026907964, 0.9932369586808129]
00023892,93139,390920,17,5;[97151.59999999999, 1388, 1.0106539310008886, 0.8995172322902854, 88.3860307557242, 0.9889091210211214, 0.9973063931932984]
00023892,93139,390920,18,6;[93028.48000000001, 1260, 0.9926002311185911, 0.9162809410379069, 61.16660810306882, 0.9898389576729316, 0.9968876622232662]
00023892,93139,390920,18,7;[91411.38, 1134, 1.0992383902203307, 0.9192570864558904, 118.61364803335186, 0.9865231889030311, 0.9962980256136607]
00023892,93139,390920,19,4;[91516, 1450, 1.0078401798707501, 0.9274654317894875, 52.99583780040853, 0.9916924179574511, 0.9933193316075393]
00023892,93139,390920,19,5;[92553.44, 1288, 0.9941966294147649, 0.9399912651471408, 48.34401312728484, 0.9927536248094876, 0.9988890672660138]
00023892,93139,390920,19,6;[93509.35, 1212, 1.0023493463701187, 0.9393343284079632, 79.65025329383224, 0.9861169022764733, 0.9954061542948811]
00023892,93139,390920,19,7;[93131.1, 1150, 1.0367814326425413, 0.9034313358402737, 119.52672608978803, 0.9866625731434625, 0.9981633924764685]
00023892,93166,391047,301,4;[102526, 1548, 1.0169194178602992, 0.8777736446207596, 90.59786947818188, 0.9920086285155629, 0.9509393361807903]
00023892,93166,391047,302,5;[98361.83, 1412, 1.0000255947938408, 0.9186079384304046, 83.7879406486509, 0.989548586960397, 0.9902896336897595]
00023892,93166,391047,302,6;[96856.26000000001, 1332, 1.025932231875349, 0.9372100927300585, 96.82421065866093, 0.9893235990225459, 0.9920159400564076]
00023892,93166,391047,302,7;[89636.58, 1116, 1.0002456059630038, 0.9334403432675832, 53.866882251709995, 0.9917594057692131, 0.9887765607331522]
00023892,93166,391047,304,4;[93210, 1474, 1.0072942934122837, 0.8949077592480458, 64.91588183997156, 0.9915019402402596, 0.9885774284896115]
00023892,93166,391047,304,5;[98044.09999999999, 1414, 1.0097857147329659, 0.9330331600770386, 79.8704445912493, 0.9902966082833385, 9999]
00023892,93166,391047,304,6;[96146.6, 1338, 1.0135963825545302, 0.9279488245460283, 70.15376689179699, 0.9915276780806666, 9999]
00023892,93166,391047,306,7;[91706.67, 1198, 1.0265517488271827, 0.9105202322739891, 108.71568258820389, 0.988825646452968, 0.9910630874924561]
00023892,93166,391047,307,4;[94598, 1538, 1.0579995180405166, 0.9287852761001495, 133.8856277141715, 0.9843835297765637, 0.9955326370070247]
00023892,93166,391047,307,5;[98700.98, 1422, 1.0012072743528282, 0.9337293742777901, 76.05651287313088, 0.9908686337529213, 9999]
00023892,93166,391047,307,7;[92809.8, 1208, 1.0218386772767731, 0.9280973687932741, 101.16117528722921, 0.9889602373807543, 0.9956013655462185]
00023892,93166,391047,308,6;[95457.49, 1314, 1.0110277868295992, 0.9237065064668254, 86.05835334072907, 0.9894916578043099, 9999]
00023892,93166,391047,309,5;[98240.45, 1320, 1.0110499269454292, 0.9342055335468392, 83.12772060305193, 0.9881753350248276, 1.0001272041141445]
00023892,93166,391047,309,6;[95802.73000000001, 1258, 0.9954649007721109, 0.95088598087129, 51.35024929924335, 0.9913813996686319, 9999]
00023892,93166,391047,310,7;[92852.64, 1174, 1.0364615348407051, 0.9218120312042933, 113.10243558424547, 0.9879807126376885, 0.9966252555691494]
00023892,93166,391047,311,4;[94312, 1548, 1.0183315127580725, 0.8784015566832107, 87.01246476361891, 0.9910134523103105, 0.9924810447611981]
00023892,93166,391047,312,5;[97339.62, 1418, 1.0078214353836703, 0.9133770726019503, 80.56817309501915, 0.9900963734879676, 0.9897872752353525]
00023892,93166,391047,312,7;[90403.11, 1176, 1.0103433459216362, 0.9384740993298968, 65.00694614521767, 0.9876306688220488, 0.9922750096562379]
00023892,93166,391047,314,4;[94416, 1518, 1.0347146739199957, 0.8917116248877807, 112.8082196363341, 0.9873504709501475, 0.9903135636331216]
00023892,93166,391047,314,6;[93869.66, 1220, 0.9905679278510596, 0.9477478851446883, 37.3871021726515, 0.9935111789189628, 9999]
00023892,93166,391047,315,7;[90819.27, 1176, 1.004813273122673, 0.938296692969693, 58.33190132242037, 0.9882988391895713, 0.9961903802906723]
00023892,93166,391047,316,4;[91221, 1450, 0.9943388596203271, 0.9389536448875085, 42.51792120787346, 0.9927696618710962, 0.989279846436647]
00023892,93166,391047,316,5;[95551.05, 1380, 0.9950794567764044, 0.9521981225145483, 50.39466035948726, 0.9909775413690899, 9999]
00023892,93166,391047,316,6;[95547.91, 1242, 1.021758306850226, 0.9386996652158704, 103.50965344886869, 0.9872397165584255, 9999]
00023892,93265,391506,609,4;[91999, 1462, 1.028048929718139, 0.8979910050086684, 60.49414841799921, 0.9919458494124359, 0.9949387349000184]
00023892,93265,391506,609,5;[96956.44, 1412, 1.0077934810706421, 0.9235989152688951, 77.05094333947079, 0.9894107889801897, 0.9929135057733907]
00023892,93265,391506,609,6;[95946.58, 1270, 1.0044063503258838, 0.9366693963450596, 74.60965059876266, 0.9852408421841474, 0.9908602150537634]
00023892,93265,391506,609,7;[91344.06, 1172, 1.0147838907858038, 0.9450277097540786, 62.320860603145725, 0.9908167582567575, 0.9970024130992042]
00023892,93265,391506,612,4;[95513, 1428, 1.0275237814770013, 0.9016657179967023, 102.92813879812388, 0.986274785337804, 9999]
00023892,93265,391506,612,5;[95004.84, 1362, 0.9989822874056014, 0.9367027109244497, 61.232871275401926, 0.9905141888729317, 9999]
00023892,93265,391506,613,6;[96428.82, 1306, 1.0088462943925212, 0.9416517332407627, 80.98045716336975, 0.9850472693518587, 0.9933528091790508]
00023892,93265,391506,613,7;[92444.13, 1200, 1.0100144932988766, 0.949000364063337, 52.88544641718459, 0.9901442151916354, 0.99741653254096]
00023892,93329,391882,100,4;[89571, 1422, 1.0045582111703892, 0.9290272908080096, 60.71404661951753, 0.9907467227995309, 9999]
00023892,93329,391882,100,5;[95760.48999999999, 1314, 1.0014968410566154, 0.936113277778983, 56.5333923728097, 0.9907405139511056, 0.9980465964268218]
00023892,93329,391882,100,6;[94291.62000000001, 1210, 1.024545287603457, 0.9415175936224898, 59.86855743290816, 0.9896300416328353, 0.9955304838359731]
00023892,93329,391882,87,4;[93975, 1432, 1.0542621991475085, 0.937250671089021, 127.8290403740921, 0.9808000576079602, 0.9951605388004067]
00023892,93329,391882,87,7;[90520.92, 1216, 1.0177249937146682, 0.9035621449918402, 88.75576615342364, 0.9899445168075792, 0.9937266428721394]
00023892,93329,391882,88,5;[96428.08, 1404, 1.0335262988751228, 0.8978843140250746, 91.74747174569461, 0.9892755137217717, 0.9929601195983163]
00023892,93329,391882,88,6;[94128.59000000001, 1316, 1.0139176929802318, 0.9300961545383143, 74.13954408942635, 0.9913920528363622, 0.9894298757218358]
00023892,93329,391882,89,4;[90340, 1462, 0.9992471247785927, 0.923929209970205, 53.4210124926135, 0.9932997432187544, 9999]
00023892,93329,391882,89,6;[93747.73000000001, 1214, 0.9869406422525822, 0.950546662362923, 44.11838568046918, 0.9918175876924784, 9999]
00023892,93329,391882,89,7;[90146.07, 1198, 1.0126167312801755, 0.9488160400742294, 60.89317278153263, 0.988622837051628, 0.9931396015237839]
00023892,93329,391882,91,5;[95733.12, 1388, 1.0316382401039235, 0.9219545454312119, 111.19090413657985, 0.9847225156643902, 0.9941056533827618]
00023892,93329,391882,92,7;[89391.78, 1170, 1.0083598952507489, 0.9342592665815368, 51.915145162539226, 0.9904787665742328, 1.0000941450347052]
00023892,93329,391882,93,4;[91331, 1476, 1.0014136410916312, 0.9405193308432228, 46.83841102765158, 0.991499951610125, 0.9871753992487907]
00023892,93329,391882,93,5;[97333.67, 1416, 1.014740878442954, 0.9100369538380206, 74.98227703411273, 0.9912652801637288, 0.991766902706373]
00023892,93329,391882,93,6;[93605.25000000001, 1284, 0.9952295652710265, 0.9508319718051121, 50.92459886212178, 0.9906761857161073, 0.9918273139008246]
00023892,93329,391882,94,4;[92049, 1408, 1.0020414953763794, 0.9373424113668644, 53.1206588318205, 0.9917052245476408, 0.9953556772655265]
00023892,93329,391882,94,6;[91184.46, 1278, 0.9905011186332193, 0.9574260426265674, 40.4477583640621, 0.9938509010756, 9999]
00023892,93329,391882,94,7;[88614.54000000001, 1120, 1.0080886344489455, 0.9458098021265873, 56.90489988855238, 0.9897498296482681, 0.9920523449008256]
00023892,93329,391882,95,5;[96097.26, 1410, 1.0255900156079332, 0.9229424239876988, 78.84552100567834, 0.9883951510666669, 0.9949975357318877]
00023892,93329,391882,96,4;[90482, 1484, 1.0380860129272493, 0.925552849118763, 91.52271673997085, 0.9880054327532354, 0.9865131543082677]
00023892,93329,391882,96,7;[89244.90000000001, 1126, 0.9999886117592707, 0.947523726902524, 42.23684611748487, 0.9922659463300263, 0.9999142881631954]
00023892,93329,391882,97,6;[95323.23000000001, 1308, 1.0232360116328916, 0.9262526559365262, 114.31092452407493, 0.985070710337425, 0.9939573155052713]
00023892,93329,391882,98,5;[91312.26999999999, 1274, 0.9910956433572836, 0.9499125007788416, 40.481912020727336, 0.9931181500295134, 1.0025805018586147]
00023892,93329,391882,99,7;[91140.57, 1116, 1.040458220622072, 0.9168459149710392, 128.2515023403644, 0.9853835087709369, 0.9977889817590995]
00023892,93377,392048,10,6;[93998.44, 1270, 0.9919158486756011, 0.9298485050003288, 44.31097966349902, 0.9937217962071911, 3049.4222222222224]
00023892,93377,392048,3,5;[95604.59999999999, 1380, 0.9987641833365667, 0.9393509332390785, 64.83692702540026, 0.9879231311757988, 0.9854283191050928]
00023892,93377,392048,4,4;[94389, 1520, 1.0481839465197085, 0.8982303279844803, 146.38223343478478, 0.982646624664452, 0.9880923094638661]
00023892,93377,392048,4,6;[97017.92000000001, 1286, 1.0372960980095842, 0.9264170716955258, 123.47793040094903, 0.9807739478566936, 9999]
00023892,93377,392048,4,7;[92407.41, 1130, 1.0595645127019166, 0.9293841207882982, 170.5528109892539, 0.9818613008641736, 1.0012350283890754]
00023892,93377,392048,5,4;[93685, 1540, 1.0178861300818915, 0.9003955185041129, 93.95097312123575, 0.9899993008943256, 0.9824761944712446]
00023892,93377,392048,5,5;[95059.58, 1386, 0.9975705251686652, 0.9409213671685013, 54.60727821811455, 0.9905677231515972, 0.9902072590241967]
00023892,93377,392048,6,7;[93124.98, 1220, 1.0286517745050106, 0.8914510733339396, 118.29712978430149, 0.9879625097852601, 0.9942744194784086]
00023892,93377,392048,7,6;[96321.96, 1342, 1.0423455405613293, 0.9067963071804969, 124.40247179752821, 0.9854195786207434, 0.9907977621510408]
00023892,93377,392048,8,7;[92243.7, 1196, 1.022623329814651, 0.9085152390334844, 110.36142061975514, 0.988371274204613, 0.9908458921557349]
00023892,93377,392048,9,4;[90811, 1438, 1.0060688654956351, 0.9294232637887027, 47.099345259638056, 0.9922297516712043, 0.9900300352682733]
00023892,93377,392048,9,5;[96201.98, 1422, 1.0014563841948065, 0.9143044300938822, 83.43824513862316, 0.9901791203282161, 0.9884999847155566]
00232831,93048,390346,740,4;[35082, 810, 1.110118467398255, 0.8966855239029898, 134.18906409827164, 0.9876291909512697, 1.0005276141856916]
00232831,93048,390346,740,5;[25167.309999999998, 648, 1.0308960832661387, 0.8879570816736921, 117.23466094793315, 0.9888341570667823, 1.0003310945038313]
00232831,93048,390346,740,6;[22536.5, 606, 1.0391528243866734, 0.824357386384196, 182.40214907985984, 0.9843334946268884, 1.0071634114981938]
00232831,93048,390346,740,7;[21066.57, 590, 1.0416557842090612, 0.9831097479360884, 170.9634159678804, 0.9811382585239776, 0.9690678115212725]
00232831,93048,390346,741,4;[28871, 746, 1.0373770182720765, 0.9125091797107592, 116.13176337041497, 0.9873059201901159, 1.0026219374555052]
00232831,93048,390346,741,5;[22429.12, 646, 1.022432709207157, 0.9307601111103152, 99.87645004906751, 0.9889462668987054, 1.0019403024745501]
00232831,93048,390346,741,6;[46514.240000000005, 796, 1.0340157862247972, 0.904794146472427, 161.35521825907256, 0.9769230746426791, 1.0051512818994612]
00232831,93048,390346,741,7;[44285.85, 744, 1.0340716011761808, 0.9026326660406435, 182.78410149848776, 0.9711730771859813, 1.005540984176061]
00232831,93048,390346,742,4;[28052, 740, 1.04299650260232, 0.9070084930873028, 122.16892731425881, 0.9871237504361219, 1.002501608176685]
00232831,93048,390346,742,5;[23646.489999999998, 638, 1.1561183811637026, 0.8916441037356454, 123.51226238454453, 0.9887082676972383, 1.0009822935294561]
00232831,93048,390346,742,6;[21078.820000000003, 628, 1.0015966574873403, 1.0055593804871725, 166.8629429002772, 0.982511556557207, 0.9676425269645609]
00232831,93048,390346,742,7;[18871.02, 562, 1.0189061130967212, 0.976170767925859, 131.51430344520077, 0.9736960140301792, 9999]
00232831,93147,390953,359,4;[32253, 784, 1.0343004054696603, 0.8733069936912597, 121.68613148623795, 0.9864116847929475, 0.9878709914545621]
00232831,93147,390953,359,5;[24794.84, 664, 1.0254624170033975, 0.9140017662739477, 115.93286643123287, 0.9881370400681683, 0.9700863654352027]
00232831,93147,390953,359,6;[23006.410000000003, 614, 1.0403542808348494, 0.7936519094810963, 184.9575810242322, 0.9853119038163055, 1.008255531205908]
00232831,93147,390953,359,7;[20399.49, 564, 1.0458344217317095, 0.9409468662590371, 180.0647062832945, 0.9792957967533832, 0.9650754587238971]
00232831,93165,391039,287,4;[23394, 714, 1.2136543660350467, 0.9280534807133994, 112.3622224993563, 0.9903054674567623, 0.9560277891295463]
00232831,93165,391039,287,5;[24147.48, 646, 1.0332144400492245, 0.9158190088170706, 105.50733593276681, 0.9905545724431756, 0.9994828223125231]
00232831,93165,391039,287,6;[33862.29, 678, 1.0311656565237077, 0.8961369292882885, 141.27214363359673, 0.9854905617143696, 1.003491535057448]
00232831,93165,391039,288,7;[20056.77, 560, 1.0448503370804862, 0.9272743693977548, 161.53289071593332, 0.982623862552773, 0.9656010606953447]
00232831,93165,391039,289,4;[23200, 714, 1.189700136586915, 0.9064488667465209, 106.56234521553166, 0.9903023312895308, 0.9370519215622918]
00232831,93165,391039,289,5;[36746.009999999995, 758, 1.0259681186592275, 0.8915597452783944, 126.36710395155372, 0.9863401900132293, 1.0031674869645728]
00232831,93165,391039,289,6;[22873.52, 618, 1.0290266120131455, 0.9896478693489018, 157.558959389034, 0.982821445818884, 1.0051473465579002]
00232831,93165,391039,289,7;[36810.270000000004, 662, 1.0442348109050101, 0.9157670040874, 159.8359997677306, 0.9822413565909158, 1.005874114179401]
00232831,93165,391039,290,4;[23485, 714, 1.1872933385413627, 0.9074692571034201, 114.35458041635866, 0.9894512536845533, 0.9384990409207161]
00232831,93165,391039,290,5;[48349.7, 880, 1.0222865126792062, 0.9044540200988487, 137.4322682908964, 0.9757264129574317, 1.0044623542936253]
00232831,93165,391039,290,6;[23013.260000000002, 632, 1.0323677805875555, 0.9208586490912266, 166.79623968036157, 0.9849014235217006, 0.9991672614798953]
00232831,93165,391039,290,7;[21817.8, 532, 1.211903594443001, 0.9239900944033436, 138.42233873468047, 0.9877885420707321, 1.006138432230297]
00232831,93328,391868,72,4;[22958, 686, 1.0413219567369838, 0.9258248875222747, 102.56876915992719, 0.9911504612884058, 0.9991513437057992]
00232831,93328,391868,72,5;[42099.82, 806, 1.0278789267966615, 0.8970566500260518, 135.1654690628665, 0.9845823003453007, 1.005585321831076]
00232831,93328,391868,72,6;[17820.960000000003, 552, 1.0163830549444937, 0.9838034127294123, 129.9790301133918, 0.9727344142869735, 1.0115872151800296]
00232831,93328,391868,72,7;[45021.78, 748, 1.042958758987957, 0.9011252152084682, 179.7697462518521, 0.9768465051626142, 1.005742019276779]
00232831,93328,391868,73,4;[38456, 848, 1.0338209932300544, 0.905944915256667, 116.8870415367547, 0.9862689502952457, 1.0030648043089845]
00232831,93328,391868,73,5;[35375.13, 740, 1.026320626420711, 0.9120296052473232, 121.22238275340372, 0.9859347958257803, 1.0052244483895512]
00232831,93328,391868,73,6;[48025.350000000006, 818, 1.0257304557707312, 0.9140755452622588, 155.7383419816853, 0.9782402186933676, 1.004945173081058]
00232831,93328,391868,73,7;[33623.28, 632, 1.044123190263545, 0.9299201361780877, 150.47844275182408, 0.9832834857529154, 1.0065497183163101]
00232831,93328,391868,74,4;[38410, 846, 1.0331855695467584, 0.9075748213649732, 117.10155289949085, 0.9862500653403574, 1.0029375285593054]
00232831,93328,391868,74,5;[48271.159999999996, 878, 1.0265632083108553, 0.920622989854916, 128.97499551410644, 0.9797151920577304, 1.0053035935563817]
00232831,93328,391868,74,6;[18079.890000000003, 584, 1.0084415135616849, 0.8708058675287387, 164.25316419321092, 0.9622110090676279, 0.9971288250850019]
00232831,93328,391868,74,7;[32327.37, 622, 1.0391315661943086, 0.9198033935038462, 150.6383217291742, 0.9843142006584313, 1.0051377194234337]
00023698,93080,390528,134,4;[50730, 1068, 1.0195976013283141, 0.9416815472712002, 106.73840478038007, 0.9824062191657561, 0.9948424293530485]
00023698,93080,390528,134,5;[32137.14, 722, 1.0078854189891433, 1.013414209980644, 116.63098906489452, 0.9895434332199322, 0.9812513625463266]
00023698,93080,390528,134,6;[38668.25, 748, 1.0119806230852137, 0.8016064169445177, 114.47467328846068, 0.9890644631038052, 9999]
00023698,93080,390528,135,7;[38513.16, 688, 1.0083897586046573, 1.0117389089138091, 162.42444615493253, 0.9858130161766707, 9999]
00023698,93244,391403,53,4;[51195, 1022, 1.0156213303600359, 0.8120712758459384, 144.89464082346188, 0.9865749572742271, 0.9854762798486992]
00023698,93244,391403,53,5;[39153.38, 806, 1.0102162086185273, 0.8219264752022125, 107.96273207170495, 0.9890131537606472, 0.9936278802887084]
00023698,93244,391403,54,7;[40517.46, 702, 1.0207061917706963, 1.0193027392126506, 179.45160421442154, 0.9815379085237981, 1.0024605367755612]
00023698,93244,391403,55,6;[32312.820000000003, 714, 1.0456990845119167, 0.9394046339370987, 200.55027481560595, 0.9796784384215971, 0.999639746551103]
00392839,93125,390812,1874,4;[53176, 1008, 1.0187757226087184, 0.9112140151177328, 82.46091939172268, 0.9889436946634509, 1.002838257064997]
00392839,93125,390812,1874,5;[43764.63, 822, 1.0186105552045701, 0.9125352530272633, 93.14730224738203, 0.9892488376252003, 1.004095339503645]
00392839,93125,390812,1874,6;[27380.820000000003, 638, 1.0022153195890442, 0.8017650853128093, 130.63714637117167, 0.9870383304707953, 1.0009515700906495]
00392839,93125,390812,1874,7;[42371.82, 710, 1.0354507566401028, 0.913399103226878, 108.20772198205395, 0.9878583798365569, 1.005610123640589]
00392839,93125,390812,1876,4;[38517, 858, 1.0213506849954022, 0.9029684572208829, 78.96195996843363, 0.990826090743431, 1.003386563159403]
00392839,93125,390812,1876,5;[54842.34, 942, 1.0109531738530926, 0.9143356045633315, 101.312118971647, 0.9808370647638058, 1.0032108144584608]
00392839,93125,390812,1876,6;[21637.780000000002, 606, 0.9998470175939461, 0.9807963782915483, 125.07715767965041, 0.9753447482010055, 1.0049311233417109]
00392839,93125,390812,1876,7;[31039.11, 620, 1.025715333004607, 0.9444102827029814, 97.06458789061993, 0.9904904041061131, 1.004655078492547]
00392839,93125,390812,1878,4;[25343, 744, 0.9965859299558875, 0.9519650845104791, 79.54912077125957, 0.9922387741882424, 1.0067932623549976]
00392839,93125,390812,1878,5;[48688.85, 874, 1.001130877069817, 0.9375810536568431, 75.19792940661509, 0.9900419246350565, 1.0048011395031864]
00392839,93125,390812,1878,6;[43679.71000000001, 768, 0.9952310796052797, 0.9269958127206603, 75.59218096809387, 0.9912385686924823, 9999]
00392839,93125,390812,1878,7;[22741.920000000002, 590, 1.0113385881470747, 0.924471654189557, 95.00485925273827, 0.9883963146154582, 0.9727748691099476]
00392839,93125,390812,1880,4;[34703, 826, 1.1258815380111489, 0.907056079488715, 113.3872232707358, 0.9871779601492437, 0.9744612144612145]
00392839,93125,390812,1880,5;[56152.53, 952, 1.0054840119189552, 0.9185262508000781, 81.45452633254772, 0.9864089747701061, 1.0041389583444167]
00392839,93125,390812,1880,6;[28886.45, 648, 1.006580210036111, 0.9488085255994589, 86.360684982127, 0.9913934006957243, 1.0028537455410227]
00392839,93125,390812,1881,7;[41467.590000000004, 706, 1.0334104671875417, 0.9120253449552045, 127.7142228369107, 0.9860643719946159, 1.0043169733014656]
00392839,93125,390812,1882,4;[40149, 870, 1.0318832986771234, 0.9085063883319316, 108.92247205293845, 0.9884844751295364, 0.9999875465447888]
00392839,93125,390812,1882,6;[53651.94, 876, 1.0016494089812205, 0.9112239080054321, 89.88324947528407, 0.9814590546446179, 4607.294117647059]
00392839,93125,390812,1882,7;[49640.85, 776, 1.0392278989383632, 0.8957715947315316, 123.80292174755151, 0.9845771573405757, 1.0063429537383106]
00392839,93125,390812,1883,5;[55858.6, 946, 1.0140703662302541, 0.9157421855058031, 107.17641187425039, 0.9781260504896271, 1.0044186718306995]
00392839,93125,390812,1884,4;[34140, 810, 1.0306669920839215, 0.902005953215945, 98.95542704895288, 0.9884265189648098, 0.9923120522024735]
00392839,93125,390812,1884,5;[56936.74, 958, 1.021654345607006, 0.9104978479098425, 112.11387402918427, 0.9806279030276512, 1.0056328555214595]
00392839,93125,390812,1884,6;[26710.890000000003, 632, 1.003778390844461, 0.811001295966481, 127.78183970439378, 0.986616808957502, 1.0037323998043708]
00392839,93125,390812,1884,7;[42471.270000000004, 710, 1.0402416370960132, 0.9135287240500019, 110.2955710953072, 0.9869683466480583, 1.0054148028758216]
00392839,93147,390949,355,4;[54180, 1022, 1.0230898752648614, 0.9112261012318665, 97.25258384342516, 0.9860784755294485, 1.004486632800623]
00392839,93147,390949,355,5;[55270.74, 942, 1.018060908483933, 0.9069487475512479, 115.17308450002555, 0.9771455682197874, 1.0028284573032495]
00392839,93147,390949,355,6;[24694.250000000004, 616, 1.169529329319671, 0.9227518641606778, 123.34277898237714, 0.9876512225772326, 1.000805085922101]
00392839,93147,390949,355,7;[46681.83, 754, 1.072211237251686, 0.891237116050079, 156.28305684134415, 0.982046935396769, 1.0043947000246893]
00392839,93147,390949,356,6;[55195.93000000001, 878, 1.0116672741152626, 0.9152803885944181, 90.48311835057683, 0.9832474486558996, 9999]
00392839,93147,390949,356,7;[51790.5, 798, 1.0276859780550542, 0.9069076562674994, 131.13961827799196, 0.9806571252158379, 1.0034832876306232]
00392839,93147,390949,357,4;[54523, 1020, 1.0181905004364922, 0.9110888032151794, 95.95042595962155, 0.9837237902504365, 1.0046433638591512]
00392839,93147,390949,357,5;[55928.81, 942, 1.011564745966383, 0.9043889229844693, 116.94061887575668, 0.9775665970535619, 1.005885626230631]
