02305003,93025,390245,130,4;[21683, 640, 0.9689255643016321, 0.8749128063772713, 153.77917060465566, 0.9812990789852003, 0.9702434222301772]
02305003,93025,390245,130,5;[15111.81, 496, 0.9650471832620585, 0.927184258989938, 117.99832989351292, 0.9878322386466967, 0.9962734868395245]
02305003,93025,390245,130,6;[27034.210000000003, 614, 0.9457312558052049, 0.9086742121688801, 183.44738212288607, 0.9732679291045307, 39466.0]
02305003,93025,390245,131,6;[13630.130000000001, 466, 0.941522831093741, 0.9195262998709528, 166.74713436570048, 0.9748768010452016, 1.0121572816521696]
02305003,93025,390245,131,7;[11690.73, 400, 0.9391372941276506, 0.9148291987970141, 139.06705541464453, 0.9876912033325093, 0.9851727694687984]
02305003,93025,390247,132,4;[21933, 644, 0.9612092387924095, 0.9444522923185911, 97.4452896963361, 0.9865992565866886, 1.0025597659642547]
02305003,93025,390247,132,5;[31482.64, 708, 0.9361130940070983, 0.9174772633571824, 131.00928685011445, 0.9719507064996898, 1175.8222222222223]
02305003,93025,390247,132,6;[14508.300000000001, 464, 0.8144585355661845, 0.7803756616425543, 140.56890212183367, 0.9871820316791451, 0.9979738962446403]
02305003,93025,390247,132,7;[11886.57, 392, 0.9804734818728547, 0.7734915867860181, 153.40142601106075, 0.9868212447974561, 0.9677981937091249]
02305003,93025,390247,132,7;[42890.49, 706, 0.9690488289069631, 0.9690488289069631, 2.66975428974618, 0.9685741526008942, 0.9622586458422724]
02305003,93026,390253,239,4;[18064, 586, 0.9610347782302971, 0.913590303944103, 121.65719657165832, 0.9871260129978612, 0.988481216996361]
02305003,93026,390253,239,5;[31976.489999999998, 712, 0.9309600355974893, 0.8977038793011718, 198.34377218857202, 0.9688918190318045, 9999]
02305003,93026,390253,239,6;[13700.000000000002, 448, 0.9548872530306624, 0.9341168936504034, 133.481050543029, 0.9867917402569595, 9999]
02305003,93026,390253,239,7;[28115.28, 588, 0.9480407917762963, 0.9145666662827636, 143.11996865433457, 0.9732621754425193, 1.0076771221759158]
02305003,93026,390253,241,4;[22170, 648, 0.8494798232351776, 0.8137018159326203, 133.54088863840028, 0.9869649765621091, 0.9945494919588184]
02305003,93026,390253,241,5;[30521.12, 698, 0.8984860128001355, 0.8650796942235454, 166.3797762869009, 0.9792254925921229, 3664.0]
02305003,93026,390253,241,6;[26168.370000000003, 594, 0.9383311527767604, 0.9101962147764777, 150.54626952155152, 0.9775701435314177, 9999]
02305003,93026,390253,241,7;[11829.960000000001, 448, 0.9833392210488423, 0.7738680612874402, 159.59961998884597, 0.9856390878290487, 1718.2222222222222]
02305003,93026,390253,242,6;[30501.680000000004, 648, 0.9497392354966472, 0.9201430736186619, 144.07301423293947, 0.9705585754010244, 9999]
02305003,93026,390257,243,4;[31567, 772, 0.9432359924388556, 0.9118415448405975, 176.8218305700248, 0.956876522293092, 1.0050304052978445]
02305003,93026,390257,243,5;[14786.939999999999, 496, 0.956599131197975, 0.913623213383319, 146.9016844033572, 0.9853030325418666, 9999]
02305003,93026,390257,243,6;[28512.440000000002, 624, 0.9413745179280841, 0.9287928159488971, 156.47198847003003, 0.9705031827374584, 9999]
02305003,93026,390257,243,7;[28835.91, 596, 0.9442140180691518, 0.9215609135012919, 146.95270786852467, 0.9696870949155555, 9999]
02305003,93028,390275,376,4;[20585, 624, 0.9604813342774997, 0.9021495008413037, 122.15250168864466, 0.9842613431229539, 0.9998785670916819]
02305003,93028,390275,376,5;[20284.739999999998, 568, 0.9509033400512675, 0.9086543743373431, 170.74549044886305, 0.9789883471455224, 9999]
02305003,93028,390275,376,6;[29771.47, 634, 0.9376445620825788, 0.9169044535668266, 175.7981734176028, 0.9679206221107096, 9999]
02305003,93028,390275,376,7;[28262.16, 586, 0.9373438773363638, 0.901017339045998, 208.38998735582703, 0.9708129904565541, 1.0064839535770718]
02305003,93032,390301,27,4;[15600, 592, 0.9630913075236258, 0.9448666633542178, 108.00419243774985, 0.9890721610522788, 0.920136840863513]
02305003,93032,390301,27,5;[31990.769999999997, 716, 0.9324883524910796, 0.9351632046849541, 122.24227688891938, 0.9570534599160457, 1.005385392123864]
02305003,93032,390301,27,6;[18414.170000000002, 496, 0.9494746941606167, 0.9322316314032334, 138.70909816614255, 0.9823332417016203, 1.0027603700387944]
02305003,93032,390301,27,7;[23935.32, 536, 0.9572061232737797, 0.940775816563687, 105.04894002061967, 0.9849694170150441, 9999]
02305003,93032,390301,28,4;[31155, 764, 0.9416426504567185, 0.9316127208065144, 99.6788447201231, 0.9788353434030314, 1.005324298160697]
02305003,93032,390301,28,5;[31531.43, 702, 0.9359495723657445, 0.9706665218633188, 90.77225134504853, 0.9765732591322107, 1.0096595347419361]
02305003,93032,390301,28,6;[29738.590000000004, 642, 0.9325444882180599, 0.9235080586885358, 104.60224438679667, 0.9803077364740127, 9999]
02305003,93032,390301,28,7;[22764.87, 520, 0.9485377355398302, 0.9202456435458026, 156.37604200234074, 0.976547411104604, 1.0055416638507806]
02305003,93032,390302,29,4;[30307, 770, 0.9600537457244527, 0.897698386272404, 153.5565866038134, 0.9761339739249792, 1.0035430463576158]
02305003,93032,390302,29,5;[16173.289999999999, 506, 0.9611779348595587, 0.9101556784400079, 146.91609735722125, 0.9853588441013158, 1.006256246992189]
02305003,93032,390302,29,7;[13841.91, 436, 0.9664183974856084, 0.9288175320536642, 134.5381599023988, 0.9875424332234904, 0.9878794496614981]
02305003,93032,390302,30,6;[30016.7, 644, 0.9354163743888726, 0.9323537081170584, 98.68333933477831, 0.982403816260472, 9999]
02305003,93032,390307,25,4;[18800, 608, 0.9586625177440071, 0.9067222448999711, 129.62603289558223, 0.9874811504529348, 0.9945511294503518]
02305003,93032,390307,25,5;[32113.34, 714, 0.9362146886977794, 0.926744722776447, 120.87936588894723, 0.9684764673365724, 1.0058893693156403]
02305003,93032,390307,25,6;[17123.63, 488, 0.9522602142616798, 0.9296137366975451, 134.06108337049503, 0.9857443964425321, 0.9962140836089746]
02305003,93032,390307,25,7;[28289.7, 598, 0.9485695232804686, 0.9026913432999439, 242.63785946668472, 0.9369127727518555, 1.0030922801497315]
02305003,93032,390307,26,4;[30768, 770, 0.932612922794953, 0.9338353138312153, 66.87504273213203, 0.9894912250672407, 1.0039481841615818]
02305003,93032,390307,26,5;[20433.489999999998, 568, 0.9489982920583043, 0.9051546605507002, 137.6050123122121, 0.9841921402191132, 9999]
02305003,93032,390307,26,6;[22235.100000000002, 540, 0.938787297388885, 0.8979549335217576, 152.88359178792126, 0.981654968842981, 9999]
02305003,93032,390307,26,7;[18277.38, 468, 0.9545196850032698, 0.9278094806418001, 163.06601384340803, 0.9802946814676959, 1.0002930709650408]
02305003,93049,390354,807,4;[27973, 720, 0.9451551832985947, 0.9212687511568999, 107.1169170270948, 0.9831567042371175, 1.0055357848952156]
02305003,93049,390354,807,5;[18475.94, 548, 0.95561598482436, 0.9235256955341923, 109.20369559413778, 0.9881388577099629, 141.14545454545456]
02305003,93049,390354,807,6;[26275.230000000003, 588, 0.9450959898211873, 0.9158264116667125, 155.97069876136803, 0.97823815154778, 9999]
02305003,93049,390354,808,6;[30370.160000000003, 644, 0.9340562060867935, 0.9381088189302154, 132.97801109180926, 0.9733469207402877, 11084.0]
02305003,93049,390354,808,7;[24577.920000000002, 542, 0.9465900881459126, 0.9112423154318772, 191.29035243537342, 0.975402325313093, 1.0069579389456529]
02305003,93049,390354,808,7;[39339.36, 690, 0.9704392714775065, 0.9746002838375574, 2.7274106217320453, 0.9703294124056693, 0.939439887465975]
02305003,93052,390372,966,4;[19460, 602, 0.9678907099717659, 0.8944679589637107, 122.26037039945878, 0.9839414265448885, 1.0013378614798807]
02305003,93052,390372,966,5;[27931.68, 660, 0.9483494595297483, 0.89307935916538, 165.51878675240275, 0.9791246153408971, 9999]
02305003,93052,390372,966,7;[28658.43, 594, 0.947907225618632, 0.9051313064442689, 205.3730731715015, 0.9705641914762039, 9999]
02305003,93052,390372,967,6;[30666.08, 650, 0.9478070220255446, 0.9259479681692212, 185.91090643517762, 0.943031881344202, 9999]
02305003,93052,390372,968,4;[25231, 684, 0.9560184129642465, 0.9193060550857424, 115.8662729028856, 0.9817919148438984, 1.0034600699968184]
02305003,93052,390372,968,5;[22381.52, 588, 0.9362426774637235, 0.9244965141030395, 120.46130589842443, 0.9822287166454196, 1.002986348122867]
02305003,93052,390372,968,6;[14293.210000000001, 462, 0.9545007623651024, 0.9322945532368866, 132.59692359847423, 0.9867228487244296, 0.9785677437508793]
02305003,93052,390372,969,7;[17968.32, 472, 0.9685112581564405, 0.9466066814179372, 104.81884176080482, 0.987252232840474, 9999]
02305003,93056,390386,537,4;[17621, 586, 0.9686666759965376, 0.9465851230354829, 114.5719805875434, 0.985127115226473, 0.9598278726475474]
02305003,93056,390386,537,6;[31001.730000000003, 656, 0.9430079856663485, 0.9246034355739766, 166.63026364872167, 0.9581590897493494, 9999]
02305003,93056,390386,537,7;[28857.33, 600, 0.9463940471850654, 0.9063122857293469, 200.01589593855215, 0.9575464727416949, 1.0054641895673961]
02305003,93063,390412,1142,4;[27701, 724, 0.9666186374520264, 0.9077453555126866, 124.39554546859254, 0.9802962551998327, 1.004387237128354]
02305003,93063,390412,1142,6;[26680.750000000004, 600, 0.9472111045477165, 0.9259581699050538, 158.1450351389765, 0.9758054663738794, 9999]
02305003,93063,390412,1142,7;[22318.11, 518, 0.977726017985106, 0.9103513770868938, 163.14663100915766, 0.97794463779712, 1.004579732102889]
02305003,93063,390412,1143,5;[29921.359999999997, 684, 0.9445449997883614, 0.9398043291447098, 91.93259165778652, 0.9820534806053325, 1.00349210783629]
02305003,93064,390415,1217,4;[16355, 564, 0.9629508649555458, 0.9036476987064953, 131.1092587069478, 0.986898104643648, 0.9864591815193462]
02305003,93064,390415,1217,5;[30984.03, 702, 0.9388121704029178, 0.930468378640458, 131.37490755022904, 0.9649410960516213, 52074.0]
02305003,93064,390415,1217,6;[22776.25, 560, 0.9408449226374515, 0.9296048413473494, 116.87597140447708, 0.9843583258248815, 9999]
02305003,93064,390415,1217,7;[28647.72, 596, 0.9403413175323699, 0.9151704748246572, 214.43673626832756, 0.9580823511769613, 1.004910774184892]
02305003,93064,390416,1220,4;[25419, 698, 0.9562267470514552, 0.8898700768452761, 142.9700948693114, 0.9840371863215599, 1.001793209450805]
02305003,93064,390416,1220,5;[31129.21, 700, 0.9365693022238746, 0.9111765670701585, 189.66510570767346, 0.958002398067456, 9999]
02305003,93064,390416,1220,6;[28731.640000000003, 620, 0.9507178551023228, 0.9379378990083623, 110.10828263779429, 0.9797686250357818, 1.0044542363139997]
02305003,93064,390416,1220,7;[22024.350000000002, 522, 0.965020011767427, 0.8957550378186514, 168.34274316095025, 0.9789006046094925, 9999]
02305003,93064,390416,1221,4;[28350, 726, 0.9491271575273577, 0.8995027706215861, 160.49772442738686, 0.9784014321888377, 1.0010946714220135]
02305003,93064,390416,1221,5;[19219.69, 552, 0.9526084609906086, 0.8932760827421238, 163.55784147177508, 0.9818980051569789, 1.0112387690573834]
02305003,93064,390416,1221,6;[30587.99, 652, 0.9475962350631904, 0.9243928441614847, 187.7358909894093, 0.9526778764902238, 44654.0]
02305003,93064,390416,1221,7;[15757.470000000001, 446, 0.966771490075264, 0.9231261325256682, 120.68327164820259, 0.9877919500022503, 9999]
02305003,93064,390416,1222,4;[28698, 736, 0.9473443137473652, 0.8868539156025188, 149.57274755170863, 0.9810269426337951, 1.0037424364310448]
02305003,93064,390416,1222,5;[21256.969999999998, 570, 0.9417298368438022, 0.9196888085179766, 121.6207462334413, 0.9856638259844108, 1.0002519808494554]
02305003,93064,390416,1222,6;[13078.02, 462, 0.9452451213833094, 0.9205303550555918, 152.05020397219087, 0.9788155937292455, 0.9915346663204363]
02305003,93064,390416,1222,7;[23009.670000000002, 516, 0.9659296303551967, 0.895924569618288, 157.11062321780008, 0.9786625235388153, 1.0097015676927725]
02305003,93064,390418,1216,4;[27298, 718, 0.9452018314276042, 0.9147636210996426, 94.12848291452886, 0.9850032449567686, 1.0040828337072867]
02305003,93064,390418,1216,5;[14638.189999999999, 496, 0.9503937603412586, 0.9171140637492415, 117.7107312730248, 0.9883954049014909, 0.9712210335162449]
02305003,93064,390418,1216,6;[22722.820000000003, 554, 0.9629026130861608, 0.9410691523124021, 160.1248562839652, 0.9754650491396126, 9999]
02305003,93064,390418,1216,7;[20918.16, 496, 0.9633019321136475, 0.928835812283269, 127.08606316256994, 0.9819576911415098, 1.003670532961386]
02305003,93064,390421,1218,4;[31456, 778, 0.9432685503127942, 0.9026178739989392, 180.9822786682363, 0.9746688930033035, 1.0033011721553304]
02305003,93064,390421,1218,5;[20935.67, 572, 0.9523649381657792, 0.921658901227968, 130.22036130881116, 0.9815907051140127, 1.0069541825258277]
02305003,93064,390421,1218,6;[30440.030000000002, 648, 0.9378751429011234, 0.9171523582596521, 186.02866305221818, 0.9659940149511154, 9999]
02305003,93064,390421,1218,7;[27798.57, 584, 0.9443534803439678, 0.9118929475897112, 154.3399184977992, 0.9762014676682601, 1.0059797353413433]
02305003,93076,390501,536,4;[17988, 644, 0.9502288522394433, 0.923628317679716, 117.79084414227161, 0.9882166394036016, 0.8759465316159821]
02305003,93076,390501,536,5;[31827.739999999998, 716, 0.9362342361638726, 0.9279535971931557, 147.53463332117133, 0.9568014947085133, 9999]
02305003,93076,390501,536,6;[16381.090000000002, 572, 0.9321336640298968, 0.9086362173447999, 176.94286841199045, 0.9843669583472493, 0.9544601875873079]
02305003,93076,390501,536,7;[12611.79, 416, 0.9708599514875831, 0.93012575867884, 150.4791528483136, 0.9873109871700648, 0.9662407689602626]
02305003,93076,390501,537,4;[31315, 776, 0.9361412645648246, 0.8999744649810623, 144.74992130857044, 0.9736090706846324, 0.9965471701115407]
02305003,93076,390501,537,5;[32356.1, 718, 0.9300868166546349, 0.9081303776690942, 133.02445680056945, 0.9758900541555702, 2091.5384615384614]
02305003,93076,390501,537,6;[24450.390000000003, 572, 0.9362992822364212, 0.9278007475015331, 129.12057558178105, 0.9826563534278431, 0.9943726320481391]
02305003,93076,390501,537,7;[12989.7, 418, 0.9839293102241838, 0.7667516251207795, 145.87902202300876, 0.9881696328010953, 0.9956024626209323]
02305003,93078,390512,19,4;[20055, 648, 0.9509767189446566, 0.9131711229201758, 107.57921667266471, 0.9858834751430817, 0.9499786840983374]
02305003,93078,390512,19,5;[32246.62, 716, 0.929244383288561, 0.9323535296258163, 95.02620298700577, 0.9656403605189895, 9999]
02305003,93078,390512,19,6;[31593.570000000003, 662, 0.9471088314267965, 0.8967280706489181, 191.26611720516655, 0.973346351763267, 9999]
02305003,93078,390512,19,7;[28689.03, 600, 0.9387055648243826, 0.9312779122753169, 91.69525348397806, 0.9786628497299117, 1.0069002550677943]
02305003,93096,390621,916,4;[29973, 756, 0.9471060601837243, 0.9095061393332484, 141.11084881671994, 0.9827661545419037, 1.0030285284029115]
02305003,93096,390621,916,5;[19887.28, 554, 0.9383193547133056, 0.9159508869434019, 115.97205223610268, 0.987278988982929, 0.995028430234289]
02305003,93096,390621,916,6;[31607.270000000004, 664, 0.9358528315791547, 0.9152923576018689, 166.86836449666666, 0.974977878612492, 1.0025420966865835]
02305003,93096,390621,916,7;[20659.59, 512, 0.9729065888879913, 0.8916311879671013, 199.3269688599779, 0.9773302359191204, 1.0052858844550328]
02305003,93097,390625,1058,4;[32129, 786, 0.9404609490118674, 0.9223209731832448, 132.53787443262675, 0.9699510614168728, 1.0039841882411762]
02305003,93097,390625,1058,5;[19683.79, 564, 0.9491612218833947, 0.9269112035456475, 125.47267202103495, 0.9833785912029867, 0.9968361105252056]
02305003,93097,390625,1058,6;[15737.19, 498, 0.9442036148427245, 0.9284849489504757, 147.21482147886584, 0.9845164477178879, 0.9742589372800136]
02305003,93097,390625,1058,7;[28718.100000000002, 596, 0.9529262605322627, 0.9109799977645607, 225.57118276978775, 0.9338533284388509, 1.007812290262826]
02305003,93097,390625,1059,4;[31744, 778, 0.9475986025395393, 0.9390959477306313, 96.43605449618971, 0.9768911437014307, 1.0037945863900835]
02305003,93097,390625,1059,5;[25875.36, 636, 0.941843675275862, 0.9203089315388971, 111.52878649828328, 0.9829212971569133, 1.0016353041435382]
02305003,93097,390625,1059,6;[18411.43, 504, 0.9470305167689796, 0.939240761824725, 125.89944083221415, 0.9852292526708507, 1.0058002469782585]
02305003,93097,390625,1060,7;[19631.43, 488, 0.9542808197876261, 0.9266790034956262, 142.9178957692463, 0.9823908175216813, 9999]
02305003,93099,390644,1256,4;[26969, 712, 0.9662961677533165, 0.9056377256120097, 129.7204084766983, 0.9800300180694437, 0.994670551570251]
02305003,93099,390644,1256,5;[31893.19, 712, 0.9357522342427308, 0.9341222245327132, 93.1022676320413, 0.9769833597498537, 9999]
02305003,93099,390644,1256,6;[14686.400000000001, 488, 0.9530764789774528, 0.9146450700750958, 150.12524999409277, 0.9853479980809934, 9999]
02305003,93099,390644,1256,7;[23734.89, 536, 0.9514303419069357, 0.9132722350735352, 200.13233534148583, 0.9747146170618671, 1.0051185693922509]
02305003,93099,390645,1257,4;[32089, 782, 0.9393324181054247, 0.9362809472027204, 95.94097968246228, 0.9759615729034027, 1.0048380278382314]
02305003,93099,390645,1257,5;[32177.6, 722, 0.9246713063170093, 0.9342001917906844, 105.07714972601752, 0.9716717597174465, 9999]
02305003,93099,390645,1257,6;[31035.980000000003, 658, 0.9439723213512791, 0.9270579976477137, 161.04244958912463, 0.9533606429680904, 9999]
02305003,93099,390645,1257,7;[14311.62, 426, 0.9576559738761744, 0.9382783797426478, 108.35870354755046, 0.9896812486038467, 0.9829243944727578]
02305003,93099,390645,1258,4;[30989, 764, 0.935402971777609, 0.9196525264212895, 143.33967905104421, 0.9758007993243708, 1.0040012311480455]
02305003,93099,390645,1258,5;[32489.379999999997, 722, 0.9334148330634663, 0.9194738704723818, 176.57212652009363, 0.9765951940230153, 1.0030493405341856]
02305003,93099,390645,1258,6;[31803.180000000004, 660, 0.9392107540992685, 0.9360237018340474, 138.41603093828599, 0.9615659192995548, 23214.0]
02305003,93099,390645,1258,7;[28133.64, 594, 0.903209052126382, 0.8559547351763696, 212.06492497267797, 0.9618786660620819, 9999]
02305003,93101,390661,1365,4;[21008, 640, 0.9507233750161589, 0.8952174265040769, 129.84032502789753, 0.9845637828638583, 0.9575423323229791]
02305003,93101,390661,1365,5;[32329.92, 714, 0.9323696049509089, 0.9302899279032485, 130.11402729711776, 0.9616920459993392, 1.0063899538812024]
02305003,93101,390661,1365,6;[30037.250000000004, 640, 0.9328611067734386, 0.9378125934009208, 141.37190712529292, 0.9738271350131558, 9999]
02305003,93101,390661,1365,7;[23055.57, 522, 0.9667762637480939, 0.9333979203152847, 124.9237829241753, 0.9819902959279152, 1.0065123735096684]
02305003,93113,390732,1944,6;[31520.960000000003, 660, 0.9441279844687029, 0.9362584635021254, 136.07231536325008, 0.9604275098450891, 1.0036861735773333]
02305003,93113,390732,1944,7;[23482.44, 534, 0.9580563334355919, 0.8981795862422389, 162.56672953582907, 0.9785082327667026, 1.0033995815899581]
02305003,93113,390732,1945,4;[30124, 748, 0.9458480313613032, 0.933042950742388, 105.47813162501399, 0.9794752226869173, 1.0046524037419333]
02305003,93113,390732,1945,5;[28702.8, 676, 0.9557174948931958, 0.917976783479311, 159.9559923496259, 0.9753691493098415, 689.1428571428571]
02305003,93113,390732,1946,4;[15222, 576, 0.9299470836466455, 0.9067340274623269, 146.1091043103146, 0.9832552468022855, 0.9974117878321266]
02305003,93113,390732,1946,5;[31799.18, 704, 0.9303965761848396, 0.9237590650174655, 150.92771871235124, 0.9704261534923699, 1.0053423626787057]
02305003,93113,390732,1946,6;[31333.270000000004, 656, 0.9347849581360803, 0.9124065098086186, 187.71370649085625, 0.9631175935466968, 22871.0]
02305003,93113,390732,1946,7;[27275.31, 578, 0.9399006704270645, 0.9251818042115166, 120.79123609304611, 0.9796627817682462, 1.0074312678364556]
02305003,93114,390740,1998,4;[31566, 782, 0.9369065359885388, 0.9323697132343686, 93.22109806071522, 0.9746193550179884, 9999]
02305003,93114,390740,1998,6;[18540.210000000003, 514, 0.9544699611248939, 0.9124017703801535, 149.55207959831708, 0.9809303680559616, 9999]
02305003,93114,390740,1998,7;[28929.24, 604, 0.9385785584056527, 0.9141615645762364, 199.4488304017444, 0.9550073084128426, 1.0035294429849004]
02305003,93114,390740,1999,5;[31903.899999999998, 716, 0.9328340442532841, 0.9293462797848249, 132.21503962370977, 0.9624481004766914, 788.5294117647059]
02305003,93114,390741,2000,4;[29572, 754, 0.9373765161259159, 0.9303434210088424, 109.96950374748569, 0.9776293240077573, 0.9995943753380205]
02305003,93114,390741,2000,5;[15992.41, 548, 0.9480131778471294, 0.9044516497167346, 139.592570816836, 0.9849411955539729, 0.9454097784030954]
02305003,93114,390741,2000,6;[11446.35, 450, 0.938920626023413, 0.9121056163609966, 218.06527459388337, 0.912821821985485, 0.9906918835596135]
02305003,93114,390741,2001,7;[29002.68, 600, 0.9392463735805718, 0.9144332222676125, 228.42323879307935, 0.9638795582445964, 1.0065578122925793]
02305003,93118,390770,194,4;[30083, 752, 0.9434842862359073, 0.8920136254035201, 180.53213223337028, 0.9688756231835268, 0.9984069562908632]
02305003,93118,390770,194,5;[32375.14, 724, 0.9257142664964683, 0.917708968819675, 135.10429394059804, 0.9694025947279741, 523.1923076923077]
02305003,93118,390770,194,6;[31845.65, 666, 0.9360459773279468, 0.9376190121752473, 102.76032171403004, 0.9667911222033975, 9999]
02305003,93118,390770,194,7;[28416.69, 582, 0.9531365556632748, 0.920381313274968, 160.16749461154527, 0.9673057918371027, 1.006230360819157]
02305003,93119,390778,277,4;[26266, 700, 0.9468142386768205, 0.9316844307462769, 102.35263675212872, 0.9853834773660507, 0.9970391740054662]
02305003,93119,390778,277,5;[32178.789999999997, 714, 0.9368578426038948, 0.9366956122276796, 119.57853477064538, 0.9701123457925476, 9999]
02305003,93119,390778,277,6;[30216.72, 636, 0.9397294653155069, 0.9217623977590851, 167.82461188609943, 0.9695306198233187, 11028.0]
02305003,93119,390778,278,7;[27561.420000000002, 572, 0.9488703081996909, 0.9235159455035868, 199.47098450621218, 0.9687710765147572, 1.0063406050110333]
02305003,93122,390795,1612,4;[20273, 622, 0.9540026383169714, 0.8967653617646231, 136.30423838278625, 0.9844690756663177, 0.9763533037950298]
02305003,93122,390795,1612,5;[26024.11, 628, 0.9485897380389314, 0.9277385866518935, 136.74249087334758, 0.977430537068789, 1.0061651713825628]
02305003,93122,390795,1612,7;[28081.62, 588, 0.9431093124198888, 0.9381045352332182, 110.56966417664398, 0.9784806008147864, 1.0072716296682491]
02305003,93122,390795,1613,6;[24366.820000000003, 584, 0.946355421376288, 0.893761415461105, 160.90171364491667, 0.9811274420895764, 17786.0]
02305003,93122,390795,1614,6;[30387.97, 648, 0.9385208553208629, 0.9337247534983718, 119.68818309844609, 0.9713317533455432, 1.005804198975196]
02305003,93124,390810,1793,4;[30458, 764, 0.9400576271315686, 0.9332047685868119, 81.5208535855405, 0.9826036909385215, 1.004137476304294]
02305003,93124,390810,1793,5;[25538.59, 622, 0.9411832380237474, 0.9096940317908216, 135.36658823590759, 0.9790975838940981, 273.38853503184714]
02305003,93124,390810,1793,6;[31245.590000000004, 658, 0.8839780232237454, 0.8742822137152558, 169.75250996060458, 0.9757446033210362, 9999]
02305003,93124,390810,1793,7;[15531.03, 432, 0.96700587360574, 0.9376204597399044, 130.115450221567, 0.9853539031275728, 9999]
02305003,93125,390819,1863,4;[31690, 778, 0.9387000207641352, 0.9141318227767093, 123.81472150351328, 0.9765473569632958, 1.0053296110652878]
02305003,93125,390819,1863,5;[21692.51, 574, 0.9536405498859891, 0.9089094039995625, 151.49688653655429, 0.9810105611483941, 1.004518653220918]
02305003,93125,390819,1863,6;[29165.930000000004, 630, 0.9388496379924112, 0.919573567736821, 152.5855547076634, 0.9765463972434263, 9999]
02305003,93125,390819,1864,6;[28726.160000000003, 620, 0.9596980337073631, 0.9224987014566847, 140.7697556578332, 0.97567558132625, 9999]
02305003,93125,390819,1864,7;[27126.9, 578, 0.9451990217223489, 0.9391597681200553, 84.04718831867476, 0.9858248556092372, 1.0038784927667526]
02305003,93125,390819,1865,4;[31619, 776, 0.9415361704562177, 0.9072081557040892, 133.36324962755475, 0.9775861677229576, 1.0043676444896208]
02305003,93125,390819,1865,5;[29776.18, 690, 0.939270164294506, 0.9150312101124051, 185.0719047579165, 0.9585374368715421, 1.0069215291750504]
02305003,93125,390819,1865,6;[28343.930000000004, 624, 0.9466041661084331, 0.9268782829287255, 169.93509058350784, 0.974411409549901, 9999]
02305003,93125,390819,1865,7;[20388.78, 492, 0.9559283650367425, 0.9414580336425679, 108.27418452917013, 0.9873413386103482, 1.0025956438325245]
02305003,93125,390819,1866,6;[24113.370000000003, 566, 0.964005546889456, 0.9330555882605845, 163.13257340223538, 0.9759666847676102, 9999]
02305003,93126,390822,1908,4;[30862, 766, 0.9352226921719573, 0.9252263643627355, 108.51699907244696, 0.9645018818463466, 9999]
02305003,93126,390822,1908,5;[31579.03, 712, 0.9241641013423143, 0.9387019190991683, 91.12659381617658, 0.9817534486893277, 17691.333333333332]
02305003,93126,390822,1908,6;[30220.83, 656, 0.9425517479745674, 0.9240519503086542, 189.8960792454953, 0.9495392775824896, 9999]
02305003,93126,390822,1908,7;[22870.44, 512, 0.9663154515443206, 0.93792862923227, 107.97020995631857, 0.9824167336019293, 1.0094202653881217]
02305003,93133,390878,735,4;[31707, 776, 0.9407313586460622, 0.9171331255826356, 168.97671884329372, 0.9653147567217382, 1.000583808006059]
02305003,93133,390878,735,5;[14166.949999999999, 518, 0.9515260846826321, 0.9182555359393744, 117.7925206468117, 0.9897738122324703, 0.9325917512044182]
02305003,93133,390878,735,6;[21484.34, 544, 0.9503089149657109, 0.9299241632773859, 139.57113666395682, 0.9821173622555157, 9999]
02305003,93133,390878,735,7;[22096.260000000002, 508, 0.9479190788072512, 0.9235852827084795, 148.39628160728182, 0.9798854214488188, 1.004556046325601]
02305003,93136,390893,914,4;[31999, 788, 0.9384493789752346, 0.9123616676922458, 122.25424896367284, 0.9757355418242295, 9999]
02305003,93136,390893,914,5;[23542.96, 602, 0.9513284238227757, 0.9192124155455671, 153.56219232446213, 0.9774988030360758, 271.013698630137]
02305003,93136,390893,914,6;[27700.030000000002, 610, 0.9486496252255775, 0.9242896813556762, 155.4214893644039, 0.9726656982250159, 1684.9166666666667]
02305003,93136,390893,914,7;[29499.93, 608, 0.9452042260524993, 0.926124103940389, 172.8454666858898, 0.9454165397889285, 1.0050039093041438]
02305003,93136,390893,915,4;[32183, 788, 0.9430766305225121, 0.9378980257563905, 96.49667563931743, 0.9752501122017172, 1.0033045484303396]
02305003,93136,390893,915,5;[28490.98, 660, 0.9325028263572275, 0.9271349710543707, 160.47765692264335, 0.9738272488045104, 1.0038363975597995]
02305003,93136,390893,915,6;[31546.99, 660, 0.9368192387079706, 0.914676017275988, 184.98425772130383, 0.9658620708272737, 921.08]
02305003,93136,390893,915,7;[13375.26, 406, 0.9667482992674752, 0.9393270344499235, 135.21037481999537, 0.9865776753344814, 0.9886344359626802]
02305003,93136,390893,916,4;[25359, 684, 0.9493447078597267, 0.9058761476669172, 150.89787054348656, 0.9816974862483654, 0.9873846513257797]
02305003,93136,390893,916,5;[31894.379999999997, 708, 0.9330407485317327, 0.9093572283564345, 147.9379387116343, 0.9731060587646284, 9999]
02305003,93136,390893,916,6;[23855.81, 570, 0.9521564311798644, 0.9126880233898222, 131.49714712998508, 0.9813301184361296, 8706.5]
02305003,93136,390893,916,7;[18410.49, 478, 0.9717124845208395, 0.9507178512066438, 116.67417581369448, 0.9859929388031937, 0.9976784677887406]
02305003,93136,390893,917,4;[30951, 764, 0.9429234671089888, 0.9224597740995505, 153.9922580556088, 0.9639210007625028, 1.001958530939933]
02305003,93136,390893,917,5;[15315.3, 550, 0.9538369933516108, 0.923614332989958, 129.28621956152696, 0.9866266540255985, 0.9502362669816893]
02305003,93136,390893,917,6;[31923.74, 666, 0.9437764048049252, 0.9041301922117038, 202.35034854336644, 0.9611060087416868, 46604.0]
02305003,93136,390893,917,7;[29535.12, 604, 0.9627941792265837, 0.8868126511991614, 228.65414527764167, 0.9667430498672758, 1.005861970143032]
02305003,93136,390897,913,4;[30967, 758, 0.9354649970637651, 0.8870096924768014, 176.19151569488207, 0.9755968591808523, 1.0004684597366933]
02305003,93136,390897,913,5;[32383.469999999998, 724, 0.9296484793836344, 0.932361235930975, 97.803843812087, 0.9774060957944923, 1.0003676065139875]
02305003,93136,390897,913,6;[31511.370000000003, 656, 0.9435709655974477, 0.9277479576983239, 161.18056364695497, 0.958220692636806, 9999]
02305003,93136,390897,913,7;[18335.52, 470, 0.9505030914556957, 0.9329395182168482, 149.78998772677022, 0.9822313418083167, 1.0069318993404193]
02305003,93138,390912,1150,4;[31796, 778, 0.9392450668473934, 0.9161477844472814, 166.94586606608038, 0.9597615855894632, 1.0019063824423753]
02305003,93138,390912,1150,5;[24588.969999999998, 608, 0.9376781680514653, 0.9214295904385087, 137.84924401557626, 0.982368914102194, 217.50526315789475]
02305003,93138,390912,1150,6;[11999.830000000002, 458, 0.9440102875618491, 0.9144559102800365, 194.64935491935165, 0.9346369806059981, 1.0198521278453747]
02305003,93138,390912,1150,7;[11626.47, 456, 0.9719591987121682, 0.9433175631303492, 185.74299675129504, 0.9769023493405294, 0.8480080348175427]
02305003,93140,390928,135,4;[31942, 780, 0.9368021136965214, 0.8967729016897877, 172.57511324895484, 0.9653622926656795, 0.9972681434302753]
02305003,93140,390928,135,5;[27406.89, 656, 0.9406346427899605, 0.910529890625845, 110.81026706238063, 0.9829675232200361, 0.9991323586829205]
02305003,93140,390928,135,6;[16252.310000000001, 516, 0.9609173223005256, 0.9527060173241187, 138.11973676877935, 0.984138986088747, 9999]
02305003,93140,390928,135,7;[26857.62, 568, 0.9469548796911201, 0.9141240374919463, 218.7489429624309, 0.9673584261641869, 1.00737425038019]
02305003,93140,390930,136,5;[32348.96, 726, 0.9243615399884377, 0.934450242128497, 90.40764482133388, 0.9733685167864164, 0.9983473502515701]
02305003,93140,390930,136,7;[21559.23, 510, 0.946381922897322, 0.9295833764610133, 132.3862649772306, 0.9835815266961432, 9999]
02305003,93140,390930,137,4;[24550, 674, 0.9496687113841791, 0.910189320206426, 136.7538515315842, 0.9842486372344281, 0.9753093776691893]
02305003,93140,390930,137,6;[31597.680000000004, 660, 0.9373163557825608, 0.9350770386529945, 122.76511815919297, 0.9658703748652793, 9999]
02305003,93141,390935,215,4;[25813, 698, 0.9576682945051953, 0.8916870309139352, 146.37348921867596, 0.9778078347571016, 0.9851538050530494]
02305003,93141,390935,215,5;[27583.01, 660, 0.9390680029217325, 0.9255238447828463, 121.61498712085572, 0.9756659016043113, 1.0017070377493031]
02305003,93141,390935,215,6;[19684.16, 556, 0.9444110855996264, 0.9049225164894663, 160.18966608613385, 0.9810967752850707, 14368.0]
02305003,93141,390935,215,7;[23793.03, 538, 0.9455510979736016, 0.9091193008285717, 204.3887205268935, 0.9742271357983024, 9999]
02305003,93147,390950,293,4;[18746, 626, 0.9599395262210957, 0.9478196814595223, 96.7162469285794, 0.9891795964315349, 0.9709934735315446]
02305003,93147,390950,293,5;[32495.329999999998, 722, 0.9349209245846651, 0.9333261324945076, 145.21451597512726, 0.95532592875078, 1.0079545244818486]
02305003,93147,390950,293,6;[18838.870000000003, 522, 0.9492386373554439, 0.9234145332416862, 142.92511202792807, 0.9838582605436391, 1.0026248632883703]
02305003,93147,390950,293,7;[28444.23, 578, 0.9406285802143525, 0.8928452919607144, 168.6885221439398, 0.9735299544783991, 1.0079700715679896]
02305003,93147,390950,294,4;[29755, 752, 0.9427052020180912, 0.9363194691222525, 92.09987026931455, 0.9842758166857877, 1.0031691446680826]
02305003,93147,390950,294,5;[13709.99, 512, 0.9718893565444862, 0.8852311843767349, 124.65515360595845, 0.9886946107607353, 1.009462893191974]
02305003,93147,390950,294,6;[12017.640000000001, 452, 0.9401468533997958, 0.9345209090331688, 137.47437199984412, 0.9724123025809113, 9999]
02305003,93147,390950,295,7;[26184.420000000002, 566, 0.9625371908692707, 0.8954123861421274, 177.11132825499, 0.9746258817260046, 1.0047849699104654]
02305003,93163,391033,100,5;[25847.989999999998, 628, 0.948494988112775, 0.913405107173416, 142.70668545903843, 0.9791563454863194, 1.0044857565667777]
02305003,93163,391033,99,4;[31517, 780, 0.9423338766207701, 0.9364205073957478, 84.33499443963267, 0.9792876597898074, 1.0046059446967885]
02305003,93163,391033,99,6;[19478.66, 528, 0.9506282426284365, 0.9276610594032261, 123.5000368633612, 0.9830473312492146, 1.0022557451008036]
02305003,93163,391033,99,7;[28722.69, 592, 0.944911569880859, 0.9132672533299416, 213.56121177084032, 0.9610002771416484, 1.007000134102186]
02305003,93166,391045,361,4;[26750, 708, 0.9553166176672461, 0.9170505172802729, 107.84535460366068, 0.9843464448471805, 1.0002056497597638]
02305003,93166,391045,361,5;[30566.34, 702, 0.9417416337179665, 0.8882097683383696, 160.985772651366, 0.979274096472722, 9999]
02305003,93166,391045,361,6;[15297.420000000002, 464, 0.9423611223129994, 0.9252918089568832, 142.79181943697196, 0.9860617691066765, 0.989981381328132]
02305003,93166,391045,361,7;[29148.03, 598, 0.9453764912085272, 0.9203941382475912, 194.07998727247195, 0.9539264342504917, 9999]
02305003,93171,391076,534,4;[32538, 786, 0.9341991648098854, 0.9110032696309869, 186.33887519267677, 0.96838428952798, 1.0041507861805052]
02305003,93171,391076,534,5;[28314.859999999997, 656, 0.9484987152881852, 0.9316775493731267, 128.22444255608093, 0.9769884608765976, 1.0078146508820602]
02305003,93171,391076,534,6;[26027.260000000002, 582, 0.9453401703740848, 0.933170078437142, 133.06134131248186, 0.97748350954063, 9999]
02305003,93171,391076,534,7;[18607.86, 466, 0.9443792414768424, 0.9154009981445596, 161.27183369288846, 0.9819862287146608, 1.0032997855139416]
02305003,93172,391079,609,4;[31120, 768, 0.9366570237319869, 0.8970689123650202, 121.75246446936218, 0.9788646032545495, 1.0006591745848004]
02305003,93172,391079,609,5;[32164.51, 710, 0.9360187169219707, 0.9176131138673302, 174.77677848186357, 0.9666069474727694, 1.0070604892043444]
02305003,93172,391079,609,6;[25358.7, 578, 0.9396226926002014, 0.9269395739070391, 140.3393327388816, 0.97893562681367, 1.0028715392533998]
02305003,93172,391079,609,7;[12972.87, 416, 0.9586467377700313, 0.9171686680352382, 143.6104457940441, 0.9881737115110352, 1.001713036800756]
02305003,93172,391079,611,4;[28393, 736, 0.9557639191614496, 0.904155157176672, 133.99931667277613, 0.9800175663657449, 1.0005638369101737]
02305003,93172,391079,611,5;[31297.0, 706, 0.933232448187826, 0.9157308965658059, 193.7369642577548, 0.9672732732429535, 0.9965329746319838]
02305003,93172,391079,611,6;[18399.100000000002, 510, 0.9588256378527945, 0.9431821884383194, 135.32729119366334, 0.9844595604298475, 9999]
02305003,93172,391079,611,7;[19749.24, 484, 0.9532394729957719, 0.9222235881673349, 166.910524959018, 0.9807740339148524, 1.004865517107158]
02305003,93172,391079,613,4;[30086, 754, 0.9410969058101163, 0.9127478968317405, 116.88412211173522, 0.9812710704255841, 0.9998836803536117]
02305003,93172,391079,613,5;[30899.539999999997, 690, 0.9381019454074073, 0.9213319245627019, 169.0815857142773, 0.9719416991199064, 1.0066487041811238]
02305003,93172,391079,613,6;[16035.85, 512, 0.9607515377633454, 0.9538774810315193, 130.26287229304768, 0.9859306823866649, 9999]
02305003,93172,391079,613,7;[10921.14, 448, 0.9512471689112274, 0.8995675575162709, 159.77859992953822, 0.9799566981451837, 0.8627545778691001]
02305003,93172,391082,606,4;[17189, 596, 0.9555689029636674, 0.9060082221943312, 126.66815388802443, 0.9870726187827388, 0.9571512097335524]
02305003,93172,391082,606,5;[31168.48, 706, 0.9324152098284307, 0.9369394496243313, 102.87821952170417, 0.9812736180130233, 0.9976004570557989]
02305003,93172,391082,606,6;[21626.820000000003, 564, 0.9821060621195709, 1.0047451663494082, 164.87726308665964, 0.9827873362325299, 9999]
02305003,93172,391082,606,7;[21415.41, 502, 0.9722603543577346, 0.9274862638599685, 142.03126261445962, 0.9802967162620386, 1.0082114816682273]
02305003,93172,391085,608,4;[16501, 594, 0.9648556282224664, 0.9030862591093621, 131.56262643098142, 0.9857672531506112, 0.9105255897365154]
02305003,93172,391085,608,5;[28249.41, 668, 0.95227203144787, 0.9325030847034032, 136.76930157820664, 0.975279952696829, 9999]
02305003,93172,391085,608,6;[12701.27, 462, 0.9385375630105327, 0.9213377221106378, 139.76789536283664, 0.9708882067989754, 9999]
02305003,93172,391085,608,7;[26257.86, 564, 0.9622678864603569, 0.929833752217895, 136.3732399831006, 0.9753676944382103, 1.0061558304508413]
02305003,93172,391086,607,4;[25419, 730, 0.9797790159994848, 0.9991900073727664, 123.42393280710365, 0.9873532020689311, 0.952397010060136]
02305003,93172,391086,607,5;[30525.879999999997, 696, 0.9370946956706535, 0.9337513415956553, 113.68782930255654, 0.979142232818167, 9999]
02305003,93172,391086,607,6;[20852.77, 528, 0.963234273890227, 0.9269896872644445, 162.8075092759217, 0.9788353525239627, 9999]
02305003,93172,391086,607,7;[14400.36, 422, 0.9565121634213778, 0.9310892328986993, 133.8131191871368, 0.9873170442233554, 1.0062543432939541]
02305003,93173,391089,775,4;[31866, 786, 0.9279763875499655, 0.9294996733520502, 88.51511617841308, 0.9801404111435625, 1.000329613410557]
02305003,93173,391089,775,5;[21974.539999999997, 586, 0.9401772358567593, 0.9241055705192527, 112.3942101050998, 0.9856488118846661, 1086.235294117647]
02305003,93173,391089,775,6;[16468.77, 532, 0.9778813175975073, 0.8268943481938814, 177.22705428536094, 0.984350380689877, 616.4615384615385]
02305003,93173,391089,775,7;[18814.41, 478, 0.9547005276263185, 0.9134796698388548, 161.77963579702975, 0.9815942038930336, 9999]
02305003,93173,391089,777,4;[31923, 780, 0.9407634726279476, 0.9198276074623039, 146.3068072583133, 0.9735892500260347, 1.002984793263793]
02305003,93173,391089,777,5;[14493.01, 490, 0.9471859970060995, 0.932773744210446, 107.76239382054504, 0.9899979600974718, 0.9768206608918832]
02305003,93173,391089,777,7;[28103.04, 586, 0.9616045384297309, 0.9240437373959344, 136.55309742226476, 0.9742243999143737, 9999]
02305003,93173,391089,778,6;[24042.13, 574, 0.9509173801155923, 0.9253464502367353, 137.6212611491083, 0.9822980855925711, 9999]
02305003,93173,391089,779,4;[31739, 778, 0.9386079882282696, 0.8994172679697622, 186.22427502313565, 0.9702423547992273, 0.9970470894983193]
02305003,93173,391089,779,5;[30151.03, 680, 0.9373970419420816, 0.9291529400280659, 152.63223376177245, 0.9732158855233434, 1.006674877825897]
02305003,93173,391089,779,6;[31385.33, 662, 0.9368262207554053, 0.9395611358411877, 87.5068129225028, 0.9794231661833444, 7636.333333333333]
02305003,93173,391089,779,7;[29083.77, 596, 0.9453626627250135, 0.9346502733840802, 116.76284933851584, 0.9570426724606584, 1.0077934471424028]
02305003,93175,391103,970,4;[31732, 780, 0.9377585713089849, 0.9376217831070157, 94.17248031297602, 0.9685202147360349, 1.0042566658754648]
02305003,93175,391103,970,5;[16260.16, 514, 0.9633204960126031, 0.9124923179257391, 143.33883156984945, 0.9829210586630803, 0.9903602232369355]
02305003,93175,391103,970,6;[17203.09, 502, 0.8396703739792254, 0.8144360501957676, 168.902828676359, 0.9825122546237581, 9999]
02305003,93175,391103,970,7;[21510.27, 502, 0.9502308423568933, 0.9176195206505082, 186.17198329552775, 0.9751814031554266, 1.005039854165922]
02305003,93175,391103,971,4;[31663, 780, 0.9385909922486566, 0.9206692368985036, 142.93980459005604, 0.9683489017652215, 1.0031682666413206]
02305003,93175,391103,971,5;[25263.699999999997, 620, 0.9332811124697654, 0.9003304110768452, 156.4664818650995, 0.9799693185010852, 482.5]
02305003,93175,391103,971,6;[30072.870000000003, 636, 0.951262922350994, 0.9129196738352352, 154.80554992526692, 0.9716466805093636, 9999]
02305003,93175,391103,971,7;[28699.74, 592, 0.9400997069443607, 0.8971322010145073, 185.65156130952585, 0.9639016424962287, 1.004874912947983]
02305003,93190,391188,269,4;[31698, 774, 0.9369205389642248, 0.9199556997787166, 151.52164638865648, 0.9713840043764643, 1.003466451398452]
02305003,93190,391188,269,5;[30707.949999999997, 684, 0.9336209613005988, 0.9123746653160999, 172.7281547582513, 0.9727500243506004, 1.006101721348227]
02305003,93190,391188,269,7;[29115.9, 602, 0.9482673623942007, 0.911866431653333, 227.79032946085186, 0.9645159553655813, 1.0046722804424149]
02305003,93190,391188,270,6;[26435.52, 594, 0.9399763655029301, 0.9233465452042664, 137.5676246225282, 0.9792619180842562, 9999]
02305003,93190,391188,271,4;[20179, 638, 0.9601592622220149, 0.8886052098515183, 133.16419964449557, 0.9849104854149042, 0.9357508868742609]
02305003,93190,391188,271,5;[14657.23, 518, 0.9466069634667872, 0.9219562633539454, 122.9150288807645, 0.9890780198741402, 0.9226562792613956]
02305003,93190,391188,271,6;[18082.63, 498, 0.9518364589071429, 0.9359032920711382, 135.96065411573048, 0.9845646616114465, 1.003306601801528]
02305003,93190,391188,271,7;[27569.07, 572, 0.9453249622270007, 0.922659448786164, 198.1728152369166, 0.9694497627997762, 1.0070981444220881]
02305003,93203,391206,316,4;[31215, 768, 0.9368669147951696, 0.9128564262334241, 155.0053252298673, 0.9726212036265378, 1.0043597869978602]
02305003,93203,391206,316,5;[20809.53, 578, 0.9415716331543257, 0.9287494285267, 133.70365118540383, 0.9838230736235865, 9999]
02305003,93203,391206,316,6;[15500.180000000002, 482, 0.9601584407581968, 0.947820939553254, 172.3784542530285, 0.9816698012563627, 9999]
02305003,93203,391206,316,7;[18320.22, 458, 0.9468088370505134, 0.9260495770912941, 134.5278602946306, 0.9831641606193375, 1.0073189198283838]
02305003,93220,391260,293,4;[25543, 700, 0.9485754643185605, 0.9425314201410083, 78.15857509640935, 0.9891381053411195, 0.9968194501356124]
02305003,93220,391260,293,5;[29375.149999999998, 680, 0.9550462942023958, 0.9292326680916023, 140.81059767785862, 0.9760013108828461, 9999]
02305003,93220,391260,293,6;[27039.690000000002, 600, 0.9586892697948026, 0.9410204128462025, 136.1257824592276, 0.9775025732404601, 9999]
02305003,93220,391260,293,7;[26074.260000000002, 560, 0.9485320385062863, 0.921221087086102, 108.9637920324201, 0.9822480598173049, 9999]
02305003,93220,391263,294,4;[25084, 672, 0.9459253210009781, 0.9095369496885999, 140.83648747815056, 0.9807484601178358, 0.9959501310251727]
02305003,93220,391263,294,5;[25567.149999999998, 616, 0.9278779699525118, 0.8925819030912258, 150.05319235141948, 0.9812913154095733, 1.0025664955669622]
02305003,93220,391263,294,6;[17044.170000000002, 478, 0.9489124036726516, 0.9374578954461402, 129.08172265418295, 0.9861207489041105, 1.0009654839488293]
02305003,93220,391263,295,7;[25468.38, 556, 0.9703523394117876, 0.8914678003277454, 170.7617538873755, 0.9748523103996196, 1.0039504236904797]
02305003,93220,391265,296,4;[31171, 766, 0.9344181525428553, 0.9023504469634177, 177.04393946855814, 0.9750442905115491, 1.0016388174807198]
02305003,93220,391265,296,5;[32347.769999999997, 716, 0.9415163352894621, 0.9208552646478687, 163.59188407351778, 0.9558134696454805, 1.0054743850564083]
02305003,93220,391265,296,6;[25071.000000000004, 582, 0.9422943926404591, 0.9343201828924533, 120.43635232264081, 0.9801154740420348, 0.9938090583251874]
02305003,93220,391265,296,7;[15639.66, 438, 0.9605752566798892, 0.9240616271647065, 131.41101698050008, 0.9872449064666369, 0.9912242424242425]
02305003,93221,391267,434,4;[30024, 754, 0.9380024102075544, 0.8914717672967652, 169.5154831651592, 0.975152209940176, 1.0035765618210382]
02305003,93221,391267,434,5;[23853.55, 594, 0.9446192969071585, 0.9247656347991787, 129.74708877476593, 0.9813093399598447, 1.005795428886826]
02305003,93221,391267,434,6;[23014.63, 572, 0.9780072553682972, 0.8438622246161991, 173.70490987424938, 0.981457421014851, 9999]
02305003,93221,391267,434,7;[28972.08, 600, 0.9423488738959368, 0.9109410356184798, 175.30847680588127, 0.9551417185530926, 1.0060834683739341]
02305003,93222,391269,374,4;[22277, 648, 0.9547318101790037, 0.9041669443552862, 143.62572446196867, 0.9832808714551804, 0.9837926161455574]
02305003,93222,391269,374,5;[31911.039999999997, 714, 0.9398216612858722, 0.9203366917865017, 154.38026500390788, 0.9505766951112437, 1.005059780368052]
02305003,93222,391269,374,6;[13038.29, 450, 0.8084620909773892, 0.7811460766385216, 144.8804895231285, 0.9871391234224074, 0.9484751843731314]
02305003,93222,391269,374,7;[28145.88, 584, 0.9439459238066993, 0.9124613226657147, 189.711761422014, 0.970195842194403, 1.0060705496308449]
02305003,93222,391272,375,4;[30671, 756, 0.9395494091325746, 0.9115457316295834, 162.85639189105964, 0.9743560477751778, 0.9999184964219929]
02305003,93222,391272,375,6;[12699.900000000001, 458, 0.9494964728691665, 0.9181043262916913, 114.1283679865879, 0.9897236829727315, 9999]
02305003,93222,391272,375,7;[24593.22, 548, 0.9676622506375733, 0.9192422756931533, 163.82749312837404, 0.9756960281302025, 1.0056935493962336]
02305003,93222,391272,376,5;[28012.6, 658, 0.9508415205613326, 0.9363321875499471, 126.64794807217949, 0.9790363104272541, 367.8125]
02305003,93222,391274,377,4;[26433, 702, 0.9585633659748338, 0.9228197335207531, 117.81606072747886, 0.9816615134873033, 0.9951809043334212]
02305003,93222,391274,377,5;[30560.39, 682, 0.9286873871036936, 0.9102050632601529, 168.42471327485265, 0.9728187094551846, 1.0054223353234806]
02305003,93222,391274,377,6;[31910.04, 668, 0.9354828574186231, 0.936908408096312, 111.15138792896724, 0.9651358217021078, 7764.0]
02305003,93222,391274,377,7;[27237.06, 574, 0.941933562114925, 0.9144425522050643, 187.0472299143908, 0.9723517393144812, 1.0071852899575673]
02305003,93223,391276,444,4;[20120, 624, 0.9695383499838689, 0.9267204322636438, 111.88783520078631, 0.9844771089003067, 0.9821341403885581]
02305003,93223,391276,444,5;[31847.969999999998, 714, 0.928509270868628, 0.9297562153445768, 96.27650433061801, 0.9779090947745994, 9999]
02305003,93223,391276,444,6;[30731.840000000004, 652, 0.9392347456688191, 0.9332230328111155, 146.54255075718538, 0.9489785345180836, 9999]
02305003,93223,391276,444,7;[24795.18, 538, 0.9427326532902488, 0.9002807556218722, 199.93752663352777, 0.9745921280031917, 1.005865375663346]
02305003,93263,391487,462,4;[22338, 654, 0.961951310874128, 0.8947938443987014, 116.45847860630519, 0.9854619909801704, 0.9671176534256954]
02305003,93263,391487,462,5;[13869.449999999999, 530, 0.953086029437858, 0.9171615902681419, 110.07471732117226, 0.9907876606218705, 9999]
02305003,93263,391487,462,6;[31212.710000000003, 656, 0.9321479326859649, 0.9366820489663572, 86.1887693207587, 0.9842828198652008, 9999]
02305003,93263,391487,462,7;[28831.32, 590, 0.9483602626924301, 0.9290342295172035, 150.06005510465542, 0.9652234089353935, 9999]
02305003,93263,391487,463,4;[31157, 768, 0.9449700933531783, 0.9005163186219212, 160.8930644716557, 0.9784957201550288, 1.0024774774774774]
02305003,93263,391487,463,5;[23075.289999999997, 598, 0.9408902567684345, 0.9192643474252296, 117.71605350459102, 0.9850697243245781, 9999]
02305003,93263,391487,463,6;[20219.83, 526, 0.9456299170804779, 0.923507423225544, 136.21626643455167, 0.9833524817619597, 1.0025472947729512]
02305003,93263,391487,463,7;[23670.63, 532, 0.9459248897377338, 0.913718844196845, 189.76356790890566, 0.9756129454725452, 1.0045125474791416]
02305003,93329,391879,138,5;[30728.18, 694, 0.9376933135333625, 0.8911145444025887, 155.55773168402308, 0.9757727268782497, 9999]
02305003,93329,391879,138,6;[29807.090000000004, 644, 0.9448765497295031, 0.9154582825392894, 190.12751203384707, 0.9527618488356899, 8702.8]
02305003,93329,391879,138,7;[28054.08, 588, 0.9411675998103158, 0.906717896747699, 221.2175946391982, 0.9687130446220255, 9999]
02305003,93329,391879,139,4;[20968, 628, 0.9605567336208855, 0.8882483632922188, 132.29034337511126, 0.9834917601105266, 0.9982385146393716]
02305003,93332,391900,323,4;[30621, 762, 0.9458285544385914, 0.9101518695897031, 184.20984722793264, 0.9592377282680685, 1.0072863040510536]
02305003,93332,391900,323,5;[30929.289999999997, 708, 0.9330040115662251, 0.9341419973978613, 88.37459015903825, 0.9790188558050683, 9999]
02305003,93332,391900,323,6;[29600.22, 638, 0.9480043169757183, 0.9222839722689736, 165.85209433558035, 0.9535523003898602, 14404.0]
02305003,93332,391900,323,7;[23742.54, 530, 0.960177307747197, 0.9352865095209263, 98.35357294327008, 0.9847052702226211, 1.0079568705141113]
02305003,93332,391900,324,4;[22529, 654, 0.963812613535191, 0.9030985772556129, 127.82348862069979, 0.9814282145673621, 1.001177646928119]
02305003,93332,391900,324,5;[14257.39, 476, 0.9487809157851416, 0.9278042778091333, 119.93749027417986, 0.9877766030155042, 1.006214831611657]
02305003,93332,391900,324,6;[23155.74, 550, 0.9540479951161146, 0.9188388900458644, 163.2575745643682, 0.9780776310470567, 2817.0]
02305003,93332,391900,324,7;[22273.74, 504, 0.947972789143029, 0.9169366967615359, 163.7390368036119, 0.9755834313388156, 1.008695652173913]
02305003,93377,392046,42,4;[15832, 584, 0.9244083491780998, 0.9326504045795126, 148.28690703017563, 0.9846113752941167, 0.9704250819822857]
02305003,93377,392046,42,5;[31818.219999999998, 716, 0.9301346021098755, 0.8874179412115368, 158.3493809907507, 0.9775353741853936, 9999]
02305003,93377,392046,42,6;[20158.18, 558, 0.942230233753873, 0.9216465313792813, 147.7755856493415, 0.9825592373768169, 9999]
02305003,93377,392046,42,7;[20442.33, 492, 0.951683988320864, 0.9279327523928834, 143.67947986849583, 0.9829712788053264, 1.008187134502924]
02305003,93378,392054,1,4;[32142, 786, 0.9438233588444144, 0.9292923575456203, 122.05441003965822, 0.9696239119898948, 0.9962186957599801]
02305003,93378,392054,1,5;[31285.1, 698, 0.935190044147372, 0.910692969579172, 123.62207662807182, 0.9802437241240255, 9999]
02305003,93378,392054,1,6;[31507.260000000002, 666, 0.9456198893086034, 0.9325026432640802, 146.1532689520734, 0.9580094195890638, 9999]
02305003,93378,392054,1,7;[28650.78, 596, 0.9504616287859322, 0.9097325139833042, 238.7098331949013, 0.9475100754451709, 9999]
02305003,93378,392060,2,4;[31934, 778, 0.9425827989817285, 0.9340087959905304, 102.46984371407937, 0.9777057490767003, 0.9937915259775624]
02305003,93378,392060,2,5;[20027.7, 596, 0.937349235152157, 0.9131393887493894, 125.40024263099102, 0.9859351833531732, 0.9284236657012825]
02305003,93378,392060,2,6;[25780.660000000003, 584, 0.947633261158776, 0.9271922833445774, 141.64666169522908, 0.9778532846854375, 9999]
02305003,93378,392060,2,7;[29561.13, 598, 0.941762017267609, 0.8982494682504117, 204.7837314042704, 0.9696369386677877, 9999]
02305003,93378,392060,3,4;[30281, 756, 0.9408764899265396, 0.8959766535934558, 171.17888907081317, 0.9728016825799781, 0.9948092907125727]
02305003,93378,392060,3,5;[33330.71, 730, 0.9395766333913297, 0.9375903059356878, 114.81185725728294, 0.9704339801158082, 1.0017704179259286]
02305003,93378,392060,3,6;[32348.440000000002, 666, 0.9410956609004609, 0.9426180657230981, 98.77267507453733, 0.9711510288779791, 9999]
02305003,93378,392060,3,7;[23869.53, 534, 0.9558094678558797, 0.9357709827900461, 94.62187902010545, 0.9878018111330864, 1.004733537272581]
02305003,93378,392060,4,4;[31570, 780, 0.9405244041888073, 0.9132383932768905, 154.81449972346607, 0.962226926248567, 0.9943150501566904]
02305003,93378,392060,4,5;[31243.449999999997, 704, 0.9462526595511351, 0.9353964491103917, 113.4174713797676, 0.9765530725741703, 9999]
02305003,93378,392060,5,6;[32108.690000000002, 666, 0.9406109190520142, 0.901016273801558, 181.4993746292437, 0.9714753953062565, 11718.5]
02305003,93378,392060,5,7;[29946.690000000002, 608, 0.9530977904902287, 0.9364563711513254, 122.11495176576688, 0.9684311017831273, 9999]
02305003,93379,392067,164,4;[31086, 770, 0.9417636277894137, 0.9045767367389278, 158.59940644284873, 0.9744550793757843, 1.0096954933008526]
02305003,93379,392067,164,5;[31345.789999999997, 702, 0.9408164847576985, 0.9176156665418046, 140.57774338662523, 0.9773084899775112, 0.9951265583679637]
02305003,93379,392067,164,6;[32484.070000000003, 670, 0.9379660501786518, 0.9360599510807315, 102.47229026854475, 0.97442113210964, 9999]
02305003,93379,392067,164,7;[23066.28, 528, 0.9648491115259561, 0.8917169596346117, 153.41416169892238, 0.9798914751562945, 1.004698277298324]
02305003,93379,392067,165,4;[30666, 758, 0.9498499041544374, 0.9291349573315726, 100.84353208930335, 0.9811097172080296, 0.9938423645320197]
02305003,93379,392067,165,5;[15649.689999999999, 528, 0.9242220878423731, 0.9315787571832781, 157.20693691308878, 0.9792975120919645, 1.0097512285012284]
02305003,93379,392067,165,6;[32285.420000000002, 674, 0.9400836483263333, 0.9388826230917053, 111.50765385836547, 0.9598089039358867, 11783.0]
02305003,93379,392067,165,7;[29154.15, 606, 0.9523241497843944, 0.9086863177146343, 251.27681152896542, 0.9433241423355672, 1.0046131540793461]
02305003,93379,392067,166,4;[24407, 688, 0.9558004022515915, 0.9119151401888363, 147.5487638498362, 0.9830840884311602, 0.9692625392160756]
02305003,93379,392067,166,5;[25289.879999999997, 628, 0.9366550169810229, 0.8954158089285574, 157.55414228835403, 0.979825702149991, 477.5730337078652]
02305003,93379,392067,166,6;[32692.31, 680, 0.9444336141439542, 0.9089913187174613, 177.67976439593468, 0.9613351772209188, 9999]
02305003,93379,392067,166,7;[23520.69, 526, 0.9501517260796499, 0.9244352577839762, 161.10871500043018, 0.9771916202066967, 1.004574266483696]
00023892,93026,390259,210,4;[92611, 1418, 1.0160441936584983, 0.9304499353148526, 74.45688925008452, 0.9880816605513132, 0.9949399454244644]
00023892,93026,390259,210,5;[94888.22, 1378, 1.0014205542741594, 0.9214935775142608, 74.6538927008212, 0.9898794256868059, 0.9885570473958915]
00023892,93026,390259,211,6;[95338.3, 1286, 0.9940124245760389, 0.9461625478712523, 64.84368830459766, 0.9871449405213691, 9999]
00023892,93026,390259,211,7;[92165.67, 1228, 1.025457311970587, 0.9129974662194441, 96.16186030449495, 0.9897792446865475, 0.9926669303275987]
00023892,93026,390259,212,5;[96077.03, 1324, 1.024863976416576, 0.9152186552580622, 123.85239814624725, 0.9837529135848878, 80737.0]
00023892,93026,390259,212,7;[92529.81, 1152, 1.0332821118120454, 0.9098564960488107, 124.19430960027086, 0.9869055025334524, 0.994548459508128]
00023892,93026,390259,213,4;[90619, 1400, 0.9987099010700802, 0.934555185539091, 60.12113214553628, 0.9906597384443807, 0.9921878849259573]
00023892,93026,390259,213,6;[95193.08, 1278, 0.989239541281801, 0.9351501072580485, 55.0984043912589, 0.989414745965852, 0.9943616016485876]
00023892,93026,390259,214,4;[100641, 1570, 1.0094269700037355, 0.8690844925864935, 86.1464904029383, 0.9922469789182753, 0.9511887378255384]
00023892,93026,390259,214,7;[89982.36, 1158, 1.008920090794288, 0.9329343800151616, 58.02976786039906, 0.9899631349538053, 0.9979637548360822]
00023892,93026,390259,215,5;[95573.65999999999, 1358, 1.0317974933529983, 0.933398931652862, 94.94247928936427, 0.9849689627285628, 0.9944035856672362]
00023892,93026,390259,217,6;[94154.62000000001, 1266, 0.9992145882702959, 0.9332819723681481, 71.57122887508336, 0.9858247548618859, 9999]
00023892,93049,390350,751,4;[94062, 1416, 1.0042568194395987, 0.9269790547528483, 71.87525478755839, 0.9890887467282874, 0.9971271983293227]
00023892,93049,390350,751,6;[95987.68000000001, 1284, 1.0095928404100811, 0.9253451933941378, 98.42784833501379, 0.9835381050528386, 0.994344509490864]
00023892,93049,390350,751,7;[89679.42, 1162, 1.0041294275073303, 0.9535479364809879, 46.058774457944274, 0.9917592787674725, 0.9962267999184173]
00023892,93049,390350,752,5;[96983.81, 1404, 1.0146149076499849, 0.9020451217885349, 91.74932642453085, 0.9889152050712641, 9999]
00023892,93049,390350,754,7;[90897.3, 1178, 1.0301547328590062, 0.9025702558377184, 106.2823224278836, 0.987943185325579, 0.9895317171481632]
00023892,93049,390350,755,4;[94211, 1432, 1.006878641709757, 0.9021774065487673, 67.40252514981128, 0.9898337940644919, 0.9970525825620836]
00023892,93049,390350,756,5;[96698.20999999999, 1396, 1.018777525987453, 0.9174234812121812, 92.5480158782108, 0.9880598833555087, 0.9951076740327094]
00023892,93049,390350,756,6;[95656.14000000001, 1324, 1.015869651702508, 0.9346324469381384, 72.73117350095313, 0.9913127711952096, 0.9911210475886298]
00023892,93049,390350,759,5;[96461.4, 1336, 0.9983372822599396, 0.9318084676447657, 72.49302335243128, 0.9886949927878868, 9999]
00023892,93049,390350,759,6;[95868.49, 1302, 1.014836196554872, 0.9488075913305484, 90.71000575414179, 0.9850786410477492, 0.9903199784888411]
00023892,93049,390350,760,4;[93045, 1480, 1.006407325199679, 0.9047898848903233, 81.23724104642969, 0.9897547141549994, 9999]
00023892,93049,390350,760,7;[89624.34, 1120, 0.9943237821856326, 0.9496279440033996, 43.224490146306906, 0.9927302380798315, 0.9985255137263592]
00023892,93049,390350,762,4;[93819, 1410, 1.0108942299757921, 0.929920250343206, 75.34480076131943, 0.988044022170128, 0.9959448413498795]
00023892,93049,390350,762,5;[95332.09, 1408, 0.9973485956391293, 0.9204010381176894, 58.16578114818714, 0.993176482685951, 0.9936309682540667]
00023892,93049,390350,764,6;[96163.04000000001, 1240, 1.0204081692490419, 0.9240917712752229, 120.17536190160143, 0.9837515655368135, 0.9950877889379559]
00023892,93049,390350,765,7;[90767.25, 1130, 1.0421586617828782, 0.9063415631994299, 118.69597953445579, 0.9871334237014758, 1.0017053897068755]
00023892,93049,390350,768,4;[91215, 1390, 0.9976108402478597, 0.9366020212282651, 56.67169378485127, 0.9905504434179085, 0.9933298848384199]
00023892,93049,390350,769,5;[93813.65, 1352, 0.988616800064661, 0.9505031169705055, 43.70675916526144, 0.9920036319898549, 0.9901033620938674]
00023892,93049,390350,769,6;[95650.66, 1292, 1.0269486114441029, 0.9221812211990361, 122.71199409600104, 0.9803018617699638, 0.9938080936045436]
00023892,93049,390350,769,7;[90528.57, 1160, 1.035041309645009, 0.9280734162924721, 101.90240378751751, 0.9898436454282711, 0.9946208542755803]
00023892,93049,390350,771,4;[91901, 1452, 1.007159125444201, 0.9205988503231611, 65.16109412411225, 0.9904268585308402, 0.9947879739128082]
00023892,93049,390350,772,5;[96073.45999999999, 1412, 1.015219393434655, 0.9214154617550364, 92.3423385228769, 0.9875485882731128, 0.9886239790357935]
00023892,93049,390350,772,6;[95035.53000000001, 1328, 1.0242700862042984, 0.9232330309140899, 78.05145689182541, 0.9902240643257104, 0.9895085194245733]
00023892,93049,390350,772,7;[88788.96, 1104, 1.002193144536555, 0.95969770641344, 38.50327567234768, 0.993428979803523, 1.0019077544607788]
00023892,93099,390646,1221,5;[95635.54, 1418, 1.0372388954291334, 0.935841814106927, 102.41278517603428, 0.9855194395582108, 0.9922402138416806]
00023892,93099,390646,1221,6;[95230.07, 1274, 1.001310780568388, 0.9198100533614311, 78.59980425153626, 0.9854962731299645, 0.9925888904755105]
00023892,93099,390646,1222,4;[92322, 1452, 1.0113961915944594, 0.9421933268817028, 52.99737420294115, 0.9914403680781673, 0.9929605868149478]
00023892,93099,390646,1223,7;[89509.59, 1138, 1.0006021162367051, 0.9296266317835783, 61.928812509567464, 0.9899567467918391, 0.9939516471567644]
00023892,93103,390673,1488,5;[95532.01, 1306, 1.0060955150168478, 0.9385535335721296, 66.80304338640703, 0.9885006793800635, 0.993957928361831]
00023892,93103,390673,1489,4;[91819, 1466, 1.0018152164294294, 0.9341657548321475, 59.9862703233153, 0.9889055273284264, 0.9856583114164564]
00023892,93103,390673,1489,6;[95828.76000000001, 1226, 1.0084831232773173, 0.9253014906927638, 67.09499560769929, 0.9873162877627496, 1.00068669527897]
00023892,93103,390673,1489,7;[88876.17, 1156, 1.0087983776590537, 0.9597142492090539, 47.9361102788234, 0.9931076681282629, 0.9982814621320181]
00023892,93103,390673,1490,4;[91274, 1462, 1.0099605603744155, 0.937923466539687, 53.41856985370234, 0.9905429427294747, 0.9928695358943538]
00023892,93103,390673,1490,5;[93906.47, 1362, 1.0004038151476906, 0.9427182079644918, 57.953135530105115, 0.989556670975227, 0.9886864789014734]
00023892,93103,390673,1492,7;[92464.02, 1178, 1.035647198939995, 0.9351479860427844, 117.39706896763154, 0.9849955983351689, 1.0001737734490719]
00023892,93103,390673,1493,6;[93338.1, 1322, 1.0022901991384694, 0.9249347221997005, 66.91939063892441, 0.9907752064175155, 9999]
00023892,93103,390673,1494,4;[91320, 1462, 1.0217962247786585, 0.9272983370317596, 61.40222008598016, 0.9892803315640634, 0.9935914872319359]
00023892,93103,390673,1494,7;[89778.87, 1182, 1.0102114628778205, 0.9511744008209252, 46.24757529179707, 0.9906650473507022, 0.998604516601147]
00023892,93103,390673,1496,5;[93285.29, 1362, 0.996304254460408, 0.9385897092657679, 59.795412907966465, 0.9883746670518907, 0.9870808517068134]
00023892,93103,390673,1496,6;[94283.40000000001, 1262, 1.00217509573467, 0.9351515004450848, 62.31275769802199, 0.9883873661257767, 0.9949256191178384]
00023892,93103,390673,1499,4;[94112, 1442, 1.0193794238569454, 0.9036019728833273, 92.12450540670405, 0.9876490056084498, 1.0002922904410396]
00023892,93103,390673,1499,5;[93898.14, 1370, 0.9979011461486544, 0.9379102657752916, 60.872233255583666, 0.9882958289075674, 0.9883820701835696]
00023892,93103,390673,1499,6;[95647.92000000001, 1230, 1.0362822863071601, 0.9209082126294333, 115.44782661389189, 0.984836169841508, 0.9997923543437324]
00023892,93103,390673,1499,7;[90392.40000000001, 1134, 1.0056394446099965, 0.9483205961695961, 56.939292746957456, 0.9908745803188536, 0.9978044249282216]
00023892,93122,390798,1587,7;[91982.07, 1154, 1.0379962988063904, 0.8916649083881645, 128.40748904993342, 0.9851392062934953, 0.9963043982632329]
00023892,93122,390798,1588,4;[93263, 1522, 1.0343964971033042, 0.8955177928323427, 127.94601037636897, 0.9835429404401321, 0.988856373391013]
00023892,93122,390798,1588,6;[95538.32, 1272, 1.0201171341477493, 0.9223674107111368, 100.79638914329955, 0.985300069309392, 0.9949919385906089]
00023892,93122,390798,1589,5;[95398.73, 1308, 0.9885708159313844, 0.9248256724876545, 55.141382330355995, 0.9892162139147407, 0.9962965264400672]
00023892,93122,390798,1590,7;[90756.54000000001, 1204, 1.018194813626583, 0.9238754637144159, 90.56640042849686, 0.9892491374704253, 0.9929443667924908]
00023892,93122,390798,1591,4;[93569, 1528, 1.0176960207921453, 0.8915479811843451, 96.01364109273158, 0.988751462634787, 9849.368421052632]
00023892,93122,390798,1591,5;[97058.78, 1316, 1.0160888672198856, 0.9215252797697663, 102.39654337509684, 0.9856148344480832, 0.9967249175119149]
00023892,93122,390798,1591,6;[95989.05, 1294, 1.0159165572837912, 0.9608101894501084, 85.3547151298866, 0.9832085055716978, 0.9944998403179447]
00023892,93139,390920,17,4;[94506, 1500, 1.027088527191362, 0.8794523808120088, 114.86559109061153, 0.9863131026907964, 0.9932369586808129]
00023892,93139,390920,17,5;[97151.59999999999, 1388, 1.0106539310008886, 0.8995172322902854, 88.3860307557242, 0.9889091210211214, 0.9973063931932984]
00023892,93139,390920,18,6;[93028.48000000001, 1260, 0.9926002311185911, 0.9162809410379069, 61.16660810306882, 0.9898389576729316, 0.9968876622232662]
00023892,93139,390920,18,7;[91411.38, 1134, 1.0992383902203307, 0.9192570864558904, 118.61364803335186, 0.9865231889030311, 0.9962980256136607]
00023892,93139,390920,19,4;[91516, 1450, 1.0078401798707501, 0.9274654317894875, 52.99583780040853, 0.9916924179574511, 0.9933193316075393]
00023892,93139,390920,19,5;[92553.44, 1288, 0.9941966294147649, 0.9399912651471408, 48.34401312728484, 0.9927536248094876, 0.9988890672660138]
00023892,93139,390920,19,6;[93509.35, 1212, 1.0023493463701187, 0.9393343284079632, 79.65025329383224, 0.9861169022764733, 0.9954061542948811]
00023892,93139,390920,19,7;[93131.1, 1150, 1.0367814326425413, 0.9034313358402737, 119.52672608978803, 0.9866625731434625, 0.9981633924764685]
00023892,93166,391047,301,4;[102526, 1548, 1.0169194178602992, 0.8777736446207596, 90.59786947818188, 0.9920086285155629, 0.9509393361807903]
00023892,93166,391047,302,5;[98361.83, 1412, 1.0000255947938408, 0.9186079384304046, 83.7879406486509, 0.989548586960397, 0.9902896336897595]
00023892,93166,391047,302,6;[96856.26000000001, 1332, 1.025932231875349, 0.9372100927300585, 96.82421065866093, 0.9893235990225459, 0.9920159400564076]
00023892,93166,391047,302,7;[89636.58, 1116, 1.0002456059630038, 0.9334403432675832, 53.866882251709995, 0.9917594057692131, 0.9887765607331522]
00023892,93166,391047,304,4;[93210, 1474, 1.0072942934122837, 0.8949077592480458, 64.91588183997156, 0.9915019402402596, 0.9885774284896115]
00023892,93166,391047,304,5;[98044.09999999999, 1414, 1.0097857147329659, 0.9330331600770386, 79.8704445912493, 0.9902966082833385, 9999]
00023892,93166,391047,304,6;[96146.6, 1338, 1.0135963825545302, 0.9279488245460283, 70.15376689179699, 0.9915276780806666, 9999]
00023892,93166,391047,306,7;[91706.67, 1198, 1.0265517488271827, 0.9105202322739891, 108.71568258820389, 0.988825646452968, 0.9910630874924561]
00023892,93166,391047,307,4;[94598, 1538, 1.0579995180405166, 0.9287852761001495, 133.8856277141715, 0.9843835297765637, 0.9955326370070247]
00023892,93166,391047,307,5;[98700.98, 1422, 1.0012072743528282, 0.9337293742777901, 76.05651287313088, 0.9908686337529213, 9999]
00023892,93166,391047,307,7;[92809.8, 1208, 1.0218386772767731, 0.9280973687932741, 101.16117528722921, 0.9889602373807543, 0.9956013655462185]
00023892,93166,391047,308,6;[95457.49, 1314, 1.0110277868295992, 0.9237065064668254, 86.05835334072907, 0.9894916578043099, 9999]
00023892,93166,391047,309,5;[98240.45, 1320, 1.0110499269454292, 0.9342055335468392, 83.12772060305193, 0.9881753350248276, 1.0001272041141445]
00023892,93166,391047,309,6;[95802.73000000001, 1258, 0.9954649007721109, 0.95088598087129, 51.35024929924335, 0.9913813996686319, 9999]
00023892,93166,391047,310,7;[92852.64, 1174, 1.0364615348407051, 0.9218120312042933, 113.10243558424547, 0.9879807126376885, 0.9966252555691494]
00023892,93166,391047,311,4;[94312, 1548, 1.0183315127580725, 0.8784015566832107, 87.01246476361891, 0.9910134523103105, 0.9924810447611981]
00023892,93166,391047,312,5;[97339.62, 1418, 1.0078214353836703, 0.9133770726019503, 80.56817309501915, 0.9900963734879676, 0.9897872752353525]
00023892,93166,391047,312,7;[90403.11, 1176, 1.0103433459216362, 0.9384740993298968, 65.00694614521767, 0.9876306688220488, 0.9922750096562379]
00023892,93166,391047,314,4;[94416, 1518, 1.0347146739199957, 0.8917116248877807, 112.8082196363341, 0.9873504709501475, 0.9903135636331216]
00023892,93166,391047,314,6;[93869.66, 1220, 0.9905679278510596, 0.9477478851446883, 37.3871021726515, 0.9935111789189628, 9999]
00023892,93166,391047,315,7;[90819.27, 1176, 1.004813273122673, 0.938296692969693, 58.33190132242037, 0.9882988391895713, 0.9961903802906723]
00023892,93166,391047,316,4;[91221, 1450, 0.9943388596203271, 0.9389536448875085, 42.51792120787346, 0.9927696618710962, 0.989279846436647]
00023892,93166,391047,316,5;[95551.05, 1380, 0.9950794567764044, 0.9521981225145483, 50.39466035948726, 0.9909775413690899, 9999]
00023892,93166,391047,316,6;[95547.91, 1242, 1.021758306850226, 0.9386996652158704, 103.50965344886869, 0.9872397165584255, 9999]
00023892,93265,391506,609,4;[91999, 1462, 1.028048929718139, 0.8979910050086684, 60.49414841799921, 0.9919458494124359, 0.9949387349000184]
00023892,93265,391506,609,5;[96956.44, 1412, 1.0077934810706421, 0.9235989152688951, 77.05094333947079, 0.9894107889801897, 0.9929135057733907]
00023892,93265,391506,609,6;[95946.58, 1270, 1.0044063503258838, 0.9366693963450596, 74.60965059876266, 0.9852408421841474, 0.9908602150537634]
00023892,93265,391506,609,7;[91344.06, 1172, 1.0147838907858038, 0.9450277097540786, 62.320860603145725, 0.9908167582567575, 0.9970024130992042]
00023892,93265,391506,612,4;[95513, 1428, 1.0275237814770013, 0.9016657179967023, 102.92813879812388, 0.986274785337804, 9999]
00023892,93265,391506,612,5;[95004.84, 1362, 0.9989822874056014, 0.9367027109244497, 61.232871275401926, 0.9905141888729317, 9999]
00023892,93265,391506,613,6;[96428.82, 1306, 1.0088462943925212, 0.9416517332407627, 80.98045716336975, 0.9850472693518587, 0.9933528091790508]
00023892,93265,391506,613,7;[92444.13, 1200, 1.0100144932988766, 0.949000364063337, 52.88544641718459, 0.9901442151916354, 0.99741653254096]
00023892,93329,391882,100,4;[89571, 1422, 1.0045582111703892, 0.9290272908080096, 60.71404661951753, 0.9907467227995309, 9999]
00023892,93329,391882,100,5;[95760.48999999999, 1314, 1.0014968410566154, 0.936113277778983, 56.5333923728097, 0.9907405139511056, 0.9980465964268218]
00023892,93329,391882,100,6;[94291.62000000001, 1210, 1.024545287603457, 0.9415175936224898, 59.86855743290816, 0.9896300416328353, 0.9955304838359731]
00023892,93329,391882,87,4;[93975, 1432, 1.0542621991475085, 0.937250671089021, 127.8290403740921, 0.9808000576079602, 0.9951605388004067]
00023892,93329,391882,87,7;[90520.92, 1216, 1.0177249937146682, 0.9035621449918402, 88.75576615342364, 0.9899445168075792, 0.9937266428721394]
00023892,93329,391882,88,5;[96428.08, 1404, 1.0335262988751228, 0.8978843140250746, 91.74747174569461, 0.9892755137217717, 0.9929601195983163]
00023892,93329,391882,88,6;[94128.59000000001, 1316, 1.0139176929802318, 0.9300961545383143, 74.13954408942635, 0.9913920528363622, 0.9894298757218358]
00023892,93329,391882,89,4;[90340, 1462, 0.9992471247785927, 0.923929209970205, 53.4210124926135, 0.9932997432187544, 9999]
00023892,93329,391882,89,6;[93747.73000000001, 1214, 0.9869406422525822, 0.950546662362923, 44.11838568046918, 0.9918175876924784, 9999]
00023892,93329,391882,89,7;[90146.07, 1198, 1.0126167312801755, 0.9488160400742294, 60.89317278153263, 0.988622837051628, 0.9931396015237839]
00023892,93329,391882,91,5;[95733.12, 1388, 1.0316382401039235, 0.9219545454312119, 111.19090413657985, 0.9847225156643902, 0.9941056533827618]
00023892,93329,391882,92,7;[89391.78, 1170, 1.0083598952507489, 0.9342592665815368, 51.915145162539226, 0.9904787665742328, 1.0000941450347052]
00023892,93329,391882,93,4;[91331, 1476, 1.0014136410916312, 0.9405193308432228, 46.83841102765158, 0.991499951610125, 0.9871753992487907]
00023892,93329,391882,93,5;[97333.67, 1416, 1.014740878442954, 0.9100369538380206, 74.98227703411273, 0.9912652801637288, 0.991766902706373]
00023892,93329,391882,93,6;[93605.25000000001, 1284, 0.9952295652710265, 0.9508319718051121, 50.92459886212178, 0.9906761857161073, 0.9918273139008246]
00023892,93329,391882,94,4;[92049, 1408, 1.0020414953763794, 0.9373424113668644, 53.1206588318205, 0.9917052245476408, 0.9953556772655265]
00023892,93329,391882,94,6;[91184.46, 1278, 0.9905011186332193, 0.9574260426265674, 40.4477583640621, 0.9938509010756, 9999]
00023892,93329,391882,94,7;[88614.54000000001, 1120, 1.0080886344489455, 0.9458098021265873, 56.90489988855238, 0.9897498296482681, 0.9920523449008256]
00023892,93329,391882,95,5;[96097.26, 1410, 1.0255900156079332, 0.9229424239876988, 78.84552100567834, 0.9883951510666669, 0.9949975357318877]
00023892,93329,391882,96,4;[90482, 1484, 1.0380860129272493, 0.925552849118763, 91.52271673997085, 0.9880054327532354, 0.9865131543082677]
00023892,93329,391882,96,7;[89244.90000000001, 1126, 0.9999886117592707, 0.947523726902524, 42.23684611748487, 0.9922659463300263, 0.9999142881631954]
00023892,93329,391882,97,6;[95323.23000000001, 1308, 1.0232360116328916, 0.9262526559365262, 114.31092452407493, 0.985070710337425, 0.9939573155052713]
00023892,93329,391882,98,5;[91312.26999999999, 1274, 0.9910956433572836, 0.9499125007788416, 40.481912020727336, 0.9931181500295134, 1.0025805018586147]
00023892,93329,391882,99,7;[91140.57, 1116, 1.040458220622072, 0.9168459149710392, 128.2515023403644, 0.9853835087709369, 0.9977889817590995]
00023892,93377,392048,10,6;[93998.44, 1270, 0.9919158486756011, 0.9298485050003288, 44.31097966349902, 0.9937217962071911, 3049.4222222222224]
00023892,93377,392048,3,5;[95604.59999999999, 1380, 0.9987641833365667, 0.9393509332390785, 64.83692702540026, 0.9879231311757988, 0.9854283191050928]
00023892,93377,392048,4,4;[94389, 1520, 1.0481839465197085, 0.8982303279844803, 146.38223343478478, 0.982646624664452, 0.9880923094638661]
00023892,93377,392048,4,6;[97017.92000000001, 1286, 1.0372960980095842, 0.9264170716955258, 123.47793040094903, 0.9807739478566936, 9999]
00023892,93377,392048,4,7;[92407.41, 1130, 1.0595645127019166, 0.9293841207882982, 170.5528109892539, 0.9818613008641736, 1.0012350283890754]
00023892,93377,392048,5,4;[93685, 1540, 1.0178861300818915, 0.9003955185041129, 93.95097312123575, 0.9899993008943256, 0.9824761944712446]
00023892,93377,392048,5,5;[95059.58, 1386, 0.9975705251686652, 0.9409213671685013, 54.60727821811455, 0.9905677231515972, 0.9902072590241967]
00023892,93377,392048,6,7;[93124.98, 1220, 1.0286517745050106, 0.8914510733339396, 118.29712978430149, 0.9879625097852601, 0.9942744194784086]
00023892,93377,392048,7,6;[96321.96, 1342, 1.0423455405613293, 0.9067963071804969, 124.40247179752821, 0.9854195786207434, 0.9907977621510408]
00023892,93377,392048,8,7;[92243.7, 1196, 1.022623329814651, 0.9085152390334844, 110.36142061975514, 0.988371274204613, 0.9908458921557349]
00023892,93377,392048,9,4;[90811, 1438, 1.0060688654956351, 0.9294232637887027, 47.099345259638056, 0.9922297516712043, 0.9900300352682733]
00023892,93377,392048,9,5;[96201.98, 1422, 1.0014563841948065, 0.9143044300938822, 83.43824513862316, 0.9901791203282161, 0.9884999847155566]
00023698,93080,390528,134,4;[50730, 1068, 1.0195976013283141, 0.9416815472712002, 106.73840478038007, 0.9824062191657561, 0.9948424293530485]
00023698,93080,390528,134,5;[32137.14, 722, 1.0078854189891433, 1.013414209980644, 116.63098906489452, 0.9895434332199322, 0.9812513625463266]
00023698,93080,390528,134,6;[38668.25, 748, 1.0119806230852137, 0.8016064169445177, 114.47467328846068, 0.9890644631038052, 9999]
00023698,93080,390528,135,7;[38513.16, 688, 1.0083897586046573, 1.0117389089138091, 162.42444615493253, 0.9858130161766707, 9999]
00023698,93244,391403,53,4;[51195, 1022, 1.0156213303600359, 0.8120712758459384, 144.89464082346188, 0.9865749572742271, 0.9854762798486992]
00023698,93244,391403,53,5;[39153.38, 806, 1.0102162086185273, 0.8219264752022125, 107.96273207170495, 0.9890131537606472, 0.9936278802887084]
00023698,93244,391403,54,7;[40517.46, 702, 1.0207061917706963, 1.0193027392126506, 179.45160421442154, 0.9815379085237981, 1.0024605367755612]
00023698,93244,391403,55,6;[32312.820000000003, 714, 1.0456990845119167, 0.9394046339370987, 200.55027481560595, 0.9796784384215971, 0.999639746551103]
00232831,93048,390346,740,4;[35082, 810, 1.110118467398255, 0.8966855239029898, 134.18906409827164, 0.9876291909512697, 1.0005276141856916]
00232831,93048,390346,740,5;[25167.309999999998, 648, 1.0308960832661387, 0.8879570816736921, 117.23466094793315, 0.9888341570667823, 1.0003310945038313]
00232831,93048,390346,740,6;[22536.5, 606, 1.0391528243866734, 0.824357386384196, 182.40214907985984, 0.9843334946268884, 1.0071634114981938]
00232831,93048,390346,740,7;[21066.57, 590, 1.0416557842090612, 0.9831097479360884, 170.9634159678804, 0.9811382585239776, 0.9690678115212725]
00232831,93048,390346,741,4;[28871, 746, 1.0373770182720765, 0.9125091797107592, 116.13176337041497, 0.9873059201901159, 1.0026219374555052]
00232831,93048,390346,741,5;[22429.12, 646, 1.022432709207157, 0.9307601111103152, 99.87645004906751, 0.9889462668987054, 1.0019403024745501]
00232831,93048,390346,741,6;[46514.240000000005, 796, 1.0340157862247972, 0.904794146472427, 161.35521825907256, 0.9769230746426791, 1.0051512818994612]
00232831,93048,390346,741,7;[44285.85, 744, 1.0340716011761808, 0.9026326660406435, 182.78410149848776, 0.9711730771859813, 1.005540984176061]
00232831,93048,390346,742,4;[28052, 740, 1.04299650260232, 0.9070084930873028, 122.16892731425881, 0.9871237504361219, 1.002501608176685]
00232831,93048,390346,742,5;[23646.489999999998, 638, 1.1561183811637026, 0.8916441037356454, 123.51226238454453, 0.9887082676972383, 1.0009822935294561]
00232831,93048,390346,742,6;[21078.820000000003, 628, 1.0015966574873403, 1.0055593804871725, 166.8629429002772, 0.982511556557207, 0.9676425269645609]
00232831,93048,390346,742,7;[18871.02, 562, 1.0189061130967212, 0.976170767925859, 131.51430344520077, 0.9736960140301792, 9999]
00232831,93147,390953,359,4;[32253, 784, 1.0343004054696603, 0.8733069936912597, 121.68613148623795, 0.9864116847929475, 0.9878709914545621]
00232831,93147,390953,359,5;[24794.84, 664, 1.0254624170033975, 0.9140017662739477, 115.93286643123287, 0.9881370400681683, 0.9700863654352027]
00232831,93147,390953,359,6;[23006.410000000003, 614, 1.0403542808348494, 0.7936519094810963, 184.9575810242322, 0.9853119038163055, 1.008255531205908]
00232831,93147,390953,359,7;[20399.49, 564, 1.0458344217317095, 0.9409468662590371, 180.0647062832945, 0.9792957967533832, 0.9650754587238971]
00232831,93165,391039,287,4;[23394, 714, 1.2136543660350467, 0.9280534807133994, 112.3622224993563, 0.9903054674567623, 0.9560277891295463]
00232831,93165,391039,287,5;[24147.48, 646, 1.0332144400492245, 0.9158190088170706, 105.50733593276681, 0.9905545724431756, 0.9994828223125231]
00232831,93165,391039,287,6;[33862.29, 678, 1.0311656565237077, 0.8961369292882885, 141.27214363359673, 0.9854905617143696, 1.003491535057448]
00232831,93165,391039,288,7;[20056.77, 560, 1.0448503370804862, 0.9272743693977548, 161.53289071593332, 0.982623862552773, 0.9656010606953447]
00232831,93165,391039,289,4;[23200, 714, 1.189700136586915, 0.9064488667465209, 106.56234521553166, 0.9903023312895308, 0.9370519215622918]
00232831,93165,391039,289,5;[36746.009999999995, 758, 1.0259681186592275, 0.8915597452783944, 126.36710395155372, 0.9863401900132293, 1.0031674869645728]
00232831,93165,391039,289,6;[22873.52, 618, 1.0290266120131455, 0.9896478693489018, 157.558959389034, 0.982821445818884, 1.0051473465579002]
00232831,93165,391039,289,7;[36810.270000000004, 662, 1.0442348109050101, 0.9157670040874, 159.8359997677306, 0.9822413565909158, 1.005874114179401]
00232831,93165,391039,290,4;[23485, 714, 1.1872933385413627, 0.9074692571034201, 114.35458041635866, 0.9894512536845533, 0.9384990409207161]
00232831,93165,391039,290,5;[48349.7, 880, 1.0222865126792062, 0.9044540200988487, 137.4322682908964, 0.9757264129574317, 1.0044623542936253]
00232831,93165,391039,290,6;[23013.260000000002, 632, 1.0323677805875555, 0.9208586490912266, 166.79623968036157, 0.9849014235217006, 0.9991672614798953]
00232831,93165,391039,290,7;[21817.8, 532, 1.211903594443001, 0.9239900944033436, 138.42233873468047, 0.9877885420707321, 1.006138432230297]
00232831,93328,391868,72,4;[22958, 686, 1.0413219567369838, 0.9258248875222747, 102.56876915992719, 0.9911504612884058, 0.9991513437057992]
00232831,93328,391868,72,5;[42099.82, 806, 1.0278789267966615, 0.8970566500260518, 135.1654690628665, 0.9845823003453007, 1.005585321831076]
00232831,93328,391868,72,6;[17820.960000000003, 552, 1.0163830549444937, 0.9838034127294123, 129.9790301133918, 0.9727344142869735, 1.0115872151800296]
00232831,93328,391868,72,7;[45021.78, 748, 1.042958758987957, 0.9011252152084682, 179.7697462518521, 0.9768465051626142, 1.005742019276779]
00232831,93328,391868,73,4;[38456, 848, 1.0338209932300544, 0.905944915256667, 116.8870415367547, 0.9862689502952457, 1.0030648043089845]
00232831,93328,391868,73,5;[35375.13, 740, 1.026320626420711, 0.9120296052473232, 121.22238275340372, 0.9859347958257803, 1.0052244483895512]
00232831,93328,391868,73,6;[48025.350000000006, 818, 1.0257304557707312, 0.9140755452622588, 155.7383419816853, 0.9782402186933676, 1.004945173081058]
00232831,93328,391868,73,7;[33623.28, 632, 1.044123190263545, 0.9299201361780877, 150.47844275182408, 0.9832834857529154, 1.0065497183163101]
00232831,93328,391868,74,4;[38410, 846, 1.0331855695467584, 0.9075748213649732, 117.10155289949085, 0.9862500653403574, 1.0029375285593054]
00232831,93328,391868,74,5;[48271.159999999996, 878, 1.0265632083108553, 0.920622989854916, 128.97499551410644, 0.9797151920577304, 1.0053035935563817]
00232831,93328,391868,74,6;[18079.890000000003, 584, 1.0084415135616849, 0.8708058675287387, 164.25316419321092, 0.9622110090676279, 0.9971288250850019]
00232831,93328,391868,74,7;[32327.37, 622, 1.0391315661943086, 0.9198033935038462, 150.6383217291742, 0.9843142006584313, 1.0051377194234337]
00236683,93026,390254,285,4;[52577, 1096, 0.8862211757298222, 1.142811977438725, 502.11518930978275, 0.942520480681904, 0.9907850601138205]
00236683,93026,390254,285,5;[53276.299999999996, 972, 0.8758447924779791, 1.1029847720315937, 508.07812785055285, 0.8969617439025638, 0.999207686556338]
00236683,93026,390254,285,6;[52834.05, 942, 0.8818427940834459, 1.1208881054748694, 568.5444708665053, 0.8783664189758349, 0.9953799297955812]
00236683,93026,390254,286,7;[48655.53, 922, 0.8835625619097367, 1.197994268897786, 707.3842538095182, 0.9246766263894225, 0.9956169186938417]
00236683,93027,390265,359,4;[55714, 1184, 0.8878782770248758, 1.2555487732632349, 391.8006134098783, 0.9635562642822302, 0.9459725618038577]
00236683,93027,390265,359,6;[52086.030000000006, 886, 0.8898584135666646, 1.1637660922020512, 669.6965407973415, 0.9075302850188324, 0.9999079492405812]
00236683,93027,390265,359,7;[48546.9, 888, 0.8814322133652133, 1.1784699135072954, 726.0298356369328, 0.9082421067596348, 0.9937985467301428]
00236683,93027,390265,360,5;[53558.329999999994, 984, 0.878247657197186, 1.078590357210907, 553.0768949716395, 0.8980300575316448, 0.9967665492879765]
00236683,93032,390303,79,4;[54816, 1196, 0.888904372575185, 1.2934701273616958, 378.65287972537624, 0.9660342743522854, 0.9493591963976447]
00236683,93032,390303,79,5;[53930.799999999996, 980, 0.8790632088107615, 1.0730474168056072, 587.4673493224348, 0.8953819539550469, 0.9981609347297015]
00236683,93032,390303,79,6;[52579.23, 934, 0.8732997317832936, 1.1516979154524813, 303.94904111450586, 0.8983970937919634, 0.9946353599751205]
00236683,93032,390303,80,7;[48606.57, 822, 0.8850859545199323, 1.05918387500515, 252.38180572968213, 0.9042999480579031, 1.0034745254114155]
00236683,93032,390303,81,4;[51138, 1030, 0.8701509551381353, 1.137200506893773, 247.55772691967408, 0.9127945715772987, 0.9981165035278963]
00236683,93032,390303,81,5;[53663.049999999996, 962, 0.8796153248595829, 1.0877844540512152, 593.6795663368949, 0.9066572911256823, 1.000077619950545]
00236683,93032,390303,81,6;[50802.340000000004, 898, 0.8817236210154215, 1.1335969358320634, 238.41582018685398, 0.9332738088203516, 0.9994474765851358]
00236683,93032,390303,81,7;[48525.48, 818, 0.8748864162762124, 1.0935561647465442, 298.15014867311663, 0.8918905826198557, 0.9987561209869157]
00236683,93032,390303,83,4;[50093, 1042, 0.8801598385112197, 1.2498116921691478, 238.8048669046948, 0.9253919183258541, 0.9939974799337242]
00236683,93032,390303,83,5;[53466.7, 1108, 0.8728988238067416, 1.2012863459406646, 515.0614612160756, 0.9197047972512877, 0.9913726528540853]
00236683,93032,390303,83,6;[51553.100000000006, 892, 0.8825073947021309, 1.184670106535934, 271.0661832487113, 0.9048220048958809, 0.9999468537414966]
00236683,93032,390303,83,7;[49385.340000000004, 864, 0.8908494900443562, 1.1542252328658154, 586.0665547587771, 0.8833588502031021, 0.9960962212038451]
00236683,93051,390358,937,4;[50056, 1130, 0.8845052986867727, 1.209182328456789, 291.4767786976812, 0.9349687600459935, 0.9887214332273293]
00236683,93051,390358,937,5;[53338.18, 980, 0.877365576109739, 1.090902446982913, 569.5160161206493, 0.8910486959705923, 0.9981405395775573]
00236683,93051,390358,937,6;[51747.64000000001, 928, 0.8772542639973726, 1.128240764091211, 279.23960958320947, 0.8994901646477651, 0.9964912280701754]
00236683,93051,390358,938,7;[48975.3, 872, 0.88618399388147, 1.1003372898417185, 465.39693323686254, 0.8911497583700823, 0.9932048775947129]
00236683,93078,390512,47,4;[56976, 1204, 0.884308089239834, 1.2299526282331041, 465.7959497996675, 0.9253646400655449, 0.9472082990449116]
00236683,93078,390512,47,5;[55313.579999999994, 1074, 0.866247929479097, 1.1573783919242993, 375.48428351214955, 0.895071386675741, 0.9883058343255656]
00236683,93078,390512,47,7;[50615.46, 866, 0.8892711702807803, 1.1246224726107188, 603.4403469673778, 0.9204933833263348, 0.9954113947855391]
00236683,93078,390512,48,6;[51732.57000000001, 924, 0.8870835487190667, 1.1727691486512413, 207.9023365769131, 0.9365714163255069, 0.9957281860612294]
00236683,93078,390512,49,4;[50734, 1034, 0.8993787141650365, 1.1114887902287192, 188.05861423977905, 0.9482086203982276, 1.0003549175802509]
00236683,93078,390512,49,5;[54125.96, 1068, 0.8797393213394995, 1.1547653142086882, 284.42710920835486, 0.9210444531642717, 0.9858358168518017]
00236683,93078,390512,49,6;[54731.50000000001, 984, 0.879834558009322, 1.147475499846527, 542.6954198804708, 0.8734858286737891, 0.9901603588866582]
00236683,93078,390512,49,7;[49322.61, 874, 0.8835265764892972, 1.1000756810605234, 233.6336359394449, 0.8995735315166424, 0.9950766286481565]
00236683,93078,390512,50,4;[50450, 1040, 0.8784162888965641, 1.146206915669922, 202.0031608183698, 0.92748962082882, 0.9897882108278317]
00236683,93078,390512,50,5;[55676.53, 1044, 0.8750726478175135, 1.1394294531009443, 533.1589217149117, 0.9052388275863833, 0.9957858891135469]
00236683,93078,390512,50,6;[52554.57000000001, 994, 0.8801390033814295, 1.1564541614522326, 308.8361007008464, 0.9228982914316806, 0.9938082901554404]
00236683,93078,390512,50,7;[50921.46, 834, 0.8956110727614838, 1.1510473556750707, 696.3709769331037, 0.8818265213361519, 1.0010075642510188]
00236683,93098,390636,1213,4;[56467, 1184, 0.8852904133911917, 1.233907998978291, 429.33486125877033, 0.9459542835807855, 0.9478304657994125]
00236683,93098,390636,1213,5;[54052.18, 1054, 0.8782312078943617, 1.1774382681583697, 499.08294242446783, 0.9146874510944828, 0.990125340599455]
00236683,93098,390636,1213,6;[52939.54, 902, 0.8868023540985288, 1.1936916707036078, 666.3344565402167, 0.8922121904448836, 0.9990175801447777]
00236683,93098,390636,1213,7;[49158.9, 818, 0.8968602090227412, 1.2224894291344504, 726.3206879082402, 0.8966149411102033, 1.00040477005947]
00236683,93098,390636,1214,4;[52395, 1074, 0.8830476926383564, 1.1013977748177695, 277.00856568610664, 0.9288022433383062, 0.9967090245015979]
00236683,93098,390636,1214,5;[54338.97, 1064, 0.8753592465124572, 1.1658948570413648, 438.73622697411906, 0.8941746706114226, 0.9925983892529916]
00236683,93098,390636,1214,6;[53567.00000000001, 970, 0.8909173181607123, 1.153854978194333, 572.9119745518187, 0.8869485279349782, 0.9975253208153685]
00236683,93098,390636,1214,7;[50122.8, 902, 0.880710020895345, 1.12581092799517, 474.29731353812963, 0.88444926329212, 0.9958203510905084]
00236683,93099,390639,1320,4;[53510, 1074, 0.886949393764135, 1.103472708990238, 582.2486327101362, 0.8872176621195892, 0.9980788241657806]
00236683,93099,390639,1320,5;[54300.89, 1066, 0.8737359876815745, 1.157886001599414, 427.27118793432754, 0.8941188344947442, 0.9946486763375585]
00236683,93099,390639,1320,6;[51259.920000000006, 894, 0.8772615400370747, 1.1286796939509243, 240.38157947816705, 0.9216837692799165, 1.0028679407113565]
00236683,93099,390639,1320,7;[50229.9, 888, 0.894896588653257, 1.1079024181044324, 567.15055877201, 0.8651763810749842, 0.9962976450594805]
00236683,93099,390639,1322,4;[51235, 1148, 0.880596753207647, 1.2177697161480874, 333.3501286508133, 0.9257533333002379, 0.9916099751299148]
00236683,93099,390639,1322,5;[53547.619999999995, 1046, 0.8639364224395616, 1.1457026144553932, 404.8452220454673, 0.8801401523846557, 0.9947387036873286]
00236683,93099,390639,1322,6;[50679.04, 898, 0.8824513559502067, 1.171441696285514, 246.70458777863863, 0.8988593894373392, 0.9948900005378947]
00236683,93099,390639,1322,7;[50350.770000000004, 894, 0.889129546709839, 1.131800783928898, 588.4938364327204, 0.8637839685404683, 0.9970460363867722]
00236683,93103,390670,1523,4;[53540, 1098, 0.8814483786883229, 1.091326195463164, 583.2890612595404, 0.8925003108166547, 0.9898683626682443]
00236683,93103,390670,1523,6;[52760.07000000001, 898, 0.8886685237149125, 1.1384671222739895, 664.3475694644986, 0.8956374636031632, 0.9992734632450245]
00236683,93103,390670,1523,7;[49559.76, 898, 0.8849739090194637, 1.1465584554131907, 429.77388085238783, 0.878833915701265, 0.9926148377409371]
00236683,93103,390670,1524,5;[53287.009999999995, 1084, 0.8749514601505815, 1.1927939090981903, 352.29274302067216, 0.9197836155426133, 0.9902367289171946]
00236683,93103,390670,1525,6;[52808.020000000004, 926, 0.8834557602430098, 1.1105067825564525, 596.9331309564569, 0.8789418949217416, 0.9970512157268494]
00236683,93103,390670,1525,7;[47474.37, 832, 0.8960694763767397, 1.120854058037875, 233.84109214020037, 0.9269261131544956, 0.995795892169448]
00236683,93103,390670,1526,4;[49607, 1040, 0.888368387064635, 1.1423263534690966, 221.29537854494612, 0.9377289374706437, 0.9927455748006284]
00236683,93103,390670,1526,5;[54116.439999999995, 1010, 0.877561512468865, 1.1633428413765627, 566.2569391555063, 0.8698488988721917, 0.9940543848911427]
00236683,93129,390840,509,4;[50220, 1082, 0.8782155057915386, 1.13930170671189, 217.12438090721648, 0.9377749195334129, 0.9839052535681749]
00236683,93129,390840,509,6;[52253.170000000006, 952, 0.8794503133701228, 1.1775017028719883, 243.20270184900593, 0.9218680025519781, 0.9937080700840226]
00236683,93129,390840,510,5;[53252.5, 1086, 0.8718151001278966, 1.1867040761069838, 366.10935331541, 0.9304138369024261, 0.9919645331116653]
00236683,93129,390840,510,7;[48311.28, 876, 0.886752157504339, 1.1438911860882877, 258.06722990743253, 0.9406191713010823, 0.9960411967887954]
00236683,93139,390919,100,4;[50648, 1062, 0.8724162912063601, 1.0918755754154672, 213.35479637612792, 0.9236650681294645, 0.9819500184183485]
00236683,93139,390919,100,5;[53560.71, 1082, 0.8718223140379071, 1.2719149037767723, 394.1707716759126, 0.9223600826856005, 0.9920432003526559]
00236683,93139,390919,100,6;[52605.26, 896, 0.883918021004128, 1.1755189257199565, 650.8226219659143, 0.8972444130713766, 0.9979208898591403]
00236683,93139,390919,101,7;[50340.06, 902, 0.8807445170450002, 1.0675197317102934, 451.4993284754688, 0.8837738406193314, 0.9952358626113522]
00236683,93140,390930,162,4;[50537, 1078, 0.890617338460394, 1.159368768130827, 198.41330463279277, 0.9438535009988425, 0.9901546841172033]
00236683,93140,390930,162,5;[52330.25, 1018, 0.8837771286957714, 1.1302814673936055, 224.9227576164802, 0.9350619067758252, 0.9904056214950113]
00236683,93140,390930,162,6;[52717.600000000006, 980, 0.8723198945956582, 1.1916407124998802, 345.97069054315045, 0.8945825872136896, 0.9916759013478339]
00236683,93140,390930,162,7;[49183.38, 904, 0.8856045382741418, 1.2412293187071277, 327.5082865258509, 0.9286376268543715, 0.9930646730819728]
00236683,93140,390930,163,4;[60891, 1166, 0.8798437417506862, 1.1471152895215986, 440.92075090667265, 0.9438720072640782, 0.9669766001540404]
00236683,93140,390930,163,5;[51817.36, 952, 0.868296999859913, 1.1346919043867796, 202.7265238161475, 0.9181484449599598, 0.9992541851686115]
00236683,93140,390930,163,6;[53092.98, 914, 0.8765991027312365, 1.0885326783148097, 536.8700950042356, 0.8890194124901043, 0.9953128812296945]
00236683,93140,390930,163,7;[47942.55, 806, 0.8861400469798484, 1.09588982736007, 188.73954945092174, 0.9364442849941348, 1.0022068700825177]
00236683,93140,390930,164,4;[52782, 1174, 0.892569068449326, 1.3012097101274098, 336.0366267791391, 0.9346678774173823, 0.9901606745894028]
00236683,93140,390930,164,6;[52673.76, 934, 0.876283072972613, 1.1540990492081529, 251.72477329648885, 0.9042599078863474, 0.9870736685365133]
00236683,93140,390930,165,5;[53959.36, 1094, 0.8733255020501959, 1.246403178783136, 391.401288011376, 0.9244857121186066, 0.9912556838055264]
00236683,93140,390930,165,7;[50047.83, 892, 0.8884578349786199, 1.0925579881202565, 420.37057123942856, 0.8952924978704627, 0.9934098639455783]
00236683,93174,391097,943,4;[52929, 1108, 0.8828460986870269, 1.0983063107026998, 510.43772215516213, 0.8934977417358362, 0.9919041996964075]
00236683,93174,391097,943,5;[53889.149999999994, 1092, 0.8773231810321965, 1.278693284797037, 449.2352388033804, 0.9147373443316961, 0.9932227924726937]
00236683,93174,391097,943,6;[51677.770000000004, 990, 0.8829695698739835, 1.2062878213296189, 312.05483063552145, 0.9324343993301389, 0.9933506260945133]
00236683,93174,391097,943,7;[48109.32, 854, 0.8797653401569392, 1.085043124738904, 265.4928540501923, 0.9219678792647472, 0.9915645743657664]
00236683,93203,391206,348,4;[54256, 1088, 0.8853528477109496, 1.074540508695602, 543.0232175486182, 0.8943895225076689, 0.996940603610639]
00236683,93203,391206,348,5;[55439.719999999994, 986, 0.8787954545685046, 1.0904494841415546, 435.6866649196918, 0.8895019258773622, 0.9990135952309473]
00236683,93203,391206,348,6;[53029.96000000001, 1004, 0.8752041450925833, 1.1549806897710804, 523.3755346154549, 0.9085616810026557, 0.9948724538970636]
00236683,93203,391206,348,7;[50116.68, 902, 0.8882899385754764, 1.1653995297789257, 503.6928382302954, 0.8873180628328166, 0.9956382315840666]
00236683,93203,391206,350,4;[51891, 1126, 0.8847759100080066, 1.1284918754883855, 239.26920912499105, 0.9310482161206578, 0.9874031929670999]
00236683,93203,391206,350,5;[53427.43, 1068, 0.8761904327473313, 1.2752535444268787, 415.81628433893343, 0.9106632034558059, 0.9898473240368186]
00236683,93203,391206,350,6;[53723.18000000001, 968, 0.8851972905436899, 1.1926498731572275, 540.618621432369, 0.8791854576013558, 0.9861931946784699]
00236683,93203,391206,350,7;[49749.48, 890, 0.8839521547037728, 1.1228375248515745, 296.5379727362551, 0.8912789826519816, 0.9939323541548855]
00236683,93203,391206,351,4;[53017, 1106, 0.8911445126943249, 1.23133518941443, 296.4491511493588, 0.9301325926923519, 0.9924095652580841]
00236683,93203,391206,351,5;[54875.659999999996, 1080, 0.8769006163309137, 1.179881152654122, 482.2721789455403, 0.9130123344963348, 0.9918375686923978]
00236683,93203,391206,351,6;[53831.41, 950, 0.8780273349075945, 1.125443336214476, 599.320406964407, 0.8756456183821748, 0.9946461795491652]
00236683,93203,391206,352,7;[47965.5, 828, 0.8819754633892878, 1.1073849397262625, 202.21514009657832, 0.9045959445803953, 0.995838759886916]
00236683,93220,391265,336,4;[53215, 1098, 0.8763063496047365, 1.1391994134856436, 349.144132807547, 0.9268970654083277, 0.9936328329225483]
00236683,93220,391265,336,5;[52300.5, 1040, 0.8883793453226698, 1.1588999681159402, 278.8441680444886, 0.9295274100544008, 0.9908579544814059]
00236683,93220,391265,336,6;[51311.98, 956, 0.8872275809985876, 1.1977528449938752, 226.56803874338215, 0.9286752514515635, 0.9864103239399526]
00236683,93220,391265,336,7;[49184.91, 880, 0.8823606478630748, 1.1066869112422093, 246.01899892276666, 0.9065194010286566, 0.9970380708691944]
00236683,93220,391265,337,4;[51284, 1112, 0.8792958679535733, 1.135395028513278, 208.51180884773677, 0.9312518226116953, 0.9783195505575109]
00236683,93220,391265,337,5;[51751.909999999996, 1018, 0.8795412029027372, 1.2159118679407275, 236.16293279109476, 0.9295342545904172, 0.9933871649325582]
00236683,93220,391265,337,6;[53231.350000000006, 912, 0.8896849003351999, 1.1858284079749826, 614.1763646798645, 0.8767342939139359, 0.9984581780804317]
00236683,93220,391265,337,7;[48049.65, 844, 0.8889535155850133, 1.0918587906435444, 209.1498399003557, 0.9311254380891433, 1.0008764241893076]
00236683,93222,391274,426,4;[57338, 1170, 0.886854668230566, 1.1854768770449802, 450.37473106748973, 0.9411922447477721, 0.9481508429312012]
00236683,93222,391274,426,5;[51654.329999999994, 968, 0.8822020112693015, 1.1571810862662657, 208.92261698253648, 0.9437407397240375, 0.9975410212805075]
00236683,93222,391274,426,6;[53103.94, 1016, 0.8748037616346733, 1.1684908908828457, 450.9741968531228, 0.9188361563374632, 0.9931462099181388]
00236683,93222,391274,426,7;[48758.04, 888, 0.8859395500693478, 1.2070252924367457, 319.6890925046437, 0.9233336288527946, 0.9914444824689668]
00236683,93222,391274,428,4;[58149, 1174, 0.8848685865961714, 1.2053997740224873, 420.89703266550043, 0.9410564679058678, 0.9572245771430923]
00236683,93222,391274,428,5;[52686.06, 1010, 0.8883825211121258, 1.203523552557576, 252.61544863457726, 0.9319205768143303, 0.9965449327556131]
00236683,93222,391274,428,6;[51548.990000000005, 936, 0.8764851434119169, 1.1642280535472393, 227.7871519363942, 0.919940861886701, 0.991279835607777]
00236683,93222,391274,428,7;[50306.4, 828, 0.8845258922856971, 1.0654625847062194, 433.07337225036747, 0.8832715233592696, 1.0014162364658048]
00236683,93260,391459,217,4;[53665, 1108, 0.8830165008314165, 1.1568747573753988, 560.9006706415589, 0.9049777943778147, 0.9922803124855545]
00236683,93260,391459,217,5;[51668.61, 1004, 0.8843871647426503, 1.2014108854212842, 232.24784617026646, 0.9403222821256002, 0.9937744615595889]
00236683,93260,391459,217,6;[50876.32000000001, 934, 0.8853029941465531, 1.1258004582934167, 227.35034790445613, 0.9344684887768305, 0.9943103471357618]
00236683,93260,391459,217,7;[50001.93, 856, 0.8983182431979138, 1.146780627596113, 658.4222844330483, 0.890841991832416, 0.9972688851253414]
00236683,93260,391459,218,4;[53342, 1128, 0.8819792317494807, 1.102433082344417, 478.9532602383751, 0.8868150826591494, 0.9829546501557116]
00236683,93260,391459,218,5;[53589.27, 1062, 0.8631423234894012, 1.1858923395628806, 387.827696471499, 0.8814800273743318, 0.9933165696135522]
00236683,93260,391459,218,6;[53253.270000000004, 906, 0.8834904157608308, 1.0996469823892665, 609.3968971852356, 0.8791265089134787, 1.001636281646589]
00236683,93260,391459,218,7;[47910.42, 854, 0.8853658361856086, 1.1426721731563114, 264.8643470650496, 0.9210327595876833, 0.9945214615787719]
00236683,93314,391804,1,4;[52647, 1060, 0.8948910356227433, 1.1324701972275442, 554.3223901414366, 0.8984986258899959, 0.9994969007185777]
00236683,93314,391804,1,5;[51775.71, 1044, 0.8764316272593112, 1.2391106086898693, 296.50920326848143, 0.9324303506693311, 0.9932654552095699]
00236683,93314,391804,1,6;[51740.79, 978, 0.8757387411673722, 1.1638873992941536, 570.2390600899009, 0.9173671892795292, 0.9911037631868997]
00236683,93314,391804,1,7;[48164.4, 840, 0.8895853416071748, 1.1947312662262433, 768.4728542441595, 0.8954328647149865, 0.9965178854067743]
00236683,93314,391804,2,4;[51977, 1184, 0.8866878884399527, 1.2572918075100872, 409.7512100340109, 0.9266140798727707, 0.9903116098732031]
00236683,93314,391804,2,6;[51187.310000000005, 904, 0.8757376093351815, 1.108246409180102, 281.47941665348213, 0.9007051103275707, 0.9996789297658862]
00236683,93314,391804,2,7;[48895.74, 918, 0.8806668559652951, 1.134164452544483, 495.0704192484552, 0.9198112615202162, 0.9985626796650419]
00236683,93314,391804,3,5;[53256.07, 1040, 0.876357870939685, 1.204689762393494, 540.2553489116442, 0.8998972922869244, 0.99148158404874]
00236683,93331,391886,297,4;[51876, 1178, 0.8844671025734807, 1.3046130879712536, 426.76966347584744, 0.9403120147329657, 0.9911348872755064]
00236683,93331,391886,297,5;[52404.03, 1020, 0.869901393624247, 1.1218932353030335, 426.13995333547257, 0.8825101242879042, 0.9975987132727726]
00236683,93331,391886,297,6;[51433.91, 956, 0.8834011774981179, 1.1505403638827827, 320.0936060864985, 0.9075473787259105, 0.99317478373588]
00236683,93331,391886,297,7;[48834.54, 916, 0.8759147574521244, 1.1330110090332117, 544.0025446573025, 0.920845549706956, 0.9945935839708334]
00236683,93341,391961,155,4;[52219, 1130, 0.8830840029174529, 1.0944282669068668, 305.9317127110463, 0.9104757759499544, 0.9901964502427184]
00236683,93341,391961,155,5;[53058.53, 986, 0.8776422228310168, 1.1126786903844337, 572.5503558877115, 0.8887730118947625, 0.9951122617506584]
00236683,93341,391961,155,6;[52317.560000000005, 944, 0.8880754911048747, 1.1325530189364938, 571.7169604046203, 0.8862491572080464, 0.9941296679552761]
00236683,93341,391961,155,7;[47579.94, 856, 0.8877516593283715, 1.1352454188535255, 247.54762138590198, 0.925214105531204, 0.9946903787103377]
