00363650,93026,390259,163,1;[8681, 478, 0.8578992844464383, 0.8029031595415096, 343.33509056361373, 0.958978013400255, 0.9654137010676157]
00363650,93026,390259,163,2;[28280.35, 682, 0.832343832745795, 0.7669436437454044, 596.2790477266119, 0.7950966650317078, 1.0075892478588993]
00363650,93026,390259,163,3;[23050.25, 562, 0.8092640154682155, 0.7931649041784539, 393.63160044623794, 0.8581454362594563, 1.0046275563516942]
00363650,93026,390259,165,1;[27862, 736, 0.8588865643804084, 0.7733027848284688, 459.13020668243433, 0.8976331209217085, 0.9961209131048784]
00363650,93026,390259,165,2;[28322.0, 680, 0.8396327150919468, 0.771159832771667, 579.727280971058, 0.8279533692597949, 1.0065552971029816]
00363650,93026,390259,165,3;[26842.410000000003, 610, 0.8123991420282197, 0.7867149829742611, 381.1198458335072, 0.8252805461525813, 1.005697566984909]
00363650,93063,390409,803,2;[24114.16, 626, 0.8577681123972115, 0.8423988775958098, 364.1850936075756, 0.9128732032007, 1.0052833932779361]
00363650,93063,390409,803,3;[12054.630000000001, 480, 0.8286882890833179, 0.7800546773241436, 606.3998847546737, 0.9176470373486866, 1.0044520547945206]
00363650,93063,390409,804,1;[21391, 640, 0.8640530372171731, 0.7758635217692325, 473.9432948530249, 0.9257854720071534, 9999]
00363650,93063,390412,805,1;[23560, 668, 0.8618878939534984, 0.7792107149700849, 419.54131954217013, 0.917539615488869, 0.9974175521781465]
00363650,93063,390412,805,2;[25468.379999999997, 642, 0.8213205202335021, 0.7494160905665738, 926.4991522427263, 0.7858957912278027, 1.0070107749494188]
00363650,93063,390412,806,3;[6455.4400000000005, 390, 0.8072751122049212, 0.7719243532455888, 536.7415414945888, 0.8325233314404842, 0.9877371344722775]
00363650,93064,390414,872,1;[22483, 650, 0.8642267851668257, 0.7880132169637442, 454.67548528870043, 0.9236997473175056, 0.9996220794522375]
00363650,93064,390414,872,2;[19801.6, 566, 0.8311376207644288, 0.7553061021514017, 877.9041460001234, 0.8419877076064407, 1.006167613979925]
00363650,93064,390414,872,3;[27261.63, 614, 0.8099089751598537, 0.7936412260478839, 363.35201018180976, 0.8060588848564657, 1.0068306010928962]
00363650,93064,390414,873,1;[21019, 630, 0.8600128070184787, 0.7820883822571009, 475.1623835364078, 0.9232011180650832, 0.999619536786037]
00363650,93064,390414,873,2;[9639.0, 450, 0.8222072991706398, 0.712584991946441, 908.3952952374572, 0.8965940198350071, 1.0137037732307115]
00363650,93064,390414,873,3;[26608.140000000003, 602, 0.8067025411530585, 0.785466281892105, 349.1428161622987, 0.8385905021040074, 1.0061127227517612]
00363650,93064,390414,874,1;[7758, 476, 0.8658005915829254, 0.8220265014921043, 284.4110744312134, 0.9171738675709296, 0.9261624783620844]
00363650,93064,390414,874,2;[25914.629999999997, 646, 0.8218880359938445, 0.7601819458477258, 895.5086453484953, 0.7810449708321495, 1.006191378274731]
00363650,93064,390414,874,3;[21202.120000000003, 540, 0.8140446897445544, 0.8007724226885546, 395.5181076216191, 0.8571179645015062, 1.0041200324412003]
00363650,93078,390515,1,1;[9822, 474, 0.8867170905155443, 0.7731908587879706, 455.5977055333515, 0.9589059252106874, 1.0085224355683335]
00363650,93078,390515,1,3;[28111.030000000002, 628, 0.8128482853319715, 0.7968709816421344, 334.6968608257646, 0.8371034357188555, 1.0050696774509564]
00363650,93078,390515,2,2;[12542.599999999999, 486, 0.848871364363325, 0.803172301075994, 794.5499204396142, 0.863211203750838, 1.0001897893338394]
00363650,93091,390588,629,1;[8254, 482, 0.8561264459223848, 0.8033965496603586, 334.7521690796909, 0.9046028162864524, 0.9472113839798026]
00363650,93091,390588,629,2;[22401.75, 608, 0.8477238704984588, 0.8380932157059444, 433.22248590145284, 0.8822174339819943, 1.0028767780086303]
00363650,93091,390588,629,3;[28242.550000000003, 630, 0.810892717299942, 0.7917582992282429, 357.4024032191407, 0.8015791437138744, 1.0035781223377065]
00363650,93091,390588,630,1;[24933, 692, 0.8580237005242735, 0.775085218362262, 432.55399649923396, 0.9131548289813902, 0.9977390504011685]
00363650,93091,390588,630,2;[25131.61, 640, 0.8195241098710512, 0.7429672384877198, 978.1529410250852, 0.7966757133762687, 1.0024683153747567]
00363650,93091,390588,630,3;[17407.22, 516, 0.8141967232816847, 0.7817155279916577, 782.5365865186661, 0.9066991786440279, 1.004307789590167]
00363650,93093,390602,871,1;[25180, 690, 0.8676571430984661, 0.7694267490566267, 397.85832994364597, 0.9152738667040622, 0.9985327358527977]
00363650,93093,390602,871,2;[14859.529999999999, 542, 0.7429877389895944, 0.4701657040696363, 1323.817601960847, 0.9077924141596541, 0.9962104591327935]
00363650,93093,390602,871,3;[28557.65, 636, 0.8183478885327553, 0.8015007769434838, 295.48817847229833, 0.8182896286919863, 1.0048930990430738]
00363650,93093,390602,872,1;[23249, 666, 0.8671961267067816, 0.8207325773082305, 400.3355387372304, 0.9294038891139633, 0.9993767059986675]
00363650,93093,390602,872,2;[25035.219999999998, 640, 0.8254294702081607, 0.7541194476791991, 883.8355915852674, 0.8106729427714617, 1.0041046200840016]
00363650,93093,390602,872,3;[27493.160000000003, 622, 0.8159862764360034, 0.789355252609508, 330.311787255662, 0.8466565365962185, 1.0036760109029983]
00363650,93094,390609,794,1;[10284, 572, 0.7567945326448295, 0.6220856443335827, 531.3436715849346, 0.9658980889901387, 0.9851518344669029]
00363650,93094,390609,794,2;[24571.12, 632, 0.8226351027694886, 0.7535724704795628, 883.8588065188522, 0.8079841370867906, 1.0030848453933785]
00363650,93094,390609,794,3;[27679.480000000003, 624, 0.8142198611721698, 0.7944616185236915, 336.5156519065492, 0.8203298566278756, 1.0039005242105785]
00363650,93094,390609,795,1;[13078, 524, 0.886911078157745, 0.809041128095132, 335.83308645582565, 0.9611754738674796, 1.0004589963280295]
00363650,93094,390609,795,3;[15986.53, 498, 0.8266018728366062, 0.7958507884901269, 797.6926014298365, 0.9180887361542118, 1.0070768965219643]
00363650,93094,390609,796,2;[14860.72, 514, 0.8343170787733695, 0.7650361909309562, 836.1936468675215, 0.8521052550712563, 1.0041410364652434]
00363650,93100,390652,1327,1;[22191, 652, 0.8621298673260874, 0.7531765540044615, 485.7569447022946, 0.9138846170902875, 9999]
00363650,93100,390652,1327,2;[13530.3, 530, 0.7256726495074303, 0.48402847377868863, 993.3178945632941, 0.9288893743005103, 0.9974121672003158]
00363650,93100,390652,1327,3;[27294.510000000002, 618, 0.8139779891693767, 0.7971456812898778, 381.5717774194723, 0.8040565641929853, 1.0047151970548929]
00363650,93102,390664,1501,1;[23285, 662, 0.8656923725963803, 0.7975788892684851, 480.26540094729955, 0.9116969649551685, 1.0007736278849872]
00363650,93102,390664,1501,2;[12064.22, 536, 0.7003881536501032, 0.5062849082156405, 912.1802408827496, 0.9318845167964067, 0.996951519323434]
00363650,93102,390664,1501,3;[27428.77, 618, 0.8128446442669588, 0.794150765746682, 407.9299798336879, 0.8102276500906166, 1.0050955094254375]
00363650,93103,390672,1565,1;[26367, 712, 0.8683786621258777, 0.807154371736736, 344.9972625576096, 0.9255694043029364, 9999]
00363650,93103,390672,1565,2;[25462.43, 646, 0.8203027148068984, 0.7551960984447011, 1001.2456416967754, 0.7925781647542762, 1.0041061498392736]
00363650,93103,390672,1565,3;[27573.99, 622, 0.8099820912900714, 0.7901137439038743, 411.3566132885883, 0.7962404637477932, 1.0020412227422084]
00363650,93103,390672,1567,1;[14958, 548, 0.8835743774197016, 0.7970999214033855, 410.88249492938456, 0.9490610361225321, 0.9980649896577033]
00363650,93103,390672,1567,2;[23026.5, 616, 0.8261998938041131, 0.7262656978707195, 988.1549905768921, 0.816630459234521, 1.0012159470157556]
00363650,93103,390672,1567,3;[27738.390000000003, 622, 0.8168266718137145, 0.793445118346787, 349.1945165631859, 0.8371414174032192, 1.0048388297476365]
00363650,93103,390672,1568,1;[20949, 630, 0.8695982178121241, 0.7843226143689882, 439.5125380189187, 0.9309564590258987, 0.9974764308161127]
00363650,93103,390672,1568,2;[28313.67, 688, 0.8335269846782042, 0.7358145210625773, 688.8065498009017, 0.8575612371781287, 1.0042206558899254]
00363650,93103,390672,1568,3;[26528.68, 608, 0.8142871275261002, 0.7907736741971767, 391.3342500731485, 0.8409141650984856, 1.0039142494232314]
00363650,93103,390672,1569,1;[13419, 578, 0.9814737977456877, 0.9740092965168226, 309.32862115916015, 0.9831428632945033, 9999]
00363650,93103,390672,1569,2;[21277.2, 590, 0.8272427823823701, 0.7579991398995054, 950.7991333657646, 0.8259378127158865, 1.0045790375593449]
00363650,93103,390672,1569,3;[26598.550000000003, 608, 0.8093236413713664, 0.7918978230838111, 408.2773679576942, 0.8264683707419826, 1.005255391306599]
00363650,93104,390679,1015,1;[23094, 664, 0.863247200135601, 0.7436519894186278, 498.7137453902936, 0.9101693982845309, 9999]
00363650,93104,390679,1015,2;[21860.3, 598, 0.8259380968427261, 0.7641191550640241, 903.3887788286336, 0.8171711271551323, 1.0039622899303184]
00363650,93104,390679,1016,3;[27743.870000000003, 624, 0.813217863460759, 0.7930249456033466, 375.34533319628304, 0.8232796173631021, 1.002301467494865]
00363650,93119,390778,237,1;[24784, 688, 0.851278056474206, 0.7945653646132115, 472.11010774611776, 0.9112210465233219, 1.0016975183897825]
00363650,93119,390778,237,2;[9929.359999999999, 452, 0.8268255873554787, 0.7112037516093439, 911.0229776947024, 0.9047571264680759, 1.0115165474602983]
00363650,93119,390778,238,3;[9609.18, 418, 0.8152478654255255, 0.7965266179738952, 630.9983767536808, 0.9117431859396532, 1.0116832540025962]
00363650,93119,390778,240,1;[26757, 716, 0.8690556694507681, 0.8118866325493584, 337.34384810043514, 0.9351591210900548, 1.005108748732204]
00363650,93119,390778,240,2;[24077.27, 630, 0.8145301180269039, 0.7248776402541972, 1175.1449714842502, 0.8005277898897025, 1.0029742725425073]
00363650,93119,390778,240,3;[16372.87, 510, 0.8137274847903304, 0.7752505702067777, 782.6503829149323, 0.9127115599372336, 1.0010470327093017]
00363650,93135,390886,897,1;[9481, 484, 0.862318401028642, 0.805391909854244, 377.8918441730179, 0.9609246822633014, 1.008241612165683]
00363650,93135,390886,897,2;[28104.23, 686, 0.8310461409712043, 0.7673574406357434, 807.7399038929178, 0.8221485863045128, 1.000550754109473]
00363650,93135,390886,897,3;[20682.890000000003, 540, 0.8152142483152796, 0.8022145907707403, 384.6761956750274, 0.8732103127739461, 1.0029563195482478]
00363650,93135,390886,899,1;[27857, 730, 0.8801369146044249, 0.8139743216771148, 304.7330333961385, 0.923199655283143, 1.0038377686888524]
00363650,93135,390886,899,2;[14832.16, 510, 0.8406507849362728, 0.8292225614964642, 630.9898262569676, 0.8936115279630172, 1.0041894940380278]
00363650,93135,390886,899,3;[27560.29, 622, 0.8077063707986935, 0.7946821238670029, 378.9463936383787, 0.819799630677, 1.0008706684245876]
00363650,93135,390887,896,1;[23073, 662, 0.8785465209376256, 0.7866868384615364, 376.8571383587059, 0.9351208038614011, 9999]
00363650,93135,390887,896,2;[28445.76, 688, 0.8364290134628255, 0.7818386633033158, 582.2494337828331, 0.823723815216505, 1.0050454086781029]
00363650,93135,390887,896,3;[25336.780000000002, 598, 0.8128197893056843, 0.7941743890009403, 352.85428206228886, 0.8642077371977099, 1.0028196507970937]
00363650,93147,390948,264,1;[24858, 684, 0.8592909485446948, 0.7669784687823754, 397.9407061872449, 0.9205873783840498, 1.0018337531486146]
00363650,93147,390948,264,2;[22299.41, 604, 0.8278925344825376, 0.7607776226403146, 842.7988508374981, 0.8163846760073094, 1.003776414816402]
00363650,93147,390948,264,3;[13824.670000000002, 460, 0.8302824144970087, 0.8110309239930087, 368.9896889111991, 0.8736238911609799, 1.0044793947839936]
00363650,93171,391076,356,1;[27555, 730, 0.8647640110761393, 0.7467373099320299, 445.8327729773172, 0.8889207122295951, 0.9959878551290392]
00363650,93171,391076,356,2;[26840.449999999997, 666, 0.8547273844721075, 0.8388594128812135, 332.7872274152814, 0.8910600861622202, 1.0028009959096567]
00363650,93171,391076,356,3;[9354.36, 418, 0.8202930217343469, 0.7914876885694214, 444.14340168175454, 0.9244778407628489, 1.0093126385809312]
00363650,93171,391077,354,2;[28084.0, 680, 0.83540210431255, 0.7646441051209623, 778.3027589791437, 0.8189640066726868, 1.0028044531316394]
00363650,93171,391077,354,3;[10001.0, 426, 0.8276797682604584, 0.7865983025253601, 215.48045297052997, 0.8953063405407907, 0.9955676781452438]
00363650,93171,391077,355,1;[9073, 480, 0.8705154164031853, 0.7295812460471585, 326.04598450840695, 0.9182929545441478, 9999]
00363650,93172,391084,426,1;[9769, 472, 0.8744085546266256, 0.7802080746627358, 463.40805704051945, 0.9549724467555876, 1.0086211346858707]
00363650,93172,391084,426,2;[24378.34, 630, 0.8250933266945328, 0.764815798692947, 788.8005425516095, 0.8014095232298598, 1.002348566395929]
00363650,93172,391084,426,3;[28894.670000000002, 640, 0.8192531834538099, 0.7976179762092851, 268.6225197064479, 0.7287296984841982, 1.0068985272002482]
00363650,93172,391084,427,1;[21109, 634, 0.8674380185907921, 0.7995206356723109, 389.65214990970696, 0.9260101964619122, 9999]
00363650,93172,391084,427,2;[13282.779999999999, 490, 0.8332564212277447, 0.785950344866378, 897.5552564292279, 0.8644755235309122, 1.0018399676883722]
00363650,93172,391084,427,3;[23913.350000000002, 576, 0.8136701414258326, 0.7989486582807136, 332.0882846234955, 0.8830434669135708, 1.0054433916073846]
00363650,93172,391084,428,1;[10944, 490, 0.9061616135431109, 0.7649891159330121, 387.6406037595118, 0.95996209822436, 1.0027947038072114]
00363650,93172,391084,428,2;[13527.92, 494, 0.8465899321754263, 0.8322671772977613, 595.2958411211748, 0.8999042113184655, 1.0060176991150442]
00363650,93172,391084,428,3;[28730.27, 636, 0.8215930893890878, 0.8060244653589268, 267.7800889291789, 0.8393466386962157, 1.002941246801693]
00363650,93203,391204,413,1;[22561, 658, 0.8626585368978219, 0.8118265771324739, 425.2424332569078, 0.9272382260058778, 0.9979210898796886]
00363650,93203,391204,413,2;[23779.77, 624, 0.8258713133068769, 0.7697098458463714, 928.4031590925576, 0.8090212659565681, 1.0033641293432416]
00363650,93203,391204,414,3;[17779.86, 508, 0.837806882040435, 0.784751048183468, 401.74929234752676, 0.8636372871149208, 0.9988839715220319]
00363650,93260,391459,165,1;[22917, 658, 0.8584710529739621, 0.8018094661787935, 470.7269149339705, 0.9185761313656808, 0.9968463863937884]
00363650,93260,391459,165,2;[23535.82, 618, 0.8169835448375029, 0.7391714752857111, 994.2798230450328, 0.8043118120751596, 1.0019504040122598]
00363650,93260,391459,165,3;[27949.370000000003, 626, 0.8129163566993911, 0.7892305182062839, 379.80540539082085, 0.8232659948299952, 1.0053715750049281]
00363650,93260,391459,167,2;[26165.719999999998, 652, 0.8201060169360349, 0.7561380107451513, 909.1033463039737, 0.778470858833392, 1.0035142166035325]
00363650,93260,391459,167,3;[20174.620000000003, 534, 0.8170903399593684, 0.8021191425435007, 388.5839563120399, 0.8611661858145917, 1.0041595635867713]
00363650,93260,391459,168,1;[13457, 566, 0.9814084523382285, 1.0107992688474405, 349.8789930726325, 0.9803256384083632, 0.9990348923533778]
00363650,93272,391518,677,1;[27437, 726, 0.8563285073300577, 0.7670703808855396, 448.4409452378562, 0.8863329751938909, 0.9964770828793492]
00363650,93272,391518,677,2;[26977.3, 666, 0.8202662533465834, 0.7345887526654649, 1067.2218517122942, 0.7826320907011751, 1.0050095314093186]
00363650,93272,391518,677,3;[10013.33, 414, 0.8337183952814511, 0.8054247942091813, 479.25562211704926, 0.8732190339580236, 1.0116963111634023]
00363650,93272,391518,678,1;[13547, 530, 0.8964951745900555, 0.7812504740806258, 367.888619961813, 0.9548041008545164, 0.9997417069480831]
00363650,93272,391518,678,2;[16581.46, 532, 0.8308869462895643, 0.7500418321537087, 847.1855027751652, 0.8517164678638635, 1.006210283073368]
00363650,93272,391518,678,3;[28816.58, 640, 0.8154916797241285, 0.7878794110767057, 321.5605625746833, 0.797661626072202, 1.0044650318760298]
00363650,93377,392046,3,1;[23437, 672, 0.8647768623633155, 0.7819754309914592, 508.58714466675787, 0.9140999309028938, 1.0012602798248424]
00363650,93377,392046,3,3;[10091.42, 432, 0.8279245969292586, 0.778082027362751, 378.37987281925064, 0.9351505141945965, 0.9657794676806084]
00363650,93377,392046,4,2;[9247.49, 438, 0.8518612904018271, 0.8059884553264768, 837.4210731051566, 0.8831899739482002, 1.0060198071072561]
00363650,93377,392048,2,1;[25032, 694, 0.8632618323026238, 0.7739387767743666, 426.48332231333677, 0.9142461654388675, 1.0027038394520218]
00363650,93377,392048,2,2;[22411.27, 606, 0.8488346261798112, 0.8407433453385537, 382.7782144211966, 0.9001737294314623, 0.9990716426619983]
00363650,93377,392048,2,3;[16227.650000000001, 504, 0.8163767471060566, 0.7791158884900262, 833.097350053973, 0.9106898963091729, 0.9920850956907743]
00363650,93378,392056,84,1;[12310, 520, 0.8988067712791865, 0.7730835391689308, 403.9469462901246, 0.9559617081624735, 9999]
00363650,93378,392056,84,2;[26043.149999999998, 652, 0.8539941441612963, 0.8296329655765565, 365.2917159957055, 0.8920326271362312, 1.0048440046833031]
00363650,93378,392056,85,3;[27804.15, 632, 0.8167576367214773, 0.7952684133514236, 340.4400300201553, 0.8411839465716806, 0.997861199203481]
00363650,93378,392056,86,1;[24530, 688, 0.8629141338807893, 0.7924567788505669, 391.14830170691505, 0.9290746366854877, 1.0013879817112998]
00363650,93378,392056,86,2;[9236.779999999999, 436, 0.8463366427251793, 0.7670409818804393, 888.1995202042724, 0.8821122480710281, 1.001613007290793]
00363650,93378,392056,86,3;[11632.67, 454, 0.825597123847838, 0.7907204322213026, 475.65246765328595, 0.9047037160521885, 1.0066986780484912]
00363650,93378,392056,87,1;[28246, 738, 0.8745904058495079, 0.7849021405561498, 333.0538327698113, 0.9125343742693305, 1.006198347107438]
00363650,93378,392056,87,2;[25325.579999999998, 644, 0.863773562530137, 0.8506104938923165, 311.80168121624416, 0.9089187315032998, 1.0055279943302622]
00363650,93378,392056,87,3;[28726.160000000003, 640, 0.8260231371400623, 0.7997489687318603, 285.6568460710617, 0.8200703838114685, 1.0012654298880215]
00023698,93080,390528,134,1;[36900, 898, 0.9978155479327312, 1.0259673944738459, 89.73238912855744, 0.9929930238391793, 0.9837638966648005]
00023698,93080,390528,134,2;[39364.009999999995, 820, 1.0504391901326098, 1.022399976459444, 131.86334323534342, 0.9822628171354302, 1.0140555785472325]
00023698,93080,390528,134,3;[55474.04, 910, 1.2348669144335471, 0.954528904486548, 84.48481776732575, 0.9923977465338607, 26994.666666666668]
00023698,93244,391403,53,2;[43991.92, 860, 1.0139415938895173, 1.0212939734954087, 88.72411398565121, 0.9915332214735743, 9999]
00023698,93244,391403,54,1;[45368, 944, 1.0138822074695624, 0.9740646097252217, 57.91967425793741, 0.993886083647604, 1.000099198694986]
00023698,93244,391403,55,3;[38692.91, 766, 1.0128055678324268, 1.0020142613457823, 123.04365198080062, 0.9864740144323954, 0.9985680697226298]
00023892,93026,390259,210,1;[115384, 1676, 0.9705763288702812, 0.9705763288702812, 27.44450635858385, 0.9967809945790217, 0.9971869206936336]
00023892,93026,390259,211,2;[117053.15999999999, 1570, 1.0149650236071255, 0.9746772383627069, 32.01824097753799, 0.9959190027831599, 0.996711876257112]
00023892,93026,390259,211,3;[116700.71, 1438, 1.0186254340279237, 0.9437976061425024, 56.93241554978748, 0.9908537816795847, 9999]
00023892,93026,390259,212,1;[115337, 1664, 0.9804131521278897, 0.9889032468085639, 29.32303153461915, 0.9964262448288627, 0.9924920079683675]
00023892,93026,390259,212,2;[117691.0, 1554, 1.014747909288223, 0.9808503008994244, 33.38817836122004, 0.9959185983378324, 9999]
00023892,93026,390259,212,3;[114356.64000000001, 1394, 1.0039062202291396, 0.9507977939312924, 37.10296143051946, 0.9936297065684685, 9999]
00023892,93026,390259,214,1;[120043, 1634, 1.0032661182443197, 0.9887838124952426, 22.927187669422857, 0.9969424029558446, 0.9982495311986761]
00023892,93026,390259,215,3;[114305.95000000001, 1398, 1.010278510246198, 0.9543713578041263, 39.13504025500448, 0.9933049493998183, 9999]
00023892,93026,390259,216,2;[116758.04, 1568, 1.0123332269148082, 0.98091887278259, 29.98789604125521, 0.996023856518871, 0.9963240520725442]
00023892,93049,390350,751,2;[112488.31999999999, 1480, 0.9848740726439702, 0.9929826624223882, 26.49613653842162, 0.9961483784872827, 9999]
00023892,93049,390350,752,3;[118309.09000000001, 1532, 1.0130833231157215, 0.9721992345752148, 59.29260583943325, 0.9911236827270111, 9999]
00023892,93049,390350,753,1;[115862, 1658, 0.9829469492684024, 0.9978529551266063, 24.60371064380052, 0.9960469422803894, 0.9909383646292598]
00023892,93049,390350,756,2;[116076.17, 1538, 1.0085478725212538, 0.9927081192712227, 43.37188848757056, 0.9943862237694245, 9999]
00023892,93049,390350,756,3;[117833.70000000001, 1382, 1.047327962051423, 0.9430491915437306, 103.28006889242694, 0.9876476852572468, 0.9989779088945155]
00023892,93049,390350,757,1;[119330, 1636, 1.0075125795868425, 0.9942916148693116, 29.0029681718026, 0.9953227996444487, 9999]
00023892,93049,390350,758,3;[117121.3, 1400, 1.030931342867741, 0.9719735434960686, 74.73251000866165, 0.9910807744684849, 9999]
00023892,93049,390350,760,1;[119412, 1684, 1.0004737661313214, 0.9880028410604836, 28.934950571560975, 0.9954903479060804, 0.999870214146658]
00023892,93049,390350,760,2;[117228.09, 1564, 1.0405712513178689, 0.9825036010815462, 94.58212834702178, 0.9879751501300211, 0.9954779023530066]
00023892,93049,390350,761,1;[115473, 1576, 0.991677529821298, 0.9926776955103828, 36.86362273631874, 0.9942467519164607, 1.0014917476864902]
00023892,93049,390350,763,2;[118247.92, 1546, 1.0345050869305332, 0.994516715150005, 59.95186314319832, 0.9908730469999921, 9999]
00023892,93049,390350,763,3;[118310.46, 1494, 1.0361395917367435, 0.9712337522244107, 108.28824339469637, 0.9843328979744623, 0.9939059128182995]
00023892,93049,390350,766,1;[116227, 1652, 0.9751026370807013, 0.9892795240401203, 27.456611617824382, 0.9965442441576506, 0.9924685549359998]
00023892,93049,390350,767,3;[117711.77, 1466, 1.0214023858039325, 0.9691685127209577, 43.76655418360943, 0.9929606828812833, 10740.125]
00023892,93049,390350,769,2;[117706.47, 1490, 1.0202549609913965, 0.9997484379105231, 29.963769686372082, 0.995278891855519, 9999]
00023892,93049,390350,770,1;[117114, 1588, 1.0024585818836231, 0.9928265580916606, 32.869004539460455, 0.9955113006843905, 9999]
00023892,93049,390350,770,3;[118395.40000000001, 1410, 1.0424963099943128, 0.9275135170288007, 78.28360049762023, 0.9922517167138535, 9999]
00023892,93049,390350,773,2;[114238.81, 1522, 1.0044227657496143, 0.986742260703326, 36.17136856988099, 0.9948063335800724, 9999]
00023892,93099,390646,1221,2;[114072.20999999999, 1486, 1.0090858747803573, 0.9867088647928606, 38.53013999163804, 0.9934468550222741, 9999]
00023892,93099,390646,1222,1;[115757, 1704, 0.9986716907804245, 0.9931340390066832, 35.39650912607604, 0.9961712619634862, 0.989105543782897]
00023892,93099,390646,1222,3;[117585.73000000001, 1392, 1.1323117391248805, 0.9651113997953958, 50.31573890807299, 0.9940088735414381, 9999]
00023892,93103,390673,1487,1;[118131, 1640, 0.9941992381714719, 0.9832364950716539, 24.18140079113889, 0.9967673469878491, 0.9975637458357788]
00023892,93103,390673,1488,3;[117951.52, 1364, 1.034720293021279, 0.9614925636421753, 96.22023479779668, 0.98528403584093, 0.9961010262284081]
00023892,93103,390673,1489,2;[116541.45999999999, 1546, 1.014966414714585, 0.992022459678374, 40.09946663942671, 0.9947342202306876, 0.9929282227280332]
00023892,93103,390673,1491,2;[120403.01, 1514, 1.0503891899546012, 0.9843946252209498, 113.66690920960296, 0.984839104179109, 9999]
00023892,93103,390673,1492,1;[114627, 1678, 0.9987680845865211, 0.9924709850319351, 45.564953524898826, 0.9946129103177113, 0.9927122981592382]
00023892,93103,390673,1492,3;[112581.12000000001, 1362, 1.004285977747245, 0.9649001229124898, 31.23126453415144, 0.9956981357234577, 9999]
00023892,93103,390673,1495,2;[114817.15, 1510, 0.9930315460441014, 0.9870770259924616, 31.546042712339776, 0.9947702350629656, 9999]
00023892,93103,390673,1497,3;[113548.34000000001, 1404, 1.0054351093309934, 0.960491452600365, 28.91913419738997, 0.9948299282430487, 9999]
00023892,93103,390673,1498,1;[116314, 1654, 0.989772517025471, 0.9913499174139772, 25.89202116124958, 0.9956881817830718, 0.9948765321221763]
00023892,93103,390673,1499,1;[115761, 1706, 0.9962542217613665, 0.9812057965453727, 38.26655464467754, 0.9959036968410945, 0.9896936302274583]
00023892,93103,390673,1499,3;[117251.45000000001, 1500, 1.0242496834682837, 0.9748615169204323, 53.78139989410666, 0.9908513476631625, 34234.0]
00023892,93103,390673,1500,2;[113904.42, 1520, 1.0033341804562999, 0.9866325509813356, 31.931454020851525, 0.9944117262205622, 0.9918501209788144]
00023892,93122,390798,1587,3;[117843.29000000001, 1442, 1.0406381091708652, 0.97290517790024, 111.87571133625764, 0.982512094931687, 0.9956477955389904]
00023892,93122,390798,1589,1;[115972, 1698, 0.9778822539189395, 0.9908134710763481, 20.37117655163161, 0.9968449509462828, 0.9941706957446079]
00023892,93122,390798,1589,2;[117505.36, 1504, 1.0292453359150497, 0.9978651105229204, 41.27597117489877, 0.9945531923571351, 9999]
00023892,93122,390798,1590,1;[114476, 1708, 0.9714008354292216, 0.9792266459744134, 31.895664856885332, 0.9963746613606888, 0.9873600048300221]
00023892,93122,390798,1590,2;[115546.62, 1446, 1.0044099548766843, 0.9937778684089924, 34.96544073137213, 0.9941037791054449, 9999]
00023892,93122,390798,1592,3;[117977.55, 1424, 1.0384956777881869, 0.9582881772027657, 51.69301507743181, 0.993571167624946, 172230.0]
00023892,93139,390920,17,2;[116130.90999999999, 1510, 0.9981631323817355, 0.9808162066148503, 32.268889709424414, 0.993887002655094, 0.9946034641785189]
00023892,93139,390920,17,3;[117082.94, 1368, 1.01704474354301, 0.9629625559037094, 53.25214145749839, 0.9925764721536028, 9999]
00023892,93139,390920,18,1;[114291, 1656, 0.9814575364939319, 0.9959018721886728, 30.733984173391054, 0.9957475714305857, 0.9944271152817112]
00023892,93139,390920,19,1;[117141, 1708, 1.0011284673044343, 0.9784178992053928, 59.47460187917027, 0.9921109682880714, 0.9933264364697103]
00023892,93139,390920,20,3;[118051.53000000001, 1470, 1.0213625513322462, 0.9716452290970454, 85.44257796364806, 0.9849400431888099, 9999]
00023892,93139,390920,21,2;[115941.7, 1478, 1.0067750976010585, 0.9966286729292532, 25.270836994108723, 0.9955051948918705, 1.001742742428838]
00023892,93166,391047,301,1;[119197, 1602, 0.9934559797032223, 0.9948353663934025, 20.712104405988043, 0.9968702647084702, 0.9987055043296481]
00023892,93166,391047,301,2;[116151.14, 1540, 1.0002683910551358, 0.9928704150270152, 33.4848806094114, 0.9948215854848882, 9999]
00023892,93166,391047,303,3;[118637.89000000001, 1398, 1.0223579081250327, 0.9703534494557088, 42.23273852076505, 0.9934911546531924, 9999]
00023892,93166,391047,304,1;[117753, 1622, 0.9772164352433422, 0.9958620833402838, 25.766315361363983, 0.9967860458868003, 0.9972686967237064]
00023892,93166,391047,305,2;[117093.62, 1536, 1.002178459818774, 0.997850638667676, 24.4138911119299, 0.9964615269265222, 1.000127051242307]
00023892,93166,391047,305,3;[119032.45000000001, 1370, 1.0183846266174685, 0.9748323649170428, 37.875699129217296, 0.9947455224370897, 2199.6202531645567]
00023892,93166,391047,307,2;[115370.5, 1528, 1.0058060097422366, 0.9895282762600829, 39.93207841576104, 0.9944151817445519, 9999]
00023892,93166,391047,308,1;[115460, 1682, 0.9960968642594321, 0.9954651582763876, 40.582903883813906, 0.9951983391381567, 0.9932470213772635]
00023892,93166,391047,308,3;[118877.64000000001, 1454, 1.017150500848034, 0.9733966928934351, 36.44529966828555, 0.9937569319287601, 1324.7633587786258]
00023892,93166,391047,309,1;[119716, 1620, 1.0322619672169577, 0.9876387315526259, 46.38197855060344, 0.9944067144527013, 0.999419796219075]
00023892,93166,391047,309,2;[115416.90999999999, 1496, 1.0140101989435855, 0.9782871975660953, 49.76970517264166, 0.9923215994050387, 9999]
00023892,93166,391047,310,3;[117396.67000000001, 1446, 1.0322636927019022, 0.9549682020607355, 42.6314536599798, 0.9954496600959517, 9999]
00023892,93166,391047,312,2;[119097.58, 1476, 1.0286965797742729, 0.9766518066581236, 64.13464440773701, 0.9901136968339167, 100082.0]
00023892,93166,391047,313,1;[120302, 1688, 1.021004314514589, 0.9866737636844082, 42.55555215394716, 0.9931729686905908, 0.9957002685780263]
00023892,93166,391047,313,3;[119017.38, 1408, 1.0256435421473993, 0.9687818342517958, 44.27779058241403, 0.9929874755115312, 24821.14285714286]
00023892,93166,391047,315,1;[117580, 1706, 0.9911475015587408, 0.9998940038735258, 31.46718806602632, 0.9964770636421072, 0.9924037812288994]
00023892,93166,391047,315,2;[119473.62, 1562, 1.0290292751963206, 0.976969826578464, 59.39391504055549, 0.9910613417632356, 9999]
00023892,93166,391047,315,3;[120414.78000000001, 1524, 1.0420803432332637, 0.9716719340706381, 114.80932319891738, 0.9838297153742086, 0.9968696835658387]
00023892,93265,391506,609,1;[120450, 1668, 1.0130823848066772, 0.9934285035407959, 28.081715577593773, 0.9950777124707098, 9999]
00023892,93265,391506,609,3;[119976.38, 1438, 1.0627480642574758, 0.9590433977019611, 126.38952663022229, 0.9846962103710577, 0.99012968218255]
00023892,93265,391506,610,2;[119833.0, 1508, 1.0279624297293433, 0.9939602657133225, 34.05485042585448, 0.9943307197997148, 0.9989534301203803]
00023892,93265,391506,611,3;[119896.92000000001, 1368, 1.0267371543472592, 0.9680652141772095, 60.138477372720004, 0.9910185054986551, 175032.0]
00023892,93265,391506,612,2;[116885.37, 1548, 1.0145783774572443, 0.9803564738122116, 29.62078944142632, 0.9948200399301197, 9999]
00023892,93265,391506,613,1;[114481, 1610, 0.9955593575803238, 0.9902087238335712, 36.759064237107594, 0.9944111491071127, 0.9902515396858349]
00023892,93329,391882,87,1;[118271, 1616, 1.0194271800477344, 0.9951980347867928, 37.73351695185407, 0.9949972892828642, 0.9989948475377988]
00023892,93329,391882,87,2;[111247.15, 1430, 0.9892958805203751, 0.987969527216751, 25.62743346510477, 0.9960790202361292, 9999]
00023892,93329,391882,87,3;[115923.92000000001, 1414, 1.0215942370198658, 0.9563196493174627, 47.010858776237484, 0.9953242287886229, 9999]
00023892,93329,391882,89,1;[114628, 1672, 0.9914825066265023, 0.992449732020601, 46.0862142629913, 0.9941192467786226, 0.9939475920434248]
00023892,93329,391882,89,3;[114667.63, 1414, 1.0167941706478845, 0.9529070402788227, 69.36194070195396, 0.9896615259912896, 0.9922821576763485]
00023892,93329,391882,90,2;[116098.78, 1540, 1.024478526931865, 0.9929498654533664, 58.7047229351499, 0.9922725834272821, 9999]
00023892,93329,391882,92,2;[114627.93999999999, 1522, 1.0073552101636527, 0.9847883422105579, 36.85985021329225, 0.9940911230252352, 0.9904477918873066]
00023892,93329,391882,92,3;[114493.64000000001, 1356, 1.0098884038015559, 0.9575393429604518, 53.70771228318953, 0.9928164272628103, 9999]
00023892,93329,391882,93,1;[115389, 1646, 0.9791536811644996, 0.9912072497007227, 30.555962129969355, 0.9961549890584726, 0.995354855405318]
00023892,93329,391882,94,1;[116973, 1592, 0.994606233216065, 0.9965614043713638, 34.71012332712566, 0.9946580766084038, 0.9999615310636661]
00023892,93329,391882,94,2;[112866.73999999999, 1496, 1.003006582190011, 0.9923183925625743, 26.138494257660792, 0.99570058885804, 9999]
00023892,93329,391882,94,3;[114433.36000000002, 1410, 1.0214616209838423, 0.9517095185099957, 73.57692311392724, 0.9894936176987641, 0.990536726513768]
00023892,93329,391882,96,1;[115407, 1632, 0.9872182726007631, 0.9927104473525977, 23.989429741072772, 0.9960868400620199, 0.996795591563164]
00023892,93329,391882,96,2;[113005.97, 1516, 0.9882006017804126, 0.9825266807640969, 27.477798069064683, 0.9957344812378607, 0.9942780561096016]
00023892,93329,391882,96,3;[117169.25000000001, 1434, 1.0569068397282255, 0.9348208440309685, 110.45560734956277, 0.9883416942725053, 9999]
00023892,93329,391882,99,1;[118266, 1608, 1.0340711010663866, 0.9901960891665134, 40.350390802242764, 0.9941750124012475, 0.995743928467688]
00023892,93329,391882,99,2;[114010.33, 1524, 1.0088953795511193, 0.9873587254334197, 27.375748128469997, 0.9954495918170748, 9999]
00023892,93329,391882,99,3;[113752.47000000002, 1336, 1.0058340005280906, 0.9771892906538502, 25.640739364499375, 0.99607581804577, 9999]
00023892,93377,392048,3,3;[118466.64000000001, 1406, 1.047556527781869, 0.9626297559970822, 107.28162349534367, 0.988306503325163, 9999]
00023892,93377,392048,4,1;[118492, 1724, 0.9863208326474601, 0.9986424630954116, 19.764201178268063, 0.9967779664001932, 0.982353745839223]
00023892,93377,392048,4,2;[116322.5, 1540, 1.0024661578187861, 0.9812524545754474, 28.71243987076844, 0.9953319054134065, 9999]
00023892,93377,392048,5,1;[112681, 1604, 0.9750116024793062, 0.9728192778387952, 30.87669786078407, 0.9962903174522396, 0.9869450782375636]
00023892,93377,392048,5,2;[117476.79999999999, 1468, 1.0128946844061226, 0.9826118107683158, 31.69563920609115, 0.9953051589361018, 9999]
00023892,93377,392048,5,3;[119291.38, 1442, 1.0494193382007337, 0.9224995551443748, 90.97954973781846, 0.9914184377585706, 9999]
00023892,93377,392048,8,2;[114999.22, 1520, 1.0070723933409482, 0.9772014446917673, 55.95936210100426, 0.9911467610708359, 1.0000983146794165]
00023892,93377,392048,8,3;[115359.48000000001, 1394, 1.0261842013140077, 0.9530082855170431, 74.80732270330151, 0.9887307322964278, 9999]
00023892,93377,392048,9,1;[115825, 1638, 0.9752674514762388, 0.977930434245964, 26.59457846165895, 0.9966290836236483, 0.9829547624402228]
00232831,93048,390346,740,1;[60347, 1074, 1.0041203919890753, 0.9799737843213558, 68.8031668473261, 0.9893269121354705, 1.0045276737411568]
00232831,93048,390346,740,2;[26282.34, 714, 1.0320528336306802, 1.014372897938292, 140.43680277580415, 0.9847081607347733, 9999]
00232831,93048,390346,740,3;[48303.46000000001, 810, 1.1451752258466206, 0.9524738607388366, 111.29907984614162, 0.9886044851043795, 1.0053033759124088]
00232831,93048,390346,741,1;[58549, 1054, 1.0054455670794802, 0.9721401613657598, 71.84338526471858, 0.9899833681219329, 1.006091640962634]
00232831,93048,390346,741,2;[26754.77, 714, 1.0341519316231074, 1.0048081338552852, 159.3327943069655, 0.9804418482813829, 1.0053435285174503]
00232831,93048,390346,741,3;[59377.170000000006, 910, 1.009236585552549, 0.9801747544230137, 119.60868056295885, 0.9820228240271109, 1.0022546741128724]
00232831,93048,390346,742,1;[60220, 1068, 1.0074655194483435, 0.9772295374079115, 65.41557014703079, 0.9913233628504808, 1.006005629755849]
00232831,93048,390346,742,2;[36023.68, 754, 1.1820072772154882, 0.975194568199687, 145.89823339616314, 0.9858882366313425, 1.007957912962408]
00232831,93048,390346,742,3;[30371.530000000002, 664, 1.0089733402220478, 0.9955065153366602, 110.20559259267367, 0.9896436106369197, 1.003848940409346]
00232831,93147,390953,359,1;[28614, 804, 1.0032679635817676, 0.9797642027110547, 76.11960080236409, 0.9935266967839056, 1.0029442691903259]
00232831,93147,390953,359,2;[32495.329999999998, 730, 1.0010910926167107, 1.0181539503852286, 138.38844875947652, 0.9872961394964037, 1.0066911209009972]
00232831,93147,390953,359,3;[44651.04, 780, 1.1265940771710539, 0.9490983104198878, 135.99181647196534, 0.9850378115291741, 1.0061277725469615]
00232831,93165,391039,287,1;[39866, 864, 1.0298398293658304, 0.9959000629021967, 86.7554628668432, 0.992586344484783, 0.9994735126733021]
00232831,93165,391039,287,2;[58477.79, 974, 1.0269415973797502, 0.9712203717647845, 110.17502078317794, 0.9861528678999373, 1.0036866453569715]
00232831,93165,391039,287,3;[47685.590000000004, 804, 1.0360607644632402, 0.94115180619928, 106.98442230112188, 0.9887037694940279, 9999]
00232831,93165,391039,289,1;[28699, 810, 1.00818441333912, 0.9786705332760606, 77.15163995602295, 0.9933617731220881, 0.9997039101280153]
00232831,93165,391039,289,2;[29376.34, 706, 1.0029025862775742, 1.0184988224387705, 115.10771404046059, 0.9898791421656763, 1.0058060178866095]
00232831,93165,391039,289,3;[29242.65, 658, 1.0054347153086407, 1.016919426240819, 136.91117619523283, 0.9875221844265234, 1.0027482207032625]
00232831,93165,391039,290,1;[29374, 836, 1.0333035036256313, 0.9688302861139513, 84.38927192001452, 0.9925713888783438, 1.00454840805718]
00232831,93165,391039,290,2;[48306.86, 868, 1.1486846561401474, 0.9733066559966124, 138.39645165229948, 0.9857525522417887, 1.0036095727848102]
00232831,93165,391039,290,3;[28849.460000000003, 652, 1.0052699092288533, 1.0203944978101065, 115.91342784668967, 0.98962519814608, 1.003669987131214]
00232831,93328,391868,72,1;[53913, 1002, 1.0197885864858176, 0.9823802569413564, 73.40299224254385, 0.9925419384832258, 1.0061398925052254]
00232831,93328,391868,72,2;[30416.399999999998, 710, 1.0438726826922544, 0.9772929921499058, 127.79972348039183, 0.989214036519754, 9999]
00232831,93328,391868,72,3;[54501.340000000004, 870, 1.009712309967718, 1.0058363780854904, 98.19940865914353, 0.988407161462243, 9999]
00232831,93328,391868,73,1;[53548, 998, 1.0189524065939604, 0.9797690597906243, 70.54455465725476, 0.9923345736926806, 1.0058606957697798]
00232831,93328,391868,73,2;[32314.449999999997, 730, 1.0032959324346369, 1.0173005886922057, 119.24168662801405, 0.9887060503406242, 1.0007739367583106]
00232831,93328,391868,73,3;[56224.8, 882, 1.0097929346542687, 1.0019868142286004, 108.93376190051036, 0.985441320762081, 9999]
00232831,93328,391868,74,1;[58872, 1058, 1.0073440151434425, 0.9871881459772484, 66.68563326524257, 0.9914655171775439, 1.0050875815208113]
00232831,93328,391868,74,2;[56247.729999999996, 944, 1.126253123694444, 0.9646773931279856, 122.14461848641795, 0.984343955618227, 1.0040039508480516]
00232831,93328,391868,74,3;[54302.69, 864, 1.013030303116915, 1.0093036032740614, 115.46933163720168, 0.98485697905831, 9999]
00236683,93026,390254,285,1;[64897, 1162, 0.8963368703322728, 1.2183853081758376, 597.4072147536523, 0.8989622045180786, 0.997670968584979]
00236683,93026,390254,285,2;[63899.43, 1088, 0.88279605279225, 1.1669173179368035, 687.6252383263844, 0.8561036678773236, 0.9979278366800785]
00236683,93026,390254,285,3;[62998.08, 1026, 0.8724861808634222, 1.1462304604636613, 477.53626792143336, 0.8912045056441245, 0.9973322922766608]
00236683,93027,390265,359,1;[65010, 1234, 0.8963836176640538, 1.168149733389122, 588.7646334944752, 0.876576323213372, 0.9996079064510921]
00236683,93027,390265,359,2;[63329.42, 1172, 0.8722834267262409, 1.3744132304889976, 811.2780416461782, 0.8789933373649661, 0.9967690881336567]
00236683,93027,390265,359,3;[64039.280000000006, 1110, 0.8752503306714794, 1.2607893360585687, 730.6566746111167, 0.906247409796963, 0.9980783191698339]
00236683,93032,390303,79,1;[64084, 1312, 0.883011742050798, 1.2912871714364584, 268.94763745587096, 0.9133944969761918, 0.9972688863125296]
00236683,93032,390303,79,2;[62079.92, 1082, 0.8815052374057251, 1.2447192829726832, 397.38154880436065, 0.9006467679184194, 1.0009209516500384]
00236683,93032,390303,80,3;[63635.130000000005, 1136, 0.8704188168610484, 1.2765842202638427, 618.6186577698837, 0.9267038002201853, 0.9954032595068951]
00236683,93032,390303,81,1;[65182, 1222, 0.8845825357301805, 1.253814231694861, 436.65751315797803, 0.9024325561089953, 0.9954869993509221]
00236683,93032,390303,81,2;[60467.469999999994, 1070, 0.8658963652934529, 1.3236490956893558, 415.1546219052248, 0.8831104988944727, 0.9955720135582594]
00236683,93032,390303,82,3;[60681.41, 1002, 0.8646670726583039, 1.236890745793808, 413.0430619188642, 0.895977356431816, 0.9920933566276934]
00236683,93032,390303,83,1;[65190, 1240, 0.8856361340584233, 1.336348925504289, 421.8157871130205, 0.9179699132432548, 0.9945383535729542]
00236683,93032,390303,83,2;[63473.409999999996, 1108, 0.880705724041829, 1.1517486320231045, 936.4060692327542, 0.8892920877813058, 0.9974381030742763]
00236683,93032,390303,83,3;[63620.060000000005, 1086, 0.8776824258320373, 1.2010975539393451, 632.373901310016, 0.932411605387967, 0.9935599820278568]
00236683,93051,390358,937,1;[61910, 1138, 0.8881777418456696, 1.3158803350304593, 191.94476886811364, 0.9332287887186778, 1.0035906206181056]
00236683,93051,390358,937,2;[61018.439999999995, 1108, 0.8744115177055395, 1.2886368708134575, 416.8174297521665, 0.8915586599846775, 9999]
00236683,93051,390358,937,3;[61560.950000000004, 966, 0.877243343342936, 1.162882267156796, 350.0519987317953, 0.9193836774930555, 0.9962310165170158]
00236683,93078,390512,47,1;[62003, 1166, 0.8984033152613793, 1.421216003534498, 222.0834782523327, 0.932324088329441, 0.9965764433586216]
00236683,93078,390512,47,2;[64851.43, 1158, 0.8730279854116749, 1.169443966109788, 818.8359163722441, 0.8605912354463219, 0.9972094895653209]
00236683,93078,390512,47,3;[63713.22000000001, 1070, 0.8713599068622755, 1.156260139954396, 363.6832766722085, 0.9245821144862727, 0.997929295638646]
00236683,93078,390512,49,1;[62757, 1248, 0.8806822073163417, 1.3655628375229387, 291.7005471112284, 0.9308936894344648, 0.9898424315073895]
00236683,93078,390512,49,2;[62070.399999999994, 1146, 0.8777771267882485, 1.3229664281527502, 421.0606639502385, 0.9063259873638182, 0.9963420341346475]
00236683,93078,390512,49,3;[65910.70000000001, 1050, 0.8768575047476552, 1.2247830161026592, 788.4647293313469, 0.8942845465139775, 0.9974602187321826]
00236683,93078,390512,50,1;[61924, 1150, 0.8810465426974625, 1.3914188745424354, 213.8200019221468, 0.9351294831793443, 0.9981302385557704]
00236683,93078,390512,50,2;[65937.9, 1150, 0.879228667524834, 1.179293606603073, 824.4007872140987, 0.8489372623533138, 0.9963318588844535]
00236683,93078,390512,50,3;[66360.06000000001, 1022, 0.8702875750297601, 1.1372706087217193, 861.5471674866211, 0.8701131027160595, 1.0023072227452847]
00236683,93098,390636,1213,1;[66424, 1244, 0.8823566767419234, 1.2142968859041916, 308.83078904861543, 0.8957330070359494, 0.9993380273214179]
00236683,93098,390636,1213,2;[65266.74, 1126, 0.8933927484060082, 1.2840118591047747, 875.6931159719495, 0.8581356473660497, 1.0014607603257495]
00236683,93098,390636,1213,3;[65509.29000000001, 1070, 0.873847573315857, 1.18952807666033, 761.6841148447202, 0.9046977956138212, 0.9943334823610144]
00236683,93098,390636,1214,1;[64254, 1292, 0.8798340578149664, 1.4185855049254117, 354.04704705750584, 0.9389706014256528, 0.9968196838300315]
00236683,93098,390636,1214,2;[64413.509999999995, 1112, 0.8841799100241723, 1.185020667030353, 814.5381436463231, 0.8548762815733646, 0.9979719390106749]
00236683,93098,390636,1214,3;[63554.3, 1080, 0.8725345513198169, 1.3418491871000942, 573.436488312685, 0.915630657414964, 0.9923631462981581]
00236683,93099,390639,1320,1;[65733, 1174, 0.8986561124046707, 1.1888863137764243, 524.71293379162, 0.8909896119273859, 1.000334799348663]
00236683,93099,390639,1320,2;[64945.439999999995, 1110, 0.8799012392870388, 1.211244114648881, 500.3592752505392, 0.8843490229777067, 0.9975689557476832]
00236683,93099,390639,1320,3;[64221.490000000005, 1086, 0.8771087575357576, 1.1782370262963473, 420.12826866959915, 0.914358419458132, 0.9936620315414617]
00236683,93099,390639,1321,1;[65480, 1300, 0.8724248348033831, 1.2238853834367018, 405.04023958956503, 0.9273045058082094, 0.9972965769333283]
00236683,93099,390639,1321,2;[62571.39, 1128, 0.8732663509695608, 1.2989479846148317, 506.449168846685, 0.8607900347818224, 0.995871133922991]
00236683,93099,390639,1322,3;[60664.97, 960, 0.8918258292316278, 1.1659305552185804, 304.4898032449558, 0.9395602745783597, 0.9997403623638313]
00236683,93103,390670,1523,1;[66007, 1202, 0.8862135690644956, 1.1227076770295574, 539.0951049981684, 0.8570147705480499, 0.9933781811067467]
00236683,93103,390670,1523,2;[62395.27, 1128, 0.8744661556219134, 1.3175950505831138, 451.64267112748917, 0.8726407365729938, 0.9936702863532132]
00236683,93103,390670,1523,3;[64702.36000000001, 1090, 0.8682338163167673, 1.2139867077421442, 760.4879409415294, 0.8519364279323118, 0.9934162091668244]
00236683,93103,390670,1525,2;[63179.479999999996, 1148, 0.8755774904728971, 1.3231910436666334, 440.6480455143491, 0.8949090950326803, 0.9963966669168981]
00236683,93103,390670,1525,3;[64450.280000000006, 1072, 0.8786524256469906, 1.2380248607050208, 794.7149607156023, 0.9022725765178526, 0.9949768937110709]
00236683,93103,390670,1526,1;[64594, 1280, 0.8692302139795223, 1.3064345589587993, 387.3175180665426, 0.9216866545350719, 0.9963366573347833]
00236683,93129,390840,509,1;[63851, 1282, 0.8863538304611583, 1.2824864508734586, 310.17420054510205, 0.9399106307757903, 0.9891788472412645]
00236683,93129,390840,509,2;[62792.729999999996, 1156, 0.8655992666530318, 1.2966369654810306, 598.0539074640125, 0.8907444545283135, 0.9932237845163476]
00236683,93129,390840,509,3;[65155.83, 1070, 0.8798077353627585, 1.207208180569444, 693.4138006979172, 0.9218608231747977, 0.9943860749568763]
00236683,93139,390919,100,1;[65548, 1228, 0.8895657063217315, 1.2174121974362748, 494.76634957258426, 0.901591666436485, 0.9952249003605997]
00236683,93139,390919,100,2;[64462.299999999996, 1176, 0.8687574373580252, 1.3160805760010135, 749.5912923506529, 0.8728901235789747, 0.9998523385876186]
00236683,93139,390919,100,3;[62899.44, 1048, 0.8704034933278246, 1.1903627541986614, 354.52133648183104, 0.9138656498268735, 0.9938737958653534]
00236683,93140,390930,162,1;[64174, 1274, 0.873669116798967, 1.2219762812449149, 318.14095600560046, 0.9407832771655248, 0.9941057556018558]
00236683,93140,390930,162,2;[62256.03999999999, 1108, 0.8758086297832357, 1.284617442261192, 345.67866423307373, 0.9220027450821668, 0.9939582779192158]
00236683,93140,390930,162,3;[64168.060000000005, 1070, 0.8653375047802901, 1.175778012518249, 544.2792229979488, 0.8837986711791864, 0.9959280876896416]
00236683,93140,390930,163,1;[64757, 1294, 0.8689080832153993, 1.3437099942523156, 321.5276598014192, 0.9430963941414967, 0.994830513031255]
00236683,93140,390930,163,2;[64700.299999999996, 1190, 0.8678894662354549, 1.2921604955880843, 715.6913109359365, 0.8801013288764067, 0.9996414749170336]
00236683,93140,390930,163,3;[64600.98, 1086, 0.8652007934289446, 1.1908760180148013, 721.4497155138856, 0.9086264422759408, 0.9967868769289308]
00236683,93140,390930,164,1;[66120, 1190, 0.8928024080834541, 1.1879672972458664, 349.6492563200557, 0.8948358029776258, 0.9994029580030079]
00236683,93140,390930,165,2;[62164.409999999996, 1120, 0.8752461396656094, 1.298778050862342, 346.29783056866313, 0.9093205097922705, 0.9977652991061197]
00236683,93140,390930,165,3;[62617.22000000001, 1048, 0.8756071525749004, 1.1433205584440507, 348.4088358753567, 0.9269208623011866, 0.9946249428764172]
00236683,93174,391097,943,1;[62928, 1236, 0.8851371504840055, 1.4349269202301336, 299.8036945734148, 0.9301702078122605, 0.9953969534475395]
00236683,93174,391097,943,2;[64325.45, 1168, 0.8802286326493914, 1.2679251780083614, 607.869629047859, 0.8870972782303799, 0.9962677970787449]
00236683,93174,391097,943,3;[64610.57000000001, 1052, 0.8809168323652462, 1.192026993741771, 915.8897240293949, 0.8497624850878942, 0.9998092007631969]
00236683,93203,391206,348,1;[66259, 1190, 0.8894026810814899, 1.1508446047025152, 594.0886112205731, 0.8912596097118567, 0.9980268112667571]
00236683,93203,391206,348,3;[64683.18000000001, 1094, 0.8774361244422536, 1.1828319494737503, 463.56244202686634, 0.9045813327238634, 0.9901953587869509]
00236683,93203,391206,349,2;[65912.91, 1094, 0.8899903614837441, 1.2170274147339144, 883.2863549263491, 0.8237073210150379, 1.001093469007835]
00236683,93203,391206,350,1;[62393, 1240, 0.8787493015584305, 1.3128339148304562, 295.70120819668693, 0.9335410441337777, 0.9891953166493591]
00236683,93203,391206,350,2;[64784.78999999999, 1186, 0.8806837105180522, 1.3963042186163492, 714.3957716221242, 0.8977856171105484, 0.9971061741057529]
00236683,93203,391206,350,3;[66107.98000000001, 1110, 0.8779627186987592, 1.2067523980043482, 629.3045444407546, 0.8784160439673843, 0.9945279732890899]
00236683,93203,391206,351,1;[63854, 1268, 0.871032185835836, 1.479426503068035, 318.9796186826759, 0.9362372556116996, 0.9921610976017153]
00236683,93203,391206,352,2;[60755.45, 1072, 0.8829527874848939, 1.2554864592775605, 342.8331537019416, 0.9050124376649543, 0.9934812220276318]
00236683,93203,391206,352,3;[64896.9, 1114, 0.8569397877711894, 1.2417527424010701, 692.591624038142, 0.8946675282111177, 0.9943116223421002]
00236683,93220,391265,336,1;[65533, 1310, 0.8757480096155889, 1.367463148321185, 361.0624601301009, 0.9290297774806068, 0.9930972821021845]
00236683,93220,391265,336,2;[60632.88, 1050, 0.8682370583990296, 1.2168716618617368, 346.1947867002257, 0.8994860601241726, 0.9980021154072158]
00236683,93220,391265,336,3;[64026.950000000004, 1090, 0.8629840702248537, 1.2222749057270437, 655.7167830778669, 0.908215481352808, 0.9938013673141739]
00236683,93220,391265,337,1;[61118, 1124, 0.8808351635338167, 1.2224316677897844, 151.10157403778504, 0.9337813620401505, 0.9949534414273621]
00236683,93220,391265,337,2;[64254.049999999996, 1166, 0.8722362436156592, 1.2337152288179494, 564.8185975037665, 0.8790782291139434, 0.9932763679509938]
00236683,93220,391265,337,3;[64409.18000000001, 1080, 0.8726724947670236, 1.265388216239573, 693.2371551550842, 0.9054723116006371, 0.9945737828032283]
00236683,93222,391274,426,2;[62796.299999999996, 1136, 0.8830140146854797, 1.2618411779405492, 351.3399176267912, 0.9240262330636166, 0.9985146219854868]
00236683,93222,391274,426,3;[64573.58, 1060, 0.8698739445591321, 1.2390712166734024, 806.0081702436511, 0.9022446887703707, 0.9947974377644812]
00236683,93222,391274,427,1;[65596, 1204, 0.8814352650098592, 1.1250380127803834, 426.6307949767584, 0.9036493789843961, 0.999078537540076]
00236683,93222,391274,428,3;[65283.240000000005, 1108, 0.8695688977103744, 1.2047253991752296, 663.4549987691171, 0.9024267478443797, 0.9949367881489524]
00236683,93222,391274,429,1;[65683, 1302, 0.8898643963502091, 1.2157433048057757, 263.5146465566555, 0.9138523580591842, 0.9900666244611257]
00236683,93222,391274,429,2;[65128.7, 1114, 0.8920105206580566, 1.2152927457141203, 901.9103499453104, 0.8625949441156302, 1.0004935743926293]
00236683,93260,391459,217,1;[61886, 1206, 0.88409827167143, 1.4305143674075829, 243.25219511796246, 0.9397923110539514, 0.9929323802876786]
00236683,93260,391459,217,2;[63468.649999999994, 1168, 0.8773761500382609, 1.303462920522043, 423.0964271691172, 0.9175794943361034, 0.9939989190599549]
00236683,93260,391459,217,3;[61080.08, 1002, 0.8684022285641108, 1.183091136102187, 330.8801757872058, 0.916625577751276, 0.9937478407203914]
00236683,93260,391459,218,1;[61371, 1146, 0.8861261793421696, 1.3227932692907638, 233.6975189654019, 0.9138117041258418, 0.9979592334523103]
00236683,93260,391459,218,2;[65415.49, 1146, 0.8806046328095137, 1.2456073480301915, 888.1625960645373, 0.8361238909296961, 0.9979485876116476]
00236683,93260,391459,219,3;[65165.420000000006, 1002, 0.8855295886816785, 1.201654730491485, 874.0681197302487, 0.8664653855605965, 1.0001682156524665]
00236683,93314,391804,1,1;[61200, 1184, 0.8911802629893917, 1.382171928150076, 230.7785941011806, 0.9282939375778478, 0.9964830011723329]
00236683,93314,391804,1,2;[63119.979999999996, 1172, 0.8732368986285801, 1.2855284088582624, 778.1732000879881, 0.8841258201664252, 0.9969738548578088]
00236683,93314,391804,1,3;[62554.200000000004, 1048, 0.8706816695963225, 1.2236399679595413, 396.73644698103055, 0.9037575184900603, 0.9935482467115642]
00236683,93314,391804,2,1;[60876, 1180, 0.8846231316147987, 1.3470361909588835, 237.77139752352406, 0.9341344635075844, 0.9983027082872112]
00236683,93314,391804,2,2;[63148.53999999999, 1058, 0.8865645945619125, 1.2173674482590253, 625.6957682754448, 0.8446343329217425, 1.0054568191291826]
00236683,93314,391804,2,3;[61967.840000000004, 1040, 0.8630861857690876, 1.2021879598329055, 462.1138465086889, 0.8699951446873627, 0.9957841205543386]
00236683,93331,391886,297,1;[64499, 1258, 0.8861004128455874, 1.1767130557255576, 486.22112839956037, 0.882567298345443, 0.9920557405541756]
00236683,93331,391886,297,2;[63365.119999999995, 1142, 0.8718246979181136, 1.2238753766468728, 720.7594945839151, 0.8495607612385334, 0.9981722919458998]
00236683,93331,391886,297,3;[60114.23, 962, 0.8786204077621724, 1.2399047265569842, 333.37371361298034, 0.9318307664323562, 1.000205151584226]
00236683,93341,391961,155,1;[64154, 1280, 0.8792525968196029, 1.2928483788835097, 374.536365774355, 0.935168653948244, 0.9960873210570443]
00236683,93341,391961,155,2;[62858.18, 1052, 0.8910501307441899, 1.1703169142364331, 1016.6524047850945, 0.8434156386230575, 0.9998391080909702]
00236683,93341,391961,156,3;[63548.82000000001, 1042, 0.8926078558902395, 1.1802893869861124, 792.7012788894507, 0.8845421833110562, 0.9976556618991289]
