02392968,93025,390248,111,4;[33528, 944, 1.1248689726980816, 0.9010507236378803, 147.55045836298416, 0.9832468570260319, 0.9915566267910746]
02392968,93025,390248,111,5;[33298.58, 784, 1.0440645675204168, 0.912097208461841, 148.45364035733283, 0.9804364208252786, 0.9987685827994218]
02392968,93025,390248,111,6;[48936.4, 848, 1.0510317045728155, 0.8904708299380946, 178.34773983836928, 0.9685451660941925, 1.003187620237878]
02392968,93025,390248,111,7;[28959.84, 636, 1.0190866812269443, 1.0145942080820387, 172.90331228147804, 0.9830877187771054, 1.0041912037773888]
02392968,93025,390248,113,4;[34691, 870, 1.0359438826659486, 0.8467329309652869, 144.97917711903122, 0.9780057204248428, 1.0000864852398523]
02392968,93025,390248,113,5;[34655.18, 794, 1.0316775610808362, 0.8809943624610067, 131.68433093614163, 0.9769295453308864, 1.0005840920803986]
02392968,93025,390248,113,6;[21702.170000000002, 566, 1.020471075758839, 1.011763960694255, 173.4246536089821, 0.9792663835259157, 0.9983613789626269]
02392968,93025,390248,113,7;[31992.3, 774, 1.0132700995424926, 1.0117947519711896, 204.56581034945805, 0.9771058715418648, 1.000574217628481]
02392968,93027,390268,315,5;[49452.829999999994, 908, 1.0455838985215062, 0.8931580214755656, 171.93288451046348, 0.9755524061743154, 1.0022912546428056]
02392968,93027,390268,315,6;[33291.0, 774, 1.0367814800967001, 0.9109554477451357, 150.0526941187812, 0.9836518548992943, 1.001875940547115]
02392968,93027,390268,315,7;[29845.71, 658, 1.048452264349886, 0.922863021077551, 142.61559037606332, 0.9833606973942384, 1.0029563741998508]
02392968,93027,390268,316,4;[40672, 898, 1.0436991922725, 0.8914865560465935, 161.17477537775036, 0.9817176799737196, 1.0035902434209714]
02392968,93048,390340,714,4;[44965, 946, 1.041176771215874, 0.9055444135942999, 123.2081775414227, 0.9812492438982651, 1.0010797813721015]
02392968,93048,390340,714,5;[31717.07, 822, 1.0126210938946514, 0.8442744786504603, 135.20948130552682, 0.9866125780442428, 0.9936806785348122]
02392968,93048,390340,714,6;[35147.350000000006, 796, 1.018223787297873, 0.8574646408568203, 196.93810610542056, 0.9776643664909709, 0.9993377999376752]
02392968,93048,390340,715,7;[34213.86, 670, 1.0474833268285617, 0.9379043883266288, 131.25270528658268, 0.9829098780994556, 1.0070478034721129]
02392968,93049,390351,805,4;[46067, 980, 1.0610780125347938, 0.8911935926380488, 182.33933395334103, 0.9745441091825006, 1.0023172071670239]
02392968,93049,390351,805,6;[43953.71000000001, 798, 1.018958468253124, 0.8618670895957082, 199.48987476671118, 0.9727862997120679, 1.0050120602700248]
02392968,93049,390351,806,5;[45779.299999999996, 932, 1.0121572637047074, 1.0058623096625494, 151.24953056564345, 0.9813657514704481, 1.0066332605026624]
02392968,93049,390351,806,7;[43398.450000000004, 738, 1.0500412980173401, 0.9078129214478157, 168.887151246146, 0.9711425683805468, 1.0083003039297584]
02392968,93051,390364,908,5;[47952.24, 890, 1.034846963482574, 0.9147620769399496, 122.80043979618033, 0.9823913582533657, 1.002737271686657]
02392968,93051,390364,908,6;[43923.57000000001, 824, 1.0731103961663755, 0.8596794426953016, 237.68594069811613, 0.9445301299127641, 0.9749874557148722]
02392968,93051,390364,909,4;[43347, 940, 1.035464417197919, 0.9267932038092123, 102.02492357665558, 0.9862835339630076, 1.0038094135355757]
02392968,93051,390364,909,7;[42980.76, 746, 1.0229209907446428, 1.0048499922322853, 245.4030191137808, 0.9642589816210282, 1.0022655511354515]
02392968,93063,390407,1130,4;[19096, 588, 1.084138539459833, 0.6377119960838062, 160.54872770374536, 0.9863323719467927, 1.0074652457200137]
02392968,93063,390407,1130,5;[48040.299999999996, 922, 1.0084020082414273, 1.009902925874134, 126.24166412264518, 0.9871239886358553, 1.0026077238296287]
02392968,93063,390407,1130,6;[37359.9, 786, 1.0314705057005804, 0.9258154555835618, 121.27758574665859, 0.9823727878889972, 1.0036805299963194]
02392968,93063,390407,1130,7;[39128.22, 708, 1.0659892897258374, 0.8935343337046334, 201.90166139292975, 0.9764585042932118, 1.0051487639036276]
02392968,93067,390436,43,4;[34261, 914, 1.0453098508650616, 0.9102593185010398, 152.7925377858132, 0.9792843126284362, 0.9253977257380547]
02392968,93067,390436,44,5;[46213.65, 884, 1.0152534557254487, 0.9119755815228588, 73.53040707723416, 0.9715239512569097, 0.9937943829569446]
02392968,93067,390436,44,6;[46545.75, 816, 1.0447287656192756, 0.8985028118366952, 177.35153032842152, 0.9706171535674021, 0.9984131182226924]
02392968,93067,390436,45,7;[31043.7, 664, 1.0583385261903349, 0.929178522603667, 149.89312846654337, 0.9829799233557673, 1.0049778350132494]
02392968,93068,390439,119,4;[40397, 944, 1.0417315421698907, 0.8868034492500159, 159.10820061067855, 0.9832506647749761, 0.9776266592451871]
02392968,93068,390439,119,6;[48336.340000000004, 852, 1.0132599790610355, 0.920916923946027, 70.41167594311703, 0.9833629290115671, 1.002187189319699]
02392968,93068,390439,119,7;[46944.99, 772, 1.0398243612751288, 0.9105107043451083, 116.78419455979814, 0.9788919810322179, 1.0066766187109368]
02392968,93068,390439,121,5;[44417.939999999995, 850, 1.019260473165452, 1.0053881461020469, 186.1262613525791, 0.9625871161923574, 0.9928844082088659]
02392968,93069,390450,174,4;[39009, 950, 1.0410472234784902, 0.8823048330270754, 145.51303732965025, 0.9831438497548818, 0.9737643534697953]
02392968,93069,390450,174,5;[48550.81, 902, 1.0446494596474878, 0.8980800364048712, 190.5987688244136, 0.9621482040851829, 0.9949883549366533]
02392968,93069,390450,174,6;[30009.850000000002, 698, 1.0253465445044416, 0.9150545938304923, 106.72996722014207, 0.9777893381217336, 0.96173687792242]
02392968,93069,390450,174,7;[30641.31, 700, 1.0573111293729365, 0.9240917457047783, 144.17208617603177, 0.984419713549551, 0.9971619199362677]
02392968,93071,390467,284,4;[49805, 1036, 1.0443158961806573, 0.9246685545770386, 126.25674210228334, 0.9833029000117371, 0.9946180191514643]
02392968,93071,390467,284,5;[47955.81, 918, 1.0381268648193374, 0.9090895452471706, 130.0391669302386, 0.982701611063753, 0.9977222648609839]
02392968,93071,390467,284,6;[32374.47, 744, 1.1193822047637956, 0.9083768427563724, 157.7248662267693, 0.9812488197450419, 0.9437677223531291]
02392968,93071,390467,284,7;[30350.61, 668, 1.018131142013484, 0.8408376172539589, 166.28027723518002, 0.9840903259313791, 1.0026282537275715]
02392968,93072,390470,343,4;[47822, 984, 1.036838793273792, 0.9054637753053089, 155.5537548316832, 0.9611519213237055, 0.9910884522921329]
02392968,93072,390470,343,5;[49043.47, 924, 1.0471019679334144, 0.8978221599232236, 176.6709841025869, 0.9688591982858805, 1.000473375653926]
02392968,93072,390470,343,7;[38395.35, 704, 1.1762231041495788, 0.9341635229631096, 179.2188099372297, 0.9815997577086226, 1.0093717319604216]
02392968,93072,390470,344,6;[24095.56, 608, 1.0495235401761283, 0.869985330891341, 202.39586884015364, 0.9770444591717518, 1.002708018585559]
02392968,93072,390475,341,4;[32513, 918, 1.0401253692597536, 0.9098603251965418, 139.4017605387448, 0.9835912400343217, 0.9176556921296622]
02392968,93072,390475,341,5;[28637.35, 736, 1.0186189170498168, 1.012242506942968, 145.40906094294166, 0.9830665345223856, 1.0024159620110802]
02392968,93072,390475,341,6;[48023.98, 860, 1.0288103185943642, 0.8997922281205508, 124.02578559449056, 0.9752008826272796, 1.0017145796422244]
02392968,93072,390475,341,7;[31114.08, 674, 1.0510511772228899, 0.9365281526704152, 143.1801830913329, 0.9851037443095674, 1.0037264628217468]
02392968,93076,390498,530,4;[51318, 1050, 1.0049313194585099, 1.0231573432374186, 110.64466731814035, 0.9915970844592802, 0.9656677800254034]
02392968,93076,390498,530,5;[45431.82, 880, 1.015253990131735, 0.9144187603375961, 64.96537039604235, 0.9746532110769658, 9999]
02392968,93076,390498,530,6;[29834.49, 714, 1.037571124571286, 0.9055139437790838, 173.6645366981875, 0.9743782041484355, 9999]
02392968,93076,390498,530,7;[46889.91, 774, 1.055995639664636, 0.9140518145080392, 224.76596273911167, 0.9662744120079357, 1.0077272129422596]
02392968,93080,390525,158,4;[37654, 932, 1.0336577323121257, 0.9317630102438537, 104.53292012502538, 0.985116899039009, 0.9699889229501018]
02392968,93080,390525,158,5;[22466.01, 612, 1.0525587761241697, 0.7075295369263584, 204.08047172556823, 0.9814565122174387, 1.007202304737516]
02392968,93080,390525,158,7;[56896.11, 1212, 1.022895182342895, 1.0090274334217484, 191.13262086928853, 0.9723265959006591, 0.8083163969525383]
02392968,93082,390545,354,4;[43376, 932, 1.0135119000404516, 1.006172209629099, 126.44337274546481, 0.9858975243588686, 0.9967484345378296]
02392968,93082,390545,354,7;[43245.450000000004, 748, 1.0584595261836736, 0.9166421992783024, 220.74876095303244, 0.9725453771881128, 1.004995644367011]
02392968,93082,390545,355,5;[46092.27, 910, 1.0219162692566959, 0.9113119068563658, 114.28837198808687, 0.9811884834795281, 9999]
02392968,93082,390545,355,6;[49384.39000000001, 868, 1.0348170541167636, 0.9256016016212469, 130.19313876416268, 0.9793869509075324, 1.0045284175619]
02392968,93083,390548,399,4;[33693, 900, 1.1420375013695363, 0.8917382014677453, 153.09906338084872, 0.9850549654657037, 0.9287446937537902]
02392968,93083,390548,399,6;[46652.61, 848, 1.0356164503214045, 0.9096066131670322, 152.05746772218728, 0.9672796504563814, 0.9989292890772818]
02392968,93083,390548,399,7;[41124.87, 728, 1.0524719576939894, 0.9088209839014127, 159.8479570097441, 0.9762880316022178, 1.005423804892646]
02392968,93083,390548,400,5;[49984.759999999995, 908, 1.0245278900624335, 0.9168366026047909, 114.078556458369, 0.9750654201741487, 1.0023266080440982]
02392968,93092,390594,721,4;[47685, 966, 1.0457237329139357, 0.920820030201526, 158.65331828629692, 0.9702343495433715, 0.9912484929114871]
02392968,93092,390594,721,5;[34733.72, 902, 1.0237387010001573, 0.9137440087612292, 123.92006197941008, 0.982074824414977, 0.9940062661762703]
02392968,93092,390594,721,6;[47611.61, 836, 1.02039445234198, 0.9152151100695071, 74.76236597407434, 0.975095863286099, 9999]
02392968,93092,390594,721,7;[37463.58, 720, 1.0477853449083157, 0.8920031872242181, 196.35622064547846, 0.9726346993567293, 1.0079654214263662]
02392968,93098,390633,1145,4;[38035, 884, 1.051070513574841, 0.8916305680132127, 152.68935622687562, 0.9844474339109923, 0.9913079739890795]
02392968,93098,390633,1145,5;[48360.409999999996, 898, 1.0359593880893292, 0.8992039461119757, 143.21794308348848, 0.9764254972356453, 1.0027388472167391]
02392968,93098,390633,1145,6;[46185.44, 840, 1.0453595417482624, 0.8903985894407169, 211.56200964083598, 0.9497354525424692, 1.002155204447153]
02392968,93098,390633,1146,7;[37962.36, 698, 1.029542414852976, 0.9219282866490868, 103.18405611394876, 0.9819916796280234, 1.005307726591305]
02392968,93098,390635,1147,5;[48381.829999999994, 894, 1.0400218362460596, 0.9083768427062086, 176.2341976791296, 0.959346699981017, 1.0015149462378836]
02392968,93098,390635,1147,7;[45292.590000000004, 774, 1.0504585525274621, 0.9099077961182486, 172.3817695486458, 0.9662746502692161, 1.0059979950045028]
02392968,93098,390635,1148,4;[46848, 1016, 1.0467178654106624, 0.9159519306382704, 159.63051431159235, 0.9748726301473796, 0.9997545855162774]
02392968,93098,390635,1148,6;[31745.640000000003, 720, 1.0363982356407002, 0.910310255189793, 145.95793846886104, 0.9746209922880769, 0.9984488107549121]
02392968,93102,390666,1438,4;[47536, 988, 1.036540342336495, 0.9157972506844302, 130.81448252083223, 0.9722702274614741, 0.9996740376223673]
02392968,93102,390666,1438,5;[36892.38, 804, 1.0377136302183563, 0.9119616875135181, 145.28107777766368, 0.982564833697873, 1.000032257023967]
02392968,93102,390666,1438,6;[35306.270000000004, 750, 1.0339083379100096, 0.9203952794036875, 150.5423896500128, 0.9773522752069908, 1.0027041223274906]
02392968,93102,390666,1438,7;[36697.05, 694, 1.0693391415431575, 0.9355996089339115, 176.04416114896517, 0.9804662717411234, 1.0085570716733596]
02392968,93102,390668,1436,6;[49435.08, 838, 1.0495623984856215, 0.8940179649782372, 166.09532789266729, 0.9690793545724581, 1.0031414194768007]
02392968,93102,390668,1437,4;[44489, 980, 1.0481525973762964, 0.9312737504342202, 111.70382179596875, 0.9859297632092778, 1.0010350336385934]
02392968,93102,390668,1437,5;[49463.54, 930, 1.029609099858071, 0.9201430697465178, 111.00433265738432, 0.981633473702429, 1.0033068623428034]
02392968,93102,390668,1437,7;[36833.22, 692, 1.0623481619833495, 0.9015049307080955, 183.94769916483045, 0.9770639756092758, 1.0084406744161691]
02392968,93117,390764,118,4;[34288, 896, 1.045400407913722, 0.9083061542301368, 140.37043028669603, 0.9799364458307619, 0.9334385974464378]
02392968,93117,390764,118,5;[41469.119999999995, 840, 1.0429770983348479, 0.8929102967231285, 157.46226581265927, 0.9817884552915187, 0.9941800753166724]
02392968,93117,390764,118,6;[49230.950000000004, 838, 1.0396806621328005, 0.9067346097180107, 158.31186045725033, 0.9696588079550269, 1.0017143573947342]
02392968,93117,390764,118,7;[38048.04, 812, 1.0276189165596803, 0.8889997863448761, 124.36205419489383, 0.9897421345556782, 1.0028430285311019]
02392968,93119,390779,275,4;[43283, 936, 1.0413300564278212, 0.910100440829048, 128.01643585925683, 0.9817912600392542, 0.9870357912500143]
02392968,93119,390779,275,6;[47010.18, 842, 1.0414872244608595, 0.901495290829339, 176.87381569576064, 0.9487718155952327, 0.993471243069529]
02392968,93119,390779,275,7;[41661.9, 726, 1.0607893526397771, 0.9075160729169727, 197.1735308256039, 0.9765054070395418, 1.005799135670225]
02392968,93119,390779,276,5;[44877.28, 860, 1.0390333709343211, 0.9085751818216637, 151.66579832291416, 0.9827283363090674, 1.0005306165764618]
02392968,93121,390784,1541,4;[48246, 990, 1.0471903205762414, 0.8934767491868689, 142.34464388291374, 0.9738171528532946, 0.9976736251124414]
02392968,93121,390784,1541,5;[36646.049999999996, 842, 1.0401634084027715, 0.8817593115893088, 153.76938216318447, 0.9811081549218549, 1.0000811886011205]
02392968,93121,390784,1541,6;[42579.600000000006, 836, 1.0256895885103612, 0.9388602651318432, 104.10818230655455, 0.9857038563876528, 1.0046872474543398]
02392968,93121,390784,1541,7;[46193.76, 766, 1.0666458802960155, 0.8840064406459517, 236.18897200776877, 0.9619076094344811, 1.0036733540548177]
02392968,93122,390792,1606,4;[47060, 970, 1.0327590440032666, 0.9232362294343807, 123.05144598430985, 0.9685348014955415, 0.9995539601962575]
02392968,93122,390792,1606,5;[49874.09, 904, 1.0627419394620659, 0.904508562339634, 192.64825381319113, 0.9680077960223651, 1.000847751071629]
02392968,93122,390792,1606,6;[32952.61, 790, 1.0251775053501002, 0.937191034298567, 167.59440539093333, 0.9796871366127001, 1.0023545100327131]
02392968,93122,390792,1607,7;[41657.31, 754, 1.2034576172117235, 0.9095885421084294, 168.76039838526302, 0.9829056279822479, 1.006283032117382]
02392968,93122,390794,1608,4;[34745, 914, 1.0435759738234318, 0.9442242055914639, 117.60453530275397, 0.9852926801457345, 0.9696369268551336]
02392968,93122,390794,1608,6;[46253.94, 814, 1.0470733210850356, 0.8967627293564632, 162.6674135688841, 0.9725523202065245, 1.0053600142933714]
02392968,93122,390794,1608,7;[45831.15, 774, 1.0569389538276657, 0.9025636091173743, 210.73197600154165, 0.9654669965008397, 1.0056062844098295]
02392968,93122,390794,1609,5;[49385.0, 904, 1.0281234763249774, 0.9179460296004928, 121.99100940634811, 0.9778297411533644, 1.0033606537559536]
02392968,93122,390798,1610,4;[47952, 986, 1.0218592637552582, 0.876936678117188, 168.47189818194525, 0.9772604154211971, 1.0019746121297601]
02392968,93122,390798,1610,5;[27015.379999999997, 704, 1.0506004235929396, 0.7182369539190387, 178.56042098516087, 0.9827475317920844, 1.0055588775939583]
02392968,93122,390798,1610,6;[47717.100000000006, 850, 1.0523749749015217, 0.9014779709086281, 196.47828373327727, 0.9624467988413674, 1.0052528284460864]
02392968,93122,390798,1611,7;[46651.23, 764, 1.0789552690017885, 0.9219136251951605, 235.1399082614112, 0.9710949503623733, 1.0048113362992255]
02392968,93124,390810,1786,4;[48135, 986, 1.049084565877846, 0.906965939692939, 191.56899724299458, 0.9578532709289125, 0.9974615344765062]
02392968,93124,390810,1786,5;[42893.549999999996, 860, 1.0982155439236347, 0.907912283278593, 171.98460201859797, 0.9749118129381282, 1.0021407918149465]
02392968,93124,390810,1786,6;[47682.850000000006, 840, 1.0438054920791164, 0.9006231869669119, 184.9580724222897, 0.9590809881462554, 1.0034452436897263]
02392968,93124,390810,1786,7;[32425.29, 690, 1.016557931987427, 0.8229569324973862, 156.57785606161218, 0.9852942399127512, 1.0044313846299675]
02392968,93125,390819,1844,4;[41608, 916, 1.0578731647056139, 0.9053480473245333, 147.69465791501784, 0.9794119634091079, 0.9883370151310007]
02392968,93125,390819,1844,5;[49736.049999999996, 916, 1.031178798155349, 0.9052249776710916, 119.81772407351549, 0.9726444430073762, 1.0028673921128721]
02392968,93125,390819,1844,6;[45016.83, 820, 1.022330416508996, 0.9274152579153442, 86.81932627534228, 0.9647564592964736, 1.0042174750160446]
02392968,93125,390819,1844,7;[45688.86, 762, 1.043390250943068, 0.9149514447706925, 151.95675019519766, 0.9670530189037105, 1.0072350113837591]
02392968,93129,390843,464,4;[33226, 886, 1.0155865311215253, 0.8180721732536175, 149.29687862900352, 0.9838347426581547, 0.9175918254625794]
02392968,93129,390843,464,5;[49919.31, 948, 1.0364848011004957, 0.9244792309239231, 126.34924992483253, 0.9811651406165232, 1.0016595231557206]
02392968,93129,390843,464,6;[50442.030000000006, 862, 1.0449723256487844, 0.8952282933911316, 186.64583161201017, 0.9642226920193375, 0.9998506429143641]
02392968,93129,390843,464,7;[44013.51, 764, 1.049732377877068, 0.9127309429895817, 226.64131353025775, 0.9524630407052298, 1.0061909758656873]
02392968,93134,390880,768,4;[47189, 998, 1.041235128897261, 0.9241013313171683, 139.33538424896366, 0.9761714552424403, 0.9981386297776932]
02392968,93134,390880,768,6;[45264.8, 824, 1.0507799885532443, 0.895738456178265, 220.15703737474178, 0.9431771811495445, 0.9979611870422109]
02392968,93134,390880,769,5;[33866.21, 840, 1.1355934790970543, 0.9356975277771663, 137.98135047498548, 0.9824638450666098, 0.9623305041761065]
02392968,93134,390880,769,7;[35489.88, 704, 1.0485847097744645, 0.9083545654176608, 157.8214380162229, 0.9802679986863497, 1.004047181041013]
02392968,93136,390893,893,4;[46920, 966, 1.0271901501526202, 0.929031548227445, 100.8246633901823, 0.9826888566265176, 0.9947000211999152]
02392968,93136,390893,893,6;[48966.54, 868, 1.0325290094378696, 0.9005314726368218, 144.8282332165781, 0.9698781183164219, 1.0026650208993744]
02392968,93136,390893,893,7;[24424.920000000002, 604, 1.0525814775465643, 0.9452067550589262, 173.70080878008088, 0.9818030121348537, 1.006811301715439]
02392968,93136,390893,894,5;[32114.53, 776, 1.0155036549762138, 0.9937908819381819, 143.5983457736707, 0.9841568580494727, 0.9563245273658286]
02392968,93137,390903,1026,4;[45248, 966, 1.057569551925338, 0.8932255748183973, 169.65049021520525, 0.9684542087003061, 0.9990064689907933]
02392968,93137,390903,1026,5;[48293.77, 894, 1.033282066156536, 0.9144915596050154, 111.74433132615884, 0.9771062394184091, 1.0018391201846526]
02392968,93137,390903,1026,6;[49206.29, 866, 1.0547805014300538, 0.9126901228170572, 165.03988070694498, 0.9756181938759677, 1.0051211731124419]
02392968,93137,390903,1026,7;[47157.66, 774, 1.0710191964067923, 0.9011392246332329, 232.76336481566506, 0.9622569060228904, 1.0054641243536837]
02392968,93138,390911,1142,4;[33521, 900, 1.0576193254768176, 0.8963915012944498, 153.53869121732853, 0.9816978399912948, 0.9199714575843236]
02392968,93138,390911,1142,5;[49081.549999999996, 910, 1.032430238850499, 0.9114318110220846, 119.54590699306722, 0.9753386393639132, 1.0041509939256716]
02392968,93138,390911,1142,6;[46629.32000000001, 830, 1.0369885510082326, 0.9150769978028327, 157.1921333683596, 0.952395900128314, 0.9953210901859867]
02392968,93138,390911,1142,7;[44102.25, 780, 1.0599364963178948, 0.8912208569226311, 249.13265697509672, 0.9541458562230571, 1.0067758723062414]
02392968,93140,390931,133,4;[49348, 1034, 1.0462208720186912, 0.9310517288483614, 126.33217009848737, 0.9844396621538466, 0.999858170398136]
02392968,93140,390931,133,5;[27030.85, 718, 1.0388737699655777, 0.8896368868619137, 162.2954552269803, 0.9801119097739779, 1.00127832143172]
02392968,93140,390931,133,6;[35598.08, 750, 1.037211811744089, 0.9168253290862581, 147.46713669677297, 0.979947141547539, 0.9743330146052459]
02392968,93140,390931,133,7;[46412.55, 764, 1.0567797208332081, 0.9085676707207789, 241.2710555507921, 0.965455564779272, 1.0076231917755891]
02392968,93141,390937,209,4;[48365, 980, 1.0529705670055152, 0.8934903576545998, 183.95868815551242, 0.9690691780495988, 0.9944893385150001]
02392968,93141,390937,209,5;[40989.549999999996, 848, 1.0384809622239741, 0.9035939573629056, 141.53407061079594, 0.9837887794527582, 0.9960528027991845]
02392968,93141,390937,209,6;[46877.29, 850, 1.0074220760472452, 1.003726601843234, 147.38317260132425, 0.9848911746136155, 1.005820276904083]
02392968,93141,390937,209,7;[34813.62, 720, 1.0164423582077353, 0.7880657789654371, 155.88587268161493, 0.9861504246982403, 1.0025113451116887]
02392968,93142,390941,246,4;[37607, 1038, 1.0277534801769417, 0.9197827144250404, 105.28178353980046, 0.9856146028189537, 0.9724858421039021]
02392968,93142,390941,246,5;[33279.54, 840, 1.031196880558425, 0.9104414433304155, 155.32117318446325, 0.9828171924809331, 1.0031925960469203]
02392968,93142,390941,246,6;[30759.24, 760, 1.0126691788288928, 1.0086468383066676, 178.94524531164188, 0.9787464878826453, 0.9971575768342512]
02392968,93142,390941,246,7;[42836.94, 734, 1.0924175516929318, 0.9002364001116314, 221.93510214205025, 0.9735836329570087, 1.0054224871619923]
02392968,93147,390947,286,4;[38690, 902, 1.0411810550696732, 0.887120869254056, 149.8632609115067, 0.9810992658299161, 0.9861847471451876]
02392968,93147,390947,286,5;[36015.35, 816, 1.1342396366823204, 0.9325711506418696, 132.96963370647848, 0.9833176809484026, 0.9980378901548254]
02392968,93147,390947,286,6;[49173.41, 842, 1.0391532828260903, 0.8936722715730999, 182.7767847912032, 0.9682032252406754, 1.0022058412911152]
02392968,93147,390947,286,7;[42827.76, 748, 1.015278995370457, 0.9929830041966654, 224.27127074613372, 0.9645140945912358, 1.0012877378738017]
02392968,93165,391043,264,5;[48289.009999999995, 906, 1.0446306091500084, 0.9015720312145625, 169.93549590757314, 0.9572750151748314, 0.995046712930041]
02392968,93165,391043,264,6;[33274.560000000005, 732, 1.0434986222257676, 0.9004853897478632, 155.15583349530678, 0.9818695739743603, 1.003553425336749]
02392968,93165,391043,264,7;[45349.200000000004, 758, 1.0425108030419028, 0.914647357172998, 139.76908409555466, 0.9724017844184534, 1.004677648972951]
02392968,93165,391043,265,4;[20091, 614, 1.0459844563150702, 0.5843096874632385, 156.54293255948494, 0.9874122113875896, 1.0021448523543495]
02392968,93166,391052,358,5;[49902.649999999994, 896, 1.0488538001321828, 0.9241320031474909, 186.59019096993677, 0.9716312431878411, 1.00419061302682]
02392968,93166,391052,358,6;[21547.36, 566, 1.0649772328789904, 0.8085593219797294, 207.2499353049287, 0.9801460783063878, 1.0042781431581635]
02392968,93166,391052,358,7;[45274.23, 770, 1.0554801542471448, 0.8904620442160767, 246.47724342028943, 0.9542366993533016, 1.0066678006463685]
02392968,93166,391052,359,4;[32280, 822, 1.025256518920474, 0.9103022537151891, 81.93570356874919, 0.9828389892509671, 0.9939188669078592]
02392968,93171,391073,523,4;[46863, 970, 1.0480361588269533, 0.9290710090716073, 168.9284858782717, 0.9741017982165262, 0.9935442836698998]
02392968,93171,391073,523,5;[32842.81, 780, 1.0333638164675083, 0.9117729238210937, 146.85692766165045, 0.9768503788071464, 0.9957067609495635]
02392968,93171,391073,523,7;[32116.23, 666, 1.053199660499248, 0.9482087293536016, 141.89137931090818, 0.9840621971866904, 1.0071248650593738]
02392968,93171,391073,524,6;[45952.54, 814, 1.0263904093222112, 0.9320766012651219, 121.39605860233851, 0.9769402173469722, 1.0039208643859807]
02392968,93174,391100,912,4;[40745, 908, 1.0519395556371265, 0.8995718198585934, 146.03142873937782, 0.9814793138435322, 0.9973075510953372]
02392968,93174,391100,912,5;[48737.64, 948, 1.0270207565446312, 0.9113790103419369, 111.3124382218052, 0.9794003507281261, 1.0051785495152779]
02392968,93174,391100,912,6;[33759.54, 734, 1.0495563144526732, 0.9014329021098973, 159.06169327485682, 0.9819359241333885, 1.002848770958815]
02392968,93174,391100,912,7;[36329.85, 704, 1.0469472074257553, 0.8957964932400196, 181.16008537521424, 0.9773723394086549, 1.006335953889513]
02392968,93181,391151,66,4;[34279, 1004, 1.0478090764311156, 0.8904975707456582, 129.9866676730059, 0.9865634215641271, 0.9588129169405479]
02392968,93181,391151,66,5;[49335.02, 908, 1.0322586952929091, 0.902765490724318, 125.02173586337507, 0.9745622700536808, 1.002175594662541]
02392968,93181,391151,66,6;[30897.610000000004, 692, 1.0241519336537555, 0.9182011098022891, 130.04563394149753, 0.9758526156868607, 1.0011763922491288]
02392968,93181,391151,66,7;[29744.73, 638, 1.0189332803460038, 1.0148316825227321, 170.46664336877683, 0.9835240883615787, 1.0060286165230665]
02392968,93181,391155,67,4;[45144, 954, 1.053014798511404, 0.8903881438157244, 177.87789727358023, 0.9696442541622575, 0.9987058237929318]
02392968,93181,391155,67,5;[45130.75, 868, 1.046751907939453, 0.8919416114209767, 191.86142175157823, 0.9585943665417478, 1.0040373287444568]
02392968,93181,391155,67,6;[49113.130000000005, 852, 1.0381583197512432, 0.9073991745305309, 153.0291727613786, 0.9614135447814393, 1.0026991119502133]
02392968,93181,391155,67,7;[42278.49, 754, 1.0960156137197905, 0.9071571834949527, 215.9893135810651, 0.9766782186438387, 1.0063183961834703]
02392968,93182,391157,107,5;[41307.28, 842, 1.0380358331286574, 0.9079725095856183, 140.72395570289484, 0.9838071970651033, 0.9990646001525422]
02392968,93182,391157,107,6;[48870.64000000001, 834, 1.0332922978574406, 0.9131804186276209, 148.28404720665316, 0.9699785712588833, 1.005794200160715]
02392968,93182,391157,107,7;[44908.56, 762, 1.0581502462069474, 0.8982802898365797, 218.63509616175844, 0.9627232445717481, 1.006601622112862]
02392968,93182,391157,108,4;[46951, 968, 1.029678070641371, 0.913595013101133, 118.0559878290855, 0.9771361930819702, 0.9950302529378728]
02392968,93190,391185,262,4;[48600, 988, 1.050176652686319, 0.8939282311478739, 149.5599294053635, 0.9759066333439369, 0.9995269728317874]
02392968,93190,391185,262,5;[34753.95, 788, 1.032086387606563, 0.903589002456649, 142.02422706881973, 0.9752103737287634, 0.9864887687890559]
02392968,93190,391185,262,6;[46510.130000000005, 816, 1.0496544836908683, 0.9019618639898882, 179.06281606023214, 0.9747958633143111, 1.0056579181231116]
02392968,93190,391185,262,7;[41031.54, 722, 1.0216419520035551, 0.8263665605406156, 198.80420669723264, 0.9777008481630927, 1.0052854518873937]
02392968,93228,391302,578,4;[49047, 1016, 1.0608034887963467, 0.9092747614676799, 199.602034055079, 0.9758077450003066, 0.9945252144291016]
02392968,93228,391302,578,5;[49262.43, 900, 1.0344722981081218, 0.9143160567510986, 141.34519300730923, 0.9732612682960191, 1.0023608033995568]
02392968,93228,391302,578,6;[36355.69, 744, 1.0173101062874617, 0.8468469834457077, 188.87250280780765, 0.9768289561061145, 1.0037825774482732]
02392968,93228,391302,578,7;[40243.590000000004, 730, 1.0645709950452455, 0.8990473828872152, 205.3325212321012, 0.9738099243180565, 1.006620742441638]
02392968,93230,391311,678,5;[33782.909999999996, 784, 1.1164272740788048, 0.9245614612553759, 140.27339744690275, 0.9843046867432499, 0.9805709548728045]
02392968,93230,391311,678,6;[19030.670000000002, 510, 1.0709001337021, 0.6649750325470567, 210.8725538659733, 0.9795162668023345, 1.0010449320794148]
02392968,93230,391311,678,7;[45870.93, 762, 1.05120625701578, 0.9174466327728862, 193.80073153637838, 0.9614402303639346, 1.002474337111713]
02392968,93230,391311,679,4;[45535, 962, 1.0219499150944185, 0.9245377332395633, 82.58821726457708, 0.9746766169441793, 1.0029846143679997]
02392968,93232,391320,797,5;[35933.24, 964, 1.0315371599086234, 0.8646951957668277, 132.09647968054784, 0.9870465194681817, 1.0006296185836896]
02392968,93232,391320,797,6;[37079.05, 750, 1.1338637349590963, 0.914258444763115, 158.07375067534906, 0.981594581956225, 1.0051249675047351]
02392968,93232,391320,797,7;[33606.45, 672, 1.0436777312060113, 0.9120856506881068, 165.39726635062485, 0.9773941820426125, 1.00749948398046]
02392968,93232,391320,798,4;[32045, 882, 1.0299327259982891, 0.954606219716157, 128.39804915820125, 0.98604972005689, 0.9987844408427877]
02392968,93233,391327,853,4;[48433, 976, 1.0674744089601294, 0.9142050912900207, 185.96126955008282, 0.9771878689817652, 0.9961333580140269]
02392968,93233,391327,853,7;[46779.75, 770, 1.0648535884191563, 0.8997379081439411, 238.2965978479806, 0.9639954460986118, 1.0056077225410711]
02392968,93233,391327,854,6;[49239.170000000006, 842, 1.051581661495042, 0.8939115848099689, 197.2042103741301, 0.968909054266033, 1.0020352403256385]
02392968,93233,391327,855,5;[33314.049999999996, 782, 1.1369654479549365, 0.9171343012736706, 135.52543489944512, 0.9849229138566964, 0.9968841805394819]
02392968,93243,391391,11,4;[39579, 918, 1.0423647762028836, 0.8725655938719366, 165.53672412519416, 0.9810073257792096, 0.9745881657678954]
02392968,93243,391391,11,5;[41778.52, 934, 1.0161510872553041, 0.9177023682749825, 98.2142503925244, 0.9887310024718265, 9999]
02392968,93243,391391,11,7;[43445.88, 748, 1.01018732285021, 0.9989798987215538, 192.11316946164504, 0.9757254926101206, 1.0066290900067354]
02392968,93243,391391,12,6;[33138.93, 782, 1.0196582077389407, 0.9366992618314227, 171.67820012845425, 0.9774706560600603, 0.9992770536839278]
02392968,93260,391459,192,4;[45786, 962, 1.0417234612578063, 0.9025596936793937, 155.65250778165816, 0.9659194791463339, 0.9969950352756729]
02392968,93260,391459,192,5;[48516.299999999996, 906, 1.0465111074121793, 0.8951600302067355, 174.27006348367829, 0.970647512697428, 1.0016952900420137]
02392968,93260,391459,192,6;[46507.39000000001, 820, 1.0481090686420964, 0.9037278370222412, 164.00846430293058, 0.973818914319299, 1.0033398356682628]
02392968,93260,391459,192,7;[30416.4, 690, 1.1802460560163213, 0.9389557819411201, 148.47050788838393, 0.9829280484837059, 1.0018898828272647]
02392968,93260,391460,194,4;[48860, 988, 1.0856061389548928, 0.8909968581348018, 187.8660457951528, 0.9740626929252195, 0.998548977131062]
02392968,93260,391460,194,5;[49568.259999999995, 914, 1.0288942838072892, 0.9038995817640011, 123.74902014117669, 0.9719100204660022, 1.002961643109966]
02392968,93260,391460,194,6;[47537.630000000005, 828, 1.0339377429042147, 0.9267941662358443, 124.78013661110383, 0.969273178752622, 0.9986329558372786]
02392968,93260,391460,195,7;[45493.020000000004, 768, 1.0437670488881483, 0.910397958870292, 166.7551873210091, 0.9499652301239934, 1.0049514152936205]
02392968,93262,391479,315,4;[47952, 978, 1.0677399165303445, 0.9126492662511418, 180.1139566878088, 0.9796681511789834, 0.9961464554661127]
02392968,93262,391479,315,5;[46882.43, 888, 1.0249638916224908, 0.9306986408637304, 101.46876741238106, 0.970758467140262, 1.0023789229966797]
02392968,93262,391479,315,7;[43672.32, 752, 1.040809275607967, 0.9214216080577559, 124.20444082904542, 0.9538652220793726, 1.0047520152064486]
02392968,93262,391479,316,6;[32464.890000000003, 736, 1.0153925300155393, 1.0161411454202234, 151.16584566982607, 0.9833898762548723, 0.9992409867172676]
02392968,93264,391492,537,4;[43904, 962, 1.0357346023897342, 0.9266377547770265, 119.93562334059708, 0.9758536295556044, 0.9908372827804107]
02392968,93264,391492,537,5;[48298.53, 910, 1.0173455493899235, 1.0171480740297765, 161.53124593232263, 0.9781768612458706, 1.0032008898226534]
02392968,93264,391492,538,6;[33475.950000000004, 836, 1.044274557871969, 0.9183792340065086, 155.78539886114453, 0.9823158171400904, 1.0016396802623488]
02392968,93264,391492,538,7;[34282.71, 682, 1.0410725120711186, 0.9364680504071156, 134.327574574213, 0.9838266009566861, 1.0100295251188893]
02392968,93273,391523,786,4;[45050, 972, 1.0065810965026867, 1.002380020198394, 80.30470439209658, 0.9921980053163115, 0.9983158267960821]
02392968,93273,391523,786,6;[49613.18, 888, 1.0417222291085715, 0.9228262020616113, 154.99491722045806, 0.977658014882856, 1.0033802504710185]
02392968,93273,391523,786,7;[35915.22, 688, 1.0630887427370828, 0.9073166783460936, 173.87181274563062, 0.9785424616704195, 1.0049661786111825]
02392968,93273,391523,787,5;[19201.84, 540, 1.0672174434200867, 0.692759208403489, 152.75694590444863, 0.9860990963687561, 1.0072409488139826]
02392968,93328,391874,48,4;[47909, 968, 1.0488221126915076, 0.9001361434821079, 180.26713067133343, 0.965527210458196, 1.0021021366493406]
02392968,93328,391874,48,5;[30117.71, 792, 1.0264059944408523, 0.9472394447103225, 136.9925296905016, 0.9836371979135244, 1.0004150443702196]
02392968,93328,391874,48,6;[29193.33, 784, 1.041676145134302, 0.8946089714340977, 186.2489478051462, 0.9716321789708172, 0.9810095987846144]
02392968,93328,391874,48,7;[23014.260000000002, 592, 1.0663471547918346, 0.9451216467351422, 197.28775851181578, 0.9787577236580874, 1.0102421169280364]
02392968,93329,391875,136,4;[18794, 582, 1.048201517923195, 0.5970280264322552, 162.26694942120835, 0.987726986424893, 1.0072351144219946]
02392968,93329,391875,136,6;[44837.36, 830, 1.0273930194859866, 0.9257468713584011, 118.19141111126336, 0.9786033505139735, 1.0035723594437544]
02392968,93329,391875,136,7;[38652.39, 732, 1.0153007422172464, 0.8501327636711539, 200.8925702841901, 0.9783887035415473, 1.004892601431981]
02392968,93329,391875,137,5;[42110.53, 844, 1.0392770513820777, 0.9027965637325371, 136.47131430978172, 0.982234327713112, 1.003459520771303]
02392968,93331,391892,266,4;[36390, 942, 1.0410202812801177, 0.9297055129469269, 97.9202214828788, 0.9894855234769706, 0.9973961902151569]
02392968,93331,391892,266,5;[31636.149999999998, 828, 1.0234681105010845, 0.9197256971208428, 138.7671790196574, 0.984588358365233, 1.0002257421272434]
02392968,93331,391892,266,7;[17088.57, 454, 1.0814441841444593, 0.8095952274266918, 145.80103579487303, 0.9903907653947156, 1.0143953498932836]
02392968,93331,391892,267,6;[29138.530000000002, 736, 1.0234914617438002, 0.9600467574642371, 167.88813269907638, 0.9807986058628383, 1.0037518582316713]
02392968,93341,391962,103,4;[44658, 954, 1.0435433071733586, 0.9189124602946597, 118.95380403447847, 0.9841665526840189, 1.0036069442103488]
02392968,93341,391962,104,5;[31723.019999999997, 828, 1.0254446983459424, 0.9222498774100718, 134.2385639786362, 0.9834497447468873, 0.9991005172026085]
02392968,93341,391962,104,6;[31011.320000000003, 758, 1.0212601554390028, 0.9473443377596364, 147.97948237956592, 0.9815909364509751, 1.002524469639931]
02392968,93341,391962,104,7;[45655.200000000004, 762, 1.0425038799603676, 0.9222346339548866, 112.7490644775768, 0.9798661608596908, 1.0065099335514553]
02392968,93384,392080,299,7;[30445.47, 724, 1.0533294368371586, 0.9171631637749145, 170.3477307021815, 0.9840683634320567, 0.9972936400541272]
02392968,93384,392080,300,4;[47166, 972, 1.0470813804498669, 0.9173722700897828, 161.05645224172943, 0.9761357475758092, 0.9923521181581965]
02392968,93384,392080,300,5;[29030.05, 746, 1.0497419017461849, 0.9059957639240858, 186.39661050183503, 0.9801590432406673, 0.9993240890563874]
02392968,93384,392080,301,6;[50137.89000000001, 850, 1.0418616034594537, 0.9081389895541399, 181.23278798883285, 0.9601629445618353, 0.9989763747287393]
02392968,93385,392082,370,4;[45072, 966, 1.1052836109666015, 0.8875984570465532, 166.38728859298834, 0.9841613445417438, 0.9925457768577752]
02392968,93385,392082,370,5;[48034.35, 900, 1.0243714378335709, 0.917096645469632, 96.04955627586813, 0.9761765702561866, 0.9947263362823136]
02392968,93385,392082,370,6;[43171.44, 824, 1.0439082564851863, 0.9210135200250732, 156.17874363540187, 0.9794936623324796, 0.991676238729879]
02392968,93385,392082,370,7;[17359.38, 462, 1.057318602501402, 0.7175375152584629, 194.53697090731686, 0.986503108872373, 1.0100146882093737]
02392968,93386,392094,421,4;[35666, 894, 1.0307567273766607, 0.9035529587270031, 112.25234005261427, 0.9829412869492931, 0.9444444444444444]
02392968,93386,392094,421,5;[47446.49, 906, 1.0473670447803582, 0.9186945255028551, 177.33288269427658, 0.979540621212493, 0.9938431626701232]
02392968,93386,392094,421,6;[43541.340000000004, 842, 1.0486677987219515, 0.9264966129237036, 154.92515279428704, 0.9824367200300562, 0.9972857210097745]
02392968,93386,392094,421,7;[39007.35, 736, 1.036682973542281, 0.9294910467409457, 140.36997293553674, 0.9810135997077063, 1.0027729158882182]
02392968,93388,392111,542,4;[47001, 974, 1.0493420462969136, 0.9173727892589976, 150.7192746395462, 0.9791272375174425, 0.9906626759969649]
02392968,93388,392111,542,5;[48231.89, 896, 1.0459835786720393, 0.8911414072639686, 196.54590346491065, 0.9623078766215316, 0.9926891095898799]
02392968,93388,392111,542,6;[46434.780000000006, 870, 1.0256683928808303, 0.9099050796432491, 149.29130797838883, 0.9782265797721035, 1.0013590167809028]
02392968,93388,392111,542,7;[33924.69, 682, 1.0437149678476423, 0.9197589642028838, 154.59013798503855, 0.9794496232639963, 1.0080927483518982]
02392968,93389,392114,595,5;[48433.0, 908, 1.077704570662485, 0.8894820603226222, 180.76564551471049, 0.9762272712197878, 1.0003072196620584]
02392968,93389,392114,595,6;[44804.48, 814, 1.0258849363547766, 0.9262493571792232, 84.27149793605867, 0.9806202272707564, 0.9980316462456322]
02392968,93389,392114,595,7;[46967.94, 778, 1.0220243373479487, 1.0209078657176394, 208.95436275621856, 0.9777278877445844, 1.0085750895291914]
02392968,93389,392114,596,4;[52962, 1062, 0.9884780396965376, 1.0474965821041002, 91.85738559331445, 0.9953621318383982, 0.9796982953967388]
02392968,93389,392120,593,4;[31986, 898, 1.038503435466257, 0.9076192677172947, 139.5203933319763, 0.9775720086559854, 0.892230017155051]
02392968,93389,392120,593,5;[30546.109999999997, 804, 1.0274960571021277, 0.9875683573681284, 148.3278643018233, 0.9830823430500243, 0.9893811790552911]
02392968,93389,392120,593,6;[36285.82, 744, 1.0171367106576916, 0.8505498469099972, 158.85607537711797, 0.9811421508948092, 0.9762084661740044]
02392968,93389,392120,593,7;[43067.97, 768, 1.0435616782991097, 0.9258273464289604, 147.05911114926002, 0.9760894321406103, 1.0056267081078185]
02392968,93392,392132,732,4;[34536, 914, 1.0308607934906362, 0.9050368887487975, 147.35291561663033, 0.9847499148390788, 0.9915162999009517]
02392968,93392,392132,732,5;[41122.83, 950, 0.9997224792160299, 0.9802406640253933, 134.93555673231583, 0.9879437615338884, 0.9875826986553877]
02392968,93392,392132,732,6;[29222.100000000002, 858, 1.0432014644954353, 0.971816411731162, 178.9976667769771, 0.9670889466573572, 0.9395854899455983]
02392968,93392,392132,732,7;[46960.29, 776, 1.0192264353053624, 0.8952355969695811, 212.13127108836372, 0.9726722957762974, 1.0072856158314463]
00023892,93026,390259,210,4;[92611, 1418, 1.0160441936584983, 0.9304499353148526, 74.45688925008452, 0.9880816605513132, 0.9949399454244644]
00023892,93026,390259,210,5;[94888.22, 1378, 1.0014205542741594, 0.9214935775142608, 74.6538927008212, 0.9898794256868059, 0.9885570473958915]
00023892,93026,390259,211,6;[95338.3, 1286, 0.9940124245760389, 0.9461625478712523, 64.84368830459766, 0.9871449405213691, 9999]
00023892,93026,390259,211,7;[92165.67, 1228, 1.025457311970587, 0.9129974662194441, 96.16186030449495, 0.9897792446865475, 0.9926669303275987]
00023892,93026,390259,212,5;[96077.03, 1324, 1.024863976416576, 0.9152186552580622, 123.85239814624725, 0.9837529135848878, 80737.0]
00023892,93026,390259,212,7;[92529.81, 1152, 1.0332821118120454, 0.9098564960488107, 124.19430960027086, 0.9869055025334524, 0.994548459508128]
00023892,93026,390259,213,4;[90619, 1400, 0.9987099010700802, 0.934555185539091, 60.12113214553628, 0.9906597384443807, 0.9921878849259573]
00023892,93026,390259,213,6;[95193.08, 1278, 0.989239541281801, 0.9351501072580485, 55.0984043912589, 0.989414745965852, 0.9943616016485876]
00023892,93026,390259,214,4;[100641, 1570, 1.0094269700037355, 0.8690844925864935, 86.1464904029383, 0.9922469789182753, 0.9511887378255384]
00023892,93026,390259,214,7;[89982.36, 1158, 1.008920090794288, 0.9329343800151616, 58.02976786039906, 0.9899631349538053, 0.9979637548360822]
00023892,93026,390259,215,5;[95573.65999999999, 1358, 1.0317974933529983, 0.933398931652862, 94.94247928936427, 0.9849689627285628, 0.9944035856672362]
00023892,93026,390259,217,6;[94154.62000000001, 1266, 0.9992145882702959, 0.9332819723681481, 71.57122887508336, 0.9858247548618859, 9999]
00023892,93049,390350,751,4;[94062, 1416, 1.0042568194395987, 0.9269790547528483, 71.87525478755839, 0.9890887467282874, 0.9971271983293227]
00023892,93049,390350,751,6;[95987.68000000001, 1284, 1.0095928404100811, 0.9253451933941378, 98.42784833501379, 0.9835381050528386, 0.994344509490864]
00023892,93049,390350,751,7;[89679.42, 1162, 1.0041294275073303, 0.9535479364809879, 46.058774457944274, 0.9917592787674725, 0.9962267999184173]
00023892,93049,390350,752,5;[96983.81, 1404, 1.0146149076499849, 0.9020451217885349, 91.74932642453085, 0.9889152050712641, 9999]
00023892,93049,390350,754,7;[90897.3, 1178, 1.0301547328590062, 0.9025702558377184, 106.2823224278836, 0.987943185325579, 0.9895317171481632]
00023892,93049,390350,755,4;[94211, 1432, 1.006878641709757, 0.9021774065487673, 67.40252514981128, 0.9898337940644919, 0.9970525825620836]
00023892,93049,390350,756,5;[96698.20999999999, 1396, 1.018777525987453, 0.9174234812121812, 92.5480158782108, 0.9880598833555087, 0.9951076740327094]
00023892,93049,390350,756,6;[95656.14000000001, 1324, 1.015869651702508, 0.9346324469381384, 72.73117350095313, 0.9913127711952096, 0.9911210475886298]
00023892,93049,390350,759,5;[96461.4, 1336, 0.9983372822599396, 0.9318084676447657, 72.49302335243128, 0.9886949927878868, 9999]
00023892,93049,390350,759,6;[95868.49, 1302, 1.014836196554872, 0.9488075913305484, 90.71000575414179, 0.9850786410477492, 0.9903199784888411]
00023892,93049,390350,760,4;[93045, 1480, 1.006407325199679, 0.9047898848903233, 81.23724104642969, 0.9897547141549994, 9999]
00023892,93049,390350,760,7;[89624.34, 1120, 0.9943237821856326, 0.9496279440033996, 43.224490146306906, 0.9927302380798315, 0.9985255137263592]
00023892,93049,390350,762,4;[93819, 1410, 1.0108942299757921, 0.929920250343206, 75.34480076131943, 0.988044022170128, 0.9959448413498795]
00023892,93049,390350,762,5;[95332.09, 1408, 0.9973485956391293, 0.9204010381176894, 58.16578114818714, 0.993176482685951, 0.9936309682540667]
00023892,93049,390350,764,6;[96163.04000000001, 1240, 1.0204081692490419, 0.9240917712752229, 120.17536190160143, 0.9837515655368135, 0.9950877889379559]
00023892,93049,390350,765,7;[90767.25, 1130, 1.0421586617828782, 0.9063415631994299, 118.69597953445579, 0.9871334237014758, 1.0017053897068755]
00023892,93049,390350,768,4;[91215, 1390, 0.9976108402478597, 0.9366020212282651, 56.67169378485127, 0.9905504434179085, 0.9933298848384199]
00023892,93049,390350,769,5;[93813.65, 1352, 0.988616800064661, 0.9505031169705055, 43.70675916526144, 0.9920036319898549, 0.9901033620938674]
00023892,93049,390350,769,6;[95650.66, 1292, 1.0269486114441029, 0.9221812211990361, 122.71199409600104, 0.9803018617699638, 0.9938080936045436]
00023892,93049,390350,769,7;[90528.57, 1160, 1.035041309645009, 0.9280734162924721, 101.90240378751751, 0.9898436454282711, 0.9946208542755803]
00023892,93049,390350,771,4;[91901, 1452, 1.007159125444201, 0.9205988503231611, 65.16109412411225, 0.9904268585308402, 0.9947879739128082]
00023892,93049,390350,772,5;[96073.45999999999, 1412, 1.015219393434655, 0.9214154617550364, 92.3423385228769, 0.9875485882731128, 0.9886239790357935]
00023892,93049,390350,772,6;[95035.53000000001, 1328, 1.0242700862042984, 0.9232330309140899, 78.05145689182541, 0.9902240643257104, 0.9895085194245733]
00023892,93049,390350,772,7;[88788.96, 1104, 1.002193144536555, 0.95969770641344, 38.50327567234768, 0.993428979803523, 1.0019077544607788]
00023892,93099,390646,1221,5;[95635.54, 1418, 1.0372388954291334, 0.935841814106927, 102.41278517603428, 0.9855194395582108, 0.9922402138416806]
00023892,93099,390646,1221,6;[95230.07, 1274, 1.001310780568388, 0.9198100533614311, 78.59980425153626, 0.9854962731299645, 0.9925888904755105]
00023892,93099,390646,1222,4;[92322, 1452, 1.0113961915944594, 0.9421933268817028, 52.99737420294115, 0.9914403680781673, 0.9929605868149478]
00023892,93099,390646,1223,7;[89509.59, 1138, 1.0006021162367051, 0.9296266317835783, 61.928812509567464, 0.9899567467918391, 0.9939516471567644]
00023892,93103,390673,1488,5;[95532.01, 1306, 1.0060955150168478, 0.9385535335721296, 66.80304338640703, 0.9885006793800635, 0.993957928361831]
00023892,93103,390673,1489,4;[91819, 1466, 1.0018152164294294, 0.9341657548321475, 59.9862703233153, 0.9889055273284264, 0.9856583114164564]
00023892,93103,390673,1489,6;[95828.76000000001, 1226, 1.0084831232773173, 0.9253014906927638, 67.09499560769929, 0.9873162877627496, 1.00068669527897]
00023892,93103,390673,1489,7;[88876.17, 1156, 1.0087983776590537, 0.9597142492090539, 47.9361102788234, 0.9931076681282629, 0.9982814621320181]
00023892,93103,390673,1490,4;[91274, 1462, 1.0099605603744155, 0.937923466539687, 53.41856985370234, 0.9905429427294747, 0.9928695358943538]
00023892,93103,390673,1490,5;[93906.47, 1362, 1.0004038151476906, 0.9427182079644918, 57.953135530105115, 0.989556670975227, 0.9886864789014734]
00023892,93103,390673,1492,7;[92464.02, 1178, 1.035647198939995, 0.9351479860427844, 117.39706896763154, 0.9849955983351689, 1.0001737734490719]
00023892,93103,390673,1493,6;[93338.1, 1322, 1.0022901991384694, 0.9249347221997005, 66.91939063892441, 0.9907752064175155, 9999]
00023892,93103,390673,1494,4;[91320, 1462, 1.0217962247786585, 0.9272983370317596, 61.40222008598016, 0.9892803315640634, 0.9935914872319359]
00023892,93103,390673,1494,7;[89778.87, 1182, 1.0102114628778205, 0.9511744008209252, 46.24757529179707, 0.9906650473507022, 0.998604516601147]
00023892,93103,390673,1496,5;[93285.29, 1362, 0.996304254460408, 0.9385897092657679, 59.795412907966465, 0.9883746670518907, 0.9870808517068134]
00023892,93103,390673,1496,6;[94283.40000000001, 1262, 1.00217509573467, 0.9351515004450848, 62.31275769802199, 0.9883873661257767, 0.9949256191178384]
00023892,93103,390673,1499,4;[94112, 1442, 1.0193794238569454, 0.9036019728833273, 92.12450540670405, 0.9876490056084498, 1.0002922904410396]
00023892,93103,390673,1499,5;[93898.14, 1370, 0.9979011461486544, 0.9379102657752916, 60.872233255583666, 0.9882958289075674, 0.9883820701835696]
00023892,93103,390673,1499,6;[95647.92000000001, 1230, 1.0362822863071601, 0.9209082126294333, 115.44782661389189, 0.984836169841508, 0.9997923543437324]
00023892,93103,390673,1499,7;[90392.40000000001, 1134, 1.0056394446099965, 0.9483205961695961, 56.939292746957456, 0.9908745803188536, 0.9978044249282216]
00023892,93122,390798,1587,7;[91982.07, 1154, 1.0379962988063904, 0.8916649083881645, 128.40748904993342, 0.9851392062934953, 0.9963043982632329]
00023892,93122,390798,1588,4;[93263, 1522, 1.0343964971033042, 0.8955177928323427, 127.94601037636897, 0.9835429404401321, 0.988856373391013]
00023892,93122,390798,1588,6;[95538.32, 1272, 1.0201171341477493, 0.9223674107111368, 100.79638914329955, 0.985300069309392, 0.9949919385906089]
00023892,93122,390798,1589,5;[95398.73, 1308, 0.9885708159313844, 0.9248256724876545, 55.141382330355995, 0.9892162139147407, 0.9962965264400672]
00023892,93122,390798,1590,7;[90756.54000000001, 1204, 1.018194813626583, 0.9238754637144159, 90.56640042849686, 0.9892491374704253, 0.9929443667924908]
00023892,93122,390798,1591,4;[93569, 1528, 1.0176960207921453, 0.8915479811843451, 96.01364109273158, 0.988751462634787, 9849.368421052632]
00023892,93122,390798,1591,5;[97058.78, 1316, 1.0160888672198856, 0.9215252797697663, 102.39654337509684, 0.9856148344480832, 0.9967249175119149]
00023892,93122,390798,1591,6;[95989.05, 1294, 1.0159165572837912, 0.9608101894501084, 85.3547151298866, 0.9832085055716978, 0.9944998403179447]
00023892,93139,390920,17,4;[94506, 1500, 1.027088527191362, 0.8794523808120088, 114.86559109061153, 0.9863131026907964, 0.9932369586808129]
00023892,93139,390920,17,5;[97151.59999999999, 1388, 1.0106539310008886, 0.8995172322902854, 88.3860307557242, 0.9889091210211214, 0.9973063931932984]
00023892,93139,390920,18,6;[93028.48000000001, 1260, 0.9926002311185911, 0.9162809410379069, 61.16660810306882, 0.9898389576729316, 0.9968876622232662]
00023892,93139,390920,18,7;[91411.38, 1134, 1.0992383902203307, 0.9192570864558904, 118.61364803335186, 0.9865231889030311, 0.9962980256136607]
00023892,93139,390920,19,4;[91516, 1450, 1.0078401798707501, 0.9274654317894875, 52.99583780040853, 0.9916924179574511, 0.9933193316075393]
00023892,93139,390920,19,5;[92553.44, 1288, 0.9941966294147649, 0.9399912651471408, 48.34401312728484, 0.9927536248094876, 0.9988890672660138]
00023892,93139,390920,19,6;[93509.35, 1212, 1.0023493463701187, 0.9393343284079632, 79.65025329383224, 0.9861169022764733, 0.9954061542948811]
00023892,93139,390920,19,7;[93131.1, 1150, 1.0367814326425413, 0.9034313358402737, 119.52672608978803, 0.9866625731434625, 0.9981633924764685]
00023892,93166,391047,301,4;[102526, 1548, 1.0169194178602992, 0.8777736446207596, 90.59786947818188, 0.9920086285155629, 0.9509393361807903]
00023892,93166,391047,302,5;[98361.83, 1412, 1.0000255947938408, 0.9186079384304046, 83.7879406486509, 0.989548586960397, 0.9902896336897595]
00023892,93166,391047,302,6;[96856.26000000001, 1332, 1.025932231875349, 0.9372100927300585, 96.82421065866093, 0.9893235990225459, 0.9920159400564076]
00023892,93166,391047,302,7;[89636.58, 1116, 1.0002456059630038, 0.9334403432675832, 53.866882251709995, 0.9917594057692131, 0.9887765607331522]
00023892,93166,391047,304,4;[93210, 1474, 1.0072942934122837, 0.8949077592480458, 64.91588183997156, 0.9915019402402596, 0.9885774284896115]
00023892,93166,391047,304,5;[98044.09999999999, 1414, 1.0097857147329659, 0.9330331600770386, 79.8704445912493, 0.9902966082833385, 9999]
00023892,93166,391047,304,6;[96146.6, 1338, 1.0135963825545302, 0.9279488245460283, 70.15376689179699, 0.9915276780806666, 9999]
00023892,93166,391047,306,7;[91706.67, 1198, 1.0265517488271827, 0.9105202322739891, 108.71568258820389, 0.988825646452968, 0.9910630874924561]
00023892,93166,391047,307,4;[94598, 1538, 1.0579995180405166, 0.9287852761001495, 133.8856277141715, 0.9843835297765637, 0.9955326370070247]
00023892,93166,391047,307,5;[98700.98, 1422, 1.0012072743528282, 0.9337293742777901, 76.05651287313088, 0.9908686337529213, 9999]
00023892,93166,391047,307,7;[92809.8, 1208, 1.0218386772767731, 0.9280973687932741, 101.16117528722921, 0.9889602373807543, 0.9956013655462185]
00023892,93166,391047,308,6;[95457.49, 1314, 1.0110277868295992, 0.9237065064668254, 86.05835334072907, 0.9894916578043099, 9999]
00023892,93166,391047,309,5;[98240.45, 1320, 1.0110499269454292, 0.9342055335468392, 83.12772060305193, 0.9881753350248276, 1.0001272041141445]
00023892,93166,391047,309,6;[95802.73000000001, 1258, 0.9954649007721109, 0.95088598087129, 51.35024929924335, 0.9913813996686319, 9999]
00023892,93166,391047,310,7;[92852.64, 1174, 1.0364615348407051, 0.9218120312042933, 113.10243558424547, 0.9879807126376885, 0.9966252555691494]
00023892,93166,391047,311,4;[94312, 1548, 1.0183315127580725, 0.8784015566832107, 87.01246476361891, 0.9910134523103105, 0.9924810447611981]
00023892,93166,391047,312,5;[97339.62, 1418, 1.0078214353836703, 0.9133770726019503, 80.56817309501915, 0.9900963734879676, 0.9897872752353525]
00023892,93166,391047,312,7;[90403.11, 1176, 1.0103433459216362, 0.9384740993298968, 65.00694614521767, 0.9876306688220488, 0.9922750096562379]
00023892,93166,391047,314,4;[94416, 1518, 1.0347146739199957, 0.8917116248877807, 112.8082196363341, 0.9873504709501475, 0.9903135636331216]
00023892,93166,391047,314,6;[93869.66, 1220, 0.9905679278510596, 0.9477478851446883, 37.3871021726515, 0.9935111789189628, 9999]
00023892,93166,391047,315,7;[90819.27, 1176, 1.004813273122673, 0.938296692969693, 58.33190132242037, 0.9882988391895713, 0.9961903802906723]
00023892,93166,391047,316,4;[91221, 1450, 0.9943388596203271, 0.9389536448875085, 42.51792120787346, 0.9927696618710962, 0.989279846436647]
00023892,93166,391047,316,5;[95551.05, 1380, 0.9950794567764044, 0.9521981225145483, 50.39466035948726, 0.9909775413690899, 9999]
00023892,93166,391047,316,6;[95547.91, 1242, 1.021758306850226, 0.9386996652158704, 103.50965344886869, 0.9872397165584255, 9999]
00023892,93265,391506,609,4;[91999, 1462, 1.028048929718139, 0.8979910050086684, 60.49414841799921, 0.9919458494124359, 0.9949387349000184]
00023892,93265,391506,609,5;[96956.44, 1412, 1.0077934810706421, 0.9235989152688951, 77.05094333947079, 0.9894107889801897, 0.9929135057733907]
00023892,93265,391506,609,6;[95946.58, 1270, 1.0044063503258838, 0.9366693963450596, 74.60965059876266, 0.9852408421841474, 0.9908602150537634]
00023892,93265,391506,609,7;[91344.06, 1172, 1.0147838907858038, 0.9450277097540786, 62.320860603145725, 0.9908167582567575, 0.9970024130992042]
00023892,93265,391506,612,4;[95513, 1428, 1.0275237814770013, 0.9016657179967023, 102.92813879812388, 0.986274785337804, 9999]
00023892,93265,391506,612,5;[95004.84, 1362, 0.9989822874056014, 0.9367027109244497, 61.232871275401926, 0.9905141888729317, 9999]
00023892,93265,391506,613,6;[96428.82, 1306, 1.0088462943925212, 0.9416517332407627, 80.98045716336975, 0.9850472693518587, 0.9933528091790508]
00023892,93265,391506,613,7;[92444.13, 1200, 1.0100144932988766, 0.949000364063337, 52.88544641718459, 0.9901442151916354, 0.99741653254096]
00023892,93329,391882,100,4;[89571, 1422, 1.0045582111703892, 0.9290272908080096, 60.71404661951753, 0.9907467227995309, 9999]
00023892,93329,391882,100,5;[95760.48999999999, 1314, 1.0014968410566154, 0.936113277778983, 56.5333923728097, 0.9907405139511056, 0.9980465964268218]
00023892,93329,391882,100,6;[94291.62000000001, 1210, 1.024545287603457, 0.9415175936224898, 59.86855743290816, 0.9896300416328353, 0.9955304838359731]
00023892,93329,391882,87,4;[93975, 1432, 1.0542621991475085, 0.937250671089021, 127.8290403740921, 0.9808000576079602, 0.9951605388004067]
00023892,93329,391882,87,7;[90520.92, 1216, 1.0177249937146682, 0.9035621449918402, 88.75576615342364, 0.9899445168075792, 0.9937266428721394]
00023892,93329,391882,88,5;[96428.08, 1404, 1.0335262988751228, 0.8978843140250746, 91.74747174569461, 0.9892755137217717, 0.9929601195983163]
00023892,93329,391882,88,6;[94128.59000000001, 1316, 1.0139176929802318, 0.9300961545383143, 74.13954408942635, 0.9913920528363622, 0.9894298757218358]
00023892,93329,391882,89,4;[90340, 1462, 0.9992471247785927, 0.923929209970205, 53.4210124926135, 0.9932997432187544, 9999]
00023892,93329,391882,89,6;[93747.73000000001, 1214, 0.9869406422525822, 0.950546662362923, 44.11838568046918, 0.9918175876924784, 9999]
00023892,93329,391882,89,7;[90146.07, 1198, 1.0126167312801755, 0.9488160400742294, 60.89317278153263, 0.988622837051628, 0.9931396015237839]
00023892,93329,391882,91,5;[95733.12, 1388, 1.0316382401039235, 0.9219545454312119, 111.19090413657985, 0.9847225156643902, 0.9941056533827618]
00023892,93329,391882,92,7;[89391.78, 1170, 1.0083598952507489, 0.9342592665815368, 51.915145162539226, 0.9904787665742328, 1.0000941450347052]
00023892,93329,391882,93,4;[91331, 1476, 1.0014136410916312, 0.9405193308432228, 46.83841102765158, 0.991499951610125, 0.9871753992487907]
00023892,93329,391882,93,5;[97333.67, 1416, 1.014740878442954, 0.9100369538380206, 74.98227703411273, 0.9912652801637288, 0.991766902706373]
00023892,93329,391882,93,6;[93605.25000000001, 1284, 0.9952295652710265, 0.9508319718051121, 50.92459886212178, 0.9906761857161073, 0.9918273139008246]
00023892,93329,391882,94,4;[92049, 1408, 1.0020414953763794, 0.9373424113668644, 53.1206588318205, 0.9917052245476408, 0.9953556772655265]
00023892,93329,391882,94,6;[91184.46, 1278, 0.9905011186332193, 0.9574260426265674, 40.4477583640621, 0.9938509010756, 9999]
00023892,93329,391882,94,7;[88614.54000000001, 1120, 1.0080886344489455, 0.9458098021265873, 56.90489988855238, 0.9897498296482681, 0.9920523449008256]
00023892,93329,391882,95,5;[96097.26, 1410, 1.0255900156079332, 0.9229424239876988, 78.84552100567834, 0.9883951510666669, 0.9949975357318877]
00023892,93329,391882,96,4;[90482, 1484, 1.0380860129272493, 0.925552849118763, 91.52271673997085, 0.9880054327532354, 0.9865131543082677]
00023892,93329,391882,96,7;[89244.90000000001, 1126, 0.9999886117592707, 0.947523726902524, 42.23684611748487, 0.9922659463300263, 0.9999142881631954]
00023892,93329,391882,97,6;[95323.23000000001, 1308, 1.0232360116328916, 0.9262526559365262, 114.31092452407493, 0.985070710337425, 0.9939573155052713]
00023892,93329,391882,98,5;[91312.26999999999, 1274, 0.9910956433572836, 0.9499125007788416, 40.481912020727336, 0.9931181500295134, 1.0025805018586147]
00023892,93329,391882,99,7;[91140.57, 1116, 1.040458220622072, 0.9168459149710392, 128.2515023403644, 0.9853835087709369, 0.9977889817590995]
00023892,93377,392048,10,6;[93998.44, 1270, 0.9919158486756011, 0.9298485050003288, 44.31097966349902, 0.9937217962071911, 3049.4222222222224]
00023892,93377,392048,3,5;[95604.59999999999, 1380, 0.9987641833365667, 0.9393509332390785, 64.83692702540026, 0.9879231311757988, 0.9854283191050928]
00023892,93377,392048,4,4;[94389, 1520, 1.0481839465197085, 0.8982303279844803, 146.38223343478478, 0.982646624664452, 0.9880923094638661]
00023892,93377,392048,4,6;[97017.92000000001, 1286, 1.0372960980095842, 0.9264170716955258, 123.47793040094903, 0.9807739478566936, 9999]
00023892,93377,392048,4,7;[92407.41, 1130, 1.0595645127019166, 0.9293841207882982, 170.5528109892539, 0.9818613008641736, 1.0012350283890754]
00023892,93377,392048,5,4;[93685, 1540, 1.0178861300818915, 0.9003955185041129, 93.95097312123575, 0.9899993008943256, 0.9824761944712446]
00023892,93377,392048,5,5;[95059.58, 1386, 0.9975705251686652, 0.9409213671685013, 54.60727821811455, 0.9905677231515972, 0.9902072590241967]
00023892,93377,392048,6,7;[93124.98, 1220, 1.0286517745050106, 0.8914510733339396, 118.29712978430149, 0.9879625097852601, 0.9942744194784086]
00023892,93377,392048,7,6;[96321.96, 1342, 1.0423455405613293, 0.9067963071804969, 124.40247179752821, 0.9854195786207434, 0.9907977621510408]
00023892,93377,392048,8,7;[92243.7, 1196, 1.022623329814651, 0.9085152390334844, 110.36142061975514, 0.988371274204613, 0.9908458921557349]
00023892,93377,392048,9,4;[90811, 1438, 1.0060688654956351, 0.9294232637887027, 47.099345259638056, 0.9922297516712043, 0.9900300352682733]
00023892,93377,392048,9,5;[96201.98, 1422, 1.0014563841948065, 0.9143044300938822, 83.43824513862316, 0.9901791203282161, 0.9884999847155566]
00445282,93081,390532,282,6;[85308.53000000001, 1182, 1.0087837126510397, 0.9236195284154736, 63.21296145138768, 0.99046865909218, 0.9999357667046713]
00445282,93115,390751,82,6;[82816.5, 1164, 1.0794037844832802, 0.9096827760800879, 194.92120022316905, 0.9720756639584648, 0.9979776301126749]
00445282,93115,390751,83,4;[84856, 1304, 1.028016638017186, 0.9469755340422137, 74.70323209644177, 0.9865386064441685, 1.003375881660863]
00445282,93126,390820,1922,6;[77789.97, 1138, 1.019531845348093, 0.9446141065340454, 76.70208606065594, 0.9866438165456383, 0.9976894355370086]
00445282,93126,390820,1924,4;[80124, 1298, 1.0990630219863764, 0.9098439054447516, 169.1270335982949, 0.9793094870239355, 1.0046518626258574]
00445282,93129,390839,503,5;[71327.41, 1240, 1.0288390094704927, 0.9361123563225126, 113.95874146230464, 0.9858549703605443, 0.9958298720717728]
00445282,93129,390839,503,7;[78793.47, 1016, 1.0287679346793088, 0.9287505146873211, 76.13721972159118, 0.9873383905073205, 1.0066951413798833]
00445282,93129,390839,505,4;[67562, 1328, 1.0393641768565862, 0.9696528670286583, 122.25929525694826, 0.981913455085312, 0.9488645141356403]
00445282,93129,390839,505,6;[84575.58, 1132, 1.0212454161433002, 0.9551167658629037, 78.33982472489585, 0.9859107205057683, 1.0011514198141511]
00445282,93245,391409,238,6;[75017.09000000001, 1176, 1.0384531387054303, 0.8203541166984305, 147.16829733979748, 0.9838868294887017, 1.0005847418912746]
00445282,93341,391963,147,4;[72932, 1218, 1.0390826219767233, 0.8588624433348577, 94.12882980721422, 0.9877741171293823, 1.0055286704995106]
00445282,93341,391963,149,7;[76694.31, 1002, 1.0372314019701823, 0.8829505832800808, 125.70568373127047, 0.9831702974699289, 1.00524410664688]
00445282,93341,391963,150,5;[80364.26999999999, 1220, 1.015677466803961, 0.9417663008512647, 61.23532321439067, 0.9888473513214885, 9999]
00445282,93341,391963,150,6;[70398.82, 1152, 1.0420345207539778, 0.8598259254909149, 124.36491226387835, 0.9862221228129607, 0.9976023840262476]
00236683,93026,390254,285,4;[52577, 1096, 0.8862211757298222, 1.142811977438725, 502.11518930978275, 0.942520480681904, 0.9907850601138205]
00236683,93026,390254,285,5;[53276.299999999996, 972, 0.8758447924779791, 1.1029847720315937, 508.07812785055285, 0.8969617439025638, 0.999207686556338]
00236683,93026,390254,285,6;[52834.05, 942, 0.8818427940834459, 1.1208881054748694, 568.5444708665053, 0.8783664189758349, 0.9953799297955812]
00236683,93026,390254,286,7;[48655.53, 922, 0.8835625619097367, 1.197994268897786, 707.3842538095182, 0.9246766263894225, 0.9956169186938417]
00236683,93027,390265,359,4;[55714, 1184, 0.8878782770248758, 1.2555487732632349, 391.8006134098783, 0.9635562642822302, 0.9459725618038577]
00236683,93027,390265,359,6;[52086.030000000006, 886, 0.8898584135666646, 1.1637660922020512, 669.6965407973415, 0.9075302850188324, 0.9999079492405812]
00236683,93027,390265,359,7;[48546.9, 888, 0.8814322133652133, 1.1784699135072954, 726.0298356369328, 0.9082421067596348, 0.9937985467301428]
00236683,93027,390265,360,5;[53558.329999999994, 984, 0.878247657197186, 1.078590357210907, 553.0768949716395, 0.8980300575316448, 0.9967665492879765]
00236683,93032,390303,79,4;[54816, 1196, 0.888904372575185, 1.2934701273616958, 378.65287972537624, 0.9660342743522854, 0.9493591963976447]
00236683,93032,390303,79,5;[53930.799999999996, 980, 0.8790632088107615, 1.0730474168056072, 587.4673493224348, 0.8953819539550469, 0.9981609347297015]
00236683,93032,390303,79,6;[52579.23, 934, 0.8732997317832936, 1.1516979154524813, 303.94904111450586, 0.8983970937919634, 0.9946353599751205]
00236683,93032,390303,80,7;[48606.57, 822, 0.8850859545199323, 1.05918387500515, 252.38180572968213, 0.9042999480579031, 1.0034745254114155]
00236683,93032,390303,81,4;[51138, 1030, 0.8701509551381353, 1.137200506893773, 247.55772691967408, 0.9127945715772987, 0.9981165035278963]
00236683,93032,390303,81,5;[53663.049999999996, 962, 0.8796153248595829, 1.0877844540512152, 593.6795663368949, 0.9066572911256823, 1.000077619950545]
00236683,93032,390303,81,6;[50802.340000000004, 898, 0.8817236210154215, 1.1335969358320634, 238.41582018685398, 0.9332738088203516, 0.9994474765851358]
00236683,93032,390303,81,7;[48525.48, 818, 0.8748864162762124, 1.0935561647465442, 298.15014867311663, 0.8918905826198557, 0.9987561209869157]
00236683,93032,390303,83,4;[50093, 1042, 0.8801598385112197, 1.2498116921691478, 238.8048669046948, 0.9253919183258541, 0.9939974799337242]
00236683,93032,390303,83,5;[53466.7, 1108, 0.8728988238067416, 1.2012863459406646, 515.0614612160756, 0.9197047972512877, 0.9913726528540853]
00236683,93032,390303,83,6;[51553.100000000006, 892, 0.8825073947021309, 1.184670106535934, 271.0661832487113, 0.9048220048958809, 0.9999468537414966]
00236683,93032,390303,83,7;[49385.340000000004, 864, 0.8908494900443562, 1.1542252328658154, 586.0665547587771, 0.8833588502031021, 0.9960962212038451]
00236683,93051,390358,937,4;[50056, 1130, 0.8845052986867727, 1.209182328456789, 291.4767786976812, 0.9349687600459935, 0.9887214332273293]
00236683,93051,390358,937,5;[53338.18, 980, 0.877365576109739, 1.090902446982913, 569.5160161206493, 0.8910486959705923, 0.9981405395775573]
00236683,93051,390358,937,6;[51747.64000000001, 928, 0.8772542639973726, 1.128240764091211, 279.23960958320947, 0.8994901646477651, 0.9964912280701754]
00236683,93051,390358,938,7;[48975.3, 872, 0.88618399388147, 1.1003372898417185, 465.39693323686254, 0.8911497583700823, 0.9932048775947129]
00236683,93078,390512,47,4;[56976, 1204, 0.884308089239834, 1.2299526282331041, 465.7959497996675, 0.9253646400655449, 0.9472082990449116]
00236683,93078,390512,47,5;[55313.579999999994, 1074, 0.866247929479097, 1.1573783919242993, 375.48428351214955, 0.895071386675741, 0.9883058343255656]
00236683,93078,390512,47,7;[50615.46, 866, 0.8892711702807803, 1.1246224726107188, 603.4403469673778, 0.9204933833263348, 0.9954113947855391]
00236683,93078,390512,48,6;[51732.57000000001, 924, 0.8870835487190667, 1.1727691486512413, 207.9023365769131, 0.9365714163255069, 0.9957281860612294]
00236683,93078,390512,49,4;[50734, 1034, 0.8993787141650365, 1.1114887902287192, 188.05861423977905, 0.9482086203982276, 1.0003549175802509]
00236683,93078,390512,49,5;[54125.96, 1068, 0.8797393213394995, 1.1547653142086882, 284.42710920835486, 0.9210444531642717, 0.9858358168518017]
00236683,93078,390512,49,6;[54731.50000000001, 984, 0.879834558009322, 1.147475499846527, 542.6954198804708, 0.8734858286737891, 0.9901603588866582]
00236683,93078,390512,49,7;[49322.61, 874, 0.8835265764892972, 1.1000756810605234, 233.6336359394449, 0.8995735315166424, 0.9950766286481565]
00236683,93078,390512,50,4;[50450, 1040, 0.8784162888965641, 1.146206915669922, 202.0031608183698, 0.92748962082882, 0.9897882108278317]
00236683,93078,390512,50,5;[55676.53, 1044, 0.8750726478175135, 1.1394294531009443, 533.1589217149117, 0.9052388275863833, 0.9957858891135469]
00236683,93078,390512,50,6;[52554.57000000001, 994, 0.8801390033814295, 1.1564541614522326, 308.8361007008464, 0.9228982914316806, 0.9938082901554404]
00236683,93078,390512,50,7;[50921.46, 834, 0.8956110727614838, 1.1510473556750707, 696.3709769331037, 0.8818265213361519, 1.0010075642510188]
00236683,93098,390636,1213,4;[56467, 1184, 0.8852904133911917, 1.233907998978291, 429.33486125877033, 0.9459542835807855, 0.9478304657994125]
00236683,93098,390636,1213,5;[54052.18, 1054, 0.8782312078943617, 1.1774382681583697, 499.08294242446783, 0.9146874510944828, 0.990125340599455]
00236683,93098,390636,1213,6;[52939.54, 902, 0.8868023540985288, 1.1936916707036078, 666.3344565402167, 0.8922121904448836, 0.9990175801447777]
00236683,93098,390636,1213,7;[49158.9, 818, 0.8968602090227412, 1.2224894291344504, 726.3206879082402, 0.8966149411102033, 1.00040477005947]
00236683,93098,390636,1214,4;[52395, 1074, 0.8830476926383564, 1.1013977748177695, 277.00856568610664, 0.9288022433383062, 0.9967090245015979]
00236683,93098,390636,1214,5;[54338.97, 1064, 0.8753592465124572, 1.1658948570413648, 438.73622697411906, 0.8941746706114226, 0.9925983892529916]
00236683,93098,390636,1214,6;[53567.00000000001, 970, 0.8909173181607123, 1.153854978194333, 572.9119745518187, 0.8869485279349782, 0.9975253208153685]
00236683,93098,390636,1214,7;[50122.8, 902, 0.880710020895345, 1.12581092799517, 474.29731353812963, 0.88444926329212, 0.9958203510905084]
00236683,93099,390639,1320,4;[53510, 1074, 0.886949393764135, 1.103472708990238, 582.2486327101362, 0.8872176621195892, 0.9980788241657806]
00236683,93099,390639,1320,5;[54300.89, 1066, 0.8737359876815745, 1.157886001599414, 427.27118793432754, 0.8941188344947442, 0.9946486763375585]
00236683,93099,390639,1320,6;[51259.920000000006, 894, 0.8772615400370747, 1.1286796939509243, 240.38157947816705, 0.9216837692799165, 1.0028679407113565]
00236683,93099,390639,1320,7;[50229.9, 888, 0.894896588653257, 1.1079024181044324, 567.15055877201, 0.8651763810749842, 0.9962976450594805]
00236683,93099,390639,1322,4;[51235, 1148, 0.880596753207647, 1.2177697161480874, 333.3501286508133, 0.9257533333002379, 0.9916099751299148]
00236683,93099,390639,1322,5;[53547.619999999995, 1046, 0.8639364224395616, 1.1457026144553932, 404.8452220454673, 0.8801401523846557, 0.9947387036873286]
00236683,93099,390639,1322,6;[50679.04, 898, 0.8824513559502067, 1.171441696285514, 246.70458777863863, 0.8988593894373392, 0.9948900005378947]
00236683,93099,390639,1322,7;[50350.770000000004, 894, 0.889129546709839, 1.131800783928898, 588.4938364327204, 0.8637839685404683, 0.9970460363867722]
00236683,93103,390670,1523,4;[53540, 1098, 0.8814483786883229, 1.091326195463164, 583.2890612595404, 0.8925003108166547, 0.9898683626682443]
00236683,93103,390670,1523,6;[52760.07000000001, 898, 0.8886685237149125, 1.1384671222739895, 664.3475694644986, 0.8956374636031632, 0.9992734632450245]
00236683,93103,390670,1523,7;[49559.76, 898, 0.8849739090194637, 1.1465584554131907, 429.77388085238783, 0.878833915701265, 0.9926148377409371]
00236683,93103,390670,1524,5;[53287.009999999995, 1084, 0.8749514601505815, 1.1927939090981903, 352.29274302067216, 0.9197836155426133, 0.9902367289171946]
00236683,93103,390670,1525,6;[52808.020000000004, 926, 0.8834557602430098, 1.1105067825564525, 596.9331309564569, 0.8789418949217416, 0.9970512157268494]
00236683,93103,390670,1525,7;[47474.37, 832, 0.8960694763767397, 1.120854058037875, 233.84109214020037, 0.9269261131544956, 0.995795892169448]
00236683,93103,390670,1526,4;[49607, 1040, 0.888368387064635, 1.1423263534690966, 221.29537854494612, 0.9377289374706437, 0.9927455748006284]
00236683,93103,390670,1526,5;[54116.439999999995, 1010, 0.877561512468865, 1.1633428413765627, 566.2569391555063, 0.8698488988721917, 0.9940543848911427]
00236683,93129,390840,509,4;[50220, 1082, 0.8782155057915386, 1.13930170671189, 217.12438090721648, 0.9377749195334129, 0.9839052535681749]
00236683,93129,390840,509,6;[52253.170000000006, 952, 0.8794503133701228, 1.1775017028719883, 243.20270184900593, 0.9218680025519781, 0.9937080700840226]
00236683,93129,390840,510,5;[53252.5, 1086, 0.8718151001278966, 1.1867040761069838, 366.10935331541, 0.9304138369024261, 0.9919645331116653]
00236683,93129,390840,510,7;[48311.28, 876, 0.886752157504339, 1.1438911860882877, 258.06722990743253, 0.9406191713010823, 0.9960411967887954]
00236683,93139,390919,100,4;[50648, 1062, 0.8724162912063601, 1.0918755754154672, 213.35479637612792, 0.9236650681294645, 0.9819500184183485]
00236683,93139,390919,100,5;[53560.71, 1082, 0.8718223140379071, 1.2719149037767723, 394.1707716759126, 0.9223600826856005, 0.9920432003526559]
00236683,93139,390919,100,6;[52605.26, 896, 0.883918021004128, 1.1755189257199565, 650.8226219659143, 0.8972444130713766, 0.9979208898591403]
00236683,93139,390919,101,7;[50340.06, 902, 0.8807445170450002, 1.0675197317102934, 451.4993284754688, 0.8837738406193314, 0.9952358626113522]
00236683,93140,390930,162,4;[50537, 1078, 0.890617338460394, 1.159368768130827, 198.41330463279277, 0.9438535009988425, 0.9901546841172033]
00236683,93140,390930,162,5;[52330.25, 1018, 0.8837771286957714, 1.1302814673936055, 224.9227576164802, 0.9350619067758252, 0.9904056214950113]
00236683,93140,390930,162,6;[52717.600000000006, 980, 0.8723198945956582, 1.1916407124998802, 345.97069054315045, 0.8945825872136896, 0.9916759013478339]
00236683,93140,390930,162,7;[49183.38, 904, 0.8856045382741418, 1.2412293187071277, 327.5082865258509, 0.9286376268543715, 0.9930646730819728]
00236683,93140,390930,163,4;[60891, 1166, 0.8798437417506862, 1.1471152895215986, 440.92075090667265, 0.9438720072640782, 0.9669766001540404]
00236683,93140,390930,163,5;[51817.36, 952, 0.868296999859913, 1.1346919043867796, 202.7265238161475, 0.9181484449599598, 0.9992541851686115]
00236683,93140,390930,163,6;[53092.98, 914, 0.8765991027312365, 1.0885326783148097, 536.8700950042356, 0.8890194124901043, 0.9953128812296945]
00236683,93140,390930,163,7;[47942.55, 806, 0.8861400469798484, 1.09588982736007, 188.73954945092174, 0.9364442849941348, 1.0022068700825177]
00236683,93140,390930,164,4;[52782, 1174, 0.892569068449326, 1.3012097101274098, 336.0366267791391, 0.9346678774173823, 0.9901606745894028]
00236683,93140,390930,164,6;[52673.76, 934, 0.876283072972613, 1.1540990492081529, 251.72477329648885, 0.9042599078863474, 0.9870736685365133]
00236683,93140,390930,165,5;[53959.36, 1094, 0.8733255020501959, 1.246403178783136, 391.401288011376, 0.9244857121186066, 0.9912556838055264]
00236683,93140,390930,165,7;[50047.83, 892, 0.8884578349786199, 1.0925579881202565, 420.37057123942856, 0.8952924978704627, 0.9934098639455783]
00236683,93174,391097,943,4;[52929, 1108, 0.8828460986870269, 1.0983063107026998, 510.43772215516213, 0.8934977417358362, 0.9919041996964075]
00236683,93174,391097,943,5;[53889.149999999994, 1092, 0.8773231810321965, 1.278693284797037, 449.2352388033804, 0.9147373443316961, 0.9932227924726937]
00236683,93174,391097,943,6;[51677.770000000004, 990, 0.8829695698739835, 1.2062878213296189, 312.05483063552145, 0.9324343993301389, 0.9933506260945133]
00236683,93174,391097,943,7;[48109.32, 854, 0.8797653401569392, 1.085043124738904, 265.4928540501923, 0.9219678792647472, 0.9915645743657664]
00236683,93203,391206,348,4;[54256, 1088, 0.8853528477109496, 1.074540508695602, 543.0232175486182, 0.8943895225076689, 0.996940603610639]
00236683,93203,391206,348,5;[55439.719999999994, 986, 0.8787954545685046, 1.0904494841415546, 435.6866649196918, 0.8895019258773622, 0.9990135952309473]
00236683,93203,391206,348,6;[53029.96000000001, 1004, 0.8752041450925833, 1.1549806897710804, 523.3755346154549, 0.9085616810026557, 0.9948724538970636]
00236683,93203,391206,348,7;[50116.68, 902, 0.8882899385754764, 1.1653995297789257, 503.6928382302954, 0.8873180628328166, 0.9956382315840666]
00236683,93203,391206,350,4;[51891, 1126, 0.8847759100080066, 1.1284918754883855, 239.26920912499105, 0.9310482161206578, 0.9874031929670999]
00236683,93203,391206,350,5;[53427.43, 1068, 0.8761904327473313, 1.2752535444268787, 415.81628433893343, 0.9106632034558059, 0.9898473240368186]
00236683,93203,391206,350,6;[53723.18000000001, 968, 0.8851972905436899, 1.1926498731572275, 540.618621432369, 0.8791854576013558, 0.9861931946784699]
00236683,93203,391206,350,7;[49749.48, 890, 0.8839521547037728, 1.1228375248515745, 296.5379727362551, 0.8912789826519816, 0.9939323541548855]
00236683,93203,391206,351,4;[53017, 1106, 0.8911445126943249, 1.23133518941443, 296.4491511493588, 0.9301325926923519, 0.9924095652580841]
00236683,93203,391206,351,5;[54875.659999999996, 1080, 0.8769006163309137, 1.179881152654122, 482.2721789455403, 0.9130123344963348, 0.9918375686923978]
00236683,93203,391206,351,6;[53831.41, 950, 0.8780273349075945, 1.125443336214476, 599.320406964407, 0.8756456183821748, 0.9946461795491652]
00236683,93203,391206,352,7;[47965.5, 828, 0.8819754633892878, 1.1073849397262625, 202.21514009657832, 0.9045959445803953, 0.995838759886916]
00236683,93220,391265,336,4;[53215, 1098, 0.8763063496047365, 1.1391994134856436, 349.144132807547, 0.9268970654083277, 0.9936328329225483]
00236683,93220,391265,336,5;[52300.5, 1040, 0.8883793453226698, 1.1588999681159402, 278.8441680444886, 0.9295274100544008, 0.9908579544814059]
00236683,93220,391265,336,6;[51311.98, 956, 0.8872275809985876, 1.1977528449938752, 226.56803874338215, 0.9286752514515635, 0.9864103239399526]
00236683,93220,391265,336,7;[49184.91, 880, 0.8823606478630748, 1.1066869112422093, 246.01899892276666, 0.9065194010286566, 0.9970380708691944]
00236683,93220,391265,337,4;[51284, 1112, 0.8792958679535733, 1.135395028513278, 208.51180884773677, 0.9312518226116953, 0.9783195505575109]
00236683,93220,391265,337,5;[51751.909999999996, 1018, 0.8795412029027372, 1.2159118679407275, 236.16293279109476, 0.9295342545904172, 0.9933871649325582]
00236683,93220,391265,337,6;[53231.350000000006, 912, 0.8896849003351999, 1.1858284079749826, 614.1763646798645, 0.8767342939139359, 0.9984581780804317]
00236683,93220,391265,337,7;[48049.65, 844, 0.8889535155850133, 1.0918587906435444, 209.1498399003557, 0.9311254380891433, 1.0008764241893076]
00236683,93222,391274,426,4;[57338, 1170, 0.886854668230566, 1.1854768770449802, 450.37473106748973, 0.9411922447477721, 0.9481508429312012]
00236683,93222,391274,426,5;[51654.329999999994, 968, 0.8822020112693015, 1.1571810862662657, 208.92261698253648, 0.9437407397240375, 0.9975410212805075]
00236683,93222,391274,426,6;[53103.94, 1016, 0.8748037616346733, 1.1684908908828457, 450.9741968531228, 0.9188361563374632, 0.9931462099181388]
00236683,93222,391274,426,7;[48758.04, 888, 0.8859395500693478, 1.2070252924367457, 319.6890925046437, 0.9233336288527946, 0.9914444824689668]
00236683,93222,391274,428,4;[58149, 1174, 0.8848685865961714, 1.2053997740224873, 420.89703266550043, 0.9410564679058678, 0.9572245771430923]
00236683,93222,391274,428,5;[52686.06, 1010, 0.8883825211121258, 1.203523552557576, 252.61544863457726, 0.9319205768143303, 0.9965449327556131]
00236683,93222,391274,428,6;[51548.990000000005, 936, 0.8764851434119169, 1.1642280535472393, 227.7871519363942, 0.919940861886701, 0.991279835607777]
00236683,93222,391274,428,7;[50306.4, 828, 0.8845258922856971, 1.0654625847062194, 433.07337225036747, 0.8832715233592696, 1.0014162364658048]
00236683,93260,391459,217,4;[53665, 1108, 0.8830165008314165, 1.1568747573753988, 560.9006706415589, 0.9049777943778147, 0.9922803124855545]
00236683,93260,391459,217,5;[51668.61, 1004, 0.8843871647426503, 1.2014108854212842, 232.24784617026646, 0.9403222821256002, 0.9937744615595889]
00236683,93260,391459,217,6;[50876.32000000001, 934, 0.8853029941465531, 1.1258004582934167, 227.35034790445613, 0.9344684887768305, 0.9943103471357618]
00236683,93260,391459,217,7;[50001.93, 856, 0.8983182431979138, 1.146780627596113, 658.4222844330483, 0.890841991832416, 0.9972688851253414]
00236683,93260,391459,218,4;[53342, 1128, 0.8819792317494807, 1.102433082344417, 478.9532602383751, 0.8868150826591494, 0.9829546501557116]
00236683,93260,391459,218,5;[53589.27, 1062, 0.8631423234894012, 1.1858923395628806, 387.827696471499, 0.8814800273743318, 0.9933165696135522]
00236683,93260,391459,218,6;[53253.270000000004, 906, 0.8834904157608308, 1.0996469823892665, 609.3968971852356, 0.8791265089134787, 1.001636281646589]
00236683,93260,391459,218,7;[47910.42, 854, 0.8853658361856086, 1.1426721731563114, 264.8643470650496, 0.9210327595876833, 0.9945214615787719]
00236683,93314,391804,1,4;[52647, 1060, 0.8948910356227433, 1.1324701972275442, 554.3223901414366, 0.8984986258899959, 0.9994969007185777]
00236683,93314,391804,1,5;[51775.71, 1044, 0.8764316272593112, 1.2391106086898693, 296.50920326848143, 0.9324303506693311, 0.9932654552095699]
00236683,93314,391804,1,6;[51740.79, 978, 0.8757387411673722, 1.1638873992941536, 570.2390600899009, 0.9173671892795292, 0.9911037631868997]
00236683,93314,391804,1,7;[48164.4, 840, 0.8895853416071748, 1.1947312662262433, 768.4728542441595, 0.8954328647149865, 0.9965178854067743]
00236683,93314,391804,2,4;[51977, 1184, 0.8866878884399527, 1.2572918075100872, 409.7512100340109, 0.9266140798727707, 0.9903116098732031]
00236683,93314,391804,2,6;[51187.310000000005, 904, 0.8757376093351815, 1.108246409180102, 281.47941665348213, 0.9007051103275707, 0.9996789297658862]
00236683,93314,391804,2,7;[48895.74, 918, 0.8806668559652951, 1.134164452544483, 495.0704192484552, 0.9198112615202162, 0.9985626796650419]
00236683,93314,391804,3,5;[53256.07, 1040, 0.876357870939685, 1.204689762393494, 540.2553489116442, 0.8998972922869244, 0.99148158404874]
00236683,93331,391886,297,4;[51876, 1178, 0.8844671025734807, 1.3046130879712536, 426.76966347584744, 0.9403120147329657, 0.9911348872755064]
00236683,93331,391886,297,5;[52404.03, 1020, 0.869901393624247, 1.1218932353030335, 426.13995333547257, 0.8825101242879042, 0.9975987132727726]
00236683,93331,391886,297,6;[51433.91, 956, 0.8834011774981179, 1.1505403638827827, 320.0936060864985, 0.9075473787259105, 0.99317478373588]
00236683,93331,391886,297,7;[48834.54, 916, 0.8759147574521244, 1.1330110090332117, 544.0025446573025, 0.920845549706956, 0.9945935839708334]
00236683,93341,391961,155,4;[52219, 1130, 0.8830840029174529, 1.0944282669068668, 305.9317127110463, 0.9104757759499544, 0.9901964502427184]
00236683,93341,391961,155,5;[53058.53, 986, 0.8776422228310168, 1.1126786903844337, 572.5503558877115, 0.8887730118947625, 0.9951122617506584]
00236683,93341,391961,155,6;[52317.560000000005, 944, 0.8880754911048747, 1.1325530189364938, 571.7169604046203, 0.8862491572080464, 0.9941296679552761]
00236683,93341,391961,155,7;[47579.94, 856, 0.8877516593283715, 1.1352454188535255, 247.54762138590198, 0.925214105531204, 0.9946903787103377]
00521701,93026,390258,236,4;[53955, 1072, 0.8245541952116149, 1.5121532370693138, 400.95734283302914, 0.9486510272421541, 0.9956817804351437]
00521701,93026,390258,236,5;[53792.759999999995, 1052, 0.8284257949363374, 1.4006956752105422, 834.8114875203339, 0.7771997101236968, 0.9881195693753757]
00521701,93026,390258,236,6;[53493.020000000004, 984, 0.8442290681692469, 1.3255574756918307, 613.227539255102, 0.7662717978676358, 0.9906129490562208]
00521701,93026,390258,237,7;[48728.97, 866, 0.8341922343136186, 1.6558367953227284, 877.3647725395533, 0.9318433099147863, 0.9878875292730966]
00521701,93122,390796,1603,5;[52546.829999999994, 1052, 0.8336818578413309, 1.342305653000687, 537.6418405923488, 0.7963770088988752, 0.9916792993094156]
00521701,93122,390796,1603,6;[52117.54, 962, 0.8461016427642302, 1.429058041392531, 554.279030859491, 0.7957384980584047, 0.9909093277070147]
00521701,93122,390796,1603,7;[48938.58, 860, 0.8233549671738932, 1.5620097199636283, 648.6992052021026, 0.9404778466055015, 0.9904012880852118]
00521701,93122,390796,1604,4;[53445, 1166, 0.8270060917211137, 1.3972242658053746, 769.8237268377036, 0.8693827530699217, 0.9872723242324601]
00521701,93139,390917,48,4;[52810, 1134, 0.860590400388816, 1.4257921408885696, 495.25119857953905, 0.7856375771337661, 0.984012819557278]
00521701,93139,390917,48,5;[53083.52, 1050, 0.842462410225307, 1.362439232035793, 501.7330486050698, 0.7863837518773227, 0.9852351661457931]
00521701,93139,390917,48,6;[52036.71000000001, 968, 0.8399141535144268, 1.4069994934564596, 372.7264260488348, 0.9452025229095787, 0.9719293756397134]
00521701,93139,390917,48,7;[50955.12, 836, 0.8345951871392052, 1.5517016068322378, 917.477751252295, 0.8296861610719414, 0.9970212702261739]
00521701,93141,390932,199,5;[53589.27, 1054, 0.834503911458803, 1.3280193341540056, 519.1073754661413, 0.7986531726288342, 0.9914358680815464]
00521701,93141,390932,199,6;[53123.12, 926, 0.7984896512432177, 1.3316125829662568, 312.60654366706933, 0.9494161858354992, 0.9894108341200786]
00521701,93141,390932,199,7;[49015.08, 862, 0.8180627478820595, 1.6892819994461168, 527.2594350646324, 0.9408950184031963, 0.993934505064921]
00521701,93141,390932,200,4;[52788, 1100, 0.8474049235878218, 1.4308887046858592, 287.4963400326995, 0.9561011477617625, 0.9766151113742322]
